var/www/cgi-bin/BAERTOOLS/ravel/working/ravel-14090.DEM
NCOLS 6
NROWS 56
XLLCORNER 277106.32
YLLCORNER 3831368.9
CELLSIZE 10
NODATA_VALUE -9999
1523.783 1527.529 1532.795 1542.817 1545.592 1548.133 
1530.41 1533.18 1537.795 1547.309 1550.485 1553.157 
1537.317 1539.097 1542.706 1551.385 1554.891 1557.49 
1540.208 1543.705 1547.462 1555.549 1559.657 1562.746 
1538.636 1542.783 1548.442 1557.523 1562.056 1566.01 
1534.868 1540.224 1551.013 1555.735 1559.957 1563.839 
1529.966 1537.341 1546.989 1551.203 1555.086 1558.748 
1526.615 1533.407 1543.192 1546.889 1550.251 1554.709 
1532.749 1534.697 1542.161 1546.443 1550.438 1555.776 
1539.456 1540.609 1544.994 1548.234 1552.649 1558.753 
1548.217 1548.678 1549.077 1552.548 1557.476 1562.353 
1554.706 1555.92 1556.452 1558.459 1562.395 1567.494 
1560.918 1563.901 1564.96 1565.219 1567.477 1572.84 
1569.214 1572.026 1574.379 1574.994 1574.248 1575.797 
1576.355 1578.543 1580.624 1582.426 1583.142 1575.797 
1582.76 1584.761 1586.797 1589.844 1583.142 1583.75 
1587.895 1592.318 1593.897 1589.844 1591.75 1592.38 
1594.706 1600.444 1593.897 1597.338 1601.509 1602.766 
1598.244 1600.444 1601.133 1602.971 1607.701 1611.557 
1604.708 1608.126 1610.189 1611.07 1612.19 1615.175 
1611.324 1613.47 1615.183 1616.334 1617.777 1620.301 
1616.061 1617.781 1619.195 1620.632 1622.693 1625.442 
1620.359 1621.908 1623.641 1625.462 1627.69 1634.2 
1625.336 1627.22 1629.246 1631.357 1633.573 1638.335 
1630.757 1632.819 1634.939 1636.857 1638.464 1642.18 
1635.958 1637.902 1639.835 1641.659 1643.401 1645.96 
1640.457 1642.686 1644.589 1646.066 1647.574 1648.9 
1644.347 1646.7 1648.34 1649.329 1650.302 1651.25 
1646.305 1648.67 1650.042 1650.942 1652.799 1653.786 
1646.021 1648.597 1650.204 1651.235 1654.252 1655.904 
1643.648 1646.568 1648.742 1650.979 1655.166 1657.13 
1640.649 1644.35 1647.412 1650.074 1655.099 1657.472 
1638.129 1642.739 1646.612 1649.316 1654.284 1657.034 
1636.023 1640.913 1645.401 1648.414 1653.294 1655.939 
1633.774 1638.427 1643.443 1649.713 1651.871 1654.092 
1631.206 1635.585 1640.071 1647.702 1649.761 1651.676 
1628.232 1631.951 1635.162 1643.649 1646.865 1649.243 
1624.525 1627.644 1630.8 1638.921 1643.166 1646.632 
1620.391 1623.62 1626.997 1634.904 1639.277 1643.494 
1616.329 1620.298 1623.512 1631.181 1634.91 1639.206 
1614.969 1618.932 1624.088 1628.813 1632.437 1635.435 
1619.114 1620.808 1623.7 1628.881 1633.428 1636.335 
1624.006 1625.528 1628.111 1631.206 1635.216 1639.595 
1628.229 1630.808 1633.783 1633.44 1636.725 1643.43 
1631.373 1634.625 1637.709 1637.34 1640.108 1645.836 
1632.028 1635.51 1641.288 1642.668 1644.258 1647.183 
1631.747 1635.513 1644.643 1647.411 1647.887 1648.839 
1631.218 1638.909 1644.146 1648.047 1649.398 1651.252 
1629.317 1636.224 1641.209 1645.678 1648.508 1651.243 
1626.004 1633.354 1639.225 1645.193 1648.58 1651.115 
1624.837 1632.488 1637.942 1643.92 1648.223 1650.812 
1624.185 1631.359 1635.462 1641.375 1647.068 1650.812 
1623.469 1630.701 1633.881 1638.823 1647.068 1649.962 
1628.833 1632.513 1636.989 1638.823 1645.182 1649.469 
1629.983 1634.21 1636.989 1642.512 1647.726 1652.026 
1630.619 1634.21 1639.891 1646.048 1650.786 1655.205 
