var/www/cgi-bin/BAERTOOLS/ravel/working/ravel-13316.depgrd.txt
NCOLS 92
NROWS 90
XLLCORNER 452078.49
YLLCORNER 3782565.4
CELLSIZE 10
NODATA_VALUE -9999
[rows 0 to 27 of 90, columns 0 to 61 of 92]
0 0.0062862225 3.5527137e-15 0 0.055117209 3.5527137e-15 1.4210855e-14 0.03570317 0.07503821 0.057371376 342.02276 24.537271 0 0.0041129562 0 0.0187716 0 0 0 0 0 0 0 0 0 0 0 -3.5527137e-15 0 0 0 0.034164304 0 0.010887213 0 0 0 0 0 0 3.5527137e-15 0 0 0 3.5527137e-15 0.82678163 0.29320096 0.15939067 0.17074893 -3.5527137e-15 0.28928136 0.26601671 0.28125261 0.11856854 0.017800864 0.045708795 -1.0658141e-14 0.05087366 0.032732107 0.018313787 0 12.49157
0 0 0 0 0 0.020552855 0.10747991 0.018793198 0.0433592 0.035963205 0.084519673 0 662.22495 0 0 0.026062822 0 3.5527137e-15 7.1054274e-15 0 -3.5527137e-15 0 0 0 3.5527137e-15 0 0 -3.5527137e-15 0 0.020158455 0.034715571 1.0658141e-14 0.0076751294 0 0 0 0 0 0 0 0 0 0 0 0.35864716 0.55151031 0.75619445 0.45261353 0.24060693 -1.0658141e-14 0.29468435 0.28059761 0.20886048 0.2137671 0.18693224 0.080309542 0.024611459 0.051103816 0.029268169 0.02419891 0.019723671 0.011645344
0 0 0 3.5527137e-15 -3.5527137e-15 0 0.051155017 0.089258335 0.021813307 0.10137255 0.10032139 113.4211 353.82552 0.0084920681 0 0 0 -3.5527137e-15 3.5527137e-15 0 -7.1054274e-15 3.5527137e-15 0 3.5527137e-15 0.0080710767 0.032156325 0 0 0.0249337 0.099842922 0.025973474 0.025826937 0 0.030516965 3.5527137e-15 0 3.5527137e-15 0.073502377 0.010671818 0 0.0089550461 0.037503147 -3.5527137e-15 0.041121131 0.9544063 2.1453892 0.75245147 0.53178392 0.10830674 0.073315073 0.15656505 0.019647621 0.063081823 0.059369297 0.11912335 0.022156152 0.032852393 0.021357585 1.0658141e-14 -7.1054274e-15 0 0
0 0 0 0 0 0.020058844 -3.5527137e-15 0.14056606 0.05430149 0.15202481 0.24345374 0.099588815 167.65521 158.56542 0 -3.5527137e-15 0.043346272 3.5527137e-15 -3.5527137e-15 0 0 -3.5527137e-15 3.5527137e-15 0 3.5527137e-15 3.5527137e-15 -3.5527137e-15 0.0010132733 0.16351786 0.045249986 7.1054274e-15 0.018709197 0.01894177 0.032004365 0.04570556 0 3.5527137e-15 0.045688104 0 0.008907923 0.039479055 0.022153762 1.8790935 2.0366418 1.2813547 1.4437443 0.59274179 0.051411178 0.11797128 0.036968994 0.027311912 0.023242057 0.072580937 0.02398673 0.071976373 0.04473356 0.041801789 0.032824549 1.0658141e-14 3.5527137e-15 0 0
0 0 0 0 0.019439961 0.026105491 0.10689914 0.060403322 0.080770913 0.067560513 0.12876405 0.093808777 0.037494215 0 221.51098 0.050924015 7.1054274e-15 0 3.5527137e-15 3.5527137e-15 0.051494172 0.020169476 0.034243111 0.02935098 0.055890452 7.1054274e-15 0.028955452 0.23809739 0.0037757488 0.050848401 0.033893924 0.013823864 0 0.019165257 0.098540492 0.025344999 7.1054274e-15 0.035983156 0.042193345 0.018297266 0.018936053 5.6906185 2.6776538 2.5113799 1.0790815 0.031634185 0.33078766 0.038905372 0.063255279 0.075341124 0.077327988 0.028933217 0.049650712 0.018119531 0.067838223 0.014635639 -1.0658141e-14 3.5527137e-15 3.5527137e-15 -1.0658141e-14 0 0
-3.5527137e-15 0 0 0 0 0.027553027 0.035794013 0.04971527 0.12675725 0.018402828 0.11752837 0.067752386 0.081511741 26.538605 3.5527137e-15 6.2898995 0.064667683 -7.1054274e-15 0 0.062486473 0.076819275 0 0.035927244 0.029416416 0.027558708 0.21197344 0.15189514 0.10944868 0.096947483 0.087116148 0.0064741767 0.029385344 -3.5527137e-15 0.021154249 3.5527137e-15 0 3.5527137e-15 0.031821704 0.025596974 0.0064583874 7.5169934 4.2674884 0.0017363978 0.40645503 0.082730218 0.031146387 0.028931241 0.056094469 0.24397304 1.0658141e-14 3.5527137e-15 0.093708871 0.018061807 3.5527137e-15 3.5527137e-15 -3.5527137e-15 -1.4210855e-14 3.5527137e-15 0 -3.5527137e-15 3.5527137e-15 0
3.5527137e-15 0 0 0 0 0 0 0.020766641 0.050694839 0 -3.5527137e-15 0.018919288 0.043364331 0.23453446 54.73128 546.84355 -7.1054274e-15 0.051208804 -7.1054274e-15 -3.5527137e-15 0.16880242 0.035719886 0.034379683 0.1345968 0.080541562 0.13882021 0.11325582 0.10844739 0.10376988 0.10164445 0.062217262 0.051670114 0 0.068877641 0.098607448 -3.5527137e-15 3.5527137e-15 0.034389796 1.1602528 7.0444601 4.3522361 0.23989688 0.10968932 0.097710497 0.071297904 0.37588953 -1.7763568e-14 7.1054274e-15 -2.1316282e-14 0.035136199 0.094248078 -3.5527137e-15 7.1054274e-15 0.07004889 0.063307264 0.043364859 0.021732606 0.010916004 -1.0658141e-14 0 -3.5527137e-15 0
0 0 0.049969667 0 0 0 0 0 0.018916372 0.030809306 0.05738665 0 0.068536024 0.12624967 0.23313322 496.28096 7.1054274e-15 22.96633 0.057923759 0.084671563 0.14397753 0.018493063 0.089210511 3.5527137e-15 0.39687508 0.1083487 0.073662608 0.10773657 -3.5527137e-15 0.097473267 0.075073987 0.10536869 0.080991377 0.13055972 0.090991981 0.024399556 7.1054274e-15 4.2621384 2.9043249 2.9491422 0.24917621 0.080317645 0.133146 0.1807591 0.052965781 0.024286222 0.11077737 0.31322587 1.0658141e-14 1.4210855e-14 -1.4210855e-14 0.13191203 -3.5527137e-15 7.1054274e-15 -3.5527137e-15 -7.1054274e-15 0 0 0 0 3.5527137e-15 0
-7.1054274e-15 0.055138591 0.051211162 0 0 0 0 0 0 0 0 0.097520884 0.079636644 0.0627136 0.13375431 0.17383982 12.419847 1.0261143 539.71921 0.11017314 0.11128441 0.10422159 0 0.10335582 0.15314199 0.099842708 0.20207731 0.020188343 0.10834977 0.249022 0.12167452 3.5527137e-15 0.068742127 0.15627163 0.062599919 0.015893928 6.3258191 4.9415968 0.26258177 0.17679171 0.22064846 0.26653085 0.034683912 7.1054274e-15 -1.7763568e-14 0.068965743 0.10848103 0.045077737 0.097324178 0.03523033 7.1054274e-15 0 7.1054274e-15 0.034687062 0.0088870412 0.0082183048 0.014493259 0.024041815 0.038157075 0 0 0
3.5527137e-15 0.028187575 0.16750088 -7.1054274e-15 0 0 0 0 0 0 -3.5527137e-15 7.1054274e-15 0.081970535 0.050564129 0.023863254 0.077458522 0.12705126 571.69543 0 133.94289 0.12906485 0.17905124 0.12948011 0.043891036 0.16127476 0.15605207 0 0.11468095 0.17000222 0.320994 0.12675537 0.22206982 0.053921061 0.062210649 0.094837277 2.0325998 6.7178034 0.012275719 0.010644632 -3.5527137e-15 -3.5527137e-15 0.047564155 0.2374281 0 3.5527137e-15 -1.0658141e-14 7.1054274e-15 0.039641244 0.077558688 0.062411521 -1.0658141e-14 0 -7.1054274e-15 0 0 7.1054274e-15 0 -7.1054274e-15 0 -3.5527137e-15 0 0
0.060432431 0.084549383 0.15736314 0.034506923 -3.5527137e-15 3.5527137e-15 0 0 0 0 0 0 0 0 0.011454187 0.019778779 0.005797945 0.02960604 7.6416745 332.66096 0 14.968028 3.5527137e-15 0.092696383 0.0909395 0.13162752 -7.1054274e-15 0.040306644 0.075479104 0.40038749 -3.5527137e-15 0.22782333 0.059430225 0.070895081 5.5565541 4.2543286 1.4210855e-14 0.35725554 0.51941093 0 1.4210855e-14 0.052010653 0.020230117 0.051081746 0.02854833 0.028310053 0.023663814 0.015422741 0.012734432 0.01377056 0.010746495 0 0.12122959 0.020379056 0.034146397 3.5527137e-15 0.044481242 -7.1054274e-15 -4.8849813e-15 0 0 0
0.070868414 0 0 0.016809547 0 0 0 0 0 0 0 0 0 0 0 3.5527137e-15 0.0049507856 0.082634025 0.0517018 0.012808233 17.592866 0.93273103 241.21067 1.7763568e-14 0.75486443 0.30544788 0.23418091 0.15873476 0.1819618 0.17313808 0.14013576 0.16748711 0.13539913 3.5576354 4.8302264 6.550051 0.46840989 0.24278581 0.47052923 0.3823501 0.075764067 0.082841598 0.086782845 0.087798897 0.061814833 0 0.079687304 0.11843347 0.067684114 0.077316846 0.074215418 0.081983199 0.092282611 0.064983638 0.051084851 0.0090683377 -3.5527137e-15 0 4.4408921e-16 0 0 0
0.05568908 0.046534722 0.20537436 0.2234485 0.037622268 0 -3.5527137e-15 0 0 0 0.02924743 0 0.010077873 0 0 -3.5527137e-15 0.036948267 0.005563634 0.00830659 0.060648955 0.009161607 12.045761 1398.9921 0 27.996487 0.22549337 0.18767507 0.12926229 0.20762411 0.17254578 0.28225128 0.2898107 0.95863175 4.9354726 5.1831912 0.29531524 0.061237272 0.03620188 0.037676708 0.079845664 0.032372475 3.5527137e-15 0.19214373 0.061557849 0.050268019 0.062151418 0.028599637 0.033140435 0.030147565 0.10810386 0.042561507 0.076074381 0.084180595 0.080722885 0.087369774 0.10247056 -7.1054274e-15 0.03682585 3.5527137e-15 0 0.037589112 0
0 0.1080472 0.27739594 0.21289285 0.042220228 0.029931307 3.5527137e-15 0 0 0.039728856 0.1018025 3.5527137e-15 -3.5527137e-15 0 0 0 0 0 0.065256712 0.0032660473 0.031527575 7.1054274e-15 0.09134378 28.329784 0.80392767 0.18230073 0.17743802 0.17813495 0.13991852 0.18307527 12.316706 3.3445853 5.8918796 1.1257925 0.43738037 0.45736991 0.4764836 0.54588499 0.29383776 0.23357538 0.18340703 0.19510785 0.059130989 3.5527137e-15 0.067201315 1.4210855e-14 -3.5527137e-15 0.043127489 0.1133136 0.073498981 0.034930207 0.081994217 0.029157291 0.014889498 0.085221153 0.013488906 0.040341347 -3.5527137e-15 -3.5527137e-15 0 0 0
0.072566998 0.13663999 0.11318676 0.41487563 0.27296839 0.13175989 0 0 0 1.0658141e-14 0.10848871 3.5527137e-15 0.028827029 0 0 0 0 0 7.1054274e-15 0 7.1054274e-15 0.022820302 0.073269653 0.0093170635 48.768604 2.6460933 0.17831886 0.18680107 0.16648852 11.974652 1.8346617 2.3142486 0.37850842 0.35870531 0.4139266 0.31511944 0.36596669 0.18959976 0.30916081 0.22459277 0.12225002 -3.5527137e-15 0.064928265 0.193294 0.16821537 0.060064051 0.028087148 0.13428067 0.11070594 0.06824697 -1.0658141e-14 0.031878434 0.032964379 0.037866378 0.018452016 0.15421037 0.041146497 0 0 0.044130619 0.017236422 0.024028451
0.052058382 0.36020678 0.27792736 0.64588841 0.26224986 0.33667912 3.5527137e-15 0.16376155 3.5527137e-15 0.05737629 0.13354047 0 0.087929825 0.026215332 0 0 0 0 0 0 3.5527137e-15 0 0.035142123 0.021082806 -3.5527137e-15 253.72198 3331.8148 1.387747 14.650707 2.1882019 4.0906908 0.095614674 0.34442222 0.2265082 0.53527256 0.4463223 0.12974146 0.15077033 0.15174557 0.26192161 0.1774254 0.076355987 0.21925686 0.21693095 0.063071011 0.174554 0.24193929 0.069154545 0.060838658 0.093829587 0.063003948 0.10254184 0.13552405 0.14113315 0 3.5527137e-15 0 0 0 0 0.045669099 0.021478005
0.051955165 0.42809733 0.33971816 0.48424574 0.13135184 0.11452886 0.1272004 0.13791335 3.5527137e-15 0.040845254 0.14262836 0 0.041755986 -3.5527137e-15 0 -3.5527137e-15 0 0 0 0 0 0.037341006 21.266218 18.888731 0 0 2233.0468 88.962025 1.2389437 3.6982538 0.15257464 0.19184362 0.30118277 0.27106584 0.43168861 0.16235014 0.072192852 0.20004829 0.1842914 0.26461358 0.25792437 0.30888444 0.14642169 0.1341422 0.21457082 0.25835911 0.29724095 0.15810499 0.15966805 0.1879885 0.084794907 0.061149855 -3.5527137e-15 0.037269685 -7.1054274e-15 3.5527137e-15 0.018335478 0.0037045173 0 -3.1086245e-15 0 0.017470312
0.12755884 0.54972196 0.37392434 0.46387433 0.15820729 0.31252953 0.22762772 0.088253154 3.5527137e-15 0.0093047603 0.18901906 0.0061028186 0.087773654 3.5527137e-15 7.1054274e-15 7.1054274e-15 0 3.5527137e-15 0 0 0 25.37048 0 0 0 0 0 14.979584 11.255994 5.3498851 6.4506214 0.32186238 0.15200119 0.41372795 0.2024558 0.11659273 0.27692188 0.21723778 0.21096549 0.33645934 0.30361398 0.21981297 0.14692762 0.32604729 0.28920394 0.34450315 0.23933885 0.10163004 0.15697649 0.024985611 0.044944166 0.19180542 0.052708575 0.064441813 0.067563149 0.02217023 0.083719965 0 -3.5527137e-15 0 0 0.016315927
0.050050288 0.68847198 0.49181445 0.23099314 0.53382309 0.14152666 0.27452234 0.16690079 0.044633321 0.050595026 0 0 0 -7.1054274e-15 3.5527137e-15 0 3.5527137e-15 3.5527137e-15 3.5527137e-15 0 0 0 0 0 0 0 2.3718594 18.87243 2.7198445 3.6355033 0.022387527 3.0984238 0.2251371 5.7549362 0.4092285 0.48842581 0.28011502 0.42624393 0.27431608 0.35419388 0.70534357 0.47289641 0.66580146 1.1820791 0.76112444 1.0688626 0.77207586 0.63459145 0.20451879 0.02286385 0.10439751 0.069685551 0.018970774 0 0.056996653 0 0.077898241 0.094175581 3.5527137e-15 0.051203682 0.048322979 0.020306086
0.10964125 0.44952751 0.54037069 0.48329068 0.30082481 0.033317183 0.21987899 0.18950341 0.017229099 0.12847278 0.17072487 0.2007464 0.019664593 0.013675031 0.020114916 3.5527137e-15 -3.5527137e-15 0 3.5527137e-15 3.5527137e-15 0 3.5527137e-15 0 0 0 0 6941.806 6697.6693 2.7617697 3.7951043 2.974182 1.696406 1.4351311 1.4215094 2.3713655 0.60940776 1.9721441 1.5250416 1.4368492 1.3668108 1.0096289 1.3710885 1.363575 1.1369765 0.80183985 0.61504953 0.83303335 0.067278661 0.47304268 0.40393221 0.081272576 0.053588393 0.064397887 0.12769904 0.042926284 0.033193783 0.029607821 0.033418736 0.089674709 0 0.034887037 0.040637438
0.39417587 0.49609317 0.72073685 0.46765023 0.18289327 0.17876746 0.25898907 0.068622471 0.055475386 0.086229838 0.13202256 0.13029625 0.10991602 0.0020677487 0.069994165 -3.5527137e-15 -3.5527137e-15 0 0.017061334 0.03965545 0 -3.5527137e-15 0 0 0 0 81.228491 1422.1624 3.7476629 7.515573 7.7728106 4.2168507 3.7562568 3.189678 1.4158988 1.8054313 1.9120065 2.0489493 1.3700776 1.825386 1.1427706 1.3842784 1.0104385 0.71835958 0.76791428 0.86207939 0.64216763 0.2361694 0.18631155 0.078730343 0.22121224 3.5527137e-15 0.018461631 0.076000271 0.00023392199 0.039876584 0.01862231 0.037389885 0 0.019546566 0.030660473 0.069197337
0.18065636 0.55157325 0.10850124 0.92418691 0.24036427 0.24947007 0.19593313 0.090131333 0.12341852 0.16107137 0 0 0 0.21129451 0.045476595 -3.5527137e-15 7.1054274e-15 0.022106966 0.07288463 3.5527137e-15 0 0 0.042399425 0.040886987 0 0 444.33763 635.08774 0.80337103 0.53215274 0.71946425 0.44886639 0.69209665 0.80401034 0.52712661 0.18469829 0.41463942 0.48431894 0.78444044 0.30942448 0.8000295 0.34769221 0.22993223 0.52233802 0.74289076 0.61962495 0.5866471 0.62207936 0.072976892 0.039991941 0 0.055246638 0.030123521 3.5527137e-15 0.038953244 0.050288049 0 0 0.023811369 0.059716532 0.10511171 0.069790625
0.028246652 0.64767951 0.96676975 0.73789718 0.23264234 0.20038728 0.10020429 0.032065333 0.11605525 0.016107269 0.18057776 0.30568961 0.24597463 0.31241851 0.090506168 0 0.16846085 0.077298883 0.034244558 0.042730329 0 -7.1054274e-15 0.047792498 0.023587847 0.12642353 434.53534 107.76374 0.74218893 0.83449741 0.68296848 0.97291799 0.80427715 0.60269762 0.46765518 0.3736601 0.43640457 0.62801353 0.60405331 0.27522986 0.34589802 1.0756493 0.62910235 0.98810296 0.43607451 0.71705948 0.76684375 0.63662262 0.074222856 0.050898607 3.5527137e-15 0.1232867 0.15399219 -3.5527137e-15 0.10793624 0.10175615 0.23029135 0.1021453 0.032517043 0.046491091 0 0 0.13801242
0.038296724 0.86231365 0.76934241 0.34055588 0.18229418 0.19494175 0.24387376 0.07126059 0.23191462 0.11814585 0.43931315 0.1971497 0.55332925 0.17472776 0.076169451 0 0.08834873 0.086405256 0.099941194 0.021396282 0.063694294 -3.5527137e-15 0 0.023124712 0.11787004 5.8116116 -1.4210855e-14 0.66754685 0.68846698 0.94595451 0.66231496 0.81729403 0.84306832 0.65292298 0.86001077 0.61661253 0.52915134 0.78640921 0.93372206 0.67093127 0.95586412 0.64230221 0.42977278 0.39644779 0.49603177 0.83359504 0.30431096 0.31038061 0 0.34428651 0.013441678 0.023648698 0.23178845 0.2688044 0.12147237 0 0.082897772 0.23266267 0.26619271 0.22753067 0 0.17821791
-3.5527137e-15 1.29225 0.66687984 4.2464263 1.1749069 1.5892422 1.1109776 0.12055461 0.092599848 2.6599632 0.70455534 0.45860297 0.41444821 0.27641384 0.10040775 0.23658489 259.32791 0.080292598 0.039890812 0.11379028 0.030374231 3.5527137e-15 0.067508651 0 6.1662037 0.85475049 68.455883 1.1193832 0.45835979 0.5682321 0.48949385 0.46605902 0.60250818 0.52462187 0.6942693 0.79677675 0.7341614 0.66124226 0.56578403 0.64392878 0.85095999 0.63067502 0.56618298 1.0753734 0.25620421 0.10830978 0.081744754 0 0.35178899 0.065129565 0.09892353 0.20911976 0.3308885 0.05032396 0.1111121 0.16130455 0.06946896 0.29080552 0.31979241 0.24543045 0.11141449 0.14877873
0 339.24581 1.0767881 3.6710675 1.6201372 1.5313177 0.36710019 1.6151956 780.91146 257.11442 0.272478 14.039447 0.63648511 0.41242911 38.380938 7.6113345 0 191.84045 0.15604702 0.044848474 0.037692118 0.10243456 0.041036131 0.62750499 1.6406213 86.448868 0.87973392 1.1000105 0.9697169 1.0458934 0.79664122 0.77700763 0.69731083 0.71167157 0.44805553 0.46903153 0.70028408 0.71343553 0.45799521 0.1840886 0.28825132 0.10331578 0.39740111 0.76808031 0.31571425 0.096323794 -3.5527137e-15 0 0.058811691 0 0.21092113 0.19715636 0.094497736 0.06599073 0.32881938 0.23993239 0.17779489 0.2190255 0.33397112 0.11599408 0 0.073424568
4439.1607 1.2636648 15.911632 1.6273651 0.18642918 0.089352771 0.056233814 0.87086144 0.98156377 155.3487 0 1214.8581 0.91679187 0.58757293 283.58772 64.611728 0 81.275187 0.053479265 0.0060333209 103.77535 424.74867 404.69042 1756.3809 0.48754307 0.1869081 0.32527948 0.71533585 0.80263173 0.5726743 0.77373335 0.95652505 1.0300333 1.0143949 0.513381 0.35050003 0.42989742 0.33756261 0.29636277 0.30004247 0.27652597 0.20278158 0.35541893 0.21958686 0.30402111 0.057437388 0 0.077031144 -7.1054274e-15 0.26475079 0.23315818 0.23916027 0.11378085 0.17700428 0 0.24245443 0.27119216 0.25804038 0.3651476 0.35274463 0.15640653 0.059960468
2.1902113 0.33753742 0.26284141 0.39997854 0.092521216 0.10241058 0.11666642 0.27230802 0.29152672 0.28817923 0.26198911 578.43433 0 199.48509 101.77137 0 0 609.836 1.2581832 42.474387 1694.9766 2826.665 1078.1082 0.61963679 0.18567849 0.52097824 0.4896388 0.67983247 0.60564111 0.42280918 0.40918833 0.55875703 0.6408003 0.96363389 0.6976979 0.59336177 0.65943945 0.57939298 0.29005334 0.33038638 0.26790754 0.15600503 0.32870176 0.28444271 0.12509712 0.094438477 0 0.14053625 1.7763568e-15 0.14923046 0.14031835 0.19870082 0.11256098 0 0 0.24419248 0.1730627 0.21803794 0.16921883 0.40886408 0.50672291 0
