var/www/cgi-bin/BAERTOOLS/ravel/working/ravel-12188.DEM
NCOLS 45
NROWS 159
XLLCORNER 616413.99
YLLCORNER 4620195.4
CELLSIZE 10
NODATA_VALUE -9999
[rows 78 to 116 of 159, columns 0 to 44 of 45]
1470.532 1470.78 1471.075 1471.623 1471.996 1472.283 1472.511 1473.142 1473.519 1473.82 1474.338 1474.663 1474.976 1475.612 1476.103 1476.435 1476.431 1476.407 1476.412 1476.407 1476.399 1476.385 1476.382 1476.379 1476.76 1477.031 1477.108 1477.471 1477.505 1477.61 1477.841 1477.967 1478.083 1478.163 1478.286 1478.291 1478.335 1478.324 1478.273 1478.248 1478.133 1478.079 1478.055 1477.975 1477.878
1471.063 1471.28 1471.501 1471.935 1472.223 1472.604 1472.915 1473.372 1473.642 1474.024 1474.504 1474.739 1474.976 1475.28 1475.709 1475.982 1476.268 1476.375 1476.33 1476.389 1476.386 1476.385 1476.389 1476.434 1476.663 1476.862 1477.003 1477.327 1477.455 1477.577 1477.748 1477.877 1478.033 1478.126 1478.207 1478.246 1478.239 1478.267 1478.281 1478.197 1478.156 1478.066 1477.982 1477.931 1477.851
1471.465 1471.689 1471.919 1472.144 1472.586 1472.822 1473.123 1473.596 1473.822 1474.055 1474.571 1474.762 1475.074 1475.323 1475.64 1475.807 1475.986 1476.133 1476.108 1476.125 1476.391 1476.385 1476.388 1476.463 1476.57 1476.732 1476.835 1477.225 1477.386 1477.531 1477.629 1477.783 1477.932 1477.969 1478.036 1478.085 1478.133 1478.162 1478.196 1478.155 1478.06 1477.991 1477.961 1477.967 1477.791
1471.824 1472.024 1472.334 1472.567 1472.902 1473.131 1473.355 1473.808 1474.036 1474.263 1474.727 1474.926 1475.083 1475.305 1475.74 1475.875 1475.952 1476.01 1476.096 1476.166 1476.446 1476.479 1476.47 1476.485 1476.501 1476.546 1476.63 1476.934 1477.066 1477.282 1477.532 1477.676 1477.77 1477.81 1477.982 1477.928 1477.966 1478.016 1477.979 1477.988 1477.843 1477.791 1477.774 1477.807 1477.851
1472.251 1472.46 1472.738 1472.897 1473.292 1473.448 1473.672 1474.015 1474.248 1474.475 1474.931 1475.158 1475.382 1475.604 1476.036 1476.183 1476.335 1476.23 1476.075 1476.178 1476.403 1476.429 1476.487 1476.422 1476.403 1476.4 1476.419 1476.688 1476.788 1476.975 1477.137 1477.51 1477.572 1477.7 1477.866 1477.818 1477.822 1477.868 1477.823 1477.782 1477.723 1477.403 1477.369 1477.432 1477.775
1472.718 1472.912 1473.056 1473.276 1473.598 1473.77 1473.988 1474.29 1474.46 1474.692 1475.191 1475.501 1475.809 1476.118 1476.348 1476.478 1476.483 1476.334 1476.24 1476.19 1476.265 1476.399 1476.398 1476.388 1476.386 1476.385 1476.385 1476.468 1476.561 1476.668 1476.826 1477.193 1477.381 1477.542 1477.716 1477.794 1477.736 1477.667 1477.662 1477.579 1477.485 1476.877 1476.717 1476.965 1477.573
1472.718 1472.912 1473.374 1473.503 1473.954 1474.159 1474.304 1474.611 1474.811 1475.112 1475.347 1475.748 1475.926 1476.309 1476.568 1476.681 1476.598 1476.381 1476.338 1476.189 1476.176 1476.334 1476.385 1476.387 1476.328 1476.386 1476.386 1476.39 1476.403 1476.425 1476.518 1476.868 1477.102 1477.255 1477.595 1477.66 1477.638 1477.528 1477.438 1477.361 1477.13 1476.563 1476.353 1476.526 1477.378
1472.936 1473.229 1473.374 1473.854 1474.229 1474.362 1474.516 1475.082 1475.309 1475.531 1475.766 1475.974 1475.947 1476.303 1476.528 1476.591 1476.588 1476.437 1476.361 1476.279 1476.195 1476.215 1476.289 1476.297 1476.289 1476.295 1476.3 1476.388 1476.386 1476.383 1476.391 1476.604 1476.802 1477.017 1477.455 1477.518 1477.453 1477.44 1477.342 1477.141 1476.831 1476.453 1476.387 1476.495 1477.306
1473.333 1473.656 1473.79 1473.854 1474.229 1474.683 1474.822 1475.31 1475.595 1475.836 1476.138 1476.438 1476.387 1476.212 1476.427 1476.506 1476.579 1476.436 1476.35 1476.289 1476.354 1476.377 1476.369 1476.299 1476.285 1476.285 1476.285 1476.347 1476.387 1476.386 1476.385 1476.399 1476.476 1476.73 1477.197 1477.368 1477.388 1477.332 1477.263 1476.999 1476.688 1476.374 1476.406 1476.65 1477.353
1473.765 1474.062 1474.185 1474.275 1474.536 1474.683 1474.822 1475.448 1475.706 1476.008 1476.25 1476.519 1476.492 1476.415 1476.305 1476.42 1476.581 1476.598 1476.472 1476.49 1476.563 1476.516 1476.366 1476.292 1476.285 1476.285 1476.285 1476.283 1476.32 1476.383 1476.386 1476.386 1476.378 1476.419 1477.061 1477.24 1477.3 1477.288 1477.139 1476.875 1476.571 1476.383 1476.479 1476.71 1477.428
1474.159 1474.452 1474.538 1474.659 1474.852 1474.962 1475.048 1475.448 1475.706 1476.036 1476.328 1476.606 1476.595 1476.521 1476.376 1476.451 1476.691 1476.871 1476.825 1476.9 1476.899 1476.674 1476.459 1476.386 1476.423 1476.453 1476.38 1476.365 1476.347 1476.297 1476.363 1476.385 1476.389 1476.456 1477.03 1477.233 1477.361 1477.372 1477.115 1476.912 1476.548 1476.394 1476.531 1476.825 1477.437
1474.574 1474.938 1475.051 1475.01 1475.172 1475.188 1475.333 1475.412 1475.816 1476.036 1476.366 1476.548 1476.705 1476.724 1476.613 1476.683 1476.906 1477.075 1477.243 1477.308 1477.314 1476.875 1476.625 1476.403 1476.651 1476.63 1476.483 1476.542 1476.363 1476.386 1476.463 1476.409 1476.362 1476.449 1477.115 1477.287 1477.377 1477.452 1477.226 1476.907 1476.525 1476.408 1476.581 1476.853 1477.505
1475.026 1475.443 1475.499 1475.459 1475.548 1475.554 1475.587 1475.714 1476.121 1476.268 1476.366 1476.548 1476.758 1476.917 1477.051 1477.063 1477.138 1477.362 1477.408 1477.419 1477.493 1477.253 1476.948 1476.804 1476.892 1476.875 1476.885 1476.974 1476.41 1476.383 1476.451 1476.775 1476.644 1476.808 1477.409 1477.553 1477.534 1477.537 1477.444 1477.104 1476.629 1476.57 1476.808 1476.984 1477.641
1475.425 1475.885 1475.878 1475.937 1476.097 1476.123 1476.052 1476.066 1476.3 1476.484 1476.422 1476.503 1476.758 1476.917 1477.348 1477.45 1477.467 1477.594 1477.73 1477.726 1477.718 1477.604 1477.372 1477.225 1477.199 1477.194 1477.186 1477.122 1476.453 1476.414 1476.713 1477.011 1477.05 1477.142 1477.616 1477.707 1477.84 1477.91 1477.765 1477.62 1477.393 1477.213 1477.252 1477.425 1477.608
1475.651 1476.282 1476.333 1476.319 1476.482 1476.541 1476.479 1476.371 1476.224 1476.395 1476.521 1476.699 1476.964 1477.124 1477.348 1477.45 1477.85 1477.938 1477.965 1478.029 1478.025 1477.922 1477.911 1477.837 1477.823 1477.684 1477.58 1477.352 1476.763 1476.701 1476.936 1477.251 1477.396 1477.541 1477.703 1477.977 1478.049 1478.122 1478.217 1478.177 1478.077 1477.929 1477.891 1477.866 1478.01
1475.841 1476.427 1476.56 1476.58 1476.807 1476.824 1476.657 1476.465 1476.259 1476.416 1476.659 1477.003 1477.105 1477.327 1477.5 1477.688 1477.85 1478.198 1478.237 1478.237 1478.233 1478.242 1478.242 1478.234 1478.155 1477.988 1477.883 1477.654 1477.39 1477.364 1477.288 1477.67 1477.814 1477.956 1478.031 1478.313 1478.449 1478.523 1478.531 1478.528 1478.508 1478.481 1478.469 1478.448 1478.469
1475.836 1476.434 1476.645 1476.781 1476.877 1476.883 1476.816 1476.602 1476.386 1476.438 1476.697 1477.255 1477.424 1477.545 1477.696 1477.906 1478.049 1478.198 1478.237 1478.557 1478.566 1478.655 1478.647 1478.638 1478.565 1478.293 1478.212 1478.137 1477.967 1477.899 1477.896 1478.079 1478.204 1478.277 1478.418 1478.693 1478.763 1478.839 1478.895 1478.845 1478.915 1478.91 1478.907 1478.899 1478.901
1475.899 1476.393 1476.61 1476.878 1476.967 1476.965 1476.922 1476.835 1476.619 1476.656 1476.924 1477.442 1477.648 1477.756 1477.901 1478.198 1478.269 1478.317 1478.511 1478.557 1478.566 1478.951 1478.946 1478.925 1478.863 1478.783 1478.626 1478.542 1478.421 1478.42 1478.415 1478.541 1478.643 1478.784 1478.857 1479.115 1479.162 1479.158 1479.255 1479.233 1479.241 1479.276 1479.247 1479.308 1479.245
1475.96 1476.409 1476.674 1476.971 1477.09 1477.044 1477.03 1477.005 1477.049 1477.04 1477.16 1477.578 1477.71 1477.929 1478.088 1478.398 1478.529 1478.558 1478.875 1478.877 1478.942 1478.951 1478.946 1479.169 1479.25 1479.106 1479.038 1478.963 1478.948 1478.936 1478.935 1479.016 1479.023 1479.109 1479.256 1479.417 1479.492 1479.559 1479.603 1479.656 1479.644 1479.642 1479.631 1479.621 1479.541
1476.021 1476.526 1476.869 1477.152 1477.118 1477.048 1477.093 1477.053 1477.124 1477.236 1477.299 1477.677 1477.89 1478.03 1478.174 1478.546 1478.696 1478.859 1479.109 1479.171 1479.162 1479.233 1479.239 1479.169 1479.653 1479.46 1479.463 1479.464 1479.454 1479.444 1479.444 1479.507 1479.517 1479.516 1479.582 1479.795 1479.817 1479.963 1479.962 1479.987 1480.055 1480.057 1480.047 1480.029 1479.949
1476.067 1476.623 1476.932 1477.074 1477.087 1477.091 1477.062 1476.984 1476.955 1477.108 1477.297 1477.523 1477.994 1478.139 1478.337 1478.856 1478.996 1479.141 1479.372 1479.484 1479.478 1479.559 1479.651 1479.596 1479.653 1479.46 1479.886 1479.869 1479.859 1479.854 1479.846 1479.833 1479.928 1479.934 1480.003 1480.146 1480.218 1480.288 1480.389 1480.377 1480.372 1480.366 1480.362 1480.344 1480.26
1476.064 1476.297 1476.948 1477.038 1477.123 1476.936 1476.639 1476.565 1476.651 1476.857 1477.124 1477.376 1478.047 1478.263 1478.571 1479.006 1479.164 1479.365 1479.693 1479.795 1479.815 1479.948 1479.979 1479.995 1479.985 1479.957 1479.886 1479.869 1480.278 1480.268 1480.273 1480.268 1480.266 1480.349 1480.42 1480.561 1480.632 1480.7 1480.688 1480.714 1480.782 1480.781 1480.734 1480.662 1480.656
1476.134 1476.306 1477.02 1477.145 1477.237 1476.775 1476.377 1476.385 1476.431 1476.529 1476.633 1477.056 1477.995 1478.333 1478.704 1479.146 1479.36 1479.676 1479.993 1480.132 1480.228 1480.276 1480.338 1480.408 1480.405 1480.401 1480.38 1480.306 1480.278 1480.268 1480.779 1480.77 1480.688 1480.761 1480.827 1480.929 1480.938 1481.01 1481.115 1481.102 1481.096 1481.09 1481.085 1481.063 1480.98
1476.234 1476.357 1477.234 1477.371 1477.339 1476.957 1476.519 1476.369 1476.386 1476.385 1476.38 1476.6 1477.929 1478.395 1478.861 1479.407 1479.678 1479.949 1480.321 1480.491 1480.604 1480.619 1480.762 1480.819 1480.815 1480.804 1480.799 1480.802 1480.804 1480.7 1480.779 1481.085 1481.172 1481.16 1481.15 1481.291 1481.331 1481.339 1481.484 1481.44 1481.498 1481.421 1481.391 1481.392 1481.381
1476.384 1476.628 1477.417 1477.605 1477.63 1477.304 1477.01 1476.739 1476.38 1476.386 1476.384 1476.376 1477.83 1478.523 1479.008 1479.711 1480.023 1480.236 1480.469 1480.846 1480.911 1481.014 1481.174 1481.233 1481.226 1481.196 1481.213 1481.206 1481.188 1481.111 1481.156 1481.085 1481.172 1481.576 1481.573 1481.65 1481.665 1481.739 1481.811 1481.83 1481.821 1481.819 1481.764 1481.695 1481.691
1476.986 1477.277 1477.871 1478.002 1478.022 1477.757 1477.511 1477.169 1476.565 1476.386 1476.384 1476.383 1477.86 1478.633 1479.248 1480.135 1480.456 1480.716 1480.912 1481.182 1481.264 1481.42 1481.571 1481.617 1481.635 1481.563 1481.597 1481.586 1481.52 1481.498 1481.488 1481.489 1481.513 1481.576 1481.573 1482.009 1482.055 1482.059 1482.126 1482.235 1482.231 1482.222 1482.069 1482.01 1482.004
1477.713 1478.016 1478.558 1478.638 1478.627 1478.451 1478.074 1477.459 1476.575 1476.386 1476.362 1476.549 1478.186 1478.97 1479.664 1480.649 1480.905 1481.127 1481.318 1481.599 1481.677 1481.794 1481.94 1481.918 1481.998 1481.973 1481.916 1481.919 1481.921 1481.911 1481.907 1481.903 1481.934 1481.988 1481.966 1482.009 1482.388 1482.465 1482.543 1482.473 1482.522 1482.445 1482.491 1482.423 1482.407
1478.52 1478.736 1479.367 1479.604 1479.572 1479.425 1478.955 1478.285 1477.165 1476.464 1476.753 1477.034 1478.838 1479.601 1480.254 1481.17 1481.414 1481.588 1481.776 1482.048 1482.076 1482.146 1482.3 1482.269 1482.34 1482.323 1482.337 1482.303 1482.296 1482.327 1482.314 1482.289 1482.326 1482.368 1482.313 1482.379 1482.388 1482.465 1482.837 1482.851 1482.843 1482.845 1482.798 1482.71 1482.619
1479.278 1479.703 1480.248 1480.585 1480.745 1480.717 1480.34 1479.906 1479.196 1477.724 1477.731 1478.569 1479.901 1480.527 1480.94 1481.658 1481.944 1482.166 1482.32 1482.515 1482.536 1482.572 1482.651 1482.642 1482.712 1482.667 1482.701 1482.637 1482.63 1482.725 1482.717 1482.629 1482.631 1482.703 1482.785 1482.783 1482.779 1482.766 1482.837 1482.851 1483.168 1483.163 1483.155 1483.104 1482.945
1480.175 1480.47 1481.319 1481.706 1481.961 1482.526 1482.5 1482.169 1481.806 1480.886 1480.595 1480.797 1481.346 1481.68 1481.868 1482.063 1482.492 1482.666 1482.78 1482.94 1482.998 1482.99 1483.006 1482.987 1483.069 1483.079 1483.027 1483.055 1483.021 1483.044 1483.096 1483.016 1482.999 1483.026 1483.077 1483.093 1483.156 1483.095 1483.148 1483.174 1483.168 1483.163 1483.456 1483.429 1483.34
1480.962 1481.535 1482.343 1482.828 1483.376 1483.867 1484.994 1485.453 1484.919 1483.999 1483.634 1483.205 1482.861 1482.849 1482.909 1483.009 1483.143 1483.247 1483.264 1483.348 1483.413 1483.406 1483.356 1483.392 1483.394 1483.431 1483.352 1483.425 1483.37 1483.377 1483.392 1483.312 1483.382 1483.432 1483.426 1483.504 1483.479 1483.484 1483.489 1483.578 1483.571 1483.564 1483.456 1483.743 1483.664
1481.881 1482.409 1483.325 1483.894 1484.57 1485.21 1487.063 1487.795 1487.83 1486.567 1485.753 1485.23 1484.329 1484.093 1483.938 1483.899 1483.777 1483.719 1483.778 1483.716 1483.748 1483.748 1483.724 1483.719 1483.637 1483.719 1483.637 1483.692 1483.73 1483.733 1483.696 1483.614 1483.768 1483.813 1483.814 1483.86 1483.772 1483.799 1483.898 1483.896 1483.886 1483.868 1483.828 1483.743 1483.664
1482.743 1483.339 1484.369 1485.033 1485.649 1486.399 1487.912 1488.559 1488.732 1488.176 1487.506 1486.744 1485.65 1485.261 1484.979 1484.769 1484.473 1484.318 1484.228 1484.198 1484.173 1484.116 1484.083 1484.028 1484 1483.991 1483.906 1483.884 1483.967 1483.983 1483.974 1483.964 1484.066 1484.1 1484.071 1484.118 1484.1 1484.114 1484.273 1484.295 1484.263 1484.178 1484.163 1484.15 1484.062
1483.567 1484.098 1485.29 1485.929 1486.596 1487.149 1488.328 1488.702 1488.862 1488.521 1488.118 1487.584 1486.585 1486.131 1485.771 1485.528 1485.089 1484.896 1484.8 1484.552 1484.564 1484.534 1484.482 1484.411 1484.357 1484.262 1484.225 1484.199 1484.231 1484.191 1484.239 1484.291 1484.354 1484.401 1484.353 1484.448 1484.5 1484.449 1484.576 1484.606 1484.593 1484.51 1484.498 1484.448 1484.351
1484.31 1484.833 1486.038 1486.771 1487.36 1487.892 1488.746 1488.881 1488.965 1488.647 1488.346 1487.949 1487.597 1486.813 1486.498 1486.2 1485.648 1485.462 1485.215 1484.976 1484.932 1484.875 1484.794 1484.67 1484.588 1484.558 1484.536 1484.496 1484.489 1484.454 1484.479 1484.479 1484.604 1484.66 1484.725 1484.742 1484.901 1484.852 1484.892 1484.969 1484.99 1484.932 1484.924 1484.771 1484.686
1484.854 1485.466 1486.075 1487.305 1487.911 1488.458 1488.958 1489.08 1489.083 1488.79 1488.547 1488.158 1487.965 1487.333 1486.96 1486.637 1486.162 1485.912 1485.594 1485.381 1485.253 1485.186 1485.102 1484.955 1484.931 1484.881 1484.774 1484.748 1484.751 1484.742 1484.747 1484.79 1484.822 1484.87 1485.031 1485.113 1485.245 1485.261 1485.247 1485.332 1485.292 1485.302 1485.304 1485.171 1485.099
1485.466 1485.996 1486.528 1487.638 1488.223 1488.616 1489.151 1489.174 1489.094 1488.946 1488.685 1488.446 1488.286 1487.757 1487.375 1487.136 1486.472 1486.24 1485.993 1485.747 1485.605 1485.413 1485.39 1485.264 1485.205 1485.118 1485.063 1485.051 1485.001 1485.018 1485.066 1485.099 1485.083 1485.256 1485.401 1485.474 1485.545 1485.599 1485.661 1485.685 1485.672 1485.637 1485.633 1485.534 1485.486
1485.949 1486.328 1486.847 1487.74 1488.34 1488.731 1489.1 1489.102 1489.173 1489.094 1488.885 1488.654 1488.498 1488.056 1487.779 1487.402 1486.888 1486.65 1486.421 1486.004 1485.884 1485.771 1485.646 1485.47 1485.394 1485.375 1485.387 1485.357 1485.274 1485.317 1485.344 1485.29 1485.376 1485.611 1485.715 1485.784 1485.84 1485.903 1486.014 1485.965 1486.115 1486.055 1486.047 1485.989 1485.842
1486.554 1486.759 1487.026 1487.673 1488.351 1488.74 1489.141 1489.206 1489.279 1489.24 1489.127 1488.953 1488.731 1488.231 1487.934 1487.683 1487.065 1486.871 1486.57 1486.449 1486.151 1486.018 1485.918 1485.782 1485.76 1485.694 1485.615 1485.589 1485.505 1485.551 1485.612 1485.629 1485.685 1485.825 1485.909 1486.03 1486.179 1486.271 1486.372 1486.368 1486.505 1486.458 1486.451 1486.453 1486.326
