var/www/cgi-bin/BAERTOOLS/ravel/working/ravel-28416.DEM
NCOLS 89
NROWS 112
XLLCORNER 543650.24
YLLCORNER 4083886.8
CELLSIZE 10
NODATA_VALUE -9999
[rows 28 to 55 of 112, columns 0 to 62 of 89]
1561.184 1559.921 1558.492 1555.28 1553.572 1551.828 1550.169 1548.701 1545.73 1544.016 1542.273 1540.574 1537.282 1536.07 1535.552 1535.55 1536.043 1538.931 1540.778 1542.719 1544.657 1546.469 1549.94 1551.885 1553.981 1556.165 1558.4 1563.524 1566.522 1569.656 1572.883 1579.551 1582.865 1586.243 1589.779 1593.36 1599.332 1601.984 1604.261 1605.936 1606.878 1605.927 1604.619 1602.924 1601.077 1596.457 1593.251 1589.961 1586.76 1583.609 1577.037 1572.992 1567.783 1562.276 1557.375 1548.806 1544.76 1540.999 1537.483 1533.881 1526.751 1524.097 1521.917
1559.719 1558.365 1556.924 1553.712 1551.92 1550.162 1548.651 1547.36 1544.553 1542.966 1541.41 1539.91 1538.401 1536.008 1535.552 1535.566 1536.105 1539.08 1541.036 1543.083 1545.078 1546.919 1550.663 1552.563 1554.609 1556.777 1558.941 1564.15 1567.24 1570.405 1573.69 1580.542 1583.891 1587.299 1590.837 1594.435 1600.101 1602.228 1604.003 1604.83 1604.811 1604.708 1603.715 1602.148 1600.489 1595.994 1593.044 1590.086 1587.219 1584.198 1577.527 1574.014 1568.572 1562.546 1557.572 1548.869 1545.16 1541.744 1538.404 1534.879 1527.442 1524.537 1522.041
1558.171 1556.807 1555.363 1552.143 1550.47 1548.9 1547.455 1546.096 1543.376 1542.019 1540.647 1539.182 1537.723 1535.779 1535.482 1535.646 1536.348 1539.47 1541.445 1543.438 1545.471 1547.442 1551.219 1553.189 1555.217 1557.322 1559.469 1564.76 1567.889 1571.106 1574.485 1581.568 1585.089 1588.552 1592.039 1595.484 1600.591 1602.539 1604.001 1604.339 1604.078 1603.895 1602.751 1601.228 1599.695 1597.946 1592.709 1589.999 1587.315 1584.4 1577.893 1574.658 1569.134 1562.808 1557.631 1548.775 1545.323 1542.167 1539.001 1535.604 1528 1524.939 1522.34
1556.572 1555.25 1553.822 1550.674 1549.143 1547.717 1546.318 1544.941 1542.306 1541.054 1539.77 1538.399 1537.122 1535.544 1535.379 1535.77 1536.719 1539.996 1541.896 1543.847 1545.884 1547.899 1551.754 1553.666 1555.653 1557.743 1559.931 1565.401 1568.545 1571.59 1574.94 1582.676 1586.322 1589.866 1593.42 1596.683 1601.267 1602.659 1603.728 1603.955 1603.63 1602.968 1601.811 1600.438 1598.847 1597.014 1592.264 1589.78 1587.249 1584.422 1577.975 1574.648 1569.308 1563.095 1557.738 1548.753 1545.352 1542.253 1539.153 1535.875 1528.575 1525.459 1522.845
1554.964 1553.73 1552.386 1549.4 1547.967 1546.581 1545.175 1543.792 1541.246 1540.014 1538.818 1537.67 1536.61 1535.367 1535.399 1535.966 1537.075 1540.436 1542.328 1544.277 1546.314 1548.368 1552.217 1554.155 1556.179 1558.255 1560.463 1566.043 1569.164 1572.299 1575.822 1583.892 1587.586 1591.148 1594.697 1597.808 1601.874 1602.911 1603.123 1603.005 1603.032 1602.015 1600.869 1599.602 1598 1596.061 1591.7 1589.441 1587.056 1584.286 1577.884 1574.569 1569.352 1563.248 1557.807 1548.653 1545.219 1542.105 1538.97 1535.711 1528.877 1525.773 1523.152
1553.471 1552.315 1551.055 1548.242 1546.753 1545.321 1543.96 1542.67 1540.212 1538.904 1537.693 1536.761 1536.011 1535.093 1535.391 1536.176 1537.431 1540.866 1542.68 1544.614 1546.572 1548.49 1552.52 1554.574 1556.62 1558.716 1561.011 1566.675 1569.832 1573.157 1576.927 1585.244 1588.807 1592.319 1595.868 1598.806 1602.431 1603.106 1602.855 1602.82 1603.029 1601.157 1599.947 1598.663 1597.076 1595.133 1591.062 1588.945 1586.619 1583.847 1577.634 1574.516 1569.314 1563.229 1557.791 1548.563 1544.957 1541.674 1538.516 1535.333 1528.944 1525.953 1523.296
1553.471 1552.315 1551.055 1548.242 1546.753 1544.117 1542.74 1541.529 1539.069 1537.73 1536.753 1536.01 1535.222 1534.815 1535.456 1536.455 1537.791 1541.211 1543.083 1544.99 1546.883 1548.794 1552.842 1554.9 1556.992 1559.175 1561.591 1567.407 1570.616 1574.148 1578.138 1582.422 1589.991 1593.404 1596.755 1599.455 1602.759 1603.121 1602.766 1602.605 1602.482 1600.322 1599.162 1597.822 1596.124 1594.19 1590.192 1588.172 1585.856 1583.022 1576.828 1573.567 1568.636 1562.909 1557.425 1547.968 1544.378 1541.129 1537.998 1534.861 1528.846 1526.037 1523.429
1552.001 1550.942 1549.811 1546.99 1545.582 1544.117 1542.74 1541.529 1539.069 1537.73 1535.899 1535.02 1534.434 1534.672 1535.434 1536.631 1538.049 1541.444 1543.304 1545.211 1547.15 1549.133 1553.081 1555.183 1557.39 1559.575 1561.962 1568.129 1571.292 1574.929 1579.203 1583.595 1590.897 1594.18 1597.229 1599.742 1602.314 1602.912 1602.575 1602.195 1601.996 1599.651 1598.469 1596.97 1595.191 1593.312 1589.015 1586.942 1584.502 1581.595 1575.735 1571.967 1567.341 1562.134 1556.584 1547.117 1543.589 1540.368 1537.311 1534.29 1528.544 1525.86 1523.353
1550.509 1549.441 1548.26 1545.622 1544.218 1542.881 1541.568 1540.277 1537.812 1536.765 1535.899 1535.02 1534.434 1534.672 1535.434 1536.631 1538.274 1541.755 1543.557 1545.37 1547.218 1549.17 1553.293 1555.413 1557.62 1559.785 1562.234 1568.768 1571.983 1575.788 1580.136 1584.355 1591.631 1594.952 1597.831 1600.128 1602.3 1602.124 1601.891 1601.83 1601.497 1599.212 1597.806 1596.238 1594.507 1592.53 1587.843 1585.471 1582.896 1580.027 1574.072 1569.757 1565.163 1560.339 1555.104 1546.139 1542.624 1539.177 1536.127 1533.443 1528.03 1525.481 1523.007
1549.035 1547.815 1546.582 1544.045 1542.733 1541.48 1540.26 1539.033 1536.564 1535.519 1534.545 1533.893 1533.812 1534.38 1535.376 1536.746 1538.274 1541.755 1543.557 1545.37 1547.218 1549.175 1553.398 1555.611 1557.832 1560.075 1562.668 1569.282 1572.822 1576.689 1580.855 1584.978 1592.25 1595.619 1598.397 1600.512 1602.237 1601.859 1601.92 1601.786 1600.961 1598.873 1597.477 1595.801 1593.921 1591.872 1587.481 1584.862 1581.703 1578.243 1571.135 1566.639 1562.066 1557.539 1552.975 1544.722 1541.356 1538.258 1535.267 1532.36 1527.174 1524.718 1522.312
1547.201 1546.046 1544.795 1542.466 1541.257 1540.082 1538.953 1537.749 1535.259 1533.928 1532.974 1532.647 1532.815 1534.169 1535.376 1536.806 1538.393 1541.873 1543.756 1545.541 1547.285 1549.175 1553.398 1555.611 1557.832 1560.075 1563.021 1569.724 1573.17 1577.211 1581.699 1585.928 1592.926 1596.265 1598.907 1600.78 1602.069 1601.565 1601.507 1601.327 1600.538 1598.639 1597.068 1595.253 1593.409 1591.459 1587.354 1584.63 1581.048 1577.016 1568.532 1563.219 1558.792 1554.503 1550.024 1542.629 1539.368 1536.496 1533.721 1530.916 1525.811 1523.46 1521.197
1545.25 1544.085 1542.865 1540.89 1539.781 1538.624 1537.422 1536.087 1532.892 1531.423 1530.934 1531.232 1531.819 1533.91 1535.336 1536.817 1538.431 1540.254 1543.792 1545.608 1547.406 1549.289 1553.512 1555.723 1558 1560.335 1563.021 1569.724 1573.17 1577.211 1581.699 1586.39 1593.739 1597.13 1599.692 1601.258 1601.698 1601.64 1601.286 1600.646 1599.943 1598.139 1596.629 1594.771 1592.901 1591.051 1587.211 1584.465 1580.732 1576.678 1572.438 1562.052 1557.031 1552.01 1547.522 1539.921 1536.885 1534.379 1531.842 1529.217 1524.332 1522.034 1519.729
1542.807 1541.744 1540.999 1539.234 1538.192 1536.866 1535.214 1533.413 1530.13 1528.788 1528.217 1528.765 1530.23 1533.961 1535.391 1536.78 1538.488 1540.421 1544.057 1545.766 1547.47 1549.258 1553.51 1555.814 1558.233 1560.709 1563.45 1570.325 1573.972 1577.991 1582.263 1586.39 1593.739 1597.13 1599.692 1601.258 1601.698 1600.91 1600.502 1599.915 1599.275 1597.358 1595.918 1594.275 1592.444 1590.553 1586.993 1584.104 1580.376 1576.456 1572.193 1561.853 1556.606 1551.507 1546.749 1537.617 1535.009 1532.816 1530.036 1527.091 1522.696 1520.507 1518.017
1539.801 1539.339 1538.946 1537.284 1536.094 1534.296 1532.246 1530.32 1527.104 1525.96 1525.662 1527.221 1530.12 1534.532 1536.077 1537.406 1539.023 1540.989 1544.429 1545.924 1547.381 1549.037 1553.6 1556.191 1558.563 1560.951 1563.806 1570.762 1574.475 1578.542 1582.769 1586.833 1594.541 1597.892 1600.148 1601.384 1601.302 1600.91 1600.502 1599.915 1599.275 1597.358 1595.077 1593.536 1591.893 1590.15 1586.673 1583.76 1580.087 1576.228 1571.966 1561.798 1556.578 1551.407 1546.368 1537.12 1534.256 1531.695 1528.91 1526.098 1521.501 1519.172 1516.579
1536.617 1536.528 1536.317 1533.895 1532.321 1530.551 1528.731 1527.053 1524.428 1524.018 1524.848 1527.279 1530.605 1535.544 1537.276 1538.862 1540.45 1542.091 1545.079 1546.385 1547.577 1548.987 1553.822 1556.519 1558.892 1561.31 1564.273 1571.237 1574.929 1578.993 1583.194 1587.326 1595.328 1598.468 1600.497 1601.072 1600.765 1600.138 1599.527 1599.029 1598.421 1596.504 1595.077 1593.536 1591.893 1590.15 1586.673 1583.5 1579.788 1575.999 1571.74 1561.761 1556.493 1551.28 1546.175 1536.872 1533.882 1531.15 1528.401 1525.787 1520.726 1518.25 1515.811
1533.599 1532.745 1532.145 1531.034 1528.05 1526.59 1525.261 1524.155 1523.271 1524.423 1526.565 1529.44 1532.522 1537.077 1538.865 1540.478 1542.119 1543.777 1546.267 1547.369 1548.516 1549.946 1554.553 1557.116 1559.295 1561.648 1564.754 1572.057 1575.813 1579.703 1583.711 1587.946 1596.584 1599.497 1600.731 1600.698 1599.882 1599.268 1598.654 1598.05 1597.347 1595.442 1594.185 1592.692 1591.153 1589.665 1586.529 1583.5 1579.788 1575.999 1571.74 1561.761 1556.137 1551.071 1545.908 1536.541 1533.4 1530.639 1528.112 1525.632 1520.116 1517.445 1515.088
1530.923 1529.209 1527.982 1526.835 1524.396 1523.636 1523.152 1522.734 1524.013 1526.116 1528.746 1531.591 1534.434 1539 1540.733 1542.497 1544.196 1545.654 1548.015 1549.004 1550.216 1551.818 1555.903 1557.94 1559.742 1562.078 1565.392 1572.593 1576.451 1580.444 1584.48 1588.906 1597.895 1600.469 1600.929 1600.328 1599.865 1598.534 1597.815 1597.016 1596.194 1594.385 1593.205 1591.915 1590.611 1589.26 1586.289 1583.13 1579.32 1575.589 1571.364 1561.193 1556.137 1551.071 1545.908 1536.541 1533.4 1530.008 1527.444 1524.915 1519.034 1516.374 1513.852
1527.595 1525.726 1524.521 1523.634 1522.555 1522.228 1522.338 1522.769 1525.291 1527.931 1530.806 1533.654 1536.379 1540.857 1542.728 1544.634 1546.365 1547.769 1550.17 1551.282 1552.487 1554.008 1557.38 1558.996 1560.703 1563.177 1566.489 1573.013 1576.995 1581.089 1585.27 1590.197 1599.329 1600.203 1600.037 1599.761 1599.135 1597.728 1596.851 1595.975 1595.134 1593.329 1592.304 1591.203 1589.98 1588.685 1585.509 1582.255 1578.33 1574.279 1569.942 1560.222 1555.478 1550.719 1545.443 1535.877 1532.765 1530.008 1527.444 1524.915 1519.034 1516.374 1513.852
1524.26 1522.692 1521.888 1521.248 1521.066 1521.316 1522.066 1523.278 1527.153 1529.818 1532.741 1535.667 1538.318 1542.942 1545.096 1547.016 1548.606 1549.932 1552.48 1553.661 1554.932 1556.392 1559.156 1560.477 1562.455 1565.201 1568.259 1574.291 1578.543 1582.603 1586.761 1592.018 1600.075 1600.187 1599.586 1599.11 1598.506 1596.826 1595.914 1595.003 1594.125 1592.312 1591.326 1590.359 1589.321 1588.177 1584.621 1581.112 1577.226 1573.103 1568.453 1558.977 1554.316 1549.421 1544.045 1534.889 1531.664 1528.839 1526.202 1523.542 1517.67 1515.029 1512.334
1522.039 1520.367 1519.309 1518.821 1519.746 1520.946 1522.482 1524.275 1528.865 1531.648 1534.52 1537.323 1540.07 1545.34 1547.588 1549.359 1550.767 1552.035 1554.601 1555.945 1557.291 1558.682 1561.397 1562.936 1564.95 1567.573 1570.373 1576.769 1581.066 1585.223 1589.576 1594.496 1599.925 1599.586 1598.934 1598.397 1597.781 1595.881 1594.983 1594.08 1593.133 1591.337 1590.381 1589.39 1588.428 1587.485 1583.537 1579.835 1576.007 1571.919 1567.167 1557.523 1552.73 1547.638 1542.358 1533.811 1530.241 1527.031 1524.433 1521.94 1515.888 1513.102 1510.324
1520.03 1517.808 1516.434 1515.931 1518.85 1521.157 1523.212 1525.341 1530.505 1533.336 1536.185 1539.073 1542.088 1547.789 1549.871 1551.367 1552.635 1553.972 1556.726 1558.129 1559.666 1561.178 1562.479 1565.593 1567.838 1570.316 1572.816 1579.875 1584.184 1587.846 1591.807 1596.244 1599.412 1598.818 1598.207 1597.499 1596.648 1594.944 1594.044 1593.086 1592.119 1590.209 1589.225 1588.302 1587.443 1586.454 1582.137 1578.547 1574.776 1570.723 1566.066 1556.615 1551.725 1546.189 1540.578 1532.532 1528.877 1525.475 1522.85 1520.384 1514.23 1511.242 1508.292
1517.549 1514.716 1513.298 1513.258 1518.761 1521.857 1524.266 1526.59 1532.109 1534.927 1537.862 1541.002 1544.286 1549.894 1551.54 1552.912 1554.334 1555.828 1558.781 1560.249 1561.759 1563.26 1564.713 1568.21 1570.398 1572.901 1575.951 1583.603 1586.972 1589.973 1593.258 1596.594 1598.646 1598.037 1597.267 1596.414 1595.598 1593.882 1592.983 1592.036 1591.042 1589.067 1588.159 1587.265 1586.338 1585.148 1580.554 1577.461 1574.014 1570.063 1565.668 1556.385 1551.7 1545.76 1539.531 1534.999 1528.027 1524.742 1522.13 1519.461 1513.01 1510.165 1506.867
1515.495 1512.395 1511.645 1513.236 1519.565 1522.591 1525.252 1527.821 1533.542 1536.514 1539.612 1542.973 1546.397 1551.326 1552.84 1554.29 1555.872 1557.53 1560.729 1562.224 1563.625 1564.986 1566.481 1570.293 1572.38 1575.323 1579.186 1586.736 1589.128 1591.557 1594.265 1596.6 1597.63 1596.908 1596.112 1595.307 1594.5 1592.759 1591.861 1590.912 1589.918 1587.95 1587.029 1586.071 1584.91 1583.501 1579.219 1576.801 1573.916 1570.024 1565.457 1556.376 1551.727 1545.998 1539.976 1535.225 1527.92 1524.651 1521.913 1519.234 1513.401 1510.39 1506.595
1514.335 1511.781 1511.833 1514.178 1520.209 1523.341 1526.171 1528.874 1534.695 1537.862 1541.219 1544.828 1548.172 1552.363 1553.89 1555.607 1557.37 1559.021 1562.308 1563.757 1565.146 1566.561 1568.149 1571.962 1574.451 1577.942 1582.203 1588.632 1590.579 1592.442 1594.272 1595.825 1596.358 1595.736 1595.028 1594.286 1593.51 1591.737 1590.82 1589.872 1588.895 1586.927 1585.912 1584.799 1583.577 1582.162 1578.284 1576.315 1573.685 1569.827 1565.237 1556.475 1552.196 1546.793 1540.822 1535.826 1528.176 1524.892 1522.098 1519.464 1514.354 1511.095 1507.1
1513.407 1511.489 1511.906 1514.365 1520.844 1524.073 1526.948 1529.718 1535.695 1538.995 1542.633 1546.427 1549.56 1553.265 1555 1556.844 1558.63 1560.329 1563.473 1564.926 1566.379 1567.843 1569.449 1573.278 1576.457 1580.451 1584.393 1589.748 1591.447 1592.485 1593.674 1594.92 1594.973 1594.517 1593.882 1593.111 1592.299 1590.685 1589.718 1588.788 1587.868 1585.867 1584.738 1583.61 1582.405 1581.019 1577.632 1575.786 1573.166 1569.385 1565 1556.407 1552.072 1546.978 1541.395 1536.417 1528.684 1525.339 1522.53 1519.988 1514.83 1511.859 1508.028
1512.366 1511.073 1511.862 1514.41 1521.27 1524.55 1527.469 1530.327 1533.388 1540.006 1543.801 1547.502 1550.395 1554.142 1556.071 1557.977 1559.82 1561.53 1564.45 1565.874 1567.366 1568.901 1570.464 1574.665 1578.287 1582.504 1586.123 1590.131 1591.503 1592.455 1592.95 1593.225 1593.37 1593.091 1592.614 1591.956 1591.21 1589.568 1588.663 1587.769 1586.838 1584.782 1583.739 1582.686 1581.515 1580.122 1576.964 1575.333 1572.63 1568.705 1564.391 1556.108 1551.952 1547.091 1541.547 1536.48 1529.129 1525.759 1522.851 1520.28 1515.284 1512.366 1508.829
1511.554 1510.813 1511.878 1514.455 1521.37 1524.706 1527.788 1530.782 1533.879 1540.718 1544.571 1548.12 1550.847 1554.799 1556.89 1558.967 1560.913 1562.566 1565.243 1566.647 1568.166 1569.756 1571.315 1576.196 1580.165 1584.244 1587.392 1590.561 1591.239 1591.793 1592.038 1592.034 1592.029 1591.726 1591.306 1590.774 1590.162 1588.547 1587.63 1586.73 1585.805 1584.843 1582.922 1581.822 1580.617 1579.276 1576.369 1574.932 1572.135 1568.004 1563.544 1555.653 1551.855 1547.109 1541.586 1536.565 1529.386 1526.025 1523.118 1520.598 1515.584 1512.785 1509.588
1511.293 1510.725 1511.864 1514.437 1521.384 1524.735 1527.912 1531.015 1534.165 1541.13 1544.997 1548.456 1551.12 1555.357 1557.589 1559.746 1561.657 1563.221 1565.848 1567.302 1568.839 1570.451 1572.119 1577.836 1582.115 1585.756 1588.161 1590.557 1591.011 1591.081 1591.154 1591.306 1591.011 1590.582 1590.196 1589.742 1589.096 1587.533 1586.665 1585.769 1584.859 1583.963 1582.1 1581.021 1579.801 1578.525 1575.995 1574.717 1571.685 1567.312 1563.001 1555.332 1551.691 1547.058 1541.568 1536.629 1529.631 1526.249 1523.357 1520.891 1515.974 1513.363 1510.253
