var/www/cgi-bin/BAERTOOLS/ravel/working/ravel-31273.prodgrd.txt
NCOLS 41
NROWS 57
XLLCORNER 277407.98
YLLCORNER 3857441.5
CELLSIZE 10
NODATA_VALUE -9999
0 0 0 0 0 0 0 0 0 0 0 0 0 0 0 0 0 0 0 0 0 0 0 0 0 0 0 0 0 0 0 0 0 0 0 0 0 0 0 0 0 
0 0 0 0 0 0 0 0 0 0 0 0 0 0 0 0 0 0 0 0 0 0 0 0 0 0 0 0 0 0 0 0 0 0 0 0 0 0 0 0 0 
0 0 0 0 0 0 0 0 0 0 0 0 0 0 0 0 0 0 0 0 0 0 0 0 0 0 0 0 0 0 0 0 0 0 0 0 0 0 0 0 0 
0 -29.417038 -28.290158 0 0 0 0 0 0 0 0 0 0 0 0 0 0 0 0 0 0 0 0 0 0 0 0 0 0 0 0 0 0 0 0 0 0 0 0 0 0 
0 0 -28.290158 -30.509404 0 0 0 0 0 0 0 0 0 0 0 0 0 0 0 0 0 0 0 0 0 0 0 0 0 0 0 0 0 0 0 0 0 0 0 0 0 
0 0 0 0 0 0 0 0 0 0 0 0 0 0 0 0 0 0 0 0 0 0 0 0 0 0 0 0 0 0 0 0 0 0 0 0 0 0 0 0 0 
0 -29.448363 0 0 0 -29.422219 -29.047877 -27.660132 0 0 0 0 0 0 0 0 0 0 0 0 0 0 0 0 0 0 0 0 0 0 0 0 0 0 0 0 0 0 0 0 0 
0 0 -29.448363 0 -29.422219 -29.047877 -27.660132 -27.281265 0 0 0 0 0 0 0 0 0 0 0 0 0 0 0 0 0 0 0 0 0 0 0 0 0 -28.574959 -27.005994 -26.993156 -29.458933 0 0 0 0 
0 0 0 0 0 -39.504383 -27.281265 -39.459043 0 0 0 0 0 0 0 0 0 0 0 0 0 0 0 0 -27.261217 -28.192278 -27.293751 -26.531359 -26.655803 -27.036962 -26.498277 -26.958567 -26.798495 -27.005994 -26.422056 -26.455718 -26.635849 0 0 0 0 
0 0 0 0 0 0 -39.459043 0 0 0 0 0 0 0 0 0 0 0 0 0 0 0 0 -26.359243 -26.274051 -26.509296 -26.439394 -26.338906 -26.46093 -26.461496 -26.317992 -26.247215 -26.296323 -26.360103 -26.251148 -26.635849 -26.635849 -26.902598 -27.056376 -29.297229 0 
0 0 0 0 0 0 0 0 0 0 0 0 0 0 0 0 0 0 0 0 0 0 -26.507122 -26.173578 -26.200395 -26.274051 -26.325232 -26.439394 -26.338906 -26.317992 -26.295586 -26.274184 -26.247215 -26.251148 -26.251148 -26.387691 -26.469073 -26.544564 -26.471622 -26.40706 -30.554908 
0 0 0 0 0 0 0 0 0 0 0 0 0 0 0 0 0 0 0 -28.625889 -26.862582 -26.951295 -26.230807 -26.200057 -26.173578 -26.200395 -26.37789 -26.325232 -26.426442 -26.521174 -26.339722 -26.436927 -26.423482 -26.251148 -26.231493 -26.390712 -26.351194 -26.360909 -26.40706 -26.503951 -26.517707 
0 0 0 0 0 0 0 0 0 0 0 0 0 0 0 0 0 0 0 -28.323161 -26.682992 -26.36773 -26.231565 -26.230807 -26.200057 -26.292369 -26.334685 -26.37789 -26.340594 -26.450533 -26.531734 -26.339722 -26.425959 -26.231493 -26.230571 -26.351194 -26.360909 -26.500931 -26.536665 -26.384521 -26.503951 
0 0 0 0 0 0 0 0 0 0 0 0 -29.259138 0 0 0 0 0 0 0 -26.974292 -26.233771 -26.314623 -26.231565 -26.272529 -26.283376 -26.295122 -26.334685 -26.349291 -26.435998 -27.071421 -26.594794 -26.314535 -26.230571 -26.239654 -26.581912 -26.535138 -26.639996 -26.311711 -26.429853 -26.384521 
0 0 0 0 0 0 0 0 0 0 0 -29.259138 0 0 0 0 0 0 0 -27.438005 -26.79205 -26.218453 -26.233771 -26.314623 -26.474597 -26.437605 -26.337487 -26.349291 -26.362474 -27.258404 -26.410316 -27.335867 -26.42871 -26.239654 -26.547337 -26.548535 -26.572466 -27.124258 -26.310553 -26.311711 -26.641999 
0 0 0 0 0 0 0 0 0 0 0 -29.336221 0 0 0 0 0 0 -28.043413 -26.649761 -26.542731 -26.177036 -26.218453 -26.447851 -26.390779 -26.35417 -26.425077 -26.337487 -26.458589 -27.702715 -26.362999 -26.410316 -26.417528 -26.242357 -26.454892 -26.53756 -26.565722 -26.556103 -26.204814 -26.310553 -27.001085 
-26.946905 -26.606136 -26.811122 -27.114817 -27.437089 -27.415458 0 0 0 0 -26.34629 -26.749692 -29.336221 0 0 0 0 -28.610702 -26.954513 -26.894372 -26.546675 -26.185094 -26.177036 -26.446787 -26.46607 -26.913189 -26.35417 -26.425077 -26.458589 -26.460272 -26.419702 -26.362999 -26.242357 -26.278756 -26.454984 -26.408164 -26.838235 -26.262971 -26.153539 -26.204814 -26.741319 
-26.565013 -26.8736 -26.606136 -26.811122 -26.946905 -26.540262 0 0 0 0 -26.21877 -26.34629 -26.749692 -27.103912 -27.135571 -27.267592 -27.50916 -27.49814 -27.674916 -26.954513 -26.894372 -26.244457 -26.185094 -26.485835 -26.565863 -26.46607 -26.459336 -26.458589 -26.374317 -27.602378 -26.433986 -26.419702 -26.278756 -26.217401 -26.408164 -26.44661 -26.270568 -26.144246 -26.210271 -26.153539 -26.477857 
-27.361658 -26.565013 -26.8736 -26.946905 -26.540262 -26.503053 0 0 0 0 -26.225165 -26.21877 -26.584323 -27.066358 -27.103912 -27.145949 -27.267592 -27.50916 -27.49814 -27.674916 -27.776426 -26.269245 -26.244457 -26.58402 -26.796523 -26.487093 -27.364952 -26.374317 -26.441025 -26.960607 -26.418457 -26.433986 -26.217401 -26.218664 -26.44661 -26.559689 -26.284806 -26.190532 -26.144246 -26.210271 -27.263156 
0 -27.361658 -28.138276 -26.982349 -26.503053 -26.50082 -27.092159 0 0 -26.877677 -26.240574 -26.225165 -26.516759 -27.566781 -27.705288 -27.991133 -29.0896 -30.933241 -32.420944 -32.707169 -28.213782 -26.279169 -26.289296 -26.32453 -26.779467 -26.79094 -26.487093 -26.441025 -26.586601 -26.298202 -26.488887 -26.418457 -26.218664 -26.22982 -26.478826 -26.620296 -26.312705 -26.184625 -26.190532 -26.557202 0 
0 -28.138276 -26.982349 -26.808217 -26.50082 -26.507921 -26.688618 -27.495163 0 -26.483545 -26.522381 -26.240574 -26.579075 -26.579075 -26.503389 -26.433486 -26.545222 -27.469846 -27.234992 -28.106346 0 -26.507122 -26.32453 -26.32453 -26.453977 -26.779467 -26.399 -26.586601 -26.298202 -26.373821 -26.495542 -26.488887 -26.22982 -26.325795 -26.412491 -26.740833 -26.525543 -26.229726 -26.184625 -26.565438 -27.806243 
0 0 -26.808217 -26.745728 -26.507921 -26.688618 -27.495163 0 0 -26.280105 -26.483545 -26.522381 -26.495651 -26.579075 -26.433486 -26.545222 -26.529365 -26.505079 -26.393917 -26.28477 -26.341212 -27.783445 -26.32453 -26.41745 -26.312835 -26.464535 -26.788728 -26.399 -26.373821 -27.092159 -26.589974 -26.495542 -26.325795 -26.343915 -26.289742 -26.44485 -26.863903 -26.178535 -26.229726 -26.35714 -26.802535 
-28.392105 -27.252816 -26.586296 -26.447851 -28.402289 -29.991079 0 0 0 -26.33774 -26.280105 -26.536283 -26.785435 -26.850234 -26.626842 -26.566289 -26.5426 -26.393917 -26.28477 -26.341212 -26.321754 -27.783445 -26.41745 -26.312835 -26.434404 -26.503502 -26.389767 -26.252299 -29.081164 -26.736722 -27.060346 -26.589974 -26.343915 -26.289742 -26.307381 -26.264078 -26.870568 -26.177203 -26.178535 -26.319477 -26.616772 
-27.687438 -27.237701 -27.252816 -26.586296 -26.447851 -28.402289 0 0 0 -26.553241 -26.33774 -26.822952 -26.895081 -27.154154 -26.444412 -26.523228 -26.5426 -26.839482 -26.579819 -26.321754 -26.321754 -26.389162 -27.019628 -26.434404 -26.503502 -26.653146 -26.252299 -26.343549 -26.921391 -30.776629 -39.448425 -26.660795 -26.544039 -26.307381 -26.264078 -26.307172 -26.36785 -26.199685 -26.177203 -26.585991 -26.800194 
0 -27.687438 -27.237701 -27.304971 -39.494385 0 0 0 0 -26.885251 -26.553241 -27.222946 -26.822952 -26.895081 -26.399778 -26.444412 0 -28.120197 -28.120197 -26.321754 -26.389162 -26.335231 0 -26.891193 -26.653146 -26.42119 -26.316209 -26.443451 -26.679292 -27.26617 -30.776629 -26.619955 -26.675227 -26.424837 -26.307172 -26.41745 -26.544696 -26.36785 -26.257598 -26.714111 -27.056376 
0 0 0 0 0 0 0 -32.808334 -39.23742 -26.860609 -26.885251 -27.050476 -28.233499 -33.850315 -26.546807 -26.399778 -31.329301 -28.120197 -26.742295 -26.433736 -26.335231 -26.273785 -30.012365 -39.53727 -27.164275 -26.316209 -26.308221 -26.679292 -26.783254 -26.874955 -36.824813 -26.675227 -27.34703 -26.591675 -26.41745 -26.488569 -26.534378 -26.454709 -26.442842 -26.508035 -26.714111 
0 0 0 0 -27.527546 -26.69136 -26.468878 -26.394399 -26.593543 -26.664883 -26.860609 -26.923653 -39.478491 -34.2221 -26.422926 -26.376754 0 -28.376989 -29.098082 -26.462441 -26.273785 -26.612718 -26.880416 0 0 -26.308221 -26.32726 -26.783254 -26.862253 -27.200823 -33.663718 -27.371588 -27.083768 -26.765975 -26.488569 -26.481482 -26.513001 -26.600811 -26.426523 -26.442842 -27.209835 
0 0 0 -26.507921 -26.396407 -26.367611 -26.312878 -26.27266 -26.394399 -26.338195 -26.485 -38.166993 0 0 -26.376754 -26.376754 0 0 -28.376989 -26.437435 -26.310254 -26.47964 -26.582212 -28.531633 -30.756496 -26.310084 -26.341263 -26.862253 -27.006891 -27.313324 -26.462916 -27.083768 -26.765975 -26.496851 -26.481482 -26.469268 -26.492514 -26.65258 -26.33553 -26.426523 -26.521656 
-28.198685 -27.341425 -26.998428 -26.358843 -26.452611 -26.396407 -26.365645 -26.312878 -26.27266 -26.37827 -26.422847 -27.222284 -38.166993 -26.725356 -26.376754 -26.448474 -29.94228 0 0 -26.310254 -26.462916 -26.337386 -26.322122 -26.587517 -37.544632 -26.280627 -26.310084 -27.01322 -27.012765 -27.083768 -26.394605 -26.462916 -26.496851 -26.527385 -26.469268 -26.492514 -26.704745 -26.588897 -26.541559 -26.33553 -26.508149 
-26.810539 -26.649761 -26.993156 -26.628413 -26.358843 -26.452611 -26.421583 -26.365645 -26.37827 -26.410391 -26.447407 -26.970521 -27.605798 -26.725356 -26.725356 -26.483856 -29.336221 -29.94228 -29.77733 -26.462916 -26.337386 -26.322122 -26.307674 -26.307549 -26.408017 -26.267585 -26.280627 -26.781356 -26.546145 -26.896859 -26.461119 -26.394605 -27.044641 -26.691996 -26.768846 -26.704745 -26.588897 -27.018248 -26.633351 -26.541559 -27.271878 
-27.117024 -26.641634 -26.458682 -26.544827 -26.555693 -26.390982 -26.392751 -26.364405 -26.410391 -26.321022 -26.611887 -31.304251 0 -26.742539 -26.746962 -30.206814 -28.255823 -27.59784 0 -29.77733 -26.428873 -26.307674 -26.307549 -26.461402 -26.578333 -26.408017 -26.267585 -26.464344 -26.458962 -26.546145 -26.589358 -26.461779 0 -28.666216 -27.716964 -29.039667 -27.620789 -26.958975 -26.64771 -26.633351 -27.078589 
-26.857665 -26.646782 -26.331343 -26.458682 -26.642913 -26.555693 -26.390982 -26.392751 -26.321022 -26.611887 -26.611887 -26.733608 -26.637465 -26.909876 -26.742539 -28.255823 -27.59784 -26.660022 -28.175374 -33.71612 -27.397059 -26.53036 -26.461402 -26.578333 -26.799627 -26.870904 -26.66332 -26.600651 -26.464344 -26.458962 -26.954513 -26.627191 0 0 -30.509404 -28.995292 -26.713659 -26.582964 -26.711634 -26.64771 -26.955726 
-36.721963 -26.620125 -26.287967 -26.331343 -27.088998 -26.886642 -26.601612 -26.603542 -26.728165 -26.611887 -26.638367 -26.544433 -26.445464 -26.474198 -26.990541 -28.478804 -26.660022 -26.528497 -26.710737 -27.503129 -27.961712 -28.691654 -26.694552 -26.725823 -26.855066 -27.065352 -26.667637 -26.66332 -26.632464 -26.822652 -27.298963 -27.658911 0 0 -28.995292 -27.75297 -26.500487 -26.713659 -26.582964 -26.711634 -26.76937 
-28.025078 -26.899361 -26.250452 -26.287967 -26.941375 -26.542731 -27.035059 -26.69907 -26.728165 -26.638367 -26.544433 -26.445464 -26.418923 -26.391593 -26.28302 -26.4438 -26.528497 -26.710737 -26.590901 -26.380309 -27.033164 -27.376608 -26.725823 -26.855066 -26.827782 -26.606298 -26.485417 -26.602254 -26.691572 -26.710961 -26.805908 -27.298963 0 -27.183197 -27.75297 -27.82675 -27.197002 -26.500487 -26.8019 -27.257002 -27.148282 
-33.961079 -26.297417 -26.20787 -26.250452 -26.542731 -26.365172 -26.868223 -27.035059 0 -26.789833 -26.517114 -26.418923 -26.391593 -26.28302 -26.321617 -26.38643 -26.720494 -26.590901 -26.380309 -26.718201 -27.032219 -26.55789 -27.224273 -26.827782 -27.082209 -27.502129 -26.606298 -26.485417 -26.602254 -26.691572 -27.58996 -26.805908 -27.183197 -27.457506 -27.859868 -27.199547 -27.054402 -27.197002 -27.339833 -27.75297 -29.391365 
0 -26.355677 -26.297417 -26.20787 -26.365172 -26.770947 -26.868223 -27.994653 0 -26.57863 -26.789833 -26.517114 -26.785708 -26.321617 -26.38643 -26.720494 -26.580416 -26.937855 -26.718201 -27.032219 -26.55789 -26.660795 -26.642181 -31.854631 -28.959938 -30.19119 -27.006891 -27.006891 -27.744839 -26.534252 -26.842616 -28.563261 -27.457506 -27.859868 -26.79094 -26.532236 -27.151798 -27.054402 -28.35467 0 0 
0 -26.290413 -26.355677 -26.56108 -27.05391 -26.868223 -27.019168 -26.435662 -31.484713 -26.849914 -26.57863 -27.825272 -30.070253 -26.421111 -26.892603 -27.147698 -26.379542 -26.580416 -26.937855 -29.068596 -26.660795 -26.507464 -26.62132 0 -31.764904 -27.254906 -26.882482 -27.006891 -27.391031 -26.535646 -26.534252 0 -28.730734 -26.79094 -26.688408 -26.494673 -26.532236 -28.484261 0 0 0 
-26.740347 -26.446522 -26.290413 -26.41069 -27.05391 -26.781085 -26.527879 -26.633707 -26.435662 -27.230951 -26.661764 -26.786256 -26.421111 -26.324577 -27.147698 -26.563884 -26.388626 -26.379542 -27.050965 -26.62132 -26.777587 -26.387558 -26.497399 -26.945318 -29.194555 0 -27.254906 -26.882482 -28.215955 -27.219642 -26.535646 0 0 -26.688408 -27.355117 -28.428134 -26.494673 0 0 0 0 
0 -26.740347 -26.427088 -26.963067 -26.781085 -26.70962 -26.547337 -26.527879 -26.633707 -26.770947 -26.723496 -26.661764 -26.324577 -26.337639 -29.263851 -26.885251 -26.563884 -26.388626 -26.62132 -26.983634 -26.562059 -26.42725 -26.387558 -26.63567 0 0 0 0 0 -28.215955 -27.219642 0 0 -27.355117 0 0 -28.428134 -26.759787 0 0 0 
0 -26.747952 -26.990976 -26.427088 -26.619955 -27.181957 -26.668824 -26.547337 -27.311798 -27.100681 -26.407796 -26.723496 -26.337639 -26.242304 -33.339721 -26.481687 -26.455443 -26.803899 -26.584171 -26.639633 -26.744744 -26.562059 -26.42725 -26.904769 0 0 0 -29.194555 -27.404885 0 -39.514375 0 0 0 0 0 -27.110976 -28.884284 -26.759787 0 0 
0 -27.191945 -26.747952 -27.217668 -26.760555 -26.619955 -27.994653 -26.668824 -28.371992 -26.419858 -26.79094 -26.407796 -26.242304 -26.262359 0 -26.549603 -26.428141 -26.455443 -26.639633 -26.54509 -27.069897 -26.744744 -26.592452 -27.687438 0 0 -36.008742 -28.560353 -29.194555 -27.404885 -39.493797 0 0 0 -27.837159 -27.065352 -29.764728 -27.110976 -28.884284 0 0 
-26.924031 -29.94228 -27.466027 -26.800194 -27.132721 -26.557615 -26.798495 -27.999956 -29.381204 -27.420805 -26.419858 -26.331246 -26.262359 -26.33568 0 -27.234992 -26.549603 -26.428141 -26.54509 -27.069897 -26.993156 -29.809206 -27.377448 -26.536028 -32.260642 -33.510698 -28.833587 -36.008742 -27.875322 -27.649214 0 -39.493797 0 0 -31.291814 -27.065352 -27.726156 -30.369712 0 0 0 
-26.434237 -26.924031 -27.315621 -26.699937 -26.557615 -27.508151 -26.75673 -26.763385 0 0 -29.562674 -26.36335 -26.331246 -26.502829 0 -28.369502 -26.941768 -26.575678 -27.074481 -26.993156 -29.422219 -28.691654 -26.401413 -26.397455 -26.536028 -28.833587 0 0 -28.001729 -27.875322 -27.649214 0 0 0 0 0 0 0 0 0 0 
-26.227917 -26.339059 -26.275053 -26.317768 -26.516404 -26.53186 -26.463296 -26.570008 0 0 0 -26.382436 -26.369537 -27.087948 -29.579626 -39.482025 -28.369502 -26.540392 -27.782037 -29.935405 -27.834173 -27.437089 -26.589666 -26.401413 -26.397455 0 0 0 0 -28.563261 -28.140304 0 0 0 0 0 0 0 0 0 0 
-26.2065 -26.227917 -26.339059 -26.275053 -26.317768 -26.516404 -26.53186 -26.463296 0 0 0 -26.369537 -26.398156 -26.809958 -27.087948 -29.562674 0 -26.499601 -26.519495 -27.834173 -27.437089 -31.458184 -39.456094 -26.589666 0 0 0 0 -39.452555 -26.975134 -27.392748 0 0 0 0 0 0 0 0 0 0 
-26.200644 -26.200644 -26.359701 -26.544827 -26.664687 -26.741076 -26.80133 -27.003311 0 0 -27.224938 -26.398156 -26.368451 -28.092675 -26.809958 -27.318696 -26.782168 -26.657906 -26.499601 0 0 0 0 -39.456094 0 -26.441975 -26.781356 -39.523772 -26.975134 -27.392748 -26.909509 -27.271162 0 0 0 0 0 0 0 0 0 
-26.504966 -26.31051 -26.448652 -26.286215 -26.2634 -26.538329 -27.200185 0 0 0 -27.122022 -26.368451 -26.263986 -27.656476 -27.140737 -26.782168 -27.15121 -27.202743 -26.657906 0 0 0 0 0 -26.594011 -26.524322 -26.441975 -26.781356 -27.140737 -26.909509 -27.271162 -27.044641 0 0 0 0 0 0 0 0 0 
-39.534337 -26.448652 -26.286215 -26.2634 -26.538329 -26.372034 -26.252187 0 0 0 0 -26.263986 -26.502493 -26.96678 -27.656476 -27.140737 -27.202743 0 0 0 0 0 0 -26.828693 -26.474497 -26.594011 -26.524322 -27.140737 -27.831196 -27.516257 -27.044641 -28.313635 0 0 0 0 0 0 0 0 0 
-26.535265 -26.473005 -27.067872 -26.956536 -26.372034 -26.252187 -26.22048 -27.825272 0 0 0 -26.502493 -26.96678 -30.922481 -29.0896 0 0 0 0 -30.933241 0 0 -26.980642 -26.704305 -26.828693 -26.474497 -27.392748 -26.544039 -27.376608 -27.369092 -28.313635 0 0 0 0 0 0 0 0 0 0 
-26.501154 -26.365054 -26.506325 -26.849594 -31.90055 -26.22048 -26.281819 -27.852236 -39.488501 0 0 -39.23742 -30.922481 -39.534923 -27.374093 -27.091103 0 0 0 0 -30.933241 -32.647901 -27.218983 -26.980642 -26.704305 -27.419911 0 -26.507806 -26.544039 -26.633529 -27.369092 0 0 -28.267153 0 0 0 0 0 0 0 
0 -26.506325 -26.551888 -26.463011 -26.840733 -26.434739 -26.394054 -39.488501 0 0 -27.75161 0 -39.534923 0 -38.03721 -27.374093 -27.091103 0 0 0 0 -26.619615 -26.698637 -27.218983 -30.21467 0 0 -26.430427 -26.346503 -26.967609 -26.633529 -39.469654 -26.517707 -29.901391 -28.267153 0 0 0 0 0 0 
0 -26.551888 -26.463011 -26.449904 -26.439993 -26.709174 -27.062343 0 0 0 -27.761178 -27.75161 0 0 0 -38.03721 0 0 0 0 0 -26.448029 -26.429526 -29.085376 -39.452555 0 -27.934805 -26.346503 -26.421268 -27.508151 -27.508151 0 -26.809958 -26.517707 -29.901391 0 0 0 0 0 0 
0 0 -26.449904 -26.439993 -26.709174 -26.497508 -28.140304 -28.788081 0 -35.964553 -27.55598 -27.55598 0 0 0 0 0 0 0 0 0 -26.355173 -26.370143 -28.798453 -29.085376 0 -26.773589 -27.850717 -26.513234 -27.508151 -27.090576 -39.48438 -29.417038 -26.809958 0 0 0 0 0 0 0 
0 -39.48438 -31.458184 -28.014235 -26.497508 -27.613835 -29.226523 -31.524992 -28.628948 -27.221623 -27.668724 -27.705288 0 0 0 0 0 0 0 0 0 -26.30167 -26.34502 -29.371103 -28.798453 0 -27.029394 -26.773589 -27.624288 -27.090576 -33.796081 -39.459633 -27.697592 -29.417038 0 0 0 0 0 0 0 
0 -30.206814 -31.135286 -34.532958 -33.769244 -33.153609 -31.524992 -27.52445 -27.706578 -26.793163 -27.221623 -27.668724 0 0 0 0 0 0 0 0 -26.268094 -26.326125 -26.30167 -29.417038 0 0 -26.644014 -26.957348 -27.226935 -27.056376 -27.542158 -27.070912 -27.847687 -27.697592 0 0 0 0 0 0 0 
-27.328838 -26.494673 -26.822652 -27.128756 -28.054574 -27.068377 -27.52445 -27.706578 -28.330357 -27.711755 -26.793163 -27.434349 0 0 0 0 0 0 0 -29.098082 -26.313095 -26.268094 -26.326125 0 0 0 -26.644014 -26.599534 -28.14641 -27.226935 -27.056376 -26.816403 -27.070912 -27.847687 0 0 0 0 0 0 0 
-26.494673 -27.328838 -34.537634 0 0 -28.033707 0 0 0 0 0 0 0 0 0 0 0 0 0 0 -27.26546 -26.313095 0 0 0 0 0 -26.732932 -28.551669 0 0 0 -26.64383 0 0 0 0 0 0 0 0 
