var/www/cgi-bin/BAERTOOLS/ravel/working/ravel-12053.DEM
NCOLS 82
NROWS 113
XLLCORNER 616413.99
YLLCORNER 4621855.4
CELLSIZE 10
NODATA_VALUE -9999
[rows 28 to 55 of 113, columns 0 to 62 of 82]
1463.501 1462.896 1462.805 1462.844 1463.008 1463.499 1463.71 1463.862 1463.88 1463.902 1463.965 1463.578 1464.35 1463.29 1461.611 1456.602 1453.885 1451.738 1448.728 1447.507 1446.289 1444.623 1441.935 1440.723 1439.831 1439.27 1439.027 1438.797 1438.756 1438.766 1438.844 1439.05 1439.501 1439.695 1439.774 1439.814 1439.849 1439.773 1439.79 1439.836 1439.85 1439.927 1440.235 1440.405 1440.7 1441.004 1441.037 1440.95 1440.622 1440.482 1440.372 1440.255 1439.879 1439.628 1439.351 1438.793 1438.52 1438.244 1437.666 1437.414 1437.133 1436.943 1436.542
1463.979 1463.328 1463.275 1463.407 1463.634 1464.157 1464.368 1464.515 1464.637 1464.622 1464.633 1464.726 1464.35 1464.555 1462.849 1456.851 1453.82 1451.691 1448.998 1448.281 1447.669 1446.362 1443.085 1441.704 1440.511 1439.402 1439.14 1438.991 1439.007 1439.105 1439.259 1439.478 1439.914 1440.06 1440.197 1440.309 1440.303 1440.286 1440.281 1440.281 1440.273 1440.333 1440.623 1440.78 1440.979 1441.275 1441.306 1441.213 1441.037 1440.896 1440.816 1440.664 1440.272 1440.085 1439.898 1439.35 1439.073 1438.796 1438.211 1437.98 1437.743 1437.499 1437.101
1464.323 1464.079 1463.821 1464.008 1464.21 1464.52 1464.727 1464.901 1465.019 1465.047 1465.13 1465.203 1464.996 1464.555 1462.849 1457.116 1453.914 1451.694 1449.95 1450.266 1450.069 1448.692 1444.503 1442.687 1441.261 1439.502 1439.324 1439.105 1439.17 1439.237 1439.477 1439.709 1440.161 1440.383 1440.604 1440.732 1440.716 1440.71 1440.686 1440.703 1440.766 1440.835 1441.035 1441.181 1441.269 1441.507 1441.522 1441.554 1441.413 1441.315 1441.229 1441.079 1440.634 1440.491 1440.343 1439.886 1439.64 1439.359 1438.773 1438.555 1438.353 1438.119 1437.653
1464.655 1464.474 1464.283 1464.423 1464.572 1464.92 1465.096 1465.278 1465.476 1465.551 1465.597 1465.578 1465.388 1465.048 1463.772 1457.116 1453.914 1452.228 1451.678 1452.463 1452.267 1450.698 1445.921 1443.738 1442.01 1439.63 1439.435 1439.297 1439.316 1439.457 1439.683 1439.835 1440.411 1440.702 1440.927 1441.09 1441.127 1441.12 1441.195 1441.208 1441.29 1441.362 1441.508 1441.593 1441.671 1441.801 1441.796 1441.815 1441.799 1441.657 1441.567 1441.409 1441.053 1440.885 1440.682 1440.333 1440.157 1439.873 1439.545 1439.125 1438.962 1438.729 1438.226
1465.112 1464.864 1464.721 1464.838 1464.954 1465.407 1465.573 1465.632 1465.852 1465.879 1465.859 1465.793 1465.769 1465.439 1464.201 1457.98 1454.62 1452.228 1451.678 1453.728 1453.088 1451.73 1447.068 1444.616 1442.815 1440.026 1439.419 1439.38 1439.482 1439.644 1439.8 1440.019 1440.734 1441.021 1441.243 1441.438 1441.574 1441.63 1441.627 1441.71 1441.713 1441.787 1441.942 1442.001 1442.005 1442.112 1442.097 1442.087 1442.095 1441.956 1441.874 1441.773 1441.473 1441.292 1441.049 1440.705 1440.485 1440.248 1440.017 1439.755 1439.579 1439.344 1438.82
1465.578 1465.413 1465.341 1465.427 1465.49 1465.836 1465.937 1466.012 1466.048 1466.03 1466.059 1466.071 1465.852 1465.364 1464.283 1459.012 1456.086 1453.661 1452.646 1453.728 1453.754 1452.549 1448.115 1445.643 1443.63 1440.241 1439.496 1439.473 1439.478 1439.854 1440.025 1440.324 1440.943 1441.229 1441.454 1441.824 1441.885 1441.953 1442.02 1442.164 1442.215 1442.217 1442.315 1442.332 1442.397 1442.407 1442.429 1442.479 1442.418 1442.253 1442.175 1442.097 1441.796 1441.632 1441.452 1441.081 1440.846 1440.663 1440.499 1440.312 1440.134 1439.899 1439.402
1466.042 1465.96 1465.93 1465.936 1466.057 1466.241 1466.274 1466.321 1466.327 1466.21 1466.264 1466.247 1465.925 1465.279 1464.38 1460.531 1458.396 1455.985 1455.296 1454.92 1453.754 1452.549 1448.767 1446.291 1444.262 1440.448 1439.496 1439.49 1439.646 1440.018 1440.342 1440.647 1441.369 1441.649 1441.869 1442.125 1442.219 1442.363 1442.441 1442.582 1442.642 1442.637 1442.733 1442.723 1442.728 1442.705 1442.735 1442.811 1442.802 1442.646 1442.567 1442.486 1442.168 1442.01 1441.855 1441.521 1441.341 1441.192 1441.081 1440.813 1440.641 1440.401 1439.956
1466.498 1466.458 1466.464 1466.507 1466.542 1466.655 1466.611 1466.533 1466.5 1466.441 1466.424 1466.318 1465.917 1465.23 1464.369 1461.441 1459.891 1458.063 1456.878 1455.36 1454.174 1452.873 1448.767 1446.291 1444.753 1441.022 1440.022 1439.76 1439.782 1440.279 1440.692 1441.069 1441.694 1441.949 1442.097 1442.445 1442.532 1442.675 1442.748 1442.973 1442.954 1442.945 1443.049 1443.032 1443.027 1443.115 1443.11 1443.122 1443.117 1442.968 1442.887 1442.807 1442.584 1442.42 1442.261 1442.097 1441.773 1441.62 1441.546 1441.301 1441.086 1440.898 1440.447
1466.974 1466.974 1466.967 1466.945 1466.897 1466.917 1466.91 1466.768 1466.637 1466.564 1466.513 1466.358 1465.803 1465.102 1464.258 1461.671 1460.286 1458.768 1457.611 1455.383 1454.34 1453.084 1449.406 1446.967 1444.753 1442.068 1441.092 1440.647 1440.42 1440.792 1441.349 1441.639 1442.285 1442.492 1442.71 1443.014 1443.133 1443.196 1443.265 1443.372 1443.377 1443.444 1443.438 1443.454 1443.521 1443.53 1443.493 1443.433 1443.498 1443.362 1443.275 1443.194 1442.994 1442.822 1442.663 1442.566 1442.274 1442.169 1442.033 1441.739 1441.551 1441.394 1440.948
1467.427 1467.369 1467.348 1467.298 1467.249 1467.187 1467.168 1467.085 1466.931 1466.735 1466.615 1466.468 1465.723 1464.949 1464.196 1461.759 1460.493 1459.061 1457.771 1455.449 1454.29 1453.154 1450.027 1447.908 1445.96 1442.068 1441.092 1442.556 1442.198 1442.132 1442.313 1442.5 1442.867 1442.998 1443.141 1443.36 1443.54 1443.613 1443.681 1443.786 1443.792 1443.863 1443.904 1443.959 1443.954 1443.952 1443.829 1443.826 1443.831 1443.717 1443.696 1443.608 1443.392 1443.243 1443.144 1442.998 1442.798 1442.712 1442.553 1442.238 1442.137 1441.978 1441.526
1467.77 1467.731 1467.656 1467.656 1467.616 1467.536 1467.47 1467.331 1467.133 1466.911 1466.709 1466.521 1465.62 1464.799 1464.058 1462.911 1460.596 1459.257 1457.984 1455.755 1454.569 1453.421 1450.547 1448.633 1447.084 1445.638 1442.788 1442.556 1442.198 1443.568 1443.527 1443.476 1443.606 1443.718 1443.77 1443.822 1443.993 1444.116 1444.113 1444.25 1444.278 1444.197 1444.282 1444.272 1444.267 1444.264 1444.242 1444.239 1444.234 1444.071 1444.017 1444.001 1443.831 1443.735 1443.653 1443.561 1443.365 1443.198 1443.038 1442.91 1442.732 1442.512 1442.247
1468.082 1468.138 1467.997 1467.966 1467.963 1467.887 1467.756 1467.581 1467.344 1467.036 1466.803 1466.57 1465.537 1464.786 1463.988 1462.908 1460.552 1459.362 1458.22 1455.965 1454.777 1453.625 1451.037 1449.504 1448.371 1447.138 1445.109 1444.401 1443.877 1443.568 1443.527 1444.525 1444.438 1444.41 1444.386 1444.37 1444.448 1444.441 1444.509 1444.612 1444.622 1444.695 1444.639 1444.576 1444.573 1444.564 1444.663 1444.651 1444.645 1444.58 1444.512 1444.507 1444.384 1444.354 1444.254 1444.094 1443.946 1443.892 1443.73 1443.471 1443.339 1443.158 1443.024
1468.467 1468.485 1468.32 1468.265 1468.272 1468.202 1467.995 1467.776 1467.543 1467.169 1466.895 1466.623 1465.48 1464.773 1463.976 1462.928 1460.673 1459.555 1458.408 1456.085 1454.962 1453.841 1451.505 1450.381 1449.476 1448.554 1446.789 1446.135 1445.589 1444.817 1444.682 1444.525 1445.192 1445.086 1445.007 1444.996 1444.969 1444.965 1444.946 1445.02 1445.037 1445.101 1445.044 1445.102 1445.09 1445.082 1445.068 1445.061 1445.055 1445.048 1445.013 1444.929 1444.91 1444.874 1444.796 1444.769 1444.518 1444.431 1444.268 1444.156 1444.06 1443.96 1443.822
1468.799 1468.79 1468.676 1468.628 1468.509 1468.426 1468.226 1467.978 1467.75 1467.298 1466.968 1466.604 1465.504 1464.749 1463.943 1462.923 1460.819 1459.684 1458.495 1456.204 1455.025 1453.927 1451.866 1450.935 1450.198 1449.487 1447.943 1447.386 1446.918 1445.961 1445.622 1445.503 1445.192 1445.086 1445.622 1445.592 1445.509 1445.55 1445.47 1445.326 1445.346 1445.412 1445.423 1445.403 1445.409 1445.478 1445.591 1445.577 1445.57 1445.503 1445.465 1445.527 1445.456 1445.384 1445.299 1445.296 1445.129 1445.042 1444.944 1444.837 1444.77 1444.614 1444.56
1469.105 1469.098 1468.958 1468.884 1468.781 1468.707 1468.419 1468.163 1467.887 1467.373 1467.062 1466.719 1465.525 1464.741 1464.035 1463.063 1460.883 1459.753 1458.589 1456.373 1455.293 1454.206 1453.238 1451.434 1450.73 1450.188 1448.967 1448.409 1447.961 1447.04 1446.671 1446.328 1446.136 1445.7 1445.622 1445.592 1445.938 1445.859 1445.861 1445.809 1445.748 1445.746 1445.807 1445.854 1445.918 1445.911 1446.005 1445.993 1445.985 1446.022 1446.043 1445.959 1445.94 1445.959 1446.004 1445.922 1445.743 1445.661 1445.57 1445.443 1445.431 1445.398 1445.396
1469.402 1469.403 1469.247 1469.169 1469.084 1468.951 1468.653 1468.432 1468.062 1467.597 1467.223 1466.861 1466.357 1464.859 1464.167 1463.179 1461.001 1459.89 1458.824 1456.594 1455.527 1454.506 1453.523 1451.733 1451.084 1450.764 1449.833 1449.205 1448.795 1447.824 1447.494 1447.123 1446.848 1446.374 1446.222 1446.032 1445.938 1445.859 1446.257 1446.198 1446.263 1446.244 1446.164 1446.279 1446.33 1446.329 1446.418 1446.426 1446.497 1446.595 1446.579 1446.569 1446.559 1446.54 1446.536 1446.525 1446.417 1446.286 1446.274 1446.144 1446.148 1446.139 1446.071
1469.795 1469.717 1469.636 1469.481 1469.397 1469.244 1468.819 1468.583 1468.258 1467.693 1467.346 1466.96 1466.443 1464.991 1464.317 1463.421 1461.235 1460.126 1459.051 1456.891 1455.81 1454.768 1453.834 1452.114 1451.454 1451.202 1450.455 1449.944 1449.469 1448.454 1448.091 1447.768 1447.447 1446.907 1446.787 1446.565 1446.339 1446.276 1446.257 1446.564 1446.56 1446.563 1446.641 1446.758 1446.761 1446.828 1446.987 1447.033 1447.028 1447.105 1447.125 1447.187 1447.18 1447.234 1447.15 1447.139 1447.087 1446.986 1446.906 1446.884 1446.851 1446.76 1446.67
1470.042 1470.022 1469.946 1469.762 1469.613 1469.457 1469.106 1468.835 1468.461 1467.842 1467.478 1466.968 1466.503 1465.159 1464.517 1463.681 1461.534 1460.408 1459.34 1457.163 1456.115 1455.163 1454.221 1452.641 1451.997 1451.585 1450.965 1450.513 1450.041 1449.037 1448.642 1448.232 1447.934 1447.43 1447.214 1447.042 1446.75 1446.67 1446.585 1446.564 1446.56 1446.984 1447.039 1447.206 1447.261 1447.259 1447.498 1447.569 1447.631 1447.632 1447.753 1447.808 1447.802 1447.848 1447.786 1447.852 1447.69 1447.627 1447.621 1447.617 1447.493 1447.473 1447.382
1470.341 1470.335 1470.255 1470.069 1469.906 1469.75 1469.286 1468.968 1468.646 1468.057 1467.621 1467.174 1466.613 1465.305 1464.72 1463.916 1461.843 1460.758 1459.629 1457.475 1456.469 1455.557 1454.708 1453.23 1452.539 1451.912 1451.307 1450.888 1450.415 1449.495 1449.058 1448.632 1448.37 1447.847 1447.665 1447.427 1447.134 1447.061 1446.978 1446.898 1446.973 1446.984 1447.039 1447.609 1447.685 1447.76 1447.962 1448.064 1448.065 1448.207 1448.331 1448.347 1448.491 1448.51 1448.477 1448.394 1448.432 1448.324 1448.247 1448.234 1448.186 1448.11 1448.094
1470.635 1470.562 1470.552 1470.273 1470.119 1469.963 1469.5 1469.238 1468.931 1468.148 1467.706 1467.313 1466.773 1465.438 1464.857 1464.201 1462.08 1461.019 1459.909 1458.815 1456.826 1455.964 1455.148 1453.666 1452.926 1452.227 1451.419 1451.031 1450.639 1450.197 1449.338 1448.998 1448.676 1448.172 1447.953 1447.718 1447.45 1447.361 1447.305 1447.284 1447.29 1447.347 1447.351 1447.609 1447.685 1448.168 1448.485 1448.607 1448.694 1448.833 1448.891 1448.966 1449.027 1449.13 1449.115 1449.106 1449.094 1449.057 1448.964 1448.874 1448.809 1448.729 1448.72
1470.836 1470.761 1470.76 1470.575 1470.412 1470.258 1469.805 1469.534 1469.146 1468.756 1467.969 1467.562 1466.976 1465.617 1465.008 1464.333 1462.349 1461.255 1460.191 1459.159 1457.11 1456.252 1455.45 1453.939 1453.163 1452.479 1451.52 1451.186 1450.804 1450.329 1449.541 1449.211 1448.932 1448.409 1448.227 1448.023 1447.785 1447.68 1447.662 1447.599 1447.574 1447.591 1447.667 1447.944 1448.082 1448.168 1448.985 1449.137 1449.291 1449.368 1449.63 1449.671 1449.664 1449.691 1449.714 1449.634 1449.663 1449.596 1449.581 1449.498 1449.427 1449.352 1449.344
1471.144 1471.056 1470.978 1470.829 1470.709 1470.474 1470.073 1469.758 1469.424 1469.041 1468.256 1467.77 1467.157 1465.858 1465.195 1464.553 1462.725 1461.6 1460.474 1459.482 1457.289 1456.31 1455.502 1454.004 1453.311 1452.577 1451.646 1451.263 1450.786 1450.403 1449.642 1449.347 1449.123 1448.621 1448.433 1448.283 1448.006 1447.944 1447.889 1447.888 1447.913 1447.997 1448.07 1448.265 1448.418 1448.574 1448.985 1449.137 1449.807 1449.963 1450.196 1450.196 1450.269 1450.324 1450.247 1450.245 1450.232 1450.189 1450.11 1450.098 1450.052 1449.956 1449.874
1471.382 1471.364 1471.285 1471.083 1470.945 1470.855 1470.31 1469.965 1469.728 1469.354 1468.476 1468.051 1467.427 1466.145 1465.466 1464.849 1463.083 1461.923 1460.838 1459.737 1457.268 1456.204 1455.326 1453.849 1453.177 1452.451 1451.548 1451.168 1450.783 1450.391 1449.769 1449.507 1449.237 1448.784 1448.639 1448.484 1448.224 1448.155 1448.169 1448.169 1448.202 1448.298 1448.37 1448.669 1448.825 1449.011 1449.219 1449.596 1449.807 1449.963 1450.74 1450.812 1450.88 1450.88 1450.875 1450.868 1450.858 1450.73 1450.731 1450.723 1450.6 1450.581 1450.494
1471.691 1471.674 1471.595 1471.395 1471.231 1471.075 1470.617 1470.317 1469.938 1469.622 1468.798 1468.271 1467.79 1466.424 1465.753 1465.135 1463.432 1462.26 1461.07 1459.922 1457.329 1456.054 1454.997 1453.38 1452.668 1452.081 1451.247 1450.914 1450.662 1450.314 1449.823 1449.537 1449.263 1448.954 1448.794 1448.645 1448.566 1448.393 1448.37 1448.364 1448.422 1448.582 1448.682 1448.956 1449.192 1449.48 1449.644 1450.19 1450.348 1450.494 1450.74 1451.318 1451.388 1451.504 1451.496 1451.471 1451.391 1451.366 1451.341 1451.252 1451.19 1451.093 1451.01
1471.901 1471.882 1471.802 1471.642 1471.542 1471.377 1470.916 1470.654 1470.324 1469.943 1469.062 1468.637 1468.106 1466.808 1466.138 1465.517 1464.717 1462.545 1461.323 1460.129 1457.227 1455.812 1454.513 1452.666 1452.062 1451.701 1451.319 1450.707 1450.441 1450.233 1449.789 1449.596 1449.37 1449.045 1448.885 1448.73 1448.64 1448.612 1448.535 1448.562 1448.667 1448.825 1448.951 1449.247 1449.545 1449.786 1450.054 1450.66 1450.935 1451.089 1451.249 1451.318 1451.388 1452.062 1452.078 1451.988 1451.978 1451.974 1451.951 1451.867 1451.807 1451.716 1451.627
1472.216 1472.187 1472.11 1472.015 1471.845 1471.681 1471.453 1470.952 1470.638 1470.328 1469.452 1469.039 1468.494 1467.21 1466.509 1465.827 1465.071 1462.971 1461.594 1460.249 1457.1 1455.545 1454.056 1452.125 1451.675 1451.38 1451.037 1450.62 1450.349 1450.152 1449.813 1449.641 1449.408 1449.144 1448.996 1448.884 1448.8 1448.704 1448.671 1448.717 1448.963 1449.101 1449.194 1449.529 1449.782 1450.106 1450.495 1451.132 1451.331 1451.478 1451.757 1451.839 1451.922 1452.062 1452.078 1452.516 1452.492 1452.484 1452.459 1452.376 1452.362 1452.305 1452.153
1472.408 1472.412 1472.406 1472.252 1472.18 1472.086 1471.864 1471.36 1471.027 1470.641 1469.861 1469.438 1468.894 1467.656 1466.986 1466.21 1465.388 1463.285 1461.862 1460.423 1456.987 1455.184 1453.682 1451.759 1451.354 1451.128 1450.933 1450.562 1450.423 1450.19 1449.798 1449.639 1449.453 1449.243 1449.11 1449.045 1448.963 1448.879 1448.876 1448.869 1449.104 1449.273 1449.464 1449.811 1450.067 1450.388 1450.789 1451.55 1451.749 1451.917 1452.217 1452.373 1452.502 1452.517 1452.591 1452.516 1452.492 1452.997 1452.976 1452.902 1452.823 1452.762 1452.753
1472.659 1472.703 1472.625 1472.572 1472.488 1472.4 1472.252 1471.799 1471.535 1471.147 1470.372 1469.918 1469.295 1468.117 1467.387 1466.598 1465.692 1463.56 1462.114 1460.589 1457.025 1455.014 1453.384 1451.568 1451.268 1451.067 1450.925 1450.543 1450.464 1450.23 1449.824 1449.645 1449.548 1449.351 1449.188 1449.075 1449.034 1449.056 1449.088 1449.082 1449.302 1449.474 1449.668 1449.782 1450.271 1450.601 1451.058 1451.953 1452.177 1452.405 1452.75 1452.87 1452.931 1453.004 1453.132 1453.115 1453.04 1452.997 1453.503 1453.501 1453.384 1453.362 1453.268
