var/www/cgi-bin/BAERTOOLS/ravel/working/ravel-3083.depgrd.txt
NCOLS 44
NROWS 39
XLLCORNER 286236.32
YLLCORNER 3844268.9
CELLSIZE 10
NODATA_VALUE -9999
0 0 0 0 0 0 0 94.444179 99.829908 0.047266803 7.1054274e-15 0.017311838 0.045059065 0.13171209 0.030369344 0.2363346 0.035778781 0.08967113 -3.5527137e-15 0 -3.5527137e-15 0.30963348 0.10912808 1.4210855e-14 0 0.054560536 0.025378129 0.021294902 0 -3.5527137e-15 0 2.220446e-16 0.022586774 0 0 0 39.667056 0.41753964 0 0 0 0 -7.1054274e-15 3.5527137e-15 
0 0 0 0 0 0 0 127.52501 0.14702411 3.5527137e-15 0.02215899 0.052115014 0.029848834 0.033024222 0.074901967 0.038148572 7.1054274e-15 0.029450048 -1.4210855e-14 0.034134761 3.5527137e-15 0.064169294 0.20498836 0.062834299 -3.5527137e-15 -3.5527137e-15 0.064099774 0.018486914 -3.5527137e-15 0 0 -3.5527137e-15 0 0 0 0 0.0029825211 0 0 0 0 0 0 0 
0 0 24.557513 85.899409 97.591695 143.03136 181.37028 1017.943 0.063220532 0.030471994 7.1054274e-15 0.094594959 3.5527137e-15 -3.5527137e-15 3.5527137e-15 0.03212586 0 0 -7.1054274e-15 3.5527137e-15 0 1.4210855e-14 -7.1054274e-15 0.063972758 0.10961453 3.5527137e-15 0 0 0.037495779 0 0 0 -3.5527137e-15 0 0 0 0 0 0 0 0 0 0 0 
150.68501 182.28988 279.91 0.027861968 0.037246376 7.1054274e-15 0.020214817 0.07739478 0.21480623 0.058615448 0.032238743 0.021268098 0.029331181 -7.1054274e-15 3.5527137e-15 -3.5527137e-15 0 -3.5527137e-15 -3.5527137e-15 0 -3.5527137e-15 0 0.020807361 -3.5527137e-15 0.012823252 0.039706931 0 0 0 0 22.342289 0 0 0 0 0 0 0.010316205 8.7549566 16.934532 0 0 0 1.61434 
0 0.024641767 0.033105429 0.077534109 0.044297307 -1.0658141e-14 0.011656238 -3.5527137e-15 0.086775782 0.085093302 0.03637998 0.019660034 0 0 0.012585053 -3.5527137e-15 -3.5527137e-15 3.5527137e-15 0 -3.5527137e-15 0 0 0.056493473 -3.5527137e-15 3.5527137e-15 0 0 0 42.875218 0 0 0 0 0 0 0 3.5527137e-15 0 0 3.5527137e-15 0 0 0 0 
-1.4210855e-14 -3.5527137e-15 -7.1054274e-15 -1.0658141e-14 1.0658141e-14 1.0658141e-14 0.040037673 0.023452478 0.035549094 0.071082443 7.1054274e-15 -3.5527137e-15 0.010020746 -7.1054274e-15 -3.5527137e-15 0 0 -3.5527137e-15 -3.5527137e-15 0 0 0 0 -3.5527137e-15 0 0 0 7.7072688 0 0 0 -3.5527137e-15 0 0 -3.5527137e-15 -3.5527137e-15 0 2.4424907e-15 182.33076 0 0 0 0 0 
-1.4210855e-14 -7.1054274e-15 3.5527137e-15 3.5527137e-15 -7.1054274e-15 0 -3.5527137e-15 3.5527137e-15 3.5527137e-15 0.024296897 0.089458253 0.067464458 -7.1054274e-15 0 3.5527137e-15 0 0 0 0 0 0 0 0 0 0.025916963 0 -3.5527137e-15 0 0 0 0 0 -3.5527137e-15 0 0.037510432 0 80.04821 33.266662 46.191127 8.3010161 2.5439264 0 0.033683106 0.038646428 
-3.5527137e-15 -7.1054274e-15 3.5527137e-15 0 0 7.1054274e-15 0 -3.5527137e-15 0 0 0.051240967 0.016211871 7.1054274e-15 0 0 0 0 0 0 0 0 0 -3.5527137e-15 0.011986929 1.7763568e-15 0 0 0 0 0 0.18976733 0.036456028 0.056909441 0.04508331 0 56.955786 5.4105459 0 0 0 0 0 0 0.034023061 
0 0 3.5527137e-15 0 0 0 3.5527137e-15 -3.5527137e-15 -3.5527137e-15 0 -3.5527137e-15 -3.5527137e-15 0 3.5527137e-15 3.5527137e-15 0 0 0 0 0 0.019720208 0 0 0.020817982 0 3.5527137e-15 0 0 3.5527137e-15 8.7855702 0.21249578 0.10775466 0.12896107 0.029783691 0.00016867951 0 0 0 0 0 0 0 0 0.0067516349 
0 3.5527137e-15 0 0 0 0 0 -3.5527137e-15 0 0 0 0 0 0 0 0 0 -3.5527137e-15 0 3.5527137e-15 -3.5527137e-15 0 0.013065281 0.011242688 0 0 0 15.017166 0.076249482 0 4.2831293 0 0 0 0 0 0 0 0 -3.5527137e-15 0.029330764 0.035634058 3.5527137e-15 0.032991197 
0 3.5527137e-15 -3.5527137e-15 0 0 0 0 0 0 0 0 0 29.120099 3.5527137e-15 0 0 0 3.5527137e-15 3.5527137e-15 3.5527137e-15 0.055477063 7.1054274e-15 0 0.027139221 0 0 0.46127782 58.992212 43.631474 850.58148 -3.5527137e-15 -3.5527137e-15 0.03195078 0 0 0 0 0 7.1054274e-15 0 0 0 0 0.032152322 
-7.1054274e-15 0.0008374938 0 0 0 0 0.021802291 3.5527137e-15 3.5527137e-15 0 0 0 11.061504 0 0 0 0.014251677 0 -1.7763568e-15 0 0.070768624 0.055799534 0.056869844 0.66036924 0.015331236 0.66689688 0.27834191 213.35432 0.013110188 0.029189625 0 0 3.5527137e-15 0 0 0 0 0 0.056221194 0.044780793 0.021557758 0.058071085 0.052968847 0.020078415 
0.018470935 0.021319108 0 0 0 0 0.046545597 3.5527137e-15 0.0036545113 0 3.5527137e-15 0 0 0 -7.1054274e-15 0 0.013304396 -3.5527137e-15 -3.5527137e-15 0.0095185135 0.022149215 102.37487 409.87373 1672.2757 0.631394 0.17991819 0 0.032149014 0.03968241 0.06040247 0 0 0 0 0 0 0 -3.5527137e-15 0.057090084 0.030672868 0.03276321 0.11112277 0.12084291 0.05366535 
0.089139149 0.0092562601 0 0.055642671 0.054482874 -3.5527137e-15 0 0.040967168 -3.5527137e-15 0 0.0086404346 0 0 0 7.1054274e-15 0.038904973 0.029534684 0 0 7.1054274e-15 0.11088362 197.9717 310.06279 0.053717347 0.0038023132 0.022504547 0.0046770447 0.014975859 0.051018114 0.0044204223 0 0 0 0 0 0.0096362479 0 3.5527137e-15 2.220446e-15 0.038583642 0.090207175 0.0528189 0.14449268 0.082550332 
0.046037464 0.074805522 0 0 0.032906915 0 0.021831509 0.018578601 0.0073787668 7.1054274e-15 0 -3.5527137e-15 0 81.342574 0 0.0047916413 0.050054231 0 0 11.108137 -3.5527137e-15 0.066266471 0.055485695 0.030272738 0.044911434 0.0063541623 -3.5527137e-15 0 0.0080806788 0.0038507315 0 0 0 0 0.0063631056 0 0.061148589 0 0 0 0.015191615 0.078050351 3.5527137e-15 0.12617912 
0.043493678 3.5527137e-15 0.013122592 0.030300825 0.027856404 0.051711244 0.15969865 0.15126492 0.095604111 0.088029413 0.037009397 0.02272936 0 0 0 0.037744628 0.1067793 0.022727809 14.390519 0.018894135 17.793518 0.016554257 0.039191777 0.023685228 0.028234099 0.056460856 0.037191239 0.026204491 0 -3.5527137e-15 0 0 0 0 0.06467875 0.0069793049 0 0 0 0 0.043761601 0.049000165 0.062195131 0.033623985 
0.047684106 0.012188683 0 0.0096323262 0.036288353 0.044099298 0.17789684 0.13431344 0.091020567 0.11150192 0.010602675 0 0 0 0 0 0.048609318 0.046751926 628.46691 186.08235 3.5527137e-15 0.034301617 -3.5527137e-15 0.023409666 0.016169236 0.059926414 0.010168008 -7.1054274e-15 3.5527137e-15 0 0 0 0 -7.1054274e-15 0.036116328 0.080434455 0.071507873 3.5527137e-15 0 0 0 0 15.502146 55.06041 
29.221836 62.474092 81.339124 0.4309432 0.071321561 0.12793625 0.058611108 0.3059466 0.10495163 0.033171546 0 0 0 0 3.5527137e-15 0.013024928 0.06720971 138.44158 744.57102 0 -7.1054274e-15 -3.5527137e-15 -3.5527137e-15 3.5527137e-15 0 0 0 0 0 0 0 0 0 0.02795492 0.025080551 0.01830966 0.15409268 0.21933787 0 0 0 0 0 0.094596528 
0 224.6003 0.085570416 228.15264 0.31628351 79.120253 827.80234 0 0.1091666 0.058338171 0 -3.5527137e-15 0 0 0.046395287 0.039172375 53.591004 150.78242 0 0.054676664 0.11729923 0 0.052854 0.04339704 0.069734055 0.017845359 3.5527137e-15 0 0 0 0 0 0 0 0 0 0.0077613922 0.21173422 0.36730321 0 0.044240652 0 0 12.787991 
0 0.02783512 4.685565 88.575439 0.16485685 -3.5527137e-15 0 332.41919 35.883131 0 0 0 0 0 0 29.508067 213.491 0.18334358 0.15123259 0 0.11121964 33.024223 0.043883932 0.024318319 0.01253165 3.5527137e-15 7.1054274e-15 0 0 0 0 0 0 0 0 0 0 0.075029516 0.54976984 0.43842036 0.57066248 0 3.5527137e-15 0 
0 3.5527137e-15 5.0010448 64.086094 0.1526473 -5.5511151e-17 0.68825477 0.032401506 345.94832 0.032141303 0 0.02196832 0 -3.5527137e-15 -3.5527137e-15 131.23836 26.581901 0.054306514 0.27067912 0.18140876 0.094326736 0.25233571 0.12120399 0.098000433 0 0 0 0 0.0013211965 0 0 0 0 0 0 0 0 0 0 0.62245973 0.47334887 0.31667913 0.23981988 0 
0 3.5527137e-15 137.23175 772.98765 0.022784529 -1.110223e-16 8.8817842e-16 0.047368545 158.34238 176.87277 0 0 0.015222525 59.959322 0 147.01579 121.00616 0.27691368 536.89827 0.12567517 0.077660398 0.062409829 0 0 3.5527137e-15 0 -3.5527137e-15 0 0 -3.5527137e-15 -3.5527137e-15 3.5527137e-15 -3.5527137e-15 0 0.027322604 0 0 0 0.018799383 0.033656456 0.023102351 0.59509479 1.1619933 0.4981629 
0 0 0.16076756 0.054929215 7.1054274e-15 0 0.044411918 0.043005745 0.021982676 70.947851 19.79657 0 427.64143 0 4.7658996 0.24367484 7.4422887 137.96238 918.98839 0.57195228 0.016586396 0 0 0 -3.5527137e-15 0.033509346 0 0 0 3.5527137e-15 -3.5527137e-15 100.74416 62.915498 0.031464749 0.020221556 0 0.029471444 0.0019611263 0 0 0 0.020534781 1.0954834 0.89516311 
0 0.070566542 0.047024161 0.0052460295 -1.4210855e-14 0 0.02025903 0.0026055108 0.04324779 0.014630434 369.41483 0 337.6429 46.082803 0.028448605 0.025146023 0.01048804 0.046872462 0.47231261 0.23605238 0.092168622 -7.1054274e-15 0 0.040182666 0 0 0 0 0 0 52.829501 0 0 0.066048545 0.040191521 0.233412 -3.5527137e-15 0.012834062 0.018560921 0 0 0 0 0.14200289 
0 0 -3.5527137e-15 0.034724187 7.1054274e-15 0 0.031279337 0.033494504 0.0011041598 0.038685493 62.984233 1129.3111 0.15581038 0.10632699 0.088929999 0.030804969 0.0056964519 0.022030736 0 0.055367431 0.2518201 44.131078 0.078606213 -3.5527137e-15 0 0 0.015597279 1.7763568e-15 0 100.37721 0 0 0 0 0.031305247 0.084100506 0.077336522 0.095556641 0.029882304 0.032519378 0 0 0 0 
0 0.025737762 7.1054274e-15 0 0 0 0 0 0 0.0014569085 0.33126512 0.33122823 0.079694882 0.07014399 0.047170982 0.11084285 0.015022681 0 0.024508515 -3.5527137e-15 0.15626619 0.04674282 0.022352114 0 44.886801 54.278157 84.142079 113.47974 73.943966 0 0 0 0 0 0 0.10325845 0.016226476 0.13478579 0.31221244 0.53137452 0 0 3.5527137e-15 0.021128747 
75.19904 -3.5527137e-15 0 3.5527137e-15 0 0 0 0 0.003552288 0 0.19431682 0.14717127 0.027801453 0.025959054 0.0020275719 0.0077151146 0.018774718 0.033774685 3.5527137e-15 -3.5527137e-15 0 0 0 0 0 0 0 0 0 0 0 0 0 0 0.023296548 0 0.036069671 0.05510929 0.12203774 0.070844143 0.841961 0 0 0 
0 0.030895513 -3.5527137e-15 0 0 0 0 0 0 0 0.12998488 0.21915699 0.044143738 0.035807107 0 0.0020571074 0.019865009 0.019963904 0 0 0 0 0 0 0 0 0 0 0 0 0.0021769008 0 0 0 0 0 3.5527137e-15 0 0.035156007 0.081601216 0.30321551 79.749631 1037.9277 180.03356 
0 3.5527137e-15 3.5527137e-15 0 0 0 0 0 0.030296809 0 0 0.098563095 0.13119099 0 0.011579337 3.5527137e-15 0.0015768691 0 0 0 0 0 0 0 0 0 0 0 0 0 0 3.5527137e-15 0 0 0 0 0 -3.5527137e-15 0 0 0 266.43426 0 0 
0 0 0 0 0 0.0010366953 0.013717221 -3.5527137e-15 0.015192741 134.96442 41.791416 0.03017248 0.088024094 0.039669599 0.06605305 0 0 0 0 0 0 0 0 0 0 0 0 0 7.1054274e-15 0 0.052023041 0 0 0 0 0 0 0 7.1054274e-15 0 -1.7763568e-15 56.268712 0 0 
0 0 0 0 3.5527137e-15 -1.0658141e-14 0.040965233 0.09025243 224.64534 141.02007 0.051607521 0.047849331 0.033783215 0.0484459 0.018639755 0 0 0 0 0 0 0 27.083796 0 0 0 0 0 0 -7.1054274e-15 0.041448305 0.06098509 0.022183272 -3.5527137e-15 0 0 0 -3.5527137e-15 0 0.031613152 0.047486897 127.35541 0 0 
0 0.0057271099 0 0 0 0.0091539822 0.0060098256 1015.3907 314.4725 0.032755201 0.0069947976 0.014421319 0 -3.5527137e-15 0.010957948 0 0 0 0 0 0 0 0 0 0 0 0 0 0 0.030926129 0.089121329 0.019177947 0.027802427 0.00011795771 -7.1054274e-15 0 0 0.014237411 0 0 3.5527137e-15 -8.8817842e-16 0 152.39248 
0 0 0 0 0 0 8.7420481 -5.3290705e-15 593.886 0.054095174 0.021612302 0.027443001 0 0 0 0 0 0 0 0 -3.5527137e-15 0 -3.5527137e-15 -7.1054274e-15 0 0 0 0 0 0 0.032633512 0.035229082 0.055709561 0.011992638 0 0 0 0 0.062957635 0.043231358 -3.5527137e-15 0.026611693 0.030770445 152.02088 
0 0 0 3.5527137e-15 0 3.8982167 0.054128825 1.4934728 0.022143794 3.5527137e-15 1.0658141e-14 0 0 0 0 0 0 0 0 0 -3.5527137e-15 3.5527137e-15 7.1054274e-15 0 0 0 0 0 0 0 0.05448566 0.23701578 0.069656692 0.023633047 -7.1054274e-15 0 0 0 -3.5527137e-15 0 0.10812602 0.046454416 253.96659 0 
0 0 0.026159608 0.0083423085 8.8257723 0.11336097 8.0384373 3.5527137e-15 0 0 0 0 0 0 0 0 0 0 -7.1054274e-15 -3.5527137e-15 0.018099994 0.030109433 0.059201725 0.031032115 0.058245827 0 0 0 0 0.032987827 0.010477339 0.022932766 38.244965 0.030123206 0 0.014137407 3.5527137e-15 0 0 0 0 0.045690092 85.104179 0 
0 0 0 0.097723974 0.011107347 18.18453 0 3.5527137e-15 3.5527137e-15 0 0 0 0 0 0.039571635 7.1054274e-15 0 0 0 0 3.5527137e-15 0.11670532 0.0079825995 0.11991197 0.048850717 0 0 24.100088 0 0 0 6.5043227 1312.8191 281.12883 0 0.035862693 0 3.5527137e-15 0 0 0.1451305 0 66.641618 0 
0 0 -3.5527137e-15 3.5527137e-15 7.1054274e-15 0 3.5527137e-15 0 0 0 0 0 0 0.060345339 0.036996592 -3.5527137e-15 0 0 0 0 0.055846228 -3.5527137e-15 0.1448413 0.1644027 0 3.5527137e-15 0 0 0 0 0 0 0 211.99654 0.030599498 0.03735088 0 3.5527137e-15 8.8817842e-16 0 0.022223094 0.030149615 50.58719 0 
0 0 -3.5527137e-15 3.5527137e-15 0 0 0 0 0 0 -3.5527137e-15 0.036937307 0 0.045718323 0.091657886 -7.1054274e-15 0.019956839 0 0 0 0 7.1054274e-15 0.14074433 0.20124083 3.5527137e-15 0 0 0 0 0 0 -3.5527137e-15 11.725535 98.384696 39.762336 46.939596 103.7549 0 -3.5527137e-15 0.030311992 3.5527137e-15 0.024372186 25.197736 0 
0 0 0 0 0 0 0 0 0 0 0 0 0 -3.5527137e-15 77.494311 376.62926 0 0 0 37.561324 0 -3.5527137e-15 103.17787 1154.6605 7.1054274e-15 -3.5527137e-15 0 0 0 0 0 0 0 32.833039 0 0 0 48.247993 0.12276302 -3.5527137e-15 0.030071808 0 77.891921 0 
