var/www/cgi-bin/BAERTOOLS/ravel/working/ravel-13116.DEM
NCOLS 92
NROWS 84
XLLCORNER 451988.49
YLLCORNER 3764865.4
CELLSIZE 10
NODATA_VALUE -9999
[rows 56 to 83 of 84, columns 0 to 62 of 92]
249.7647 249.8341 249.8635 249.8612 249.8578 249.8744 250.0424 250.1278 250.2134 250.299 250.3843 250.4699 250.6428 250.6611 250.7114 250.7609 250.78 250.8696 250.9614 251.0248 251.0739 251.0258 250.9601 250.9493 250.8588 250.796 250.7576 250.7368 250.6201 250.4553 250.2027 250.0857 250.0131 249.8894 249.7315 249.6467 249.4762 249.3241 249.1945 249.1189 249.0325 248.9463 248.7685 248.7458 248.7086 248.6196 248.5378 248.4637 248.4589 248.3958 248.351 248.3246 248.2647 248.1837 248.097 248.0226 247.9061 247.6711 247.317 247.0267 247.0175 247.1039 247.393
249.7611 249.7636 249.7581 249.8016 249.86 249.8731 250.0421 250.1273 250.2128 250.2985 250.3839 250.4693 250.6407 250.7316 250.7608 250.7975 250.8596 250.8711 251.0474 251.0024 250.9581 250.9641 250.9381 250.8627 250.7814 250.7577 250.7145 250.6227 250.5105 250.3519 250.0987 249.9841 249.9067 249.7815 249.6296 249.5457 249.2929 249.1802 249.0982 249.0041 248.9207 248.8431 248.6754 248.6493 248.599 248.5431 248.5334 248.456 248.3715 248.3429 248.311 248.2472 248.2647 248.1837 248.097 248.0226 247.9061 247.672 247.3065 246.9088 246.8395 246.9386 247.3206
249.7419 249.7627 249.759 249.7996 249.8598 249.8728 250.0414 250.1269 250.2124 250.2979 250.3833 250.4689 250.6401 250.731 250.7608 250.7963 250.8615 250.8747 250.9623 250.961 250.9658 250.9232 250.8574 250.8462 250.7559 250.6972 250.6055 250.4783 250.3262 250.2284 249.9677 249.8887 249.748 249.6021 249.5215 249.427 249.1564 249.0797 248.9467 248.7955 248.7359 248.7338 248.6471 248.5946 248.4904 248.4384 248.5334 248.4465 248.3715 248.3429 248.311 248.2472 248.2465 248.1805 248.0963 248.0034 247.8873 247.6867 247.3142 246.7203 246.7183 246.7815 247.1272
249.6652 249.6549 249.7064 249.8048 249.8609 249.8705 250.041 250.1262 250.2119 250.2975 250.3828 250.4684 250.6395 250.7305 250.761 250.7896 250.8862 250.9577 250.9565 250.9608 250.9078 250.8549 250.8348 250.7608 250.6789 250.5869 250.4464 250.3067 250.2007 250.0407 249.8675 249.7164 249.5894 249.4731 249.3157 249.2215 248.9885 248.8698 248.7935 248.7061 248.6401 248.7338 248.6471 248.5946 248.4904 248.4384 248.4236 248.3364 248.2664 248.2285 248.2452 248.2233 248.1524 248.1439 248.0864 247.9403 247.8214 247.7254 247.3709 246.5995 246.6133 246.6048 246.9396
249.5602 249.6266 249.6594 249.6898 249.7814 249.8666 250.0397 250.1261 250.2113 250.2969 250.3824 250.4678 250.639 250.7303 250.7649 250.7943 250.8824 250.9546 250.8817 250.8589 250.8607 250.8208 250.7558 250.7449 250.566 250.4146 250.2887 250.1715 250.016 249.9277 249.6869 249.572 249.4422 249.301 249.1953 249.0352 248.9885 248.8698 248.7935 248.7061 248.6401 248.633 248.5248 248.4802 248.3907 248.336 248.3225 248.2333 248.1804 248.1379 248.1329 248.1328 248.1121 248.0375 247.9666 247.895 247.8353 247.7357 247.3753 246.4668 246.4462 246.4073 246.7036
249.5371 249.5576 249.6019 249.6999 249.7572 249.7639 250.0135 250.1248 250.2076 250.2969 250.382 250.4674 250.6382 250.7237 250.8141 250.8653 250.8616 250.8613 250.8514 250.8562 250.8058 250.7541 250.7318 250.6307 250.385 250.2716 250.1406 250.0002 249.8942 249.7338 249.5537 249.572 249.4422 249.301 249.1953 249.0352 248.8469 248.7627 248.6853 248.6067 248.5339 248.4516 248.3555 248.3178 248.282 248.2277 248.2005 248.1296 248.1444 248.0818 248.0307 247.9994 247.933 247.9522 247.8564 247.8311 247.8169 247.7825 247.4722 246.2673 246.3303 246.2969 246.4411
249.4281 249.5265 249.5533 249.5795 249.6723 249.7613 249.9336 250.0133 250.1527 250.2928 250.3743 250.467 250.638 250.7293 250.7604 250.7859 250.852 250.8521 250.7809 250.7589 250.7605 250.7206 250.5919 250.4334 250.2581 250.2716 250.1406 250.0002 249.8942 249.7338 249.5537 249.4013 249.273 249.1608 248.9987 248.912 248.6532 248.565 248.5189 248.4972 248.4191 248.3114 248.2629 248.167 248.1256 248.1036 248.0227 248.0304 248.0372 247.9768 247.9258 247.913 247.8532 247.8271 247.7621 247.7223 247.7469 247.7565 247.4023 246.1458 246.1927 246.1745 246.256
249.3245 249.4196 249.4522 249.486 249.5773 249.6605 249.9081 250.0199 250.1016 250.1842 250.2935 250.4524 250.6351 250.7301 250.7629 250.7611 250.7611 250.7613 250.7491 250.7428 250.7605 250.7206 250.5919 250.4334 250.2581 250.0977 249.9722 249.8593 249.6986 249.6102 249.3376 249.1931 249.0624 248.958 248.8085 248.7049 248.5392 248.4684 248.3853 248.3179 248.2993 248.1387 248.1081 248.0621 248.03 248.0038 247.9278 247.9285 247.9119 247.8578 247.8237 247.8263 247.7949 247.7324 247.6434 247.5731 247.5739 247.4126 246.8509 245.9939 246.0115 246.0004 246.0653
249.2136 249.2993 249.388 249.4764 249.5601 249.6468 249.8223 249.8977 250.0421 250.19 250.2668 250.3427 250.5975 250.7219 250.7531 250.7611 250.7611 250.7613 250.7491 250.7428 250.6924 250.5634 250.4097 250.3181 250.0695 249.8971 249.7756 249.6554 249.5103 249.4015 249.1397 249.0027 248.8675 248.7795 248.684 248.5308 248.3492 248.3145 248.2686 248.1776 248.1202 248.0449 247.949 247.915 247.9346 247.9042 247.8254 247.8311 247.752 247.7162 247.7204 247.6771 247.6201 247.5736 247.4554 247.3242 247.1637 246.8443 246.3722 245.9117 245.9231 245.9128 245.9685
249.0257 249.0803 249.1719 249.257 249.3372 249.4328 249.7021 249.7798 249.9187 250.19 250.2668 250.3427 250.5975 250.7219 250.7531 250.7455 250.7454 250.7483 250.6704 250.5734 250.4729 250.3829 250.2861 250.13 249.8745 249.7631 249.6204 249.4755 249.3785 249.2095 248.9597 248.8478 248.7193 248.5615 248.4838 248.3198 248.2318 248.1372 248.0563 248.0148 247.9865 247.8981 247.8474 247.8256 247.8179 247.7741 247.7274 247.7012 247.6477 247.6105 247.5497 247.4744 247.442 247.2605 247.1556 247.0149 246.7715 246.4414 246.1461 245.7899 245.7695 245.7687 245.7996
248.8325 248.8902 248.9731 249.0474 249.3372 249.4328 249.7021 249.7798 249.9187 250.0614 250.1436 250.2404 250.4749 250.59 250.6334 250.6388 250.6324 250.6171 250.5456 250.4602 250.3315 250.1829 250.0887 250.0037 249.7428 249.5924 249.4029 249.2672 249.1669 249.002 248.7514 248.6349 248.5249 248.3821 248.2752 248.1027 248.0408 247.9626 247.9065 247.8735 247.8168 247.7312 247.6937 247.6902 247.6625 247.6063 247.5877 247.4976 247.4827 247.4384 247.3403 247.2527 247.1615 246.9592 246.8279 246.6525 246.4171 246.1712 245.9458 245.6077 245.6052 245.6011 245.6341
248.8325 248.8902 248.9731 249.0474 249.1379 249.2327 249.4802 249.5917 249.7117 249.8479 249.9639 250.1176 250.2831 250.3642 250.4613 250.5249 250.4982 250.429 250.3314 250.2406 250.1643 250.0553 249.9018 249.7964 249.5569 249.3945 249.2344 249.0827 248.9657 248.825 248.5713 248.4419 248.3535 248.2503 248.1067 247.9338 247.9014 247.8392 247.7551 247.7097 247.6769 247.5887 247.5335 247.5116 247.5072 247.4659 247.4121 247.3264 247.2916 247.2244 247.1309 247.046 246.9674 246.7112 246.5854 246.3851 246.1203 245.9219 245.7455 245.5062 245.5197 245.5115 245.5477
248.7375 248.8015 248.8339 248.8496 248.9625 249.1182 249.372 249.4942 249.5731 249.6861 249.8324 249.9079 250.0755 250.1616 250.2387 250.2853 250.3042 250.3012 250.1208 250.0359 249.9501 249.8708 249.7754 249.625 249.3682 249.2538 249.1159 248.9414 248.8049 248.5167 248.4212 248.277 248.1327 248.0591 247.979 247.8029 247.7081 247.6362 247.6006 247.5624 247.5155 247.4329 247.4114 247.4014 247.353 247.3054 247.2684 247.1829 247.1024 247.0373 246.9857 246.889 246.7579 246.5096 246.3132 246.0829 245.8883 245.7226 245.5425 245.3518 245.36 245.352 245.3869
248.63 248.6841 248.7218 248.7622 248.8467 248.9372 249.1779 249.33 249.4686 249.5295 249.5948 249.7014 249.8723 249.9647 249.9919 250.0174 250.1012 250.0898 249.9444 249.8468 249.7419 249.6597 249.5781 249.4954 249.2341 249.0769 248.9076 248.7849 248.6608 248.3416 248.2204 248.0895 247.9564 247.8465 247.7607 247.6214 247.5388 247.515 247.4772 247.4083 247.4124 247.3258 247.3231 247.2661 247.1905 247.1559 247.105 247.0268 246.9428 246.8918 246.8237 246.6865 246.5481 246.2466 246.0536 245.8537 245.6824 245.5255 245.3954 245.201 245.2059 245.1954 245.2269
248.5064 248.5258 248.566 248.6661 248.746 248.8091 248.9692 249.0814 249.207 249.2713 249.3138 249.4625 249.6382 249.7273 249.7782 249.8122 249.8705 249.885 249.77 249.6895 249.5608 249.4556 249.3642 249.2521 249.0364 248.8896 248.7646 248.6418 248.4912 248.2016 248.0674 247.9418 247.8097 247.6821 247.5957 247.5143 247.449 247.4156 247.3783 247.3151 247.3016 247.2099 247.1867 247.1434 247.0708 247.0088 247.0067 246.8683 246.8406 246.7478 246.6052 246.4771 246.3466 245.9993 245.8216 245.6826 245.5449 245.3808 245.2384 245.0373 245.0886 245.1109 245.1414
248.4054 248.4285 248.4697 248.5572 248.6066 248.6249 248.7665 248.7898 248.8754 249.0195 249.106 249.1831 249.3207 249.4036 249.498 249.5475 249.5569 249.6468 249.5145 249.4657 249.39 249.2567 249.1493 248.8771 248.8058 248.7031 248.5877 248.4844 248.3575 248.0404 247.9195 247.7824 247.668 247.5913 247.5024 247.4137 247.347 247.3134 247.2765 247.2126 247.2007 247.1115 247.0416 247.0072 246.9792 246.8973 246.8562 246.7343 246.6873 246.561 246.4168 246.3238 246.1454 245.7921 245.6577 245.5418 245.3876 245.2228 245.0942 244.8876 244.9265 244.9391 244.9686
248.3046 248.3288 248.3777 248.4162 248.4043 248.489 248.5852 248.6847 248.7523 248.8117 248.898 248.9457 249.0035 249.1132 249.2192 249.2882 249.3131 249.3408 249.3406 249.1856 249.0807 249.0235 248.9575 248.7251 248.6152 248.4685 248.3916 248.3256 248.1481 247.8957 247.7569 247.6537 247.5757 247.4897 247.3998 247.3101 247.2456 247.2112 247.1749 247.1106 247.0988 247.0091 246.9444 246.9084 246.8802 246.7845 246.7008 246.5764 246.4867 246.3829 246.2565 246.1063 245.932 245.6385 245.513 245.3463 245.1935 245.0776 244.9357 244.8041 244.8082 244.795 244.8203
248.176 248.1896 248.242 248.2685 248.2267 248.3144 248.5002 248.5659 248.5969 248.6342 248.6803 248.6705 248.7186 248.9094 249.0518 249.0959 249.1248 249.0784 249.118 248.9828 248.8405 248.7445 248.7229 248.645 248.4732 248.3493 248.281 248.1636 247.9927 247.7338 247.64 247.5603 247.4712 247.3786 247.3002 247.2226 247.1357 247.1054 247.0737 247.0085 246.9969 246.907 246.8422 246.8102 246.7833 246.6861 246.5991 246.4291 246.35 246.232 246.0999 245.9722 245.7979 245.4764 245.3569 245.2074 245.0429 244.9145 244.7963 244.6254 244.6287 244.6548 244.7261
248.0169 248.0058 248.06 248.1193 248.1344 248.2214 248.3695 248.3943 248.465 248.5152 248.467 248.4673 248.6141 248.7849 248.9096 248.9157 248.9012 248.8727 248.8752 248.8304 248.6866 248.5333 248.5014 248.4843 248.3652 248.2579 248.1567 248.0276 247.8871 247.6173 247.5375 247.4468 247.3869 247.3399 247.2605 247.1293 247.0757 247.0389 246.9677 246.9061 246.8951 246.805 246.7452 246.6704 246.6348 246.5942 246.5084 246.281 246.1759 246.0807 245.9549 245.8 245.6344 245.3465 245.2385 245.116 244.9344 244.7663 244.625 244.4877 244.4872 244.5322 244.623
247.9101 247.9178 247.944 247.9895 248.0347 248.1212 248.1972 248.2728 248.3562 248.3568 248.3088 248.3553 248.6012 248.6424 248.71 248.7847 248.7599 248.6037 248.6516 248.6233 248.4884 248.4042 248.3969 248.2586 248.232 248.1715 248.0301 247.8781 247.7929 247.5806 247.4973 247.4082 247.3439 247.2917 247.2036 247.0161 247.006 246.966 246.8599 246.7975 246.7929 246.7029 246.6463 246.549 246.4771 246.4197 246.3336 246.1304 246.0371 245.9229 245.791 245.6568 245.4902 245.2434 245.135 245.0111 244.8267 244.6537 244.4926 244.3903 244.3887 244.4221 244.5339
247.7931 247.8272 247.8062 247.8368 247.9263 247.9718 248.0881 248.1534 248.1884 248.2059 248.2283 248.3137 248.4719 248.5147 248.5253 248.561 248.5502 248.4674 248.4117 248.4016 248.3678 248.309 248.2988 248.1203 248.0653 248.0434 247.9408 247.7785 247.6971 247.531 247.4451 247.3599 247.2686 247.1745 247.0872 246.9698 246.9303 246.8471 246.7806 246.7553 246.6926 246.5985 246.5448 246.4522 246.3653 246.2769 246.191 246.0224 245.945 245.7995 245.6521 245.5769 245.4608 245.1992 245.0603 244.9345 244.8139 244.613 244.3892 244.2882 244.281 244.3492 244.5194
247.6543 247.7007 247.7111 247.7432 247.811 247.814 247.9558 247.9832 248.0559 248.1175 248.1268 248.2042 248.3531 248.4276 248.4066 248.4024 248.4081 248.3247 248.2573 248.2896 248.2777 248.2064 248.1967 248.0191 247.9252 247.8676 247.7893 247.6725 247.5877 247.4165 247.3307 247.2399 247.1832 247.1466 247.0582 246.9187 246.8311 246.7755 246.7491 246.6816 246.5993 246.5176 246.4383 246.3504 246.2645 246.1787 246.0928 245.9211 245.8371 245.7422 245.6098 245.4681 245.3844 245.1359 245.0118 244.8826 244.7546 244.6181 244.371 244.1813 244.1714 244.2899 244.5208
247.498 247.5651 247.6139 247.6402 247.7118 247.715 247.7884 247.8635 247.9341 247.9692 248.024 248.1083 248.2065 248.2929 248.3109 248.3101 248.3001 248.2045 248.2035 248.1729 248.1184 248.1017 248.0925 247.9701 247.903 247.8106 247.7249 247.6429 247.5573 247.3866 247.3013 247.2131 247.1434 247.0845 246.9964 246.8101 246.773 246.7403 246.6687 246.572 246.4927 246.4262 246.334 246.2486 246.1627 246.0768 245.9909 245.8192 245.7331 245.6502 245.5558 245.4542 245.3608 245.0866 245.009 244.8737 244.7385 244.6103 244.3056 244.0772 244.0616 244.2286 244.5221
247.4444 247.4931 247.5072 247.5373 247.6113 247.6091 247.6714 247.7717 247.8059 247.8242 247.9213 248.0069 248.065 248.1644 248.2089 248.2016 248.1976 248.161 248.1629 248.106 248.0598 248.048 247.9934 247.914 247.8335 247.7457 247.6597 247.5737 247.4878 247.3158 247.23 247.1441 247.0569 246.9655 246.8897 246.7921 246.7247 246.6523 246.5544 246.4813 246.4626 246.3196 246.2325 246.1466 246.0607 245.9748 245.889 245.711 245.6223 245.5367 245.4517 245.3646 245.2863 245.1168 245.005 244.8747 244.753 244.5869 244.1281 243.9796 243.9517 244.1594 244.5503
247.3851 247.4181 247.4011 247.4346 247.509 247.4977 247.568 247.6686 247.7062 247.7259 247.8185 247.9045 247.966 248.0593 248.1376 248.1476 248.1044 248.1635 248.1237 248.0777 248.0373 247.987 247.9511 247.8733 247.8054 247.7157 247.6306 247.5451 247.4596 247.289 247.2036 247.1182 247.0328 246.9462 246.8646 246.715 246.6238 246.5316 246.4764 246.4568 246.3905 246.2162 246.1306 246.0446 245.9586 245.8731 245.7847 245.6712 245.6153 245.5243 245.4362 245.3442 245.2609 245.0961 245.01 244.8813 244.7297 244.491 244.0099 243.8779 243.8418 244.0953 244.5556
247.2754 247.3137 247.2993 247.332 247.4045 247.4521 247.4891 247.5617 247.6007 247.6171 247.7158 247.7957 247.8549 247.945 248.044 248.0992 248.07 248.0971 248.0702 248.0623 248.0224 247.9612 247.9542 247.8049 247.7288 247.6407 247.5546 247.4688 247.3828 247.211 247.125 247.039 246.953 246.8673 246.7791 246.6716 246.612 246.5192 246.4433 246.3742 246.2865 246.1144 246.0284 245.9425 245.8568 245.7678 245.6892 245.6132 245.5299 245.4328 245.3737 245.3559 245.2707 245.0922 245.0112 244.8833 244.7302 244.4652 243.7723 243.7753 243.7324 244.0201 244.5838
247.1956 247.2074 247.1937 247.2231 247.3006 247.3879 247.3968 247.4465 247.5319 247.5702 247.6043 247.7537 247.8305 247.9226 247.985 247.9953 248.0015 248.0617 248.0611 248.063 248.0291 247.9427 247.8888 247.784 247.6947 247.6096 247.524 247.4386 247.3532 247.1824 247.0971 247.0116 246.9261 246.8407 246.7548 246.6013 246.5225 246.435 246.3486 246.2615 246.1764 246.0126 245.9263 245.8403 245.7549 245.6636 245.5815 245.5165 245.4185 245.3742 245.348 245.2685 245.1804 245.0725 245.021 244.8828 244.738 244.4614 243.6667 243.6724 243.6127 244.0168 244.6803
247.1094 247.097 247.1246 247.178 247.1973 247.2782 247.3488 247.3807 247.4367 247.5211 247.5669 247.669 247.7636 247.8596 247.8967 247.9038 247.9684 247.9867 248.0353 248.0645 248.0315 247.9352 247.8653 247.788 247.6978 247.6125 247.527 247.4415 247.3559 247.185 247.0991 247.018 246.9374 246.8513 246.7657 246.5937 246.5078 246.4224 246.3367 246.2546 246.1601 245.8974 245.8212 245.7389 245.6477 245.5792 245.5635 245.4089 245.3149 245.2816 245.2614 245.1653 245.0769 244.9719 244.985 244.9 244.7182 244.3498 243.5466 243.5801 243.5444 243.7191 244.1246
