var/www/cgi-bin/BAERTOOLS/ravel/working/ravel-5155.depgrd.txt
NCOLS 88
NROWS 114
XLLCORNER 772875.31
YLLCORNER 3877126.5
CELLSIZE 10
NODATA_VALUE -9999
[rows 56 to 83 of 114, columns 0 to 62 of 88]
0 128.53477 0.20458125 0.26558002 0.41812171 0 0 0.1980841 1.6644154 2.8898497 0.72232327 0.82199449 3.5527137e-15 0.65669709 0.15727758 0.04293903 0.01789571 0.58439558 0.6083109 0.33518276 0.21995859 0.47874802 0.43108015 0.46237458 0.03731489 0.302319 0.02810047 0.044825182 0.14853742 0.026981067 7.1054274e-15 0.10866467 0.049738794 0.076458445 0.087932946 0.12831759 0.49258054 0.59388811 0.055028922 0.040469674 0.09806446 0.11359057 0.044269336 0.015306557 0.0019407133 0.040223382 1.7763568e-15 0 0 211.68712 0.05415559 0 3.5527137e-15 0 0.037588005 0 -4.4408921e-16 -3.5527137e-15 0 0 0 0 0
0 0 116.16521 0 0 0.28012002 0.22719071 0.51722144 0.54606199 1.4209071 0.41679766 0.016541484 0.17512234 0.2511742 0.094146374 0.18344089 0.20677653 1.3943221 0.34096954 0.24153398 0.42214148 0.35877343 2.0223997 1.3365849 0.027986986 0.021264295 0.053153946 0.16648049 0.030883525 0.1350524 0.072057578 0.09208047 0.12702757 0.043944733 0.56722166 0.51421421 0.34468053 0 1.4988011e-15 -3.6082248e-16 0.034061153 7.1054274e-15 0.023432018 1.0658141e-14 0 0 0 0 0 0 168.69862 0.035723426 0 0.027922241 0 0 -3.5527137e-15 0 0 0 0 0 0
0 0 21.033662 0.40046542 0.22984108 0.37752745 0.4617316 2.4224029 0.29735619 1.8746748 0.020704444 0.46167207 0.39865439 0.22348146 0.043823346 0.15216553 0.33080494 0.41010805 0.32937872 1.5738945 0.77951102 0.40871355 0.20584438 0.14916805 0.15359677 0.051036418 0.14288719 0 0.11114489 0.15601178 0.071205779 0.13642591 0.17999376 0.36112664 0.4451022 -3.5527137e-15 -3.5527137e-15 0.047911951 0.080705842 0.029501628 0.15389779 0.046976355 -3.5527137e-15 0.014326318 0.048486838 0.016268051 0 0 0 0 45.261892 40.080709 3.5527137e-15 0.063539042 -7.1054274e-15 -3.5527137e-15 0 0 0 0 0 0 0
0 0 0 0.20150052 0.72811167 0.68214645 0.41332456 0.049250702 3.4569422 0.2919041 1.1689935 0.27422405 0.13392127 0.083690989 0.12706063 1.2112975 2.2311193 1.5756575 0.26319881 0.055939525 0.18914425 0.14726471 0.28084454 0.095643055 0.085739365 0.20211715 0.0031160096 0.099578496 0.13406941 0.033911012 0.078953213 1.1643106 0.76748256 0.63350728 0.043061613 0.043049014 0.050235764 0.065241239 0.060172371 0.01383948 0.054351566 0.078430878 0 0.062633664 0.010138134 0.020851365 0 0.028540469 0 0 0 57.433016 0.069348813 0.013228628 0.0062070646 0 0 0 -7.1054274e-15 0 0 0 0
0 0 0 0.58166428 0.6094769 0.94187914 0.85936665 0.11608771 1.947866 1.2310287 0.51789361 0.22771094 0.2069584 0.51171666 1.3099027 0.19463461 0.13923626 0.039476137 0.15220297 0.2990156 0.25203337 0.27728294 0.059288113 0.053429107 0.01235906 0 0.10460821 0.026711357 -3.5527137e-15 -3.5527137e-15 1.5392513 0.58717719 0.40747258 0.12164878 0.065924395 0.088186744 0.051518718 0.15409345 0.060462961 0.078456044 0.1072189 0.069955775 0.05479822 0.0088214524 3.5527137e-15 0.0069121845 0 0.016936736 0.012934372 0 0 123.73667 77.570484 0.031304078 7.1054274e-15 0.026982306 0.020581311 0 7.1054274e-15 0 0 0 0
0 3.5527137e-15 -3.5527137e-15 0.33929354 0.29358125 0.69956069 1.2045891 1.1593216 1.1110905 0.67908341 0.65045647 0.29477939 0.69362724 0.66321748 0.28909138 0.023526243 0.081305637 0.13829256 0.29470761 0.45325668 0.21320132 0.10612424 0.11028131 3.5527137e-15 0.082400143 0.088825998 0.060377181 0.057273478 0.097509294 0.88770461 0.56047129 0.15702401 0.19174581 0.049434692 0.096589204 0.23715328 0.13580846 0.054752981 0.051082853 0.045649971 0.035891441 0.046682716 0.061096497 0.011915277 0.009837635 0.025719112 0.031912527 0 0 0 0 0 152.95247 0.044203794 0.0087861451 0.0072676086 0.027836851 0.020530463 0 0 0 0 0
1.7763568e-15 0 0 0.30251821 0.65911379 0.50972175 1.0690774 1.7749872 3.2278617 0.55119214 0.2871006 0.25497376 0.46641914 0.33738748 0.18403956 0.097274518 0.12653711 1.4435318 0.3572393 0.27927207 0.097213542 0.047957282 0 0.25021344 -7.1054274e-15 0.15932871 0.063737593 0.057978589 0.47250719 1.3020367 1.180683 3.5527137e-15 -3.5527137e-15 0.21748914 0.17420725 0.14021161 0.053892077 0.11383838 0.070009517 0.10927135 0.049440104 0.045928021 0.060568631 0.0075153349 0.0037413807 0.064695577 0 0 0.009290705 0.034899829 0.10646778 0.047894565 -3.5527137e-15 0.026422225 0 0.0041796548 0.05323036 0.062202994 0.071543567 0.022490477 0 0 0
0 0 -3.5527137e-15 0.56221597 0.75742367 0 337.25679 3910.9233 0.66517295 0.48708176 0.34605405 0.2905801 2.8215305 0.12875345 0.27974381 0.57481331 3.7932062 0.340226 0.23813524 0.021670484 0.04919788 0.012154441 0.27002853 0.019146981 0.42369881 0.27443981 0.24142419 0.057361833 0.54393417 0.72497099 0.12859989 0.27387309 0.17604917 0.23688986 0.21819513 0.26455883 0.089749718 0.043804507 0.099070115 0.024953337 0.11043132 0.014317182 0.01548533 0.011059448 0.0057547222 0.040580772 0.051936465 0.076823945 0.097477145 0.17198917 0.062960742 0 0.048577881 1.7763568e-15 0.026994224 0.058507531 0.018399046 0.010959388 0.02621807 0 0 0 0
0 0 -3.5527137e-15 0.46898314 0 0.72279247 0 0 1793.501 0.20694954 0.17810976 2.8757494 0.39375017 0.33748641 0.36960992 0.81494307 0.21123284 0.23661703 0.36361361 0.27046715 0 0.19871445 0.050873207 0.26328889 0.18815106 0.1429014 7.1054274e-15 0.97577723 0.70798122 0.19469652 0.31705649 0.060488151 0.21593459 0.18079673 0.20614527 0.33885466 0.16441222 0.079565702 0.084627708 0.1017825 0.010384587 0.11997984 0.077883448 0.0085124292 0.036589398 0.15028369 0.096550725 0.15492925 0.13529982 0.070039444 0.0038142761 0.11641873 0.10565782 0.070395785 0.085317508 0.062034167 0.05575035 0.043100939 3.5527137e-15 -7.1054274e-15 0 0 0
-3.5527137e-15 0.073459701 0.010162535 0.40965998 1.731182 0 0 0 0 1558.0469 23.510939 3.8124727 0.57418932 1.5644541 0.71334175 0.21878378 0.50752308 0.43651336 0.25891554 0 0.14573773 0.084609012 0.166288 0.16618733 0.300933 0.3184913 0.53602724 0.61165041 0.25825166 0.077687899 0.19703972 0.16007593 0.24797946 0.20048628 0.2510678 0.29555525 0.065169621 0.12819235 0.057506783 0.062161128 0.13320723 0.083076803 0.099543308 0.17212939 0.073235434 0.10964685 0.28690151 0.073947374 0.043362472 0.014219631 0.14809932 0.10209263 0.12564622 0.15052655 0.063457162 0 0 0.012423778 0.075123253 0 0 0 0
-3.5527137e-15 0.0087003661 0.13738579 0.95466836 0.12163602 0 0 0 0 0.095354143 2.6395278 0.663175 2.3760215 0.40858648 0.42760323 0.6700269 0.32677965 0.37549538 0.00013447502 0.065069659 0.10544683 0.090344725 0.42240894 85.657032 0.41096057 0.51187423 0.76787683 0.25995926 0.31583846 0.42609963 0.27849111 0.34496584 0.18239363 0.29241541 0.28782117 0.23525797 0.12975178 0.020119989 0.031378182 0.14895094 0.0081826393 0.14049536 0.12373972 0.085333477 0.070670983 0.21444833 0.1486497 0.14615529 0.039491575 0.012239125 0.11402014 0.12187758 0.12728047 0.038556737 0.13049556 0 175.34687 0.043457357 0.038437107 0.020404896 0 0.015064415 0
0.080225923 0 0.073563378 0.069613435 1.2807272 0 0 0 0 1.0339584 3.6495908 3.2177657 0.68963323 0.45803777 0.53497884 0.38488463 0.15514693 0.00010228151 0.038998507 0.19112929 0.20521449 0.061228258 0.14406667 0.32568199 0.29099059 0.93338876 0.62004236 0.41407121 0.37906839 0.34897611 0.37167491 0.32909494 0.25575225 0.27850747 0.46028138 0.11161247 0.17771716 0.068312964 0.08990747 0.082972904 0.066796441 0.369198 0.16509686 0.17324467 0.13410192 0.36426639 0.12714681 -5.3290705e-15 0.072734908 0.20325851 0.15518655 0.37706359 0.083620906 0.098450343 0.035701444 0.01053595 0.002314898 17.791134 0.031614567 0.023328276 0.014119615 0 0
0.042331611 0.080194287 0.070213305 2.1584212 -3.5527137e-15 3.5527137e-15 0 0 0 0.88232906 4.03412 0.76072942 0.48332725 0.57817763 0.29965551 0.10423765 0.27764716 0.175465 0.28187899 0.19592964 0.22328239 0.087461014 0.2887845 0.46040183 0.48786066 0.91598221 0.40294808 0.10689443 0.38383177 0.011494117 0.044032684 1.0415277 0.21896104 0.13665949 0.16107445 0.1915502 0.15970081 0.20867973 0.071625638 0.1090047 0.16124937 0.3731982 0.16904361 0.30598735 0.20610588 0.22022227 0.00054669718 0.13604614 0.36910958 0.15733718 0 0.11411372 0.10089695 0.080592904 0.031320887 0.027294247 0.012917206 0.0024951484 0.011608327 0.056231439 0.047894026 0.00012923531 0.00068826027
0 0.19890597 2.0080504 0.7838759 -3.5527137e-15 0 0 0 0 4.6075497 5.9462649 0.58775106 0.50678164 0.21106296 0.11427104 0.3624252 0.30204249 0 0.26482043 0.19539605 0.17766901 0.19624636 0.96522285 0.61936341 0.43037648 1.1401079 0.28465132 0.26843811 0 0.31705179 0.24178907 0.84319073 0.20364942 0.16131704 0.096676996 0.14705428 0.57569689 0.10917082 0.18036194 3.5527137e-15 0.17583015 0.15296036 0.2673392 0.15258246 0.17570571 0.20440884 0.19357811 0.45367913 0.27163664 0.071572368 1.0658141e-14 0.13203268 0.16242043 0.06146749 0.059913549 0.077529004 0.018928723 0 0.039473501 0.026307506 0.00049608963 0.0023923544 0.0044532275
0.11561419 2.0996575 2.0845306 0 -3.5527137e-15 0 0 0 0 0.88123659 2.7568706 1.6934654 0.1980419 0.12695877 0.241493 0.34361023 0.57117891 0.41113752 0.21336333 0.15482849 0.17763589 3.5004768 1.2378368 0.26199439 1.2170245 0.18132182 0.29709621 0 -3.5527137e-15 0.11981202 0.11425169 0.97890767 0.1702477 0.048144716 0.20909544 0.038055351 0.27221484 0.14042411 0.18665994 0 0.17477102 0.13772991 0.18935031 0.19571515 0.33691768 0.38782263 0.44703695 0.31573786 0.1643172 0.15629664 0.12308708 0.26109161 0.079711219 0.13917273 0.0040208004 0.076256244 0.052026313 0.029108438 0.0371447 0.10650107 0.0046166264 0.0043232419 0.017762557
0 0.85169669 0.84134399 -7.1054274e-15 0 0 0 0 3.5527137e-15 0 3.6611601 7.3214625 0.12152743 0.22232115 0.85671053 0.026830193 0 0.84881442 0.16400576 0.38683779 4.1938597 0.82584135 0.3000409 1.2077993 0.61736507 1.1570577 -7.1054274e-15 0.42207693 0.43174637 0.30392464 0.69565895 0.57126039 0.071128109 0.017560083 0.20669121 0.28487121 0.22216112 0.523202 0.48784645 0.028433568 0.17957806 0.48357019 0.70032137 0.1566032 0.21470118 0.24877014 0.13640206 0.1945332 0.19920389 0.23310103 0.13419667 0.11842759 0.1318319 0.2889373 0.10971875 0.097613436 0.065057183 0 0.00097767506 0.017347877 0.037586465 0.010548055 0.042480396
0.15465129 1.9526476 -3.5527137e-15 0.018374979 0 0 0 0 0 -7.1054274e-15 8.7724948 6.7461123 0.47684722 0.33490884 0.014367476 0.79327839 0.67323819 0.49718988 0.16094424 0.51135649 0.75879163 0.64847276 0.88451994 1.2773637 -7.1054274e-15 0.048784954 0.11214652 0.6465057 0.30189797 0.55158759 0.77426257 0.23091896 0.22496061 0.16754416 0.19946058 0.17043618 0.24349129 0.31667207 0.27251051 0.24536398 0.71500604 0.89472421 0.29164208 0.11181674 0.088235885 0.35726204 0.1629834 0.15689843 0.21387223 0.19510301 0.092395703 0 277.54467 32.976793 0.1257435 0.065528244 0.10108552 0.071394704 89.27179 13.632775 0.085556781 0.04726614 0.074928596
1.8772587 1.2725094 0.068979376 -3.5527137e-15 0.034279306 0 0 0 -3.5527137e-15 0 5.4744732 14.223225 0.3481218 -3.5527137e-15 0.66747277 0.28515748 0.29032946 0.41930361 0.62818609 0.66844078 0.88508854 1.2173039 1.2143672 7.1054274e-15 0.71076374 0.063248801 0.32622429 0.33939368 0.39687299 0.95929372 1.3672753 0.14870571 0.23955579 0.33090058 0.016682688 0.17974404 0.15684247 0.22144101 1.5059304 0.33472332 0.31711038 0.23001492 0.14663684 0.15758783 0.11768036 0.14680404 0.004539052 17.767937 212.52075 272.35353 0 0 0 142.01276 323.69236 0.065836581 0.092467791 139.63774 51.807104 159.15621 216.37154 0.18394829 0.15091476
2.7247488 3.5527137e-15 0.003986922 7.1054274e-15 3.5527137e-15 0 0 0 0.040724277 -3.5527137e-15 6.9332307 6.8194905 0.24624953 0.86274128 0.43353881 0.18894124 0.46753548 1.4570433 1.554166 1.5178109 0.87605526 1.0159661 0.65093229 0.031838736 0.37298222 0.2772814 0.40773732 3.1124833 8.3172002 5.7209807 2.8681234 2.4409365 1.590815 1.9994826 1.5699535 1.2751133 1.6234199 0.97956173 0.72626884 0.76563021 0.43185326 0.58364439 0.32617149 0.12572741 0.20682909 0.074927923 0 15.485077 0 0.67611312 0 0 0 0 164.23083 0.24442263 0 0 0 0 213.04448 0.08425016 0.066189192
1.0508085 0.083928756 -7.1054274e-15 0 -7.1054274e-15 0 0 0 0 0 3.2188224 4.6959752 -3.5527137e-15 0.82672586 0.40474548 0.10175936 3.8841014 0.35832205 0.65722136 0.19929422 3.5527137e-15 0 1.3002106 15.58683 4.0414927 6.1742312 11.925587 1.4376011 5.6508991 2.0017219 2.5784597 2.598233 1.3411335 1.5707191 1.2204417 1.084789 1.1713512 0.83731201 0.82186876 0.74888045 0.62646957 0.23647444 0.36159977 0.18459697 0 0 0 0 0 0 0 0 0 0 34.195088 0 0 0 0 0 143.59508 0.15284903 0
0.11336238 0.032709841 0.03606215 0.0084082134 0.040253844 0.017935675 0 0 0.03939441 1.0569455 4.4048831 12.042758 -7.1054274e-15 0.76871655 0.36221921 1.0486039 1.6827366 0.38521913 0.60548887 0.16066597 20.527012 7.2134436 5.2844659 5.9693624 1.5600878 3.4260571 0.65623328 0.049414997 0.03849649 0 0.001551327 0 0.014227981 0.0043307336 0.0069285222 0 0.084917625 0.043128856 -3.5527137e-15 0 0 -3.5527137e-15 0 0 22.934475 0 0 0 0 0 0 0 0 0 0 117.19022 0 0 0 0 0.10959666 8.0399819 0
226.90258 0.029147659 0 0.084407413 0.056830652 0 -3.5527137e-15 0 0.78228162 7.7246448 7.4291659 0.88304184 0.62730232 0.60650963 4.658384 28.41957 9.1631376 6.0718813 7.3830049 3.5419091 2.0144737 0.38897487 6.6311136 0.082873828 0.037864838 0.070578929 0.017133704 -7.1054274e-15 3.5527137e-15 0 0.010120473 0.042097435 0.099897665 -7.1054274e-15 -7.1054274e-15 0 0 0 0 3.5527137e-15 3.5527137e-15 0 9.9791353 -1.3322676e-15 0 0 0 0 0 0 0 0 0 0 0 13.275309 0 0 0 0 0 0 0
18.458845 0.045712018 0 0.061822854 0 0.023012678 0 0.01047171 11.485224 11.773532 13.247172 14.952624 6.5714428 12.192065 6.6399578 0.84840868 4.9952575 0.11504711 3.6573078 5.4095552 0.17295231 0.03629571 0.030118274 0.34802958 0.037760463 7.1054274e-15 -3.5527137e-15 -3.5527137e-15 0 3.5527137e-15 0 -3.5527137e-15 0 0 0 0 0 0 6.4796754 52.394362 0.17810665 0.045410684 0.023806665 7.1054274e-15 0 -3.5527137e-15 0 0 0 0 0 0 0 0 0 0 0 0 0 0 0 0 0
0.0176383 0.013147083 0.091365126 0.029930788 0.033847758 0.040831645 0.045150689 13.628065 10.210849 14.04375 28.853854 4.5121941 2.1182421 3.8751564 8.3300812 0.47153203 0.085807073 0.060451387 0.021846284 0.21579592 0.021131087 7.1054274e-15 0 0 -3.5527137e-15 0 0 0 0 0 0.042663834 0.041940533 0 0 0.026297181 0.0098602438 0.02817747 0.065416709 0.082921393 0.049217305 3.5527137e-15 0.047985492 0.11108799 0.047356201 0.053576738 3.5527137e-15 0 0 0 0 0 0 0 0 0 12.952753 -1.7763568e-15 0 0 0 0 0 0
1.7763568e-15 0.050362677 0.10435431 0 0.1424875 0.20348834 25.659467 36.802464 28.384378 14.249579 3.6642427 1.0527671 3.153684 14.55801 0.46021168 1.0658141e-14 0.12910595 0 0 -3.5527137e-15 0.038219452 0 7.1054274e-15 0 3.5527137e-15 0 2.031193 3.8813655 0.0093297584 0.10638787 3.5527137e-15 0.055515662 0.031189607 0.062235294 0.00098565455 0.0089995344 0.0038603634 0 0.07491045 0.067671595 0.031206699 0.008300101 3.5527137e-15 0 0.0069786427 0.028793208 7.1054274e-15 0 0 0 0 0 0 0 0 43.148746 8.8817842e-16 0 0 0 0 0 0
-3.5527137e-15 0.079538207 0.069652506 0.061771246 0.046591405 2873.9833 20421.263 14.494448 2.8198831 0.75290911 5.6348317 14.729424 6.3188797 0.11528446 0.23864321 0.26909423 0.11859297 7.1054274e-15 -3.5527137e-15 3.5527137e-15 3.5527137e-15 0 0 -3.5527137e-15 3.5527137e-15 0 11.366657 4.5699917 0.06841116 3.5527137e-15 0.029048201 0.007385872 0.0061667321 0 0.0040479797 0.010956682 0.095619646 0.08264549 0.027958899 0.025513551 0.027203958 0.014241205 0.013921004 0.041275754 0.01182262 3.5527137e-15 3.5527137e-15 0 0 0 0 0 0 0 0 0 100.83409 0 0 0 0 0 0
10.868008 0.094989597 0.20222373 0.042268802 0.1153207 0 10027.006 36.438185 0.07390428 0.061988 7.1054274e-15 1.0658141e-14 0.089834687 0.088899136 0.043364723 0.059797059 0.10180249 0.019911225 0 0.015373339 0.050367775 0.027113831 0 0 0 0 28.20742 0.00019925765 -3.5527137e-15 0.070067628 0.044950196 0.013462834 0.027276022 0.012844927 0.033126583 0.13745024 0.12792501 0.13861752 0.065641637 0.066755892 0.033415315 0.021610545 0.066170326 0.10177933 0.012586164 0 3.5527137e-15 0.026325553 0 0 0.014464715 0 0 0 0 0 59.235145 0 0 0 0 0 0
71.502104 0.075167515 0 0.055242934 0 140.63184 792.45029 137.9369 0.017051987 0.030938786 0.044366187 0.049340965 0.049917188 0.060012397 0.025660723 0.0555397 0.030442942 0 0 0.024435798 0.052784023 0.068364821 0.013909402 0 -3.5527137e-15 0 49.437974 31.344434 89.306898 69.253304 0 0.017376739 0.015967905 0.041009725 0.090214355 0.11047488 0.049471339 0.06246284 0.087214896 0.026570626 0.20878033 0.19042017 0.038014327 0.16227636 1.4210855e-14 -3.5527137e-15 7.1054274e-15 0 0 3.5527137e-15 0.0091654984 3.5527137e-15 0 0 0 0 52.902932 0 0 0 0 0 0
