var/www/cgi-bin/BAERTOOLS/ravel/working/ravel-26931.DEM
NCOLS 47
NROWS 172
XLLCORNER 276896.32
YLLCORNER 3833168.9
CELLSIZE 10
NODATA_VALUE -9999
[rows 114 to 151 of 172, columns 0 to 46 of 47]
1487.07 1484.924 1482.681 1478.506 1476.601 1475.367 1474.154 1472.784 1471.663 1472.938 1474.403 1475.697 1476.459 1476.178 1474.011 1474.153 1474.543 1475.55 1477.281 1480.099 1487.27 1489.765 1492.958 1497.21 1501.124 1501.803 1501.878 1502.146 1502.837 1503.587 1503.616 1502.89 1502.671 1503.206 1504.749 1506.755 1511.341 1513.825 1521.872 1523.746 1524.848 1526.415 1530.993 1533.4 1536.038 1538.461 1540.224
1485.811 1484.112 1480.934 1479.204 1477.115 1475.293 1474.178 1472.992 1470.751 1471.327 1472.722 1474.168 1474.835 1474.314 1473.02 1473.759 1475.202 1476.808 1479.454 1487.039 1488.823 1490.331 1493.964 1498.559 1500.439 1499.946 1499.454 1499.406 1499.795 1499.88 1499.804 1499.197 1499.028 1499.784 1501.268 1502.952 1507.013 1513.825 1516.372 1518.404 1519.668 1521.057 1525.354 1527.66 1530.351 1532.559 1533.686
1484.315 1483.285 1481.322 1479.97 1477.722 1475.52 1474.914 1474.511 1470.752 1470.081 1470.441 1471.071 1471.603 1471.422 1471.029 1473.33 1475.278 1477.393 1480.527 1487.937 1489.609 1491.233 1493.695 1495.964 1497.607 1497.587 1497.332 1497.283 1497.288 1496.879 1496.933 1496.409 1496.51 1497.261 1498.462 1499.48 1507.013 1509.231 1511.132 1512.78 1514.268 1515.784 1519.889 1522.623 1525.411 1527.608 1529.075
1484.626 1483.361 1481.504 1480.382 1478.281 1476.25 1476.24 1476.363 1472.019 1469.864 1469.249 1468.589 1466.841 1466.982 1469.08 1472.518 1474.936 1476.866 1479.57 1486.183 1488.14 1489.672 1490.838 1491.937 1493.61 1495.099 1494.873 1494.69 1494.555 1494.063 1493.895 1494.052 1494.171 1494.669 1498.462 1499.48 1502.575 1504.456 1506.35 1508.237 1509.632 1510.646 1514.775 1518.146 1521.053 1523.566 1525.174
1487.679 1484.822 1481.223 1480.303 1478.997 1477.671 1477.316 1477.158 1472.895 1470.201 1469.298 1467.84 1464.146 1464.59 1467.24 1470.754 1473.148 1474.863 1476.646 1483.361 1486.077 1487.162 1488.226 1489.366 1490.997 1493.01 1492.448 1491.578 1491.276 1490.972 1491.48 1491.668 1491.494 1494.669 1495.71 1496.68 1499.033 1500.322 1502.084 1504.242 1505.908 1508.671 1510.968 1513.626 1515.95 1518.039 1520.383
1489.027 1486.343 1480.638 1479.59 1478.881 1478.66 1477.638 1475.304 1472.885 1470.416 1468.995 1467.715 1464.881 1463.776 1466.096 1469.578 1472.266 1473.398 1475.482 1481.141 1483.856 1485.355 1486.697 1488.507 1491.469 1491.423 1490.099 1488.533 1488.102 1488.151 1489.276 1489.408 1491.494 1491.547 1492.446 1493.66 1496.824 1498.149 1499.583 1501.418 1502.844 1504.706 1506.613 1509.012 1511.113 1512.956 1515.334
1485.863 1483.174 1479.455 1478.645 1478.21 1478.096 1477.131 1474.325 1472.239 1470.214 1468.857 1467.469 1465.256 1463.921 1466.204 1469.197 1472.172 1474.961 1477.093 1481.001 1483.018 1484.57 1486.276 1488.166 1489.447 1489.274 1488.383 1486.89 1486.047 1486.066 1487.16 1489.408 1488.909 1488.522 1489.237 1491.069 1494.591 1496.218 1497.632 1499.186 1500.034 1500.709 1501.754 1504.094 1506.92 1509.017 1511.179
1479.101 1477.663 1477.669 1477.422 1477.212 1477.136 1476.535 1472.874 1470.916 1469.683 1468.626 1467.059 1464.572 1463.949 1466.251 1469.305 1472.344 1475.305 1477.882 1479.045 1480.567 1482.327 1484.515 1486.319 1487.063 1486.979 1486.069 1484.54 1484 1484.018 1487.16 1487.423 1487.099 1486.932 1487.589 1490.409 1492.006 1493.674 1495.432 1497.026 1497.98 1498.709 1499.277 1500.769 1503.161 1505.325 1507.263
1474.157 1473.434 1473.361 1473.735 1474.262 1474.251 1473.64 1469.759 1468.491 1467.929 1467.46 1466.426 1464.156 1463.775 1465.47 1467.998 1470.885 1473.808 1476.35 1477.402 1479.056 1480.696 1482.136 1483.374 1484.212 1484.143 1483.939 1483.208 1482.454 1484.018 1485.202 1485.666 1485.574 1485.8 1486.437 1488.745 1490.239 1491.962 1493.662 1495.104 1496.294 1497.492 1498.345 1499.339 1500.631 1502.086 1505.19
1473.322 1471.421 1470.363 1469.874 1469.827 1469.217 1467.565 1466.352 1466.397 1466.556 1466.466 1465.768 1463.335 1463.556 1465.065 1467.113 1468.798 1471.033 1474.516 1476.008 1477.63 1478.896 1479.816 1480.756 1481.266 1481.4 1481.118 1480.72 1482.454 1482.485 1483.021 1483.73 1484.455 1484.975 1485.438 1487.758 1489.051 1490.736 1492.373 1493.655 1494.705 1496.313 1496.987 1497.789 1498.819 1499.592 1502.362
1476.321 1474.123 1473.027 1471.086 1468.838 1466.97 1464.153 1464.397 1464.854 1465.284 1465.439 1465.085 1463.409 1463.448 1464.219 1465.015 1465.858 1468.023 1472.736 1474.221 1475.727 1476.907 1477.675 1478.305 1479.148 1479.118 1481.118 1480.72 1480.321 1480.297 1481.029 1481.867 1483.047 1484.45 1485.777 1488.36 1489.29 1490.386 1491.653 1492.663 1493.541 1495.006 1495.711 1496.492 1497.357 1498.042 1500.317
1482.797 1479.193 1477.252 1475.076 1472.245 1468.943 1463.808 1463.689 1464.046 1464.393 1464.698 1464.693 1463.848 1463.467 1463.256 1463.304 1463.911 1465.788 1470.188 1471.957 1473.504 1474.641 1475.58 1476.758 1476.832 1479.118 1478.841 1478.378 1478.065 1478.027 1478.729 1479.744 1481.527 1484.509 1486.672 1488.937 1489.685 1490.417 1491.152 1491.865 1493.097 1493.774 1494.501 1495.273 1496.072 1496.874 1498.876
1489.699 1486.328 1482.972 1479.595 1476.395 1472.627 1465.478 1464.039 1463.759 1463.98 1464.266 1464.42 1463.683 1463.111 1462.903 1462.909 1463.399 1464.449 1467.839 1469.237 1470.775 1472.24 1473.176 1474.097 1476.832 1476.642 1476.434 1476.213 1475.735 1476.052 1476.535 1478.153 1481.615 1484.886 1486.887 1489.363 1489.911 1490.249 1490.567 1490.948 1491.933 1492.527 1493.248 1494.029 1494.967 1495.949 1498.144
1494.926 1490.622 1487.873 1483.951 1479.443 1475.557 1467.683 1464.894 1463.618 1463.576 1463.693 1463.882 1463.099 1462.515 1462.401 1462.503 1462.799 1464.731 1465.806 1466.947 1468.415 1469.858 1470.845 1474.097 1474.074 1473.753 1473.723 1473.995 1473.653 1474.601 1475.944 1478.498 1482.055 1485.291 1488.864 1489.498 1489.68 1489.472 1489.348 1489.776 1490.62 1491.148 1491.932 1492.849 1493.853 1494.859 1497.195
1496.307 1492.882 1489.927 1485.898 1480.71 1476.439 1468.007 1464.896 1463.286 1463.091 1462.903 1462.809 1462.296 1461.823 1461.7 1461.777 1461.881 1463.008 1463.48 1464.5 1466.159 1467.548 1470.845 1470.572 1470.468 1470.285 1470.327 1471.159 1472.021 1475.14 1477.29 1480.186 1483.451 1486.731 1489.158 1489.109 1488.612 1487.972 1487.775 1488.286 1489.199 1489.736 1490.638 1491.757 1492.803 1493.808 1496.056
1497.001 1493.161 1489.407 1484.895 1479.727 1475.737 1469.184 1466.249 1465.672 1465.579 1463.751 1461.757 1461.538 1461.236 1460.987 1460.881 1461.122 1461.965 1462.568 1463.584 1464.943 1467.548 1468.338 1467.701 1466.424 1465.925 1466.294 1467.909 1473.407 1475.31 1477.325 1479.653 1482.529 1485.866 1488.382 1488.003 1487.151 1486.291 1486.169 1486.766 1487.645 1488.441 1489.625 1490.844 1491.95 1494 1494.983
1496.143 1492.019 1487.958 1484.003 1479.561 1476.013 1472.476 1471.675 1471.292 1470.929 1467.655 1462.699 1461.449 1460.658 1460.347 1460.089 1459.922 1460.932 1461.674 1462.581 1464.943 1466.037 1466.392 1465.814 1464.481 1463.317 1464.244 1467.035 1472.103 1474.612 1476.385 1478.069 1480.626 1483.685 1486.479 1486.06 1485.256 1484.673 1484.747 1485.276 1486.693 1487.973 1489.419 1490.686 1491.656 1493.05 1494.114
1495.66 1492.247 1488.679 1484.712 1480.103 1476.153 1475.573 1476.446 1477.033 1476.373 1473.065 1465.291 1464.494 1463.122 1460.172 1459.531 1459.124 1459.544 1461.674 1462.581 1463.489 1464.028 1463.767 1463.328 1462.716 1462.8 1464.242 1466.241 1471.286 1473.572 1475.696 1477.796 1479.632 1481.142 1483.629 1483.679 1483.38 1483.088 1483.27 1485.017 1486.41 1487.945 1489.391 1490.398 1491.143 1491.574 1493.161
1494.872 1492.337 1489.563 1486.511 1483.201 1478.672 1479.663 1480.694 1480.668 1478.732 1475.573 1469.005 1467.43 1466.143 1463.151 1459.628 1458.771 1459.544 1460.108 1460.798 1461.596 1462.132 1461.566 1461.482 1461.555 1462.148 1463.266 1464.843 1469.609 1472.117 1474.55 1476.779 1478.219 1478.959 1481.396 1481.605 1481.38 1480.869 1480.779 1483.667 1485.529 1487.427 1488.804 1489.493 1489.601 1489.685 1492.49
1495.127 1492.314 1489.325 1487.073 1485.803 1483.469 1484.297 1485.27 1484.669 1481.403 1477.568 1471.792 1469.705 1467.664 1464.949 1462 1458.402 1458.531 1458.881 1459.198 1459.741 1460.2 1459.597 1459.951 1460.19 1460.858 1462.044 1463.337 1467.479 1470.377 1473.248 1475.545 1476.978 1479.182 1479.54 1479.213 1479.004 1478.465 1477.95 1481.271 1483.518 1485.664 1487.352 1487.773 1487.672 1489.796 1494.307
1497.233 1495.053 1492.041 1489.675 1488.78 1487.937 1488.958 1489.545 1488.736 1485.51 1480.42 1473.593 1471.424 1469.097 1466.51 1462 1457.964 1457.565 1457.365 1457.531 1457.984 1458.248 1457.592 1457.866 1458.705 1459.74 1460.904 1462.123 1465.353 1468.382 1471.6 1474.203 1475.887 1477.83 1477.369 1476.736 1476.72 1476.382 1475.859 1479.011 1480.69 1482.594 1484.787 1485.372 1486.173 1490.844 1495.769
1499.58 1498.282 1495.748 1493.147 1491.989 1492.12 1492.741 1492.32 1490.796 1488.293 1483.809 1476.029 1473.72 1471.418 1466.51 1463.757 1459.468 1458.208 1457.005 1456.18 1456.249 1456.32 1454.967 1455.871 1457.187 1458.306 1459.714 1462.318 1464.144 1467.066 1470.588 1473.618 1475.736 1476.673 1475.605 1474.817 1474.764 1474.469 1474.537 1477.635 1478.502 1479.24 1481.392 1484.553 1488.673 1492.167 1496.469
1501.08 1500.339 1498.766 1496.656 1495.846 1495.881 1496.09 1495.154 1492.895 1490.322 1483.161 1479.538 1476.571 1471.418 1468.595 1465.771 1461.641 1459.691 1457.916 1456.674 1455.283 1452.956 1452.975 1454.502 1455.558 1456.741 1458.325 1461.668 1463.841 1466.806 1470.204 1473.401 1475.964 1475.496 1473.944 1473.231 1473.104 1473.104 1473.541 1475.829 1476.067 1477.109 1480.148 1483.39 1489.199 1492.831 1496.631
1502.319 1501.985 1500.843 1500.054 1499.48 1499.432 1500.103 1499.16 1495.701 1491.049 1486.785 1483.585 1476.571 1474.047 1471.417 1468.437 1463.803 1461.988 1459.809 1457.582 1455.594 1453.408 1451.783 1452.975 1454.074 1455.087 1456.729 1461.402 1463.603 1465.977 1468.626 1471.487 1473.731 1473.098 1471.675 1471.332 1471.498 1471.99 1473.658 1474.874 1476.171 1478.039 1481.007 1484.589 1489.177 1491.391 1494.45
1502.787 1502.473 1501.957 1502.035 1501.662 1501.96 1502.038 1500.861 1498.285 1495.233 1486.785 1483.585 1480.28 1477.152 1474.49 1471.636 1466.098 1463.905 1461.539 1458.836 1456.643 1452.221 1451.206 1451.521 1452.391 1453.379 1455.29 1460.835 1463.004 1465.064 1466.925 1468.506 1469.724 1468.961 1468.051 1468.73 1469.966 1470.93 1473.637 1475.229 1476.922 1479.045 1481.567 1484.535 1489.294 1491.104 1492.945
1499.679 1500.303 1500.906 1501.299 1500.881 1500.596 1499.92 1498.4 1496.181 1495.233 1490.213 1487.944 1484.568 1480.53 1477.102 1474.219 1467.461 1465.044 1462.803 1460.21 1457.531 1452.799 1451.457 1450.929 1450.939 1451.732 1454.05 1459.295 1461.618 1463.646 1465.07 1465.752 1465.535 1465.104 1465.762 1467.134 1468.571 1469.919 1473.005 1474.779 1476.664 1478.942 1481.491 1484.272 1489.089 1490.902 1492.068
1494.661 1495.357 1495.823 1496.092 1495.343 1494.563 1493.486 1492.077 1496.181 1493.839 1491.402 1490.27 1486.979 1481.762 1477.961 1471.224 1468.265 1465.833 1463.508 1461.171 1458.627 1453.518 1451.915 1451.109 1450.749 1451.195 1452.87 1457.048 1459.371 1461.757 1463.272 1463.714 1462.797 1463.276 1464.727 1466.261 1467.491 1468.246 1471.844 1473.589 1475.476 1477.803 1480.736 1483.54 1488.169 1489.532 1490.542
1489.581 1489.989 1489.884 1489.817 1488.584 1487.655 1486.332 1492.077 1490.398 1489.133 1488.9 1487.801 1484.747 1480.285 1476.488 1471.975 1469.525 1467.033 1464.77 1462.697 1460.176 1454.352 1452.346 1451.197 1450.718 1450.877 1451.762 1455.176 1457.478 1459.968 1461.331 1461.559 1461.545 1462.604 1464.318 1465.772 1466.669 1466.978 1470.525 1472.579 1474.61 1476.918 1479.903 1485.027 1487.244 1488.808 1489.684
1486.188 1486.385 1486.139 1484.019 1480.371 1479.446 1486.332 1484.69 1482.751 1481.631 1481.471 1480.247 1478.105 1475.978 1474.358 1471.553 1469.934 1467.858 1465.81 1464.04 1461.393 1454.922 1452.835 1451.29 1450.728 1450.72 1452.582 1454.394 1456.291 1457.987 1459.067 1459.619 1460.754 1462.262 1463.935 1465.061 1465.24 1464.758 1469.388 1472.514 1474.573 1476.84 1479.395 1483.91 1486.058 1487.871 1489.198
1486.297 1484.837 1482.627 1478.531 1474.084 1479.446 1477.706 1475.454 1474.08 1474.424 1474.116 1473.556 1472.886 1472.345 1471.41 1469.365 1468.272 1467.085 1465.644 1464.103 1461.601 1454.663 1453.012 1451.399 1450.737 1450.726 1452.257 1453.766 1455.154 1456.349 1457.331 1458.019 1459.734 1461.381 1462.833 1463.365 1463.262 1465.262 1468.259 1471.25 1474.094 1476.74 1478.692 1482.337 1484.578 1486.877 1488.439
1490.157 1488.934 1487.753 1475.336 1474.084 1473.61 1473.099 1472.875 1473.018 1471.281 1470 1469.454 1468.923 1468.692 1468.096 1467.293 1466.658 1465.659 1464.513 1463.053 1455.954 1453.433 1452.14 1451.115 1450.73 1450.724 1451.909 1453.086 1454.237 1455.269 1456.031 1456.728 1458.291 1459.393 1460.553 1461.393 1461.735 1465.325 1467.968 1470.722 1473.325 1475.531 1476.946 1479.56 1481.8 1484.452 1488.439
1495.073 1493.088 1487.753 1479.375 1476.298 1474.554 1473.806 1473.62 1473.371 1470.375 1467.58 1465.356 1465.005 1464.895 1464.888 1465.209 1465.001 1464.16 1462.523 1460.187 1453.351 1451.858 1451.187 1450.732 1450.714 1450.717 1451.506 1452.551 1453.639 1454.529 1454.905 1455.182 1456.237 1457.23 1458.675 1459.993 1461.22 1464.973 1467.181 1469.348 1471.349 1473.435 1475.006 1477.868 1479.465 1484.452 1486.098
1500.467 1493.088 1491.631 1485.492 1481.545 1479.013 1477.978 1476.744 1474.912 1470.757 1467.6 1464.541 1463.546 1463.165 1462.964 1463.113 1463.211 1462.4 1460.431 1457.934 1452.965 1452.117 1451.46 1450.82 1450.717 1450.713 1451.132 1451.938 1452.944 1453.867 1454.011 1453.595 1454.182 1454.734 1456.263 1458.839 1461.058 1464.251 1466.014 1467.339 1468.551 1470.544 1472.022 1475.129 1479.465 1481.056 1482.431
1500.467 1498.26 1495.92 1490.253 1487.205 1484.755 1482.988 1480.568 1477.771 1474.625 1471.381 1467.614 1465.848 1464.768 1462.429 1462.077 1461.896 1460.988 1459.785 1458.276 1455.088 1453.939 1452.557 1451.215 1450.63 1450.649 1450.787 1451.254 1452.112 1452.829 1452.751 1451.761 1451.993 1453.167 1455.596 1457.716 1459.429 1462.957 1464.414 1465.367 1465.961 1466.66 1469.218 1475.129 1476.365 1477.543 1478.754
1504.827 1502.63 1500.445 1495.51 1492.561 1490.382 1488.745 1485.432 1478.239 1475.401 1472.823 1470.326 1467.765 1466.036 1463.009 1462.159 1461.627 1461.09 1460.316 1459.476 1457.463 1455.831 1454.334 1452.824 1451.97 1450.768 1450.707 1450.96 1451.419 1451.939 1452.024 1451.249 1451.58 1452.603 1454.271 1455.614 1457.209 1460.451 1461.969 1462.839 1463.066 1462.805 1469.218 1471.387 1473.387 1474.961 1476.215
1509.465 1507.196 1505.013 1501.147 1499.159 1496.26 1492.914 1489.419 1480.891 1477.364 1474.21 1471.292 1468.482 1465.643 1463.079 1462.835 1462.525 1462.053 1461.662 1461.157 1459.992 1458.314 1456.677 1454.975 1453.995 1451.243 1450.745 1450.679 1450.802 1451.265 1451.34 1451.311 1452.198 1453.306 1454.46 1455.206 1455.078 1457.023 1458.619 1459.622 1463.066 1462.805 1464.244 1466.103 1469.08 1472.215 1474.343
1513.381 1511.297 1506.794 1505.073 1503.424 1500.43 1495.982 1491.011 1481.892 1477.894 1474.906 1472.456 1469.736 1466.63 1464.609 1464.686 1464.434 1463.976 1463.726 1463.13 1462.499 1461.377 1459.706 1457.653 1455.842 1451.99 1450.813 1450.634 1450.734 1450.5 1450.57 1451.447 1452.528 1453.334 1453.606 1453.734 1453.356 1453.74 1454.507 1459.622 1460.025 1459.737 1461.52 1462.889 1465.876 1469.936 1472.967
1516.594 1514.637 1510.783 1508.133 1504.934 1501.126 1496.537 1491.379 1482.596 1478.581 1475.651 1473.98 1472.317 1470.457 1468.006 1467.729 1467.37 1466.824 1466.502 1465.633 1465.135 1464.294 1462.437 1459.812 1457.343 1452.959 1451.452 1450.81 1450.681 1450.589 1450.311 1450.778 1451.615 1451.939 1451.904 1451.672 1451.242 1450.958 1454.507 1455.487 1456.854 1457.371 1459.785 1462.096 1465.261 1468.737 1472.13
