var/www/cgi-bin/BAERTOOLS/ravel/working/ravel-11287.DEM
NCOLS 10
NROWS 151
XLLCORNER 277086.32
YLLCORNER 3833378.9
CELLSIZE 10
NODATA_VALUE -9999
1557.808 1560.819 1568.238 1571.512 1573.73 1574.947 1575.097 1574.962 1574.02 1573.302 
1557.58 1559.49 1565.208 1569.093 1571.797 1573.36 1574.511 1574.463 1574.077 1573.501 
1560.177 1561.179 1564.919 1568.305 1570.98 1572.24 1573.637 1574.671 1574.304 1573.761 
1562.633 1565.337 1566.789 1568.68 1570.759 1572.51 1573.695 1574.901 1574.817 1574.279 
1563.118 1566.733 1568.318 1569.914 1571.713 1573.526 1574.527 1575.361 1575.372 1575.298 
1562.552 1566.699 1569.009 1571.257 1573.054 1574.374 1575.419 1576.012 1575.926 1575.922 
1561.166 1566.03 1569.107 1572.055 1574.029 1575.535 1576.307 1576.559 1576.49 1576.123 
1559.032 1564.951 1568.807 1572.569 1574.765 1576.064 1577.047 1576.818 1576.669 1576.533 
1556.761 1563.688 1568.64 1572.898 1575.506 1576.629 1577.179 1577.084 1576.744 1576.732 
1559.358 1563.502 1568.412 1573.118 1575.732 1576.714 1577.5 1577.053 1576.752 1576.712 
1559.43 1564.074 1568.251 1572.439 1575.206 1576.966 1577.147 1577.135 1577.045 1576.606 
1558.398 1563.525 1567.239 1570.897 1573.74 1575.335 1576.946 1577.082 1576.902 1576.606 
1557.559 1562.732 1565.757 1568.725 1571.282 1573.437 1575.723 1576.676 1576.902 1576.761 
1559.165 1560.917 1563.831 1566.539 1569.399 1573.002 1574.792 1576.676 1576.911 1576.68 
1561.872 1561.908 1564.212 1567.995 1570.844 1573.651 1574.792 1576.138 1576.677 1576.618 
1565.797 1566.336 1567.944 1568.634 1571.519 1573.651 1574.998 1576.193 1576.751 1576.879 
1571.332 1571.009 1571.607 1571.189 1571.519 1574.992 1576.176 1576.912 1577.306 1577.423 
1575.133 1574.031 1571.607 1571.189 1572.812 1576.332 1577.538 1578.184 1578.333 1578.221 
1578.293 1574.031 1573.432 1573.517 1574.309 1578.186 1579.215 1579.59 1579.75 1579.509 
1578.293 1576.957 1576.587 1576.485 1578.863 1580.504 1581.565 1581.927 1581.537 1580.86 
1582.514 1581.17 1580.555 1580.462 1581.573 1582.902 1584.441 1584.548 1583.161 1582.065 
1585.884 1584.734 1582.844 1582.797 1584.551 1585.306 1585.72 1585.564 1584.72 1582.945 
1584.608 1584.185 1583.692 1583.651 1585.591 1586.48 1586.245 1585.74 1585.029 1582.955 
1583.29 1583.064 1582.959 1583.172 1584.861 1585.124 1584.734 1584.071 1583.394 1580.819 
1582.066 1581.925 1581.958 1582.19 1582.749 1583.023 1582.984 1582.381 1581.596 1579.963 
1580.416 1580.358 1580.425 1580.604 1580.911 1581.058 1580.986 1580.689 1580.25 1578.901 
1578.64 1578.624 1578.571 1578.697 1578.941 1579.128 1579.2 1579.169 1578.834 1577.812 
1576.602 1576.394 1576.209 1576.653 1577.083 1577.411 1577.486 1577.483 1577.548 1576.668 
1574.998 1574.072 1573.516 1574.974 1575.467 1575.784 1575.847 1575.925 1576.3 1576.014 
1573.679 1572.489 1571.436 1572.833 1573.2 1573.35 1573.748 1574.259 1574.774 1574.351 
1572.189 1570.398 1569.073 1568.054 1567.869 1567.007 1566.696 1567.139 1568.969 1568.946 
1570.001 1568.713 1567.026 1562.733 1561.897 1560.928 1560.366 1560.621 1562.232 1562.493 
1569.561 1568.272 1563.243 1561.749 1561.649 1561.49 1561.307 1561.031 1560.518 1560.475 
1569.804 1568.995 1565.65 1565.017 1565.024 1564.798 1564.514 1564.085 1563.203 1562.89 
1570.62 1570.126 1569.385 1569.24 1569.092 1569.088 1569.191 1569.118 1567.933 1565.684 
1571.77 1572.177 1572.537 1572.693 1572.869 1573.16 1573.367 1573.514 1571.525 1567.434 
1572.91 1573.675 1574.495 1574.594 1575.051 1575.496 1575.155 1574.803 1572.16 1567.559 
1573.578 1574.326 1575.346 1575.562 1575.876 1575.938 1575.502 1573.698 1571.367 1567.844 
1574.593 1575.669 1575.877 1576.106 1576.2 1576.015 1575.463 1572.868 1570.965 1568.412 
1575.948 1576.163 1576.203 1576.156 1576.09 1576.075 1575.737 1573.061 1571.131 1568.784 
1576.799 1576.557 1576.331 1576.192 1576.07 1575.918 1576.034 1573.873 1571.492 1568.319 
1577.423 1576.719 1576.409 1576.143 1575.657 1575.164 1574.875 1572.078 1569.379 1566.209 
1578.011 1576.785 1576.156 1575.347 1574.479 1573.723 1570.392 1567.332 1564.742 1562.865 
1578.424 1576.422 1575.512 1574.496 1573.191 1571.004 1564.953 1562.339 1560.191 1558.11 
1577.435 1575.479 1573.968 1572.915 1570.857 1567.698 1560.99 1559.491 1558.244 1555.817 
1576.926 1574.702 1573.563 1572.924 1570.892 1565.829 1559.216 1557.467 1555.207 1552.262 
1578 1575.828 1574.491 1574.497 1572.981 1565.614 1559.731 1557.865 1555.182 1552.761 
1579.022 1577.063 1575.847 1573.949 1570.018 1562.743 1559.639 1557.896 1555.739 1553.979 
1578.648 1576.683 1575.179 1572.684 1567.647 1560.056 1558.748 1557.386 1556.145 1553.979 
1577.809 1575.719 1574.12 1571.257 1567.057 1560.786 1559.36 1558.175 1556.145 1554.441 
1576.66 1575.065 1573.239 1570.826 1567.476 1562.445 1561.024 1558.175 1556.95 1555.076 
1573.427 1572.981 1571.786 1569.893 1567.478 1563.395 1561.024 1559.676 1558.113 1556.026 
1571.346 1570.179 1569.393 1567.737 1566.573 1563.395 1561.885 1560.553 1559.083 1557.043 
1570.501 1568.595 1566.781 1565.014 1566.573 1564.354 1562.799 1561.393 1560.182 1559.089 
1569.914 1567.397 1564.241 1565.014 1564.211 1563.397 1563.478 1563.113 1561.913 1561.469 
1568.532 1567.397 1564.241 1562.031 1561.806 1562.318 1562.634 1562.769 1562.803 1562.473 
1568.532 1564.985 1562.36 1560.71 1558.941 1559.355 1559.863 1560.165 1560.236 1560.569 
1568.757 1564.535 1561.354 1560.514 1556.245 1554.404 1554.537 1554.715 1555.176 1555.657 
1571.06 1566.958 1563.557 1561.133 1555.744 1552.071 1549.301 1548.757 1549.138 1549.736 
1573.683 1570.479 1566.995 1563.95 1557.131 1553.521 1550.574 1548.539 1547.992 1544.935 
1576.004 1573.971 1570.236 1566.59 1560.976 1557.873 1554.522 1551.51 1550.071 1541.163 
1576.123 1575.093 1572.538 1565.781 1563.825 1561.933 1559.052 1555.432 1552.463 1543.371 
1575.766 1574.749 1572.888 1567.261 1565.262 1564.076 1562.286 1559.099 1555.31 1549.033 
1574.75 1573.678 1571.836 1567.435 1565.58 1564.271 1562.943 1560.689 1556.523 1550.334 
1573.423 1571.963 1569.921 1564.984 1563.505 1562.525 1561.512 1559.593 1556.113 1549.612 
1572.966 1571.158 1568.89 1561.752 1560.57 1559.781 1558.905 1557.224 1551.618 1548.761 
1574.247 1572.024 1568.513 1561.704 1559.61 1557.137 1554.574 1553.47 1549.886 1546.837 
1575.337 1573.157 1565.592 1562.588 1559.97 1555.968 1551.041 1549.756 1547.064 1544.086 
1575.118 1572.975 1566.173 1562.997 1559.52 1555.471 1551.51 1549.18 1545.273 1542.755 
1573.604 1571.268 1565.567 1562.763 1559.616 1556.019 1552.711 1550.034 1545.438 1542.766 
1571.644 1569.489 1564.501 1561.975 1559.233 1556.272 1553.285 1550.451 1545.231 1542.124 
1569.83 1568.466 1564.18 1561.67 1559.07 1556.555 1553.677 1548.604 1545.76 1542.667 
1568.72 1568.125 1564.624 1562.079 1559.459 1557.102 1554.93 1550.064 1547.417 1544.652 
1568.126 1567.359 1565.304 1562.628 1560.062 1557.889 1556.002 1551.741 1549.438 1546.956 
1569.57 1568.741 1566.822 1564.133 1561.573 1559.262 1557.365 1553.158 1550.951 1548.607 
1573.208 1571.281 1569.278 1566.523 1563.749 1561.168 1559.029 1554.332 1552.038 1549.621 
1575.317 1574.219 1572.333 1569.548 1566.375 1562.984 1560.305 1555.358 1553.153 1550.607 
1576.379 1576.455 1574.269 1571.484 1567.724 1563.539 1558.256 1556.559 1554.277 1551.88 
1575.028 1577.176 1575.656 1573.302 1569.761 1565.264 1559.716 1557.947 1555.911 1553.628 
1572.637 1576.672 1576.397 1575.352 1572.699 1568.567 1562.231 1559.963 1557.718 1554.927 
1575.315 1577.356 1577.411 1576.208 1574.712 1571.904 1564.371 1561.923 1559.409 1556.448 
1574.823 1576.315 1575.415 1574.105 1573.945 1572.268 1565.613 1562.906 1559.816 1557.27 
1572.998 1573.266 1571.54 1570.35 1570.5 1570.914 1566.554 1563.268 1560.353 1558.739 
1568.833 1567.746 1565.6 1566.28 1569.098 1571.044 1569.063 1566.172 1562.481 1559.246 
1562.134 1560.086 1558.422 1560.93 1565.752 1571.747 1571.55 1568.426 1563.845 1561.345 
1559.43 1556.435 1555.614 1558.111 1561.626 1568.654 1569.669 1568.675 1564.677 1560.582 
1554.097 1549.868 1550.332 1555.229 1558.83 1562.147 1563.448 1563.624 1564.677 1560.582 
1547.571 1545.764 1547.11 1550.599 1553.248 1556.837 1558.511 1563.624 1562.306 1561.373 
1541.223 1540.669 1542.731 1545.711 1547.381 1550.346 1558.511 1559.163 1558.812 1558.504 
1534.801 1535.044 1537.402 1539.51 1541.411 1550.346 1552.787 1554.691 1555.687 1555.165 
1527.113 1528.596 1531.948 1534.293 1543.543 1546.053 1548.807 1550.931 1551.68 1551.634 
1521.745 1523.625 1526.515 1534.293 1538.667 1541.499 1544.75 1547.341 1548.226 1548.014 
1516.945 1519.573 1526.515 1529.473 1535.101 1537.771 1541.012 1543.743 1544.553 1544.236 
1516.945 1519.573 1522.628 1525.016 1531.985 1535.536 1538.542 1540.676 1541.207 1540.529 
1512.616 1515.024 1518.617 1522.139 1529.595 1533.975 1537.149 1538.621 1538.787 1537.021 
1510.624 1513.139 1517.593 1522.038 1527.866 1530.952 1534.162 1535.692 1535.681 1533.976 
1510.445 1513.644 1518.211 1525.747 1527.771 1528.851 1529.802 1530.907 1530.98 1530.006 
1510.59 1513.716 1517.56 1523.742 1525.059 1525.497 1525.981 1526.501 1526.504 1526.249 
1511.438 1513.633 1515.462 1519.899 1521.265 1521.726 1522.216 1522.581 1522.853 1522.32 
1510.678 1512.849 1514.338 1516.093 1516.949 1517.27 1517.722 1518.1 1518.251 1517.849 
1508.165 1510.205 1511.563 1512.378 1512.512 1512.664 1513.129 1513.564 1513.789 1513.737 
1504.393 1506.35 1506.996 1507.69 1508.001 1508.566 1509.403 1509.649 1510.338 1510.618 
1501.567 1501.814 1501.821 1502.399 1503.15 1503.9 1505.046 1506.288 1507.075 1507.86 
1497.475 1497.225 1497.954 1498.676 1499.371 1500.114 1501.38 1503.429 1504.104 1505.229 
1491.516 1492.483 1494.813 1496.025 1497.21 1498.585 1500.599 1501.195 1501.52 1502.389 
1487.479 1489.27 1491.903 1493.972 1495.72 1497.179 1498.348 1498.487 1499.752 1500.898 
1486.834 1487.886 1490.808 1493.055 1494.265 1495.316 1496.502 1499.439 1500.779 1502.226 
1487.286 1488.653 1490.47 1491.703 1492.771 1494.452 1497.458 1501.101 1501.749 1502.016 
1487.707 1488.987 1488.948 1489.808 1490.924 1492.386 1495.844 1500.088 1500.409 1499.925 
1485.412 1486.142 1486.813 1488.187 1489.149 1489.774 1492.179 1498.146 1499.248 1500.578 
1482.547 1483.844 1485.299 1486.762 1487.313 1488.397 1492.214 1498.845 1501.576 1505.495 
1479.604 1483.053 1484.817 1486.458 1487.974 1490.657 1495.11 1502.768 1506.743 1510.905 
1477.043 1482.716 1484.689 1486.432 1489.999 1495.402 1499.753 1504.194 1507.59 1511.022 
1477.388 1484.716 1485.967 1487.918 1492.942 1499.528 1502.371 1504.022 1506.299 1507.708 
1480.099 1487.27 1489.765 1492.958 1497.21 1501.124 1501.803 1501.878 1502.146 1502.837 
1487.039 1488.823 1490.331 1493.964 1498.559 1500.439 1499.946 1499.454 1499.406 1499.795 
1487.937 1489.609 1491.233 1493.695 1495.964 1497.607 1497.587 1497.332 1497.283 1497.288 
1486.183 1488.14 1489.672 1490.838 1491.937 1493.61 1495.099 1494.873 1494.69 1494.555 
1483.361 1486.077 1487.162 1488.226 1489.366 1490.997 1493.01 1492.448 1491.578 1491.276 
1481.141 1483.856 1485.355 1486.697 1488.507 1491.469 1491.423 1490.099 1488.533 1488.102 
1481.001 1483.018 1484.57 1486.276 1488.166 1489.447 1489.274 1488.383 1486.89 1486.047 
1479.045 1480.567 1482.327 1484.515 1486.319 1487.063 1486.979 1486.069 1484.54 1484 
1477.402 1479.056 1480.696 1482.136 1483.374 1484.212 1484.143 1483.939 1483.208 1482.454 
1476.008 1477.63 1478.896 1479.816 1480.756 1481.266 1481.4 1481.118 1480.72 1482.454 
1474.221 1475.727 1476.907 1477.675 1478.305 1479.148 1479.118 1481.118 1480.72 1480.321 
1471.957 1473.504 1474.641 1475.58 1476.758 1476.832 1479.118 1478.841 1478.378 1478.065 
1469.237 1470.775 1472.24 1473.176 1474.097 1476.832 1476.642 1476.434 1476.213 1475.735 
1466.947 1468.415 1469.858 1470.845 1474.097 1474.074 1473.753 1473.723 1473.995 1473.653 
1464.5 1466.159 1467.548 1470.845 1470.572 1470.468 1470.285 1470.327 1471.159 1472.021 
1463.584 1464.943 1467.548 1468.338 1467.701 1466.424 1465.925 1466.294 1467.909 1473.407 
1462.581 1464.943 1466.037 1466.392 1465.814 1464.481 1463.317 1464.244 1467.035 1472.103 
1462.581 1463.489 1464.028 1463.767 1463.328 1462.716 1462.8 1464.242 1466.241 1471.286 
1460.798 1461.596 1462.132 1461.566 1461.482 1461.555 1462.148 1463.266 1464.843 1469.609 
1459.198 1459.741 1460.2 1459.597 1459.951 1460.19 1460.858 1462.044 1463.337 1467.479 
1457.531 1457.984 1458.248 1457.592 1457.866 1458.705 1459.74 1460.904 1462.123 1465.353 
1456.18 1456.249 1456.32 1454.967 1455.871 1457.187 1458.306 1459.714 1462.318 1464.144 
1456.674 1455.283 1452.956 1452.975 1454.502 1455.558 1456.741 1458.325 1461.668 1463.841 
1457.582 1455.594 1453.408 1451.783 1452.975 1454.074 1455.087 1456.729 1461.402 1463.603 
1458.836 1456.643 1452.221 1451.206 1451.521 1452.391 1453.379 1455.29 1460.835 1463.004 
1460.21 1457.531 1452.799 1451.457 1450.929 1450.939 1451.732 1454.05 1459.295 1461.618 
1461.171 1458.627 1453.518 1451.915 1451.109 1450.749 1451.195 1452.87 1457.048 1459.371 
1462.697 1460.176 1454.352 1452.346 1451.197 1450.718 1450.877 1451.762 1455.176 1457.478 
1464.04 1461.393 1454.922 1452.835 1451.29 1450.728 1450.72 1452.582 1454.394 1456.291 
1464.103 1461.601 1454.663 1453.012 1451.399 1450.737 1450.726 1452.257 1453.766 1455.154 
1463.053 1455.954 1453.433 1452.14 1451.115 1450.73 1450.724 1451.909 1453.086 1454.237 
1460.187 1453.351 1451.858 1451.187 1450.732 1450.714 1450.717 1451.506 1452.551 1453.639 
1457.934 1452.965 1452.117 1451.46 1450.82 1450.717 1450.713 1451.132 1451.938 1452.944 
1458.276 1455.088 1453.939 1452.557 1451.215 1450.63 1450.649 1450.787 1451.254 1452.112 
1459.476 1457.463 1455.831 1454.334 1452.824 1451.97 1450.768 1450.707 1450.96 1451.419 
1461.157 1459.992 1458.314 1456.677 1454.975 1453.995 1451.243 1450.745 1450.679 1450.802 
1463.13 1462.499 1461.377 1459.706 1457.653 1455.842 1451.99 1450.813 1450.634 1450.734 
