var/www/cgi-bin/BAERTOOLS/ravel/working/ravel-2502.DEM
NCOLS 1117
NROWS 10
XLLCORNER 715687.24
YLLCORNER 4166558.7
CELLSIZE 10
NODATA_VALUE -9999
[rows 0 to 9 of 10, columns 819 to 881 of 1117]
106.583 106.3904 106.2257 105.8899 105.7946 105.7705 105.7103 105.8682 105.9817 106.0478 106.1557 106.3357 106.5725 106.6737 106.7523 107.0077 107.3735 107.6199 107.6805 107.5066 107.2079 107.3607 108.9701 110.5892 111.5136 113.6309 114.2976 114.3755 113.9275 113.345 112.3605 111.9604 111.6177 111.2536 108.3158 106.9562 106.4197 106.4175 106.7113 106.7772 108.02 110.2176 112.7281 116.1754 117.4495 118.7253 119.8409 120.5136 121.0759 120.8587 120.5456 120.1554 119.6027 119.2966 118.8105 118.3658 117.9121 117.0338 116.3987 115.4236 114.2993 112.9314 112.4652
107.0989 106.9156 106.7412 106.3945 106.234 106.1111 106.0397 106.0452 106.2031 106.3189 106.4735 106.6339 106.864 106.9149 106.9706 107.0077 108.2482 109.1338 109.2354 108.9379 108.3899 108.0547 108.928 109.9965 111.0094 112.3783 114.0936 113.8499 113.0325 112.0166 110.2145 109.6122 109.281 108.8877 108.0981 106.3906 106.5717 107.1669 107.4109 107.2068 107.2481 108.7624 111.5799 114.0064 117.05 118.4463 119.6603 120.4664 121.2034 120.9127 120.5679 120.2887 119.9681 119.2966 119.0193 118.544 118.1348 117.1161 116.4994 115.6352 114.5226 113.4915 112.6011
107.5015 107.3288 107.1628 106.7608 106.4247 106.2514 106.2576 106.2697 106.5076 106.5829 106.7097 106.8789 107.1657 107.3335 107.5562 107.8513 108.2482 110.5465 110.6461 110.4723 110.0653 109.5518 109.5608 109.7642 110.4676 111.8 113.684 113.1292 111.9831 110.7006 108.5125 107.6702 107.0427 106.5049 106.2792 106.2878 106.8682 107.4736 107.4257 107.4268 107.2129 107.9049 109.975 112.5475 116.4333 117.9949 119.2473 120.1799 121.2075 121.0044 120.6386 120.3769 120.0508 119.4868 119.0193 118.8409 118.3572 117.2494 116.6088 115.7977 114.8273 113.8944 112.8476
107.8093 107.5674 107.2486 106.6714 106.5074 106.4678 106.4915 106.5653 106.7244 106.799 106.8779 106.9915 107.8669 108.5961 109.2223 109.7138 110.0979 110.5465 110.9612 110.9436 110.797 110.3819 110.2217 110.129 110.3689 111.3408 112.8678 112.0605 110.969 109.7909 107.3857 106.5001 106.2124 106.2883 106.3045 106.2913 106.7941 107.3508 107.472 107.4747 107.3093 107.2213 108.2163 110.8039 115.1256 116.7447 118.1842 119.4455 120.8479 120.9696 120.768 120.4876 120.2026 119.6312 119.2797 118.8409 118.7036 117.5053 116.7628 116.0398 115.3205 114.5354 113.1074
107.8677 107.5815 107.3208 106.996 106.6053 106.6222 106.7045 106.7971 107.031 107.1007 107.1108 107.0992 107.4858 110.0743 110.5488 110.6684 110.755 110.8879 110.9612 110.9436 110.9493 111.0914 110.6613 110.7492 110.9067 111.238 111.7309 111.0752 110.1392 108.9361 107.8025 106.4034 106.2954 106.3029 106.303 106.3028 106.2786 106.6624 107.5275 107.6612 107.4691 107.2657 107.508 108.9338 113.6343 115.4388 116.9625 118.2748 120.2462 120.7502 120.8232 120.6105 120.3964 119.7926 119.6006 119.2468 118.7036 117.9138 117.1959 116.6152 116.0051 115.1769 113.4673
107.616 107.4042 107.2009 106.9017 106.7865 106.8355 106.9132 107.0102 107.2197 107.3799 107.5875 107.7106 108.0429 110.2957 110.6559 110.6286 110.6229 110.6445 110.6409 110.7362 110.9493 111.2104 111.023 111.2351 111.4116 111.4625 111.0196 110.4176 109.53 108.2786 107.1524 106.309 106.3021 106.303 106.303 106.3026 106.2868 106.6486 107.3336 107.6233 107.7451 107.4413 107.1703 107.5798 111.8642 113.8843 115.6464 117.1784 118.4748 120.2491 120.7121 120.858 120.6064 120.067 119.8394 119.6238 119.248 118.611 117.1959 117.1396 116.5917 115.8153 113.8357
107.3192 107.194 107.1029 107.1037 106.9935 107.0454 107.1241 107.203 107.7656 108.0633 108.4961 108.752 108.5567 109.5838 109.9988 110.066 110.1093 110.2194 110.3692 110.527 110.8423 111.2104 111.3276 111.4578 111.5121 111.5101 110.8489 110.1325 109.222 108.1602 107.1699 106.2967 106.3027 106.303 106.303 106.303 106.303 106.2818 106.5375 107.5602 108.1884 107.7486 107.4126 107.2014 109.7689 112.3344 114.3228 115.9477 117.4568 119.7246 120.4051 120.8149 120.8346 120.36 120.1267 119.913 119.6317 119.0753 117.6766 117.1396 116.9894 116.3729 114.271
107.2163 107.2772 107.3411 107.3353 107.2329 107.2502 107.3053 107.485 108.9908 109.8849 110.1092 109.4608 108.4752 108.6528 109.1828 109.387 109.5113 109.7744 110.0585 110.3145 110.5736 110.9243 111.3276 111.6352 111.7145 111.5449 110.799 110.188 109.3232 108.2896 107.3235 106.3273 106.2999 106.303 106.303 106.3003 106.307 106.2771 106.5998 107.5823 108.6789 108.1764 107.595 107.239 108.3937 110.5093 112.9273 115.1013 116.8549 119.2701 120.0316 120.5348 120.8839 120.6146 120.3729 120.0945 119.791 119.3944 118.0059 117.4521 116.9894 116.6723 114.5793
107.6868 107.6906 107.7174 107.7502 107.5509 107.5083 107.4897 107.7593 108.6612 110.6668 110.7379 109.562 107.8885 107.9385 108.3088 108.6271 108.9464 109.2881 109.9032 110.2451 110.5903 110.9796 111.4334 111.6352 111.8197 111.7598 111.4107 110.4095 109.6517 108.5633 107.4923 106.4645 106.3046 106.302 106.2962 106.3131 106.6266 107.0858 107.6764 108.4592 109.2552 108.6605 108.0374 107.5254 107.3038 109.0212 111.7094 114.0905 115.9504 118.536 119.4922 120.1644 120.6378 120.9895 120.4367 120.1241 119.7792 119.3647 118.2151 117.6774 117.2199 116.6723 116.0438
108.3861 108.399 108.3879 108.2642 108.076 107.9572 107.9732 108.1664 108.7483 110.5599 110.7561 109.6596 107.5746 107.3193 107.6866 108.1097 108.552 109.1142 110.2295 110.5456 110.7317 110.9935 111.4836 111.6686 111.8197 111.9448 111.7173 110.8181 110.2454 109.278 108.1076 106.8072 106.4931 106.3702 106.4027 106.6114 108.2361 109.6231 110.7904 111.0007 109.6366 109.0427 108.4571 107.8329 107.2999 107.7084 109.9537 112.8515 114.9367 117.7612 118.7647 119.6136 120.2777 120.7884 120.4764 120.0971 119.7738 119.3883 118.3748 117.8743 117.365 116.8121 116.0438
