var/www/cgi-bin/BAERTOOLS/ravel/working/ravel-17989.DEM
NCOLS 44
NROWS 94
XLLCORNER 366555.66
YLLCORNER 4096836.8
CELLSIZE 10
NODATA_VALUE -9999
[rows 0 to 39 of 94, columns 0 to 43 of 44]
3458.078 3458.851 3459.241 3460.701 3460.142 3459.956 3459.784 3459.609 3459.145 3457.91 3457.117 3456.191 3455.191 3454.035 3451.688 3451.213 3451.213 3451.213 3451.213 3451.213 3451.213 3451.213 3451.213 3451.213 3451.213 3451.213 3451.213 3451.213 3451.213 3451.213 3451.213 3451.213 3451.213 3451.213 3451.213 3451.213 3451.213 3452.072 3453.71 3456.025 3459.32 3461.215 3462.331 3462.444
3457.5 3458.098 3459.241 3459.398 3459.267 3459.11 3458.957 3458.713 3458.336 3457.2 3456.379 3455.631 3454.688 3453.469 3451.567 3451.213 3451.213 3451.213 3451.213 3451.213 3451.213 3451.213 3451.213 3451.213 3451.213 3451.213 3451.213 3451.213 3451.213 3451.213 3451.213 3451.213 3451.213 3451.213 3451.213 3451.213 3451.213 3451.379 3452.264 3454.198 3456.918 3459.603 3461.902 3462.116
3457.5 3458.098 3458.407 3458.498 3458.536 3458.477 3458.344 3458.032 3457.645 3456.511 3455.842 3455.136 3454.204 3453.158 3451.545 3451.213 3451.213 3451.213 3451.213 3451.213 3451.213 3451.213 3451.213 3451.213 3451.213 3451.213 3451.213 3451.213 3451.213 3451.213 3451.213 3451.213 3451.213 3451.213 3451.213 3451.213 3451.213 3451.213 3451.648 3453.001 3454.544 3457.207 3460.711 3461.049
3457.47 3457.949 3458.204 3458.048 3457.845 3457.779 3457.708 3457.531 3457.074 3455.926 3455.282 3454.628 3453.733 3452.822 3451.406 3451.213 3451.213 3451.213 3451.213 3451.213 3451.213 3451.213 3451.213 3451.213 3451.213 3451.213 3451.213 3451.213 3451.213 3451.213 3451.213 3451.213 3451.213 3451.213 3451.213 3451.213 3451.213 3451.213 3451.441 3452.144 3453.128 3455.07 3458.66 3459.483
3457.829 3458.264 3458.067 3457.968 3457.414 3457.312 3457.199 3456.938 3456.481 3455.386 3454.737 3454.029 3453.287 3451.492 3451.213 3451.213 3451.213 3451.213 3451.213 3451.213 3451.213 3451.213 3451.213 3451.213 3451.213 3451.213 3451.213 3451.213 3451.213 3451.213 3451.213 3451.213 3451.213 3451.213 3451.213 3451.213 3451.213 3451.213 3451.209 3451.588 3452.698 3453.847 3457.195 3458.371
3458.061 3458.078 3458.119 3457.95 3457.291 3456.986 3456.704 3456.363 3455.893 3454.739 3454.132 3453.38 3452.608 3451.363 3451.213 3451.213 3451.213 3451.213 3451.213 3451.213 3451.213 3451.213 3451.213 3451.213 3451.213 3451.213 3451.213 3451.213 3451.213 3451.213 3451.213 3451.213 3451.213 3451.213 3451.213 3451.213 3451.213 3451.213 3451.213 3451.4 3452.542 3455.237 3456.512 3457.757
3458.739 3458.787 3458.648 3458.381 3457.466 3456.914 3456.367 3455.869 3455.315 3454.164 3453.656 3453.008 3452.015 3451.213 3451.213 3451.213 3451.213 3451.213 3451.213 3451.213 3451.213 3451.213 3451.213 3451.213 3451.213 3451.213 3451.213 3451.213 3451.213 3451.213 3451.213 3451.213 3451.213 3451.213 3451.213 3451.213 3451.213 3451.213 3451.213 3451.204 3451.544 3454.84 3456.087 3457.421
3460.13 3460.239 3460.073 3459.506 3457.695 3456.726 3455.886 3455.292 3454.714 3453.732 3453.172 3452.259 3451.286 3451.213 3451.213 3451.213 3451.213 3451.213 3451.213 3451.213 3451.213 3451.213 3451.213 3451.213 3451.213 3451.213 3451.213 3451.213 3451.213 3451.213 3451.213 3451.213 3451.213 3451.213 3451.213 3451.213 3451.213 3451.213 3451.213 3451.213 3451.213 3454.272 3455.502 3456.552
3461.619 3461.744 3461.571 3460.936 3458.275 3456.915 3455.741 3454.831 3453.529 3453.143 3452.475 3451.693 3451.26 3451.213 3451.213 3451.213 3451.213 3451.213 3451.213 3451.213 3451.213 3451.213 3451.213 3451.213 3451.213 3451.213 3451.213 3451.213 3451.213 3451.213 3451.213 3451.213 3451.213 3451.213 3451.213 3451.213 3451.213 3451.213 3451.213 3451.213 3451.213 3452.701 3454.556 3455.727
3463.518 3463.214 3462.368 3461.452 3459.198 3457.426 3455.796 3454.307 3452.832 3452.446 3451.63 3451.223 3451.213 3451.213 3451.213 3451.213 3451.213 3451.213 3451.213 3451.213 3451.213 3451.213 3451.213 3451.213 3451.213 3451.213 3451.213 3451.213 3451.213 3451.213 3451.213 3451.213 3451.213 3451.213 3451.213 3451.213 3451.213 3451.213 3451.213 3451.213 3451.213 3451.208 3452.42 3454.282
3465.69 3465.055 3463.898 3462.349 3459.907 3458.034 3455.751 3453.787 3452.174 3451.543 3451.269 3451.226 3451.213 3451.213 3451.213 3451.213 3451.213 3451.213 3451.213 3451.213 3451.213 3451.213 3451.213 3451.213 3451.213 3451.213 3451.213 3451.213 3451.213 3451.213 3451.213 3451.213 3451.213 3451.213 3451.213 3451.213 3451.213 3451.213 3451.213 3451.213 3451.213 3451.213 3451.722 3453.087
3467.773 3466.7 3465.391 3461.805 3460.303 3458.567 3456.243 3454.038 3451.57 3451.344 3451.277 3451.229 3451.213 3451.213 3451.213 3451.213 3451.213 3451.213 3451.213 3451.213 3451.213 3451.213 3451.213 3451.213 3451.213 3451.213 3451.213 3451.213 3451.213 3451.213 3451.213 3451.213 3451.213 3451.213 3451.213 3451.213 3451.213 3451.213 3451.213 3451.213 3451.213 3451.213 3451.188 3451.541
3470.057 3468.438 3466.56 3462.57 3460.756 3459.141 3457.199 3454.313 3451.419 3451.371 3451.286 3451.231 3451.213 3451.213 3451.213 3451.213 3451.213 3451.213 3451.213 3451.213 3451.213 3451.213 3451.213 3451.213 3451.213 3451.213 3451.213 3451.213 3451.213 3451.213 3451.213 3451.213 3451.213 3451.213 3451.213 3451.213 3451.213 3451.213 3451.213 3451.213 3451.213 3451.213 3451.213 3451.225
3472.607 3470.598 3468.331 3463.656 3461.542 3459.559 3457.248 3454.725 3452.027 3451.503 3451.294 3451.233 3451.213 3451.213 3451.213 3451.213 3451.213 3451.213 3451.213 3451.213 3451.213 3451.213 3451.213 3451.213 3451.213 3451.213 3451.213 3451.213 3451.213 3451.213 3451.213 3451.213 3451.213 3451.213 3451.213 3451.213 3451.213 3451.213 3451.213 3451.213 3451.213 3451.213 3451.213 3451.213
3475.37 3473.146 3470.653 3465.092 3462.695 3460.505 3458.311 3456.111 3452.912 3452.438 3451.788 3451.557 3451.239 3451.213 3451.213 3451.213 3451.213 3451.213 3451.213 3451.213 3451.213 3451.213 3451.213 3451.213 3451.213 3451.213 3451.213 3451.213 3451.213 3451.213 3451.213 3451.213 3451.213 3451.213 3451.213 3451.213 3451.213 3451.213 3451.213 3451.213 3451.213 3451.213 3451.213 3451.213
3478.186 3475.933 3473.535 3467.475 3464.662 3462.317 3460.437 3458.453 3455.147 3453.945 3453.291 3452.641 3451.299 3451.213 3451.213 3451.213 3451.213 3451.213 3451.213 3451.213 3451.213 3451.213 3451.213 3451.213 3451.213 3451.213 3451.213 3451.213 3451.213 3451.213 3451.213 3451.213 3451.213 3451.213 3451.213 3451.213 3451.213 3451.213 3451.213 3451.213 3451.213 3451.213 3451.213 3451.213
3481.438 3479.153 3476.843 3471.317 3468.125 3465.147 3462.621 3460.754 3457.643 3456.041 3454.939 3454.057 3452.591 3452.05 3451.654 3451.213 3451.213 3451.213 3451.213 3451.213 3451.213 3451.213 3451.213 3451.213 3451.213 3451.213 3451.213 3451.213 3451.213 3451.213 3451.213 3451.213 3451.213 3451.213 3451.213 3451.213 3451.213 3451.213 3451.213 3451.213 3451.213 3451.213 3451.213 3451.213
3485.653 3483.024 3480.684 3475.56 3472.01 3468.44 3465.424 3462.853 3459.525 3458.028 3456.792 3455.854 3454.415 3453.934 3453.297 3452.442 3452.02 3451.213 3451.213 3451.213 3451.213 3451.213 3451.213 3451.213 3451.213 3451.213 3451.213 3451.213 3451.213 3451.213 3451.213 3451.213 3451.213 3451.213 3451.213 3451.213 3451.213 3451.213 3451.213 3451.213 3451.213 3451.213 3451.213 3451.213
3490.791 3487.831 3485.142 3479.759 3476.156 3472.208 3468.611 3465.377 3460.793 3459.553 3458.392 3457.575 3456.375 3455.828 3455.125 3454.35 3453.716 3451.545 3451.213 3451.213 3451.213 3451.213 3451.213 3451.213 3451.213 3451.213 3451.213 3451.213 3451.213 3451.213 3451.213 3451.213 3451.213 3451.213 3451.213 3451.213 3451.213 3451.213 3451.213 3451.213 3451.213 3451.213 3451.213 3451.213
3495.982 3492.734 3489.821 3483.788 3480.27 3476.369 3472.27 3464.991 3462.284 3460.67 3459.84 3459.337 3458.592 3458.058 3457.274 3456.287 3455.319 3453.197 3451.93 3451.213 3451.213 3451.213 3451.213 3451.213 3451.213 3451.213 3451.213 3451.213 3451.213 3451.213 3451.213 3451.213 3451.213 3451.213 3451.213 3451.213 3451.213 3451.213 3451.213 3451.213 3451.213 3451.213 3451.213 3451.213
3500.837 3497.473 3494.389 3487.929 3484.303 3480.611 3476.821 3468.754 3465.034 3462.663 3461.874 3461.438 3460.721 3460.439 3459.777 3458.552 3457.278 3454.866 3453.623 3452.276 3451.314 3451.213 3451.213 3451.213 3451.213 3451.213 3451.213 3451.213 3451.213 3451.213 3451.213 3451.213 3451.213 3451.213 3451.213 3451.213 3451.213 3451.213 3451.213 3451.213 3451.213 3451.213 3451.213 3451.213
3505.661 3502.39 3499.48 3492.844 3488.819 3484.94 3481.156 3473.436 3469.694 3467.043 3465.606 3464.747 3463.884 3463.346 3462.219 3460.701 3459.489 3456.892 3455.482 3453.632 3451.365 3451.213 3451.213 3451.213 3451.213 3451.213 3451.213 3451.213 3451.213 3451.213 3451.213 3451.213 3451.213 3451.213 3451.213 3451.213 3451.213 3451.213 3451.213 3451.213 3451.213 3451.213 3451.213 3451.213
3510.814 3507.784 3502.114 3498.286 3493.824 3489.52 3485.264 3477.64 3474.536 3472.109 3470.483 3469.199 3467.424 3466.58 3465.212 3463.512 3461.79 3459.101 3457.654 3455.836 3453.57 3451.213 3451.213 3451.213 3451.213 3451.213 3451.213 3451.213 3451.213 3451.213 3451.213 3451.213 3451.213 3451.213 3451.213 3451.213 3451.213 3451.213 3451.213 3451.213 3451.213 3451.213 3451.213 3451.213
3515.936 3513.081 3506.969 3503.218 3498.818 3494.115 3489.514 3481.019 3478.03 3475.816 3474.246 3473.46 3471.516 3470.219 3468.672 3467.074 3463.185 3461.515 3459.949 3458.097 3455.747 3451.213 3451.213 3451.213 3451.213 3451.213 3451.213 3451.213 3451.213 3451.213 3451.213 3451.213 3451.213 3451.213 3451.213 3451.213 3451.213 3451.213 3451.213 3451.213 3451.213 3451.213 3451.213 3451.213
3521.763 3518.396 3511.407 3507.593 3503.611 3498.978 3493.832 3484.666 3481.356 3479.058 3477.94 3477.344 3476.174 3474.999 3473.229 3471.211 3466.768 3464.664 3462.5 3460.354 3458.314 3454.019 3452.363 3451.213 3451.213 3451.213 3451.213 3451.213 3451.213 3451.213 3451.213 3451.213 3451.213 3451.213 3451.213 3451.213 3451.213 3451.213 3451.213 3451.213 3451.213 3451.213 3451.213 3451.213
3529.702 3524.809 3516.301 3512.921 3509.248 3504.528 3499.59 3490.663 3486.259 3483.331 3482.452 3481.846 3480.872 3479.861 3478.124 3476.082 3471.286 3468.521 3465.718 3462.925 3460.554 3456.541 3454.631 3453.099 3451.991 3451.213 3451.213 3451.213 3451.213 3451.213 3451.213 3451.213 3451.213 3451.213 3451.213 3451.213 3451.213 3451.213 3451.213 3451.213 3451.213 3451.213 3451.213 3451.213
3538.304 3532.338 3521.448 3517.782 3513.939 3509.235 3507.106 3497.7 3492.944 3489.36 3488.395 3486.251 3485.429 3484.448 3482.872 3481.235 3476.258 3473.068 3469.918 3466.66 3463.462 3459.66 3457.586 3453.099 3451.991 3451.311 3451.215 3451.213 3451.213 3451.213 3451.213 3451.213 3451.213 3451.213 3451.213 3451.213 3451.213 3451.213 3451.213 3451.213 3451.213 3451.213 3451.213 3451.213
3545.989 3540.381 3527.663 3521.902 3517.705 3515.698 3513.94 3504.919 3500.023 3495.098 3494.151 3490.936 3489.923 3488.949 3487.619 3486.055 3481.186 3478.083 3475.074 3472.189 3469.138 3459.66 3457.586 3454.616 3452.245 3452.383 3451.738 3451.248 3451.31 3451.309 3451.213 3451.213 3451.213 3451.213 3451.213 3451.213 3451.213 3451.213 3451.213 3451.213 3451.213 3451.213 3451.213 3451.213
3553.471 3548.136 3535.653 3528.433 3524.021 3523.967 3520.761 3512.606 3506.498 3498.802 3497.18 3495.892 3494.965 3493.783 3492.553 3490.838 3486.03 3482.939 3480.31 3478.73 3469.138 3464.054 3461.626 3458.979 3456.071 3454.065 3454.247 3454.348 3454.068 3453.454 3451.381 3451.472 3451.369 3451.213 3451.213 3451.213 3451.213 3451.213 3451.213 3451.213 3451.213 3451.213 3451.213 3451.213
3561.833 3555.999 3544.374 3538.761 3534.365 3530.569 3526.725 3517.7 3510.248 3501.119 3500.606 3500.349 3499.693 3498.795 3497.52 3496.052 3491.435 3488.673 3480.31 3478.73 3476.68 3470.49 3466.748 3463.258 3460.732 3458.838 3458.388 3457.661 3456.988 3456.188 3454.931 3454.236 3453.184 3451.759 3451.52 3451.213 3451.213 3451.213 3451.213 3451.213 3451.213 3451.213 3451.213 3451.213
3571.212 3564.24 3552.193 3546.618 3541.471 3536.772 3527.572 3522.751 3517.63 3512.434 3509.459 3506.888 3505.754 3504.607 3503.478 3501.678 3491.435 3488.673 3486.561 3485.308 3482.128 3478.584 3473.993 3469.621 3466.091 3463.395 3462.688 3461.966 3460.903 3459.793 3457.931 3456.934 3455.994 3455.208 3454.168 3451.323 3451.213 3451.213 3451.213 3451.213 3451.213 3451.213 3451.213 3451.213
3580.094 3572.87 3560.148 3554.728 3549.82 3545.087 3534.766 3530.035 3525.89 3522.915 3519.807 3514.344 3513.149 3512.483 3503.478 3501.678 3497.304 3494.858 3493.046 3491.842 3488.002 3484.592 3480.347 3476.512 3473.871 3470.322 3468.927 3467.378 3465.386 3463.591 3461.26 3460.168 3458.869 3457.676 3455.256 3453.284 3451.508 3451.213 3451.213 3451.213 3451.213 3451.213 3451.213 3451.213
3587.629 3581.178 3567.995 3562.413 3557.36 3552.302 3541.997 3536.572 3532.38 3529.101 3526.459 3521.553 3520.754 3512.483 3511.299 3509.45 3503.12 3500.165 3498.848 3498.633 3495.404 3491.691 3486.774 3482.433 3480.076 3478.526 3476.432 3473.894 3471.077 3468.691 3464.982 3463.23 3461.404 3459.883 3457.396 3455.835 3453.395 3451.213 3451.213 3451.213 3451.213 3451.213 3451.213 3451.213
3595.021 3582.308 3575.799 3569.738 3564.68 3560.491 3547.428 3540.196 3535.611 3534.681 3533.928 3521.553 3520.754 3521.358 3521.56 3519.411 3510.52 3507.119 3506.038 3505.969 3503.839 3500.644 3495.173 3490.166 3487.769 3485.632 3483.688 3480.897 3477.124 3473.871 3468.999 3466.792 3464.38 3462.2 3458.911 3457.447 3455.263 3452.502 3451.899 3451.213 3451.213 3451.213 3451.213 3451.213
3605.578 3589.607 3583.367 3577.419 3571.786 3567.286 3553.723 3543.459 3538.84 3534.681 3533.928 3530.821 3531.046 3528.418 3527.884 3523.007 3518.912 3516.132 3515.544 3515.224 3511.003 3507.054 3502.457 3498.373 3495.713 3492.628 3489.979 3485.964 3481.897 3475.339 3472.757 3470.572 3468.184 3465.244 3460.29 3459.1 3457.928 3456.353 3454.632 3451.422 3451.213 3451.213 3451.213 3451.213
3619.14 3596.368 3590.407 3584.634 3578.548 3570.674 3556.001 3543.459 3538.84 3537.951 3537.864 3546.246 3541.875 3535.532 3533.657 3528.253 3524.666 3522.843 3523.687 3524.139 3519.193 3514.11 3508.938 3504.305 3501.606 3500.9 3497.327 3491.808 3487.023 3479.284 3476.773 3475.148 3473.131 3469.582 3462.527 3460.885 3459.698 3458.471 3456.728 3452.883 3451.55 3451.213 3451.213 3451.213
3628.988 3604.497 3596.268 3589.875 3581.927 3573.016 3556.001 3548.878 3544.832 3543.698 3544.585 3560.267 3556.499 3542.461 3539.031 3533.616 3531.662 3530.519 3530.145 3529.812 3525.248 3521.05 3516.166 3511.755 3509.326 3506.84 3503.622 3498.598 3493.27 3484.109 3481.684 3481.018 3479.757 3476.532 3467.824 3464.708 3462.467 3460.481 3458.611 3454.352 3452.789 3451.653 3451.207 3451.213
3637.953 3613.964 3603.803 3594.906 3581.927 3573.016 3559.26 3555.99 3554.514 3554.839 3552.743 3564.112 3556.997 3548.502 3544.021 3538.46 3537.726 3537.763 3537.623 3536.312 3530.302 3526.445 3522.263 3518.455 3515.758 3512.019 3508.67 3504.087 3499.257 3491.451 3489.492 3488.561 3486.84 3483.556 3475.458 3471.162 3467.181 3463.5 3460.671 3455.905 3453.945 3452.534 3451.702 3451.213
3643.486 3623.406 3603.803 3594.906 3585.816 3578.751 3566.935 3564.493 3564.043 3563.357 3563.199 3561.525 3558.082 3552.718 3548.462 3543.308 3543.29 3543.988 3543.972 3542.869 3536.485 3532.344 3527.834 3523.539 3520.045 3519.019 3515.826 3510.29 3504.638 3499.73 3499.395 3497.417 3494.315 3490.776 3482.631 3477.841 3472.625 3467.413 3462.888 3457.775 3455.564 3453.654 3452.525 3451.332
3643.486 3623.406 3612.131 3601.984 3592.537 3584.491 3577.615 3577.464 3576.399 3575.473 3567.874 3563.274 3558.923 3555.754 3552.635 3550.094 3550.395 3550.2 3549.975 3548.55 3542.585 3538.842 3534.75 3530.593 3526.903 3525.688 3522.923 3517.779 3512.005 3507.467 3507.253 3505.34 3502.449 3498.708 3489.056 3483.961 3478.304 3471.766 3461.968 3459.373 3457.37 3455.457 3453.87 3452.097
