var/www/cgi-bin/BAERTOOLS/ravel/working/ravel-5155.prodgrd.txt
NCOLS 88
NROWS 114
XLLCORNER 772875.31
YLLCORNER 3877126.5
CELLSIZE 10
NODATA_VALUE -9999
[rows 84 to 111 of 114, columns 0 to 62 of 88]
0 -27.73946 -28.628948 -39.465529 -26.755716 0 0 0 -26.467519 -26.407281 -27.561362 -30.736531 0 -26.558166 -26.520693 -26.437011 0 0 0 -26.762353 -26.676847 0 0 0 -26.850234 -26.818773 -27.160683 0 0 0 -26.876314 -26.635491 0 0 0 -27.661354 -30.944048 -29.894659 -34.597972 -29.427416 -28.991322 -26.49938 -26.601291 -29.263851 -28.297151 -27.919991 -26.416834 -26.632109 -26.696266 -27.595581 -29.908147 -29.031501 -26.553376 -26.49489 0 0 0 -28.173279 -27.905403 -28.198685 0 0 0
0 -31.304251 -27.73946 -26.755716 -26.592919 0 0 0 -26.407281 -26.382112 -27.196368 -27.488261 0 -26.528868 -26.437011 -26.453247 -33.561021 -31.524992 -39.008527 -26.676847 -26.48783 0 0 0 -26.818773 -27.160683 -26.921015 0 0 0 -26.635491 -26.475597 0 0 0 -30.944048 -29.894659 -39.448425 -29.427416 -33.637783 -39.499679 -26.601291 -26.717744 -37.200866 -28.598678 -27.852236 -26.632109 -26.696266 -26.93436 -29.908147 -39.519074 -39.443113 -26.49489 -26.534885 -36.773143 0 0 -27.905403 -28.198685 -27.611531 0 0 0
0 0 0 -26.592919 -27.018248 0 0 0 -26.382112 -26.521656 -26.364877 -26.634063 -27.466027 0 -26.453247 -26.546278 -31.524992 -29.790016 -29.59674 -26.48783 -26.434739 -28.586764 -39.534923 0 0 -26.921015 -27.108793 0 0 -31.40589 -26.475597 -26.610068 0 0 0 0 -39.448425 -28.454542 0 -39.499679 0 -26.717744 -26.859298 -32.608967 -27.852236 -27.852236 -27.731453 -26.93436 -26.778392 -39.519074 -34.252163 -29.011278 -26.534885 -26.546675 0 0 0 0 -27.611531 -27.287845 0 0 0
0 0 0 -26.533242 -26.977245 -26.487514 -26.740104 -26.904407 -26.521656 -26.364877 -26.634063 -26.563462 -26.675834 -28.021451 -26.546278 -26.612552 -29.790016 -28.983414 -28.16494 -26.434739 -26.409275 -26.3647 -26.79991 0 0 -27.108793 -27.317926 0 0 0 -26.610068 -27.017789 -27.366605 0 0 0 -28.454542 -28.701319 0 0 0 -26.859298 -26.919889 -27.56896 -28.198685 -27.731453 -29.185537 -26.778392 -26.69907 -34.252163 -29.011278 -28.156665 -26.546675 -26.506325 -26.703647 0 -39.517312 0 -27.287845 -27.063845 0 0 0
-29.458933 -27.639629 -26.973032 -26.306754 -26.432738 -26.467325 -26.487514 -26.461025 -26.700371 -26.72793 -26.563462 -26.675834 -27.813539 -28.563261 -26.612552 -26.700806 -28.983414 -28.16494 -28.023263 -26.409275 -26.3647 -26.388025 -26.763126 -27.02752 0 -27.317926 -27.026585 0 0 0 -27.017789 -27.366605 -27.514222 0 0 0 -28.701319 -31.380117 0 0 0 -26.919889 -27.56896 -27.041267 -39.460812 -29.185537 -29.764728 -26.69907 -26.731469 -34.405836 -30.084987 -27.960008 -26.506325 -26.703647 -26.710514 -39.517312 -32.551414 -30.04835 -27.063845 0 0 0 0
-27.02752 -26.852482 -26.786256 -26.64771 -26.306754 -26.432738 -26.467325 -26.497728 -26.461025 -26.700371 -26.68736 -26.900797 -28.563261 -29.86796 -26.700806 -27.066358 -26.62754 -28.023263 -27.632513 -27.519319 -26.388025 -26.407354 -26.986644 -26.765196 -37.145553 -27.026585 -39.485557 -27.706578 0 -36.773143 -29.17657 -27.514222 -27.451881 0 0 0 -31.380117 0 -39.473779 0 -29.268578 -29.464242 -27.041267 -26.704086 0 -39.480847 -35.583738 -26.731469 -26.920639 -26.843561 -30.092394 -29.745983 -29.356065 -26.710514 -27.041748 -32.551414 -30.04835 -31.194381 -32.787858 -28.554557 -39.462581 0 0
-26.809667 -26.857992 -26.852482 -26.786256 -26.425879 -26.561639 -27.164275 -27.125379 -26.860937 -26.922898 -26.734086 -26.68736 -26.851517 -29.263851 -27.066358 -26.62754 -26.933973 -34.903228 -27.519319 -27.530653 -26.407354 -26.35467 -26.765196 -26.660989 -27.571144 -39.485557 -27.706578 0 0 -29.17657 -30.944048 -27.451881 -27.009594 0 0 0 0 -39.473779 0 0 -30.16797 -28.00707 -26.704086 -26.456918 0 0 0 -26.920639 -26.843561 -27.012765 -29.745983 -30.041102 -31.40589 -27.041748 -27.968556 0 -31.194381 -32.787858 -28.554557 -30.012365 -30.395241 0 0
-26.889087 -26.809667 -26.857992 -27.173965 -26.637826 -26.425879 -39.460222 -27.360017 -27.125379 -26.860937 -26.922898 -27.182577 -26.740347 -26.851517 -28.231291 -26.617073 -27.202103 0 -27.561362 -27.023327 -26.35467 -26.342195 -26.660989 -26.74205 -26.866557 -31.341914 0 0 0 0 -30.944048 -27.009594 -27.608086 0 0 0 0 0 -39.499679 0 0 -27.435261 -26.456918 -26.377384 -39.519662 0 0 0 -27.012765 -27.094278 -30.041102 -31.40589 -30.677631 -27.968556 -28.240149 0 0 -32.457688 -30.012365 -28.192278 -26.510795 0 0
-28.04712 -26.889087 -27.461281 -39.51555 -27.120908 -26.637826 0 -27.949849 -27.360017 -30.766541 -28.090737 -27.704001 0 0 0 -28.231291 -26.617073 0 0 -27.691232 -26.342195 -26.48179 -26.337235 -26.810539 -26.685065 -26.701678 -27.101219 -26.778123 0 0 0 -27.608086 -33.315929 0 0 0 0 -39.499679 0 0 0 -39.482614 -26.377384 -26.615055 -26.638186 0 -39.49615 0 -27.094278 -27.066358 -39.507911 -30.677631 -39.5132 -28.240149 -28.404849 -27.966841 0 -32.976702 -28.192278 -26.510795 -26.534505 -27.222946 0
0 -28.04712 0 0 -27.532732 -27.195734 0 -27.480452 -27.021474 -28.090737 -27.704001 -26.680315 0 0 0 -30.573367 -27.355117 0 0 0 -26.48179 -26.337235 -26.414765 -26.685065 -26.701678 -26.764419 -26.682992 -26.457474 0 0 0 -38.43514 -26.705186 -30.175681 0 0 0 0 0 0 0 0 -26.615055 -26.638186 -27.665031 -39.49615 0 0 -27.066358 -26.956536 0 0 0 -28.404849 -27.966841 -28.35467 0 -39.512612 -30.86938 -26.534505 -26.883518 -27.65042 -27.695042
0 0 0 0 -28.412561 -28.017836 -28.084942 -27.021474 -26.736722 -26.554192 -26.680315 -26.329265 -26.569002 -27.259809 -28.837149 -26.943343 -26.278309 -26.295818 -27.029864 0 0 -26.414765 -26.407354 -26.886642 -26.764419 -26.682992 -26.457474 -26.462916 -26.548401 0 0 0 -26.722338 -26.705186 -30.175681 0 0 0 0 0 0 0 0 -27.665031 -28.6568 0 0 0 -26.956536 -26.919889 -26.737444 -29.50731 0 0 -28.35467 -28.094617 0 0 0 -26.883518 -27.275472 -27.132153 0
0 0 0 0 -30.620178 -28.084942 -33.663718 -26.736722 -26.554192 -27.110976 -26.329265 -26.385638 -26.377321 -26.341057 -26.36606 -26.278309 -26.295818 -26.247052 -26.506439 -26.510102 -27.256303 -26.407354 -26.504289 -28.730734 0 -39.478491 -26.462916 -26.548401 -26.564025 0 0 0 -26.862912 -26.554737 0 0 0 0 0 0 0 0 0 -28.6568 -27.105534 0 0 0 -26.919889 -26.737444 -26.779736 -30.848459 -32.787858 0 -28.094617 -28.8443 0 -39.476135 0 -27.275472 -27.132153 -26.91282 0
0 -28.108314 0 0 0 -33.663718 -27.724837 -34.500819 -27.149451 -27.017789 -26.385638 -26.377321 -26.341057 -26.36606 -26.403494 -26.401413 -26.247052 -26.506439 -26.510102 -27.256303 -29.221917 -26.365645 -26.566147 -36.053325 0 0 -39.478491 -26.641451 -26.557339 0 0 -34.799096 -26.554737 -26.843246 -27.201463 0 0 0 0 -33.131007 0 0 0 -27.105534 -26.952901 0 0 0 0 -26.779736 -26.707174 -32.787858 -39.5132 -37.663958 -28.8443 -28.798453 -39.476135 -28.20513 0 0 -26.91282 -26.722338 0
-26.873792 -26.37345 -26.759276 -29.86796 0 -27.724837 -26.516641 -27.506138 -27.13901 -26.760811 -26.43854 -26.432489 -26.421426 -26.434822 -26.479029 -26.632641 -26.28578 -26.519734 -26.412567 -26.69972 -27.069897 -26.614888 -26.365645 0 -36.053325 0 0 -26.698205 -26.697126 0 -34.799096 -28.198685 -26.843246 -27.201463 -27.982389 -29.970018 0 0 -33.131007 -28.740682 0 0 0 -26.952901 -27.144787 -26.97979 0 0 -35.34563 -26.707174 -26.617749 -34.374646 -37.663958 -37.48588 -28.798453 -27.762553 -28.20513 0 0 0 -26.722338 -26.797649 0
-28.610702 -26.759276 -26.595265 -26.868892 -28.222502 -26.516641 -26.714563 -26.49048 -26.588436 -26.883864 -26.432489 -26.213493 -26.290825 -26.351139 -26.434822 -26.479029 -26.434404 -26.28578 -26.519734 -26.412567 -26.69972 -27.069897 -26.830218 0 0 0 0 -26.697126 -26.771474 -37.370151 -28.198685 -28.138276 -27.657693 -27.982389 -29.970018 0 0 0 -28.740682 -27.068883 0 0 0 -27.144787 -26.97979 -27.328789 0 0 -32.366605 -26.617749 -26.661764 -28.045265 -35.503032 -28.940655 -27.762553 -31.524992 -27.822325 0 0 0 -26.797649 -26.853449 -39.478491
0 -26.595265 -26.868892 0 0 -26.723264 -26.49048 -26.588436 -27.936465 0 -28.12619 -26.195381 -26.213493 -26.290825 -26.351139 -26.548801 -26.802755 -26.434404 -27.054402 0 0 0 0 -27.616147 0 0 0 -26.771474 -26.849914 -26.916899 -28.352216 -27.657693 -27.998185 -28.122191 -39.49615 0 0 0 -27.068883 -26.712083 -26.871576 0 0 0 -27.328789 -27.681154 0 0 -33.586437 -26.661764 -27.150623 -26.756984 -39.509086 -38.644137 -36.376884 -27.00465 -27.017789 0 0 0 -26.853449 -27.042229 -26.754201
-29.181047 -27.280538 -27.432528 0 0 0 0 0 0 0 -39.526708 -26.261538 -26.195381 -26.675631 -28.543044 0 -39.506735 -27.157112 -28.446559 0 0 0 -27.616147 -26.928976 0 0 0 -26.849914 -26.916899 -27.118685 -33.199247 -28.374488 -28.122191 -28.158728 -26.553648 0 0 -27.701432 -26.712083 -26.871576 -26.603865 0 0 0 -27.681154 -27.711755 0 -33.586437 -35.7074 -27.150623 -26.756984 -27.706578 0 0 0 -26.894017 -26.87225 0 0 0 -27.042229 -26.754201 -26.93591
-27.999956 -27.17764 -27.280538 0 -27.985878 -26.768584 -26.656375 -27.09747 0 0 0 -26.294968 -26.267775 -39.46435 -39.536683 0 0 -28.446559 -28.808901 0 0 0 -26.928976 -26.791495 -39.486735 -39.448425 0 -39.53551 -27.118685 -26.926687 0 -32.384616 -28.158728 -26.553648 -26.649387 -27.370755 -27.701432 -28.108314 -26.977668 -26.603865 -26.454251 -26.961836 -28.847889 0 -27.711755 -27.118685 0 -35.7074 -39.501443 0 -27.706578 -26.948098 0 -27.348639 -27.840154 -26.87225 -26.845774 0 0 0 0 -26.93591 -27.686178
0 -27.17764 -27.280538 0 0 -27.603516 -26.656375 -29.529248 -39.527295 -28.500777 -27.960008 -26.330083 -26.338906 -26.566858 0 0 0 -28.808901 -27.994653 0 0 0 -26.791495 -26.696911 -26.622348 -27.889451 -28.397186 -29.072774 -26.926687 -26.614553 0 0 -29.381204 -26.649387 -27.083768 -27.12594 -27.166683 -26.977668 -27.276193 -26.454251 -26.376943 -26.546145 -26.527139 -27.047064 -27.118685 -26.741076 -26.737444 0 0 0 -26.948098 -26.804186 -27.348639 -27.603516 -29.727423 -26.845774 -27.184439 0 0 0 0 -27.13386 -27.958308
0 0 0 0 0 0 -38.23294 0 -27.434349 -27.045609 -27.977179 -26.558719 -26.566858 -26.70146 0 0 0 -27.994653 -27.499135 0 0 0 -26.696911 -26.622348 -26.599057 -27.469846 -27.269018 -27.51017 -26.614553 -26.437944 -27.814997 -37.785776 -39.470244 -27.083768 -27.12594 -27.166683 -27.603516 -27.088998 -26.744744 -26.376943 -26.430592 -26.527139 -27.039828 -27.713054 -26.741076 -26.652014 -26.652014 -27.408392 0 0 -26.804186 -27.463176 -27.603516 -27.031276 -27.779227 -28.287836 -26.68946 -27.587723 0 0 0 -26.874616 -27.13386
0 0 0 0 0 0 0 0 0 -27.434349 -27.045609 -27.977179 -27.124258 -26.883864 0 0 0 -27.499135 -27.402267 -27.16128 0 -39.497326 -30.620178 -26.599057 -26.560523 -27.269018 -27.141891 -26.997105 -26.437944 -26.415759 -26.831747 -26.957348 -27.730126 -39.454325 -27.401396 -27.180103 -27.088998 -27.142469 -27.12594 -26.430592 -26.873939 -27.039828 -27.713054 0 -27.686178 -26.722801 -27.408392 -27.684919 -26.882482 0 -26.490587 -26.628413 -26.638006 -26.873939 -27.031276 -27.779227 -27.053418 -26.68946 0 0 0 -27.109338 -26.874616
0 -28.525967 -30.901102 0 0 0 0 0 0 0 0 0 -27.343821 -27.540054 0 0 0 -27.402267 -27.16128 -27.147114 0 -39.08394 -32.295569 -26.560523 -26.535646 -27.141891 -26.997105 -27.009142 -26.415759 -26.437011 -26.418689 -26.821754 -27.168495 -28.425525 -27.180103 -26.799061 -27.142469 -27.12594 -28.269432 -32.075265 -29.643187 -26.823553 -39.476724 -27.686178 -27.470804 -26.907315 -27.35838 -26.882482 -28.610702 -31.931565 -26.869227 -26.490587 -26.628413 -26.638006 -26.873939 -28.880603 -27.137288 -27.053418 0 0 0 0 -27.109338
0 -27.663803 -28.525967 -30.901102 0 0 0 0 0 0 0 0 -27.540054 -29.376146 0 0 -39.540789 -31.931565 -27.147114 -26.717744 -30.369712 -28.975547 -29.437858 -26.535646 -26.614553 -27.472723 -27.145368 -27.014586 -26.437011 -26.418689 -26.428873 -26.688618 -26.812582 -27.317157 -26.799061 -26.64383 -28.240149 -28.269432 -32.075265 -29.643187 -26.823553 -27.24384 -39.486146 -28.374488 -26.907315 -26.612552 -27.041267 0 -31.10047 -28.610702 -27.831196 -26.310895 -26.489311 -26.681137 -27.264751 0 -26.882137 -27.137288 0 0 0 0 -27.180103
0 -27.627803 -26.809377 -26.704965 0 0 0 0 0 0 0 0 -29.376146 0 0 -39.540789 -31.931565 -29.039667 -26.717744 -26.383998 -26.619105 -26.885598 -27.625458 -26.614553 -26.773589 -26.796804 -27.182577 -27.019168 -26.97894 -26.428873 -26.502941 -26.812582 -26.970939 -27.281265 -26.64383 -26.456548 -26.568142 0 0 0 -27.24384 -27.24384 -27.884718 -28.548787 -28.25808 -26.845457 -26.612552 -29.928555 0 0 -34.799096 -26.429363 -26.310895 -27.365778 -39.494385 0 -28.534476 -26.882137 -39.541375 0 0 0 -26.911714
0 -26.809377 -26.704965 -26.505079 -27.229609 -29.60824 0 0 0 0 0 0 0 0 0 -37.910166 -27.204027 -26.900079 -26.383998 -26.367671 -26.376817 -26.376503 -26.513818 -26.773589 -26.796804 -27.87221 -27.502129 -27.224273 -26.916527 -26.502941 -26.543253 -26.970939 -27.281265 -27.671195 -26.456548 -26.568142 -26.502717 0 0 -28.873268 -26.451434 -26.833283 -27.884718 -26.889788 -27.564609 -28.25808 -26.917272 -27.466027 0 0 0 -26.463486 -26.429363 0 0 0 0 -27.894209 -27.960008 0 0 0 -26.719345
0 -28.352216 -26.505079 -26.552834 -27.296724 -27.389319 -39.500267 0 0 0 0 0 0 0 0 -27.204027 -26.900079 -26.884904 -26.367671 -26.376817 -26.376503 -26.513818 -26.421898 -26.366298 -26.363408 -26.332026 -26.665275 -26.858971 -26.923275 -26.543253 -26.81083 -27.465075 -39.523185 0 -28.409985 -26.483752 -26.611224 -31.5115 -26.774917 -26.495869 -26.275187 -26.451434 -26.833283 -26.889788 -26.889788 -27.564609 -27.119795 -26.917272 0 0 0 -26.436083 -26.526647 0 0 0 0 -28.084942 -27.403138 0 0 0 -26.734803
0 -27.829712 -26.552834 -26.763643 -27.389319 -28.435997 -27.776426 -31.565868 0 0 -29.102341 0 -27.128192 -26.987075 -27.859868 -29.007265 -27.391889 -27.015043 -26.498057 -26.519615 -26.415223 -26.421898 -26.366298 -26.363408 -26.332026 -26.413095 -26.762096 -26.923275 -27.049987 -26.81083 -27.096937 -27.227603 -29.060275 -28.895385 -27.409271 -26.410093 -26.483752 -26.740104 -26.497947 -26.49938 -26.495869 -26.275187 -26.599057 -26.882482 -26.889788 0 -27.192575 -27.119795 -29.745983 0 0 -26.548801 -26.64273 -26.727226 0 0 0 -27.403138 -27.317157 0 0 0 -26.971357
0 -31.692206 -26.763643 -27.464125 -28.435997 -27.776426 -27.384206 -27.317157 -28.316009 -28.181682 -30.554908 -27.128192 -26.750689 -26.537048 -26.603704 -27.393608 -29.007265 -28.682058 -26.519615 -26.415223 -26.719804 -26.719116 -26.682992 -26.706068 -26.413095 -26.762096 -27.790519 0 -28.520325 -27.096937 -26.394261 -26.595893 -27.227603 -29.060275 -28.895385 -26.390374 -26.410093 -26.655994 -26.661764 -26.497947 -26.49938 -26.848636 -27.118131 -28.921621 -33.535775 0 -27.689966 -27.192575 -31.869858 -29.745983 0 -27.325667 -26.712532 -26.712532 0 0 0 -27.317157 -28.005286 0 0 0 -27.683662
