var/www/cgi-bin/BAERTOOLS/ravel/working/ravel-12079.DEM
NCOLS 43
NROWS 231
XLLCORNER 616413.99
YLLCORNER 4621775.4
CELLSIZE 10
NODATA_VALUE -9999
[rows 0 to 40 of 231, columns 0 to 42 of 43]
1392.406 1392.337 1391.831 1391.396 1391.103 1390.983 1391.021 1391.019 1391.197 1391.369 1391.518 1391.6 1391.663 1391.708 1391.706 1391.552 1391.471 1391.391 1391.298 1391.292 1391.273 1391.272 1391.167 1391.15 1391.337 1391.02 1390.851 1390.602 1390.138 1390.078 1390.009 1390.002 1389.896 1389.901 1389.899 1389.939 1389.998 1389.991 1389.985 1389.954 1389.875 1389.861 1389.829
1392.611 1392.591 1392.222 1391.851 1391.531 1391.339 1391.38 1391.374 1391.54 1391.678 1391.821 1391.9 1392.028 1392.014 1392.01 1391.892 1391.806 1391.727 1391.703 1391.675 1391.608 1391.585 1391.513 1391.426 1391.337 1391.02 1390.803 1390.491 1390.333 1390.176 1390.102 1390.018 1390.006 1390.003 1390.005 1390.155 1390.202 1390.203 1390.276 1390.178 1390.18 1390.18 1390.031
1392.823 1392.771 1392.611 1392.399 1392.11 1391.805 1391.792 1391.833 1391.868 1392.032 1392.184 1392.258 1392.327 1392.319 1392.317 1392.286 1392.198 1392.116 1392.026 1391.971 1391.946 1391.849 1391.584 1391.477 1391.288 1390.95 1390.803 1390.491 1390.309 1390.196 1390.19 1390.126 1390.104 1390.12 1390.201 1390.357 1390.435 1390.504 1390.505 1390.499 1390.483 1390.406 1390.277
1392.903 1392.984 1392.897 1392.791 1392.608 1392.369 1392.321 1392.357 1392.346 1392.41 1392.5 1392.621 1392.63 1392.633 1392.633 1392.543 1392.46 1392.382 1392.305 1392.107 1392.014 1391.854 1391.638 1391.413 1391.095 1390.896 1390.669 1390.4 1390.309 1390.207 1390.209 1390.203 1390.207 1390.222 1390.31 1390.565 1390.64 1390.708 1390.707 1390.783 1390.687 1390.606 1390.554
1392.971 1393.088 1393.066 1393.078 1393.053 1392.883 1392.816 1392.812 1392.855 1392.842 1392.844 1392.926 1392.922 1392.882 1392.844 1392.74 1392.661 1392.586 1392.511 1392.222 1392.119 1391.967 1391.554 1391.252 1391.011 1390.728 1390.505 1390.375 1390.295 1390.207 1390.209 1390.221 1390.307 1390.361 1390.517 1390.66 1390.771 1390.908 1390.92 1390.983 1390.909 1390.904 1390.753
1393.072 1393.08 1393.232 1393.34 1393.336 1393.25 1393.244 1393.289 1393.323 1393.327 1393.317 1393.26 1393.209 1393.123 1393.078 1392.922 1392.803 1392.697 1392.628 1392.369 1392.188 1392.041 1391.378 1391.011 1390.967 1390.614 1390.413 1390.303 1390.216 1390.299 1390.287 1390.221 1390.307 1390.569 1390.716 1390.798 1390.952 1391.042 1391.201 1391.234 1391.213 1391.126 1390.966
1393.109 1393.219 1393.338 1393.458 1393.452 1393.588 1393.605 1393.679 1393.685 1393.651 1393.603 1393.563 1393.477 1393.445 1393.408 1393.263 1392.937 1392.811 1392.667 1392.403 1392.169 1391.963 1391.205 1390.95 1390.858 1390.722 1390.393 1390.396 1390.343 1390.309 1390.297 1390.298 1390.391 1390.569 1390.716 1390.904 1391.213 1391.375 1391.526 1391.658 1391.609 1391.451 1391.23
1393.203 1393.356 1393.519 1393.651 1393.69 1393.785 1393.917 1393.973 1393.917 1393.936 1393.857 1393.861 1393.763 1393.745 1393.603 1393.408 1393.164 1393.032 1392.798 1392.428 1392.137 1391.787 1391.138 1390.949 1390.792 1390.607 1390.408 1390.396 1390.396 1390.363 1390.292 1390.311 1390.515 1390.687 1390.83 1390.904 1391.549 1391.775 1391.928 1391.942 1391.931 1391.849 1391.531
1393.225 1393.373 1393.693 1393.809 1394.009 1394.088 1394.233 1394.284 1394.255 1394.274 1394.237 1394.178 1394.013 1393.922 1393.799 1393.561 1393.312 1393.169 1392.903 1392.46 1392.12 1391.729 1391.125 1390.943 1390.757 1390.566 1390.484 1390.426 1390.398 1390.364 1390.329 1390.392 1390.652 1390.886 1391.013 1391.122 1391.549 1391.775 1392.121 1392.197 1392.243 1392.153 1391.842
1393.246 1393.454 1393.894 1394.055 1394.158 1394.292 1394.476 1394.597 1394.599 1394.553 1394.506 1394.481 1394.281 1394.128 1393.997 1393.82 1393.456 1393.317 1393.009 1392.478 1392.113 1391.726 1391.06 1390.883 1390.691 1390.617 1390.481 1390.463 1390.434 1390.395 1390.401 1390.417 1390.708 1390.93 1391.019 1391.363 1391.757 1391.969 1392.121 1392.197 1392.539 1392.458 1392.203
1393.276 1393.557 1394.112 1394.297 1394.421 1394.569 1394.832 1394.903 1394.901 1394.927 1394.835 1394.789 1394.547 1394.366 1394.258 1394.067 1393.617 1393.401 1393.095 1392.495 1392.097 1391.716 1391.024 1390.827 1390.693 1390.617 1390.462 1390.435 1390.495 1390.414 1390.445 1390.528 1390.597 1390.916 1391.055 1391.515 1392.02 1392.175 1392.325 1392.502 1392.539 1392.458 1392.71
1393.231 1393.656 1394.26 1394.531 1394.734 1394.886 1395.16 1395.202 1395.198 1395.315 1395.247 1395.096 1395.018 1394.702 1394.565 1394.341 1393.846 1393.566 1393.262 1392.533 1392.13 1391.704 1391.306 1390.825 1390.681 1390.566 1390.496 1390.496 1390.497 1390.523 1390.516 1390.599 1390.67 1390.969 1391.171 1391.622 1392.165 1392.389 1392.553 1392.712 1392.767 1392.763 1392.71
1393.251 1393.763 1394.213 1394.835 1395.047 1395.198 1395.495 1395.603 1395.592 1395.571 1395.516 1395.473 1395.347 1395.035 1394.86 1394.571 1394.107 1393.677 1393.329 1392.638 1392.223 1391.746 1391.347 1390.882 1390.727 1390.561 1390.495 1390.503 1390.535 1390.547 1390.54 1390.591 1390.685 1391.058 1391.276 1391.751 1392.412 1392.639 1392.869 1393.041 1393.103 1393.095 1393.1
1393.365 1393.96 1394.509 1395.141 1395.345 1395.499 1395.867 1395.938 1395.995 1395.941 1395.86 1395.796 1395.637 1395.39 1395.163 1394.912 1394.276 1393.881 1393.446 1392.719 1392.264 1391.907 1391.466 1390.919 1390.781 1390.672 1390.51 1390.508 1390.592 1390.559 1390.606 1390.639 1390.792 1391.097 1391.465 1392.004 1392.707 1392.921 1393.123 1393.397 1393.479 1393.489 1393.503
1393.773 1394.359 1394.833 1395.591 1395.838 1395.913 1396.275 1396.337 1396.411 1396.404 1396.336 1396.183 1396.087 1395.788 1395.537 1395.249 1394.516 1394.178 1393.713 1392.908 1392.406 1391.971 1391.602 1390.958 1390.833 1390.713 1390.564 1390.548 1390.59 1390.593 1390.623 1390.746 1390.87 1391.185 1391.767 1392.302 1392.94 1393.134 1393.308 1393.74 1393.757 1393.842 1393.926
1394.391 1394.976 1395.375 1396.005 1396.28 1396.414 1396.682 1396.725 1396.73 1396.823 1396.787 1396.679 1396.53 1396.187 1395.93 1395.617 1394.947 1394.54 1394.073 1393.185 1392.678 1392.153 1391.796 1391.081 1390.87 1390.758 1390.647 1390.642 1390.595 1390.631 1390.685 1390.851 1390.926 1391.312 1391.975 1392.543 1393.249 1393.51 1393.738 1393.963 1394.275 1394.345 1394.42
1395.161 1395.593 1395.825 1396.372 1396.614 1396.908 1397.196 1397.232 1397.224 1397.298 1397.182 1397.094 1397.002 1396.676 1396.417 1396.095 1395.382 1395.024 1394.54 1394.021 1393.021 1392.439 1391.996 1391.169 1390.922 1390.856 1390.72 1390.672 1390.639 1390.668 1390.829 1390.897 1390.955 1391.609 1392.29 1392.863 1393.583 1393.946 1394.191 1394.39 1394.714 1394.776 1394.845
1396.112 1396.336 1396.63 1397.052 1397.212 1397.438 1397.601 1397.674 1397.733 1397.735 1397.715 1397.693 1397.614 1397.167 1396.928 1396.671 1395.96 1395.53 1395.111 1394.497 1393.472 1392.845 1392.325 1391.347 1391.046 1390.937 1390.825 1390.809 1390.808 1390.792 1390.924 1390.923 1391.106 1392.026 1392.658 1393.22 1394.058 1394.408 1394.67 1394.848 1395.208 1395.302 1395.397
1397.125 1397.258 1397.394 1397.72 1397.913 1397.978 1398.112 1398.18 1398.252 1398.33 1398.225 1398.217 1398.133 1397.762 1397.538 1397.367 1396.597 1396.169 1395.717 1395.282 1394.135 1393.561 1392.956 1391.763 1391.477 1391.214 1390.912 1390.891 1390.896 1390.934 1391.209 1391.314 1391.621 1392.562 1393.11 1393.687 1394.596 1394.912 1395.12 1395.35 1395.692 1395.818 1395.979
1398.119 1398.174 1398.236 1398.357 1398.444 1398.588 1398.732 1398.809 1398.858 1398.778 1398.812 1398.733 1398.723 1398.414 1398.227 1397.99 1397.396 1396.952 1396.488 1396.102 1394.937 1394.44 1393.801 1392.672 1392.277 1391.968 1391.549 1391.499 1391.502 1391.577 1391.847 1392.073 1392.37 1393.24 1393.784 1394.269 1394.699 1395.439 1395.688 1395.913 1396.293 1396.407 1396.49
1398.968 1398.894 1398.954 1399.045 1399.046 1399.113 1399.252 1399.322 1399.392 1399.461 1399.463 1399.434 1399.349 1399.128 1398.955 1398.78 1398.257 1397.856 1397.375 1396.975 1395.984 1395.448 1394.935 1393.798 1393.399 1393.03 1392.831 1392.576 1392.571 1392.525 1392.74 1392.938 1393.249 1394.113 1394.558 1394.954 1395.29 1396.019 1396.314 1396.538 1396.873 1397.038 1397.052
1399.711 1399.717 1399.695 1399.654 1399.643 1399.638 1399.704 1399.76 1399.91 1399.986 1400.014 1400.073 1400.057 1399.89 1399.771 1399.606 1399.442 1398.828 1398.484 1398.088 1397.019 1396.552 1396.148 1395.147 1394.723 1394.38 1394.082 1393.827 1393.761 1393.723 1393.935 1394.131 1394.328 1394.99 1395.29 1395.667 1395.972 1396.683 1396.933 1397.201 1397.494 1397.594 1397.705
1400.532 1400.497 1400.404 1400.153 1400.154 1400.15 1400.216 1400.245 1400.335 1400.481 1400.637 1400.71 1400.771 1400.657 1400.601 1400.425 1400.262 1399.753 1399.428 1399.097 1398.269 1397.838 1397.367 1396.486 1396.069 1395.811 1395.473 1395.239 1395.151 1395.077 1395.149 1395.337 1395.475 1395.894 1396.198 1396.53 1396.774 1397.338 1397.607 1397.87 1398.156 1398.279 1398.432
1400.532 1400.994 1400.901 1400.671 1400.64 1400.57 1400.632 1400.698 1400.839 1400.911 1401.264 1401.346 1401.487 1401.485 1401.453 1401.351 1401.187 1400.776 1400.448 1400.196 1399.553 1399.201 1398.78 1397.86 1397.505 1397.258 1396.995 1396.66 1396.507 1396.42 1396.443 1396.45 1396.606 1396.887 1397.124 1397.333 1397.662 1398.06 1398.318 1398.539 1398.888 1398.983 1399.092
1401.218 1400.994 1400.901 1401.103 1401.057 1401.087 1401.15 1401.182 1401.27 1401.419 1401.717 1401.866 1402.009 1402.116 1402.073 1401.981 1401.888 1401.712 1401.585 1401.341 1400.692 1400.37 1400.031 1399.095 1398.79 1398.63 1398.387 1397.956 1397.855 1397.697 1397.67 1397.647 1397.671 1397.669 1398.032 1398.188 1398.453 1398.883 1399.111 1399.332 1399.671 1399.768 1399.827
1401.814 1401.579 1401.39 1401.103 1401.057 1401.581 1401.586 1401.725 1401.809 1401.949 1402.307 1402.386 1402.528 1402.614 1402.638 1402.713 1402.787 1402.645 1402.524 1402.276 1401.774 1401.507 1401.174 1400.766 1400.055 1399.701 1399.521 1399.14 1398.94 1398.849 1398.735 1398.734 1398.716 1398.685 1398.929 1399.036 1399.314 1399.679 1399.866 1400.095 1400.37 1400.464 1400.528
1402.3 1402.033 1401.728 1401.545 1401.424 1401.581 1402.083 1402.384 1402.516 1402.589 1402.863 1402.988 1403.061 1403.201 1403.337 1403.335 1403.4 1403.367 1403.277 1403.186 1402.824 1402.545 1402.219 1401.896 1401.132 1400.82 1400.58 1400.238 1400.041 1399.824 1399.652 1399.596 1399.593 1399.622 1399.878 1400.013 1400.198 1400.487 1400.634 1400.808 1401.105 1401.198 1401.198
1402.701 1402.446 1402.224 1402.058 1401.839 1401.977 1402.083 1402.384 1403.038 1403.187 1403.38 1403.535 1403.672 1403.749 1403.884 1403.943 1403.935 1403.883 1403.794 1403.707 1403.442 1403.315 1403.055 1402.739 1402.07 1401.761 1401.521 1401.191 1401.012 1400.762 1400.391 1400.328 1400.34 1400.53 1400.799 1400.879 1401.025 1401.351 1401.525 1401.612 1401.846 1401.893 1401.932
1403.168 1402.873 1402.644 1402.475 1402.309 1402.332 1402.549 1402.886 1403.038 1403.187 1404 1404.127 1404.205 1404.348 1404.4 1404.456 1404.451 1404.394 1404.307 1404.22 1403.902 1403.746 1403.574 1403.331 1403.033 1402.686 1402.363 1401.948 1401.673 1401.502 1400.997 1400.987 1401.063 1401.208 1401.633 1401.798 1401.873 1402.194 1402.385 1402.448 1402.575 1402.545 1402.508
1403.629 1403.393 1403.16 1402.99 1402.835 1402.876 1403.015 1403.41 1403.552 1403.698 1404 1404.127 1404.796 1404.865 1404.975 1404.974 1404.959 1404.802 1404.721 1404.629 1404.316 1404.149 1404.002 1403.919 1403.501 1403.348 1403.182 1402.562 1402.259 1402.041 1401.936 1401.591 1401.696 1401.912 1402.27 1402.484 1402.616 1403.022 1403.155 1403.215 1403.229 1403.202 1403.098
1404.134 1403.9 1403.697 1403.553 1403.42 1403.501 1403.631 1403.919 1404.073 1404.213 1404.278 1404.657 1404.796 1405.286 1405.349 1405.457 1405.387 1405.327 1405.208 1405.048 1404.964 1404.666 1404.506 1404.346 1404.029 1403.85 1403.614 1403.132 1402.886 1402.651 1402.489 1402.242 1402.407 1402.561 1402.963 1403.114 1403.258 1403.483 1403.622 1403.684 1403.689 1403.648 1403.49
1404.907 1404.501 1404.358 1404.278 1404.131 1404.13 1404.173 1404.449 1404.588 1404.732 1404.806 1405.068 1405.198 1405.286 1405.349 1405.805 1405.875 1405.723 1405.615 1405.466 1405.38 1405.074 1404.927 1404.846 1404.502 1404.258 1404.021 1403.538 1403.324 1403.163 1402.995 1402.955 1403.047 1403.19 1403.501 1403.643 1403.791 1404.049 1404.131 1404.193 1404.129 1403.949 1403.794
1405.517 1405.193 1405.04 1404.953 1404.859 1404.851 1404.837 1405.041 1405.112 1405.219 1405.312 1405.564 1405.637 1405.778 1405.786 1405.805 1405.875 1406.134 1406.062 1405.983 1405.894 1405.592 1405.447 1405.359 1404.898 1404.685 1404.524 1404.049 1403.836 1403.676 1403.507 1403.481 1403.572 1403.72 1403.955 1404.177 1404.314 1404.385 1404.441 1404.443 1404.437 1404.289 1404.171
1406.142 1405.8 1405.682 1405.596 1405.567 1405.539 1405.563 1405.66 1405.709 1405.717 1405.815 1406.09 1406.151 1406.198 1406.252 1406.306 1406.289 1406.134 1406.573 1406.477 1406.323 1406.105 1405.942 1405.784 1405.358 1405.182 1404.943 1404.506 1404.384 1404.291 1404.128 1404.105 1404.181 1404.251 1404.431 1404.601 1404.741 1404.787 1404.848 1404.832 1404.758 1404.605 1404.491
1406.783 1406.519 1406.406 1406.326 1406.223 1406.193 1406.241 1406.287 1406.339 1406.386 1406.391 1406.573 1406.631 1406.64 1406.719 1406.706 1406.697 1406.601 1406.573 1406.477 1406.816 1406.494 1406.357 1406.278 1405.828 1405.614 1405.459 1405.303 1405 1404.922 1404.836 1404.684 1404.699 1404.769 1404.913 1404.988 1405.064 1405.139 1405.124 1405.057 1405.048 1404.92 1404.801
1407.498 1407.246 1407.12 1406.996 1406.886 1406.856 1406.851 1406.925 1406.969 1406.961 1407.012 1407.01 1407.07 1407.127 1407.115 1407.112 1407.109 1407.117 1406.969 1406.901 1406.816 1406.494 1406.794 1406.708 1406.396 1406.244 1406.083 1405.919 1405.652 1405.641 1405.558 1405.375 1405.302 1405.297 1405.384 1405.4 1405.468 1405.468 1405.544 1405.448 1405.373 1405.119 1405.024
1408.15 1407.903 1407.774 1407.65 1407.589 1407.512 1407.511 1407.545 1407.632 1407.646 1407.604 1407.615 1407.574 1407.563 1407.572 1407.548 1407.542 1407.52 1407.443 1407.396 1407.249 1406.923 1406.794 1406.708 1406.967 1406.864 1406.697 1406.538 1406.352 1406.256 1406.171 1405.999 1405.906 1405.825 1405.907 1405.893 1405.888 1405.885 1405.774 1405.765 1405.688 1405.414 1405.325
1408.824 1408.557 1408.444 1408.372 1408.245 1408.184 1408.181 1408.174 1408.228 1408.256 1408.198 1408.18 1408.12 1408.119 1408.138 1408.065 1408.059 1407.99 1407.981 1407.827 1407.745 1407.49 1407.411 1407.324 1406.967 1407.461 1407.329 1407.235 1407.035 1406.881 1406.787 1406.614 1406.524 1406.446 1406.366 1406.302 1406.302 1406.3 1406.154 1406.058 1405.9 1405.736 1405.615
1409.479 1409.258 1409.169 1409.038 1408.91 1408.852 1408.848 1408.798 1408.84 1408.831 1408.832 1408.716 1408.746 1408.711 1408.656 1408.602 1408.576 1408.578 1408.433 1408.345 1408.305 1408.081 1407.922 1407.827 1407.629 1407.461 1407.329 1407.881 1407.678 1407.573 1407.417 1407.178 1407.062 1407.047 1406.888 1406.804 1406.71 1406.625 1406.46 1406.377 1406.296 1406.052 1405.829
1410.083 1409.889 1409.753 1409.643 1409.587 1409.504 1409.459 1409.412 1409.391 1409.385 1409.379 1409.313 1409.299 1409.215 1409.226 1409.175 1409.121 1409.113 1409.05 1408.928 1408.944 1408.68 1408.535 1408.386 1408.282 1408.05 1408.031 1407.881 1407.678 1408.114 1408.023 1407.742 1407.668 1407.563 1407.4 1407.286 1407.123 1407.036 1406.877 1406.774 1406.616 1406.357 1406.13
1410.704 1410.492 1410.342 1410.266 1410.205 1410.105 1410.021 1410.021 1409.952 1409.952 1409.944 1409.953 1409.839 1409.761 1409.796 1409.772 1409.74 1409.705 1409.667 1409.565 1409.415 1409.248 1409.174 1409.09 1408.944 1408.734 1408.648 1408.574 1408.252 1408.114 1408.023 1408.364 1408.251 1408.08 1407.915 1407.684 1407.535 1407.45 1407.224 1407.17 1406.935 1406.717 1406.525
