var/www/cgi-bin/BAERTOOLS/ravel/working/ravel-12067.DEM
NCOLS 82
NROWS 113
XLLCORNER 616393.99
YLLCORNER 4622965.4
CELLSIZE 10
NODATA_VALUE -9999
[rows 28 to 55 of 113, columns 0 to 62 of 82]
1403.339 1403.159 1402.701 1402.446 1402.224 1402.058 1401.839 1401.977 1402.083 1402.384 1403.038 1403.187 1403.38 1403.535 1403.672 1403.749 1403.884 1403.943 1403.935 1403.883 1403.794 1403.707 1403.442 1403.315 1403.055 1402.739 1402.07 1401.761 1401.521 1401.191 1401.012 1400.762 1400.391 1400.328 1400.34 1400.53 1400.799 1400.879 1401.025 1401.351 1401.525 1401.612 1401.846 1401.893 1401.932 1401.851 1401.732 1401.631 1401.449 1401.298 1401.133 1401.014 1400.772 1400.643 1400.547 1400.546 1400.396 1400.317 1400.261 1400.116 1400.11 1400.05 1399.964
1403.832 1403.593 1403.168 1402.873 1402.644 1402.475 1402.309 1402.332 1402.549 1402.886 1403.038 1403.187 1404 1404.127 1404.205 1404.348 1404.4 1404.456 1404.451 1404.394 1404.307 1404.22 1403.902 1403.746 1403.574 1403.331 1403.033 1402.686 1402.363 1401.948 1401.673 1401.502 1400.997 1400.987 1401.063 1401.208 1401.633 1401.798 1401.873 1402.194 1402.385 1402.448 1402.575 1402.545 1402.508 1402.443 1402.186 1402.055 1401.916 1401.664 1401.495 1401.423 1401.27 1400.992 1400.844 1400.803 1400.714 1400.608 1400.441 1400.377 1400.31 1400.172 1400.111
1404.344 1404.107 1403.629 1403.393 1403.16 1402.99 1402.835 1402.876 1403.015 1403.41 1403.552 1403.698 1404 1404.127 1404.796 1404.865 1404.975 1404.974 1404.959 1404.802 1404.721 1404.629 1404.316 1404.149 1404.002 1403.919 1403.501 1403.348 1403.182 1402.562 1402.259 1402.041 1401.936 1401.591 1401.696 1401.912 1402.27 1402.484 1402.616 1403.022 1403.155 1403.215 1403.229 1403.202 1403.098 1402.903 1402.567 1402.416 1402.298 1401.979 1401.836 1401.71 1401.556 1401.303 1401.144 1401.016 1400.983 1400.872 1400.71 1400.583 1400.497 1400.428 1400.404
1404.85 1404.615 1404.134 1403.9 1403.697 1403.553 1403.42 1403.501 1403.631 1403.919 1404.073 1404.213 1404.278 1404.657 1404.796 1405.286 1405.349 1405.457 1405.387 1405.327 1405.208 1405.048 1404.964 1404.666 1404.506 1404.346 1404.029 1403.85 1403.614 1403.132 1402.886 1402.651 1402.489 1402.242 1402.407 1402.561 1402.963 1403.114 1403.258 1403.483 1403.622 1403.684 1403.689 1403.648 1403.49 1403.302 1402.991 1402.817 1402.605 1402.285 1402.128 1401.973 1401.814 1401.552 1401.39 1401.228 1401.111 1401.029 1400.955 1400.836 1400.724 1400.648 1400.563
1405.347 1405.112 1404.907 1404.501 1404.358 1404.278 1404.131 1404.13 1404.173 1404.449 1404.588 1404.732 1404.806 1405.068 1405.198 1405.286 1405.349 1405.805 1405.875 1405.723 1405.615 1405.466 1405.38 1405.074 1404.927 1404.846 1404.502 1404.258 1404.021 1403.538 1403.324 1403.163 1402.995 1402.955 1403.047 1403.19 1403.501 1403.643 1403.791 1404.049 1404.131 1404.193 1404.129 1403.949 1403.794 1403.709 1403.32 1403.145 1402.911 1402.598 1402.421 1402.211 1402.058 1401.745 1401.586 1401.431 1401.256 1401.193 1401.155 1400.968 1400.856 1400.779 1400.699
1405.906 1405.707 1405.517 1405.193 1405.04 1404.953 1404.859 1404.851 1404.837 1405.041 1405.112 1405.219 1405.312 1405.564 1405.637 1405.778 1405.786 1405.805 1405.875 1406.134 1406.062 1405.983 1405.894 1405.592 1405.447 1405.359 1404.898 1404.685 1404.524 1404.049 1403.836 1403.676 1403.507 1403.481 1403.572 1403.72 1403.955 1404.177 1404.314 1404.385 1404.441 1404.443 1404.437 1404.289 1404.171 1403.97 1403.627 1403.446 1403.215 1402.864 1402.657 1402.479 1402.27 1401.946 1401.787 1401.633 1401.437 1401.338 1401.303 1401.226 1401.069 1400.991 1400.917
1406.543 1406.383 1406.142 1405.8 1405.682 1405.596 1405.567 1405.539 1405.563 1405.66 1405.709 1405.717 1405.815 1406.09 1406.151 1406.198 1406.252 1406.306 1406.289 1406.134 1406.573 1406.477 1406.323 1406.105 1405.942 1405.784 1405.358 1405.182 1404.943 1404.506 1404.384 1404.291 1404.128 1404.105 1404.181 1404.251 1404.431 1404.601 1404.741 1404.787 1404.848 1404.832 1404.758 1404.605 1404.491 1404.255 1403.938 1403.76 1403.516 1403.294 1402.93 1402.712 1402.475 1402.158 1401.996 1401.836 1401.619 1401.485 1401.45 1401.425 1401.276 1401.195 1401.073
1407.142 1406.982 1406.783 1406.519 1406.406 1406.326 1406.223 1406.193 1406.241 1406.287 1406.339 1406.386 1406.391 1406.573 1406.631 1406.64 1406.719 1406.706 1406.697 1406.601 1406.573 1406.477 1406.816 1406.494 1406.357 1406.278 1405.828 1405.614 1405.459 1405.303 1405 1404.922 1404.836 1404.684 1404.699 1404.769 1404.913 1404.988 1405.064 1405.139 1405.124 1405.057 1405.048 1404.92 1404.801 1404.561 1404.196 1403.99 1403.822 1403.593 1403.138 1402.902 1402.669 1402.265 1402.131 1402.031 1401.827 1401.677 1401.607 1401.561 1401.47 1401.336 1401.218
1407.815 1407.655 1407.498 1407.246 1407.12 1406.996 1406.886 1406.856 1406.851 1406.925 1406.969 1406.961 1407.012 1407.01 1407.07 1407.127 1407.115 1407.112 1407.109 1407.117 1406.969 1406.901 1406.816 1406.494 1406.794 1406.708 1406.396 1406.244 1406.083 1405.919 1405.652 1405.641 1405.558 1405.375 1405.302 1405.297 1405.384 1405.4 1405.468 1405.468 1405.544 1405.448 1405.373 1405.119 1405.024 1404.857 1404.5 1404.258 1404.036 1403.802 1403.429 1403.189 1402.955 1402.476 1402.298 1402.228 1402.018 1401.948 1401.817 1401.729 1401.606 1401.495 1401.418
1408.477 1408.311 1408.15 1407.903 1407.774 1407.65 1407.589 1407.512 1407.511 1407.545 1407.632 1407.646 1407.604 1407.615 1407.574 1407.563 1407.572 1407.548 1407.542 1407.52 1407.443 1407.396 1407.249 1406.923 1406.794 1406.708 1406.967 1406.864 1406.697 1406.538 1406.352 1406.256 1406.171 1405.999 1405.906 1405.825 1405.907 1405.893 1405.888 1405.885 1405.774 1405.765 1405.688 1405.414 1405.325 1405.166 1404.753 1404.571 1404.332 1404.096 1403.644 1403.406 1403.179 1402.727 1402.564 1402.43 1402.264 1402.175 1402.014 1401.934 1401.787 1401.711 1401.626
1409.092 1408.983 1408.824 1408.557 1408.444 1408.372 1408.245 1408.184 1408.181 1408.174 1408.228 1408.256 1408.198 1408.18 1408.12 1408.119 1408.138 1408.065 1408.059 1407.99 1407.981 1407.827 1407.745 1407.49 1407.411 1407.324 1406.967 1407.461 1407.329 1407.235 1407.035 1406.881 1406.787 1406.614 1406.524 1406.446 1406.366 1406.302 1406.302 1406.3 1406.154 1406.058 1405.9 1405.736 1405.615 1405.382 1405.01 1404.774 1404.54 1404.307 1403.874 1403.683 1403.382 1403.022 1402.857 1402.704 1402.627 1402.386 1402.289 1402.157 1401.909 1401.852 1401.828
1409.764 1409.637 1409.479 1409.258 1409.169 1409.038 1408.91 1408.852 1408.848 1408.798 1408.84 1408.831 1408.832 1408.716 1408.746 1408.711 1408.656 1408.602 1408.576 1408.578 1408.433 1408.345 1408.305 1408.081 1407.922 1407.827 1407.629 1407.461 1407.329 1407.881 1407.678 1407.573 1407.417 1407.178 1407.062 1407.047 1406.888 1406.804 1406.71 1406.625 1406.46 1406.377 1406.296 1406.052 1405.829 1405.672 1405.52 1405.067 1404.832 1404.598 1404.13 1403.894 1403.649 1403.365 1403.259 1403.099 1402.955 1402.65 1402.512 1402.356 1402.069 1402.012 1401.967
1410.407 1410.244 1410.083 1409.889 1409.753 1409.643 1409.587 1409.504 1409.459 1409.412 1409.391 1409.385 1409.379 1409.313 1409.299 1409.215 1409.226 1409.175 1409.121 1409.113 1409.05 1408.928 1408.944 1408.68 1408.535 1408.386 1408.282 1408.05 1408.031 1407.881 1407.678 1408.114 1408.023 1407.742 1407.668 1407.563 1407.4 1407.286 1407.123 1407.036 1406.877 1406.774 1406.616 1406.357 1406.13 1405.979 1405.829 1405.371 1405.137 1404.903 1404.46 1404.285 1404.05 1403.731 1403.582 1403.424 1403.265 1402.948 1402.79 1402.639 1402.334 1402.197 1402.065
1411.022 1410.863 1410.704 1410.492 1410.342 1410.266 1410.205 1410.105 1410.021 1410.021 1409.952 1409.952 1409.944 1409.953 1409.839 1409.761 1409.796 1409.772 1409.74 1409.705 1409.667 1409.565 1409.415 1409.248 1409.174 1409.09 1408.944 1408.734 1408.648 1408.574 1408.252 1408.114 1408.023 1408.364 1408.251 1408.08 1407.915 1407.684 1407.535 1407.45 1407.224 1407.17 1406.935 1406.717 1406.525 1406.284 1406.044 1405.684 1405.44 1405.201 1404.836 1404.593 1404.366 1404.044 1403.885 1403.728 1403.57 1403.258 1403.087 1402.871 1402.547 1402.385 1402.232
1411.558 1411.404 1411.246 1410.955 1410.815 1410.741 1410.708 1410.691 1410.649 1410.591 1410.491 1410.458 1410.5 1410.529 1410.474 1410.429 1410.409 1410.449 1410.347 1410.252 1410.218 1410.136 1410.003 1409.85 1409.754 1409.697 1409.624 1409.359 1409.26 1409.161 1408.904 1408.8 1408.632 1408.364 1408.765 1408.593 1408.432 1408.098 1407.953 1407.863 1407.59 1407.491 1407.336 1407.017 1406.827 1406.597 1406.436 1405.976 1405.755 1405.596 1405.183 1404.981 1404.674 1404.35 1404.191 1404.033 1403.876 1403.565 1403.389 1403.155 1402.827 1402.668 1402.511
1412.068 1411.921 1411.762 1411.433 1411.294 1411.21 1411.151 1411.137 1411.13 1411.094 1411.059 1411.025 1411.06 1411.115 1411.109 1411.102 1411.096 1411.047 1410.961 1410.912 1410.851 1410.777 1410.587 1410.444 1410.329 1410.307 1410.256 1410.015 1409.861 1409.695 1409.487 1409.309 1409.152 1408.933 1408.765 1408.593 1408.941 1408.618 1408.448 1408.284 1407.955 1407.823 1407.737 1407.314 1407.166 1406.997 1406.765 1406.322 1406.151 1405.917 1405.55 1405.306 1405.065 1404.828 1404.491 1404.333 1404.18 1403.87 1403.692 1403.453 1403.129 1402.975 1402.818
1412.55 1412.341 1412.192 1411.861 1411.748 1411.729 1411.64 1411.616 1411.609 1411.6 1411.615 1411.649 1411.639 1411.668 1411.676 1411.714 1411.712 1411.682 1411.634 1411.592 1411.42 1411.335 1411.26 1411.088 1411.016 1410.965 1410.944 1410.589 1410.501 1410.322 1410.105 1409.936 1409.774 1409.603 1409.334 1409.105 1408.941 1408.618 1408.861 1408.691 1408.363 1408.225 1408.131 1407.919 1407.541 1407.314 1407.153 1406.689 1406.473 1406.313 1405.894 1405.717 1405.477 1405.235 1404.902 1404.73 1404.497 1404.172 1404.01 1403.844 1403.481 1403.267 1403.114
1413.003 1412.824 1412.604 1412.312 1412.228 1412.173 1412.149 1412.042 1412.057 1412.11 1412.147 1412.211 1412.196 1412.202 1412.246 1412.267 1412.263 1412.257 1412.25 1412.201 1412.031 1411.957 1411.911 1411.827 1411.676 1411.64 1411.559 1411.325 1411.187 1410.942 1410.687 1410.523 1410.364 1410.211 1409.779 1409.615 1409.456 1409.096 1408.861 1408.691 1408.734 1408.504 1408.356 1408.286 1407.876 1407.71 1407.479 1407.041 1406.866 1406.633 1406.264 1406.02 1405.783 1405.543 1405.211 1405.053 1404.892 1404.464 1404.312 1404.155 1403.839 1403.675 1403.508
1413.421 1413.255 1413.013 1412.832 1412.647 1412.574 1412.568 1412.533 1412.537 1412.55 1412.633 1412.652 1412.7 1412.746 1412.803 1412.839 1412.829 1412.813 1412.81 1412.807 1412.66 1412.62 1412.584 1412.545 1412.344 1412.286 1412.173 1411.965 1411.753 1411.546 1411.198 1411.021 1410.863 1410.682 1410.339 1410.103 1409.943 1409.594 1409.35 1409.124 1408.734 1408.923 1408.776 1408.678 1408.255 1408.028 1407.868 1407.407 1407.19 1407.029 1406.612 1406.433 1406.192 1405.955 1405.509 1405.358 1405.201 1404.877 1404.72 1404.553 1404.134 1403.982 1403.834
1413.794 1413.575 1413.41 1413.308 1413.137 1413.066 1413.064 1413.022 1412.976 1413.033 1413.08 1413.139 1413.214 1413.29 1413.372 1413.394 1413.437 1413.432 1413.427 1413.419 1413.366 1413.337 1413.248 1413.203 1413.01 1412.959 1412.797 1412.53 1412.341 1412.159 1411.764 1411.556 1411.368 1411.151 1410.757 1410.522 1410.343 1410.011 1409.785 1409.617 1409.136 1408.923 1408.776 1408.923 1408.684 1408.43 1408.189 1407.821 1407.575 1407.346 1406.981 1406.734 1406.497 1406.258 1405.89 1405.663 1405.505 1405.182 1405.053 1404.959 1404.727 1404.434 1404.132
1414.129 1413.999 1413.913 1413.826 1413.647 1413.565 1413.5 1413.482 1413.464 1413.478 1413.587 1413.657 1413.728 1413.799 1413.925 1413.975 1414.054 1414.046 1414.04 1414.034 1414.034 1413.997 1413.91 1413.867 1413.659 1413.565 1413.407 1413.116 1412.98 1412.736 1412.326 1412.132 1411.922 1411.744 1411.248 1411.031 1410.789 1410.516 1410.264 1410.022 1409.542 1409.339 1409.171 1408.923 1408.684 1408.839 1408.604 1408.116 1407.904 1407.754 1407.596 1407.14 1406.905 1406.673 1406.232 1406.057 1405.825 1405.552 1405.352 1405.274 1405.125 1404.808 1404.637
1414.543 1414.408 1414.333 1414.311 1414.268 1414.163 1414.012 1413.891 1413.894 1413.89 1414.066 1414.184 1414.242 1414.303 1414.538 1414.592 1414.604 1414.666 1414.654 1414.648 1414.638 1414.621 1414.578 1414.536 1414.309 1414.177 1414.022 1413.65 1413.47 1413.234 1413.044 1412.647 1412.462 1412.226 1411.691 1411.51 1411.279 1410.885 1410.663 1410.428 1410.191 1409.745 1409.579 1409.343 1409.078 1408.839 1409.012 1408.545 1408.332 1408.161 1407.927 1407.448 1407.215 1407.06 1406.603 1406.362 1406.13 1405.911 1405.749 1405.582 1405.347 1405.057 1404.777
1414.889 1414.844 1414.847 1414.912 1414.785 1414.688 1414.528 1414.357 1414.295 1414.296 1414.425 1414.62 1414.762 1414.894 1415.065 1415.124 1415.171 1415.274 1415.263 1415.262 1415.25 1415.243 1415.237 1415.154 1414.921 1414.787 1414.587 1414.189 1413.978 1413.744 1413.499 1413.094 1412.85 1412.615 1412.167 1411.942 1411.679 1411.262 1411.07 1410.835 1410.618 1410.168 1409.988 1409.772 1409.417 1409.248 1409.012 1408.545 1408.809 1408.557 1408.318 1407.89 1407.527 1407.359 1406.947 1406.77 1406.539 1406.215 1406.026 1405.796 1405.633 1405.292 1405.067
1415.442 1415.281 1415.359 1415.432 1415.369 1415.201 1415.044 1414.754 1414.72 1414.787 1414.863 1415.19 1415.265 1415.409 1415.682 1415.802 1415.872 1415.971 1415.925 1415.867 1415.915 1415.905 1415.839 1415.764 1415.476 1415.332 1415.087 1414.702 1414.479 1414.204 1413.966 1413.489 1413.254 1413.021 1412.579 1412.372 1412.087 1411.723 1411.468 1411.242 1411.089 1410.64 1410.428 1410.256 1409.84 1409.652 1409.418 1409.061 1408.809 1408.557 1408.632 1408.16 1407.93 1407.691 1407.275 1406.989 1406.826 1406.359 1406.119 1405.897 1405.74 1405.313 1405.189
1416.033 1415.895 1415.979 1416.056 1415.884 1415.692 1415.461 1415.26 1415.22 1415.296 1415.354 1415.771 1415.958 1416.103 1416.367 1416.438 1416.507 1416.648 1416.673 1416.627 1416.586 1416.576 1416.526 1416.388 1416.044 1415.83 1415.642 1415.148 1414.918 1414.603 1414.361 1413.895 1413.664 1413.43 1412.953 1412.709 1412.483 1412.101 1411.878 1411.648 1411.488 1411.07 1410.907 1410.667 1410.307 1410.053 1409.822 1409.465 1409.187 1408.873 1408.632 1408.16 1408.326 1408.092 1407.613 1407.354 1407.036 1406.793 1406.323 1406.099 1405.942 1405.421 1405.245
1416.761 1416.598 1416.581 1416.497 1416.446 1416.309 1416.065 1415.802 1415.829 1415.912 1416.045 1416.384 1416.604 1416.746 1417.028 1417.146 1417.206 1417.309 1417.333 1417.371 1417.285 1417.15 1417.088 1416.986 1416.615 1416.477 1416.267 1415.586 1415.297 1414.998 1414.765 1414.286 1414.011 1413.779 1413.333 1413.13 1412.893 1412.645 1412.253 1412.053 1411.896 1411.474 1411.305 1411.072 1410.705 1410.466 1410.253 1410.075 1409.595 1409.285 1409.046 1408.571 1408.326 1408.39 1407.805 1407.544 1407.236 1406.988 1406.486 1406.187 1405.951 1405.412 1405.256
1417.465 1417.176 1417.11 1417.102 1416.949 1416.835 1416.674 1416.587 1416.513 1416.527 1416.667 1416.969 1417.13 1417.343 1417.708 1417.794 1417.919 1417.947 1418.019 1418.085 1418.059 1417.891 1417.796 1417.656 1417.25 1417.102 1416.802 1416.453 1415.797 1415.45 1415.173 1414.621 1414.36 1414.126 1413.681 1413.48 1413.248 1413.052 1412.602 1412.458 1412.304 1411.88 1411.71 1411.477 1411.103 1410.888 1410.737 1410.506 1409.979 1409.691 1409.454 1408.932 1408.639 1408.39 1407.805 1407.741 1407.432 1407.118 1406.504 1406.284 1406.049 1405.432 1405.144
1418.102 1417.87 1417.733 1417.72 1417.56 1417.474 1417.386 1417.294 1417.271 1417.34 1417.406 1417.605 1417.841 1418.065 1418.365 1418.5 1418.64 1418.764 1418.865 1418.863 1418.923 1418.769 1418.667 1418.507 1418.07 1417.729 1417.425 1417.184 1416.453 1416.013 1415.645 1415.029 1414.77 1414.536 1414.071 1413.829 1413.598 1413.4 1413.017 1412.865 1412.708 1412.287 1412.114 1411.878 1411.527 1411.321 1411.138 1410.912 1410.318 1410.098 1409.867 1409.267 1408.998 1408.683 1408.057 1407.741 1407.432 1407.313 1406.602 1406.359 1406.041 1405.438 1405.082
