var/www/cgi-bin/BAERTOOLS/ravel/working/ravel-12136.DEM
NCOLS 43
NROWS 216
XLLCORNER 616443.99
YLLCORNER 4619635.4
CELLSIZE 10
NODATA_VALUE -9999
[rows 0 to 40 of 216, columns 0 to 42 of 43]
1479.221 1478.146 1476.424 1476.295 1476.473 1476.867 1476.989 1477.017 1477.082 1477.465 1478.085 1478.848 1479.648 1479.791 1479.86 1479.76 1479.635 1479.357 1478.224 1476.75 1474.014 1470.224 1463.013 1462.202 1462.18 1462.185 1462.177 1462.234 1465.201 1467.944 1470.993 1473.899 1479.31 1482.08 1484.794 1490.15 1492.716 1495.101 1499.692 1501.874 1508.201 1510.82 1512.908
1478.234 1477.38 1475.837 1475.543 1475.635 1475.9 1476.029 1476.026 1476.135 1476.668 1477.485 1478.151 1478.771 1478.849 1478.845 1478.806 1478.519 1478.207 1476.748 1474.83 1471.934 1468.1 1462.628 1462.201 1462.182 1462.185 1462.177 1462.238 1465.331 1468.308 1471.668 1474.871 1480.303 1483.126 1485.938 1491.422 1494.438 1497.326 1502.285 1505.157 1508.201 1510.82 1515.168
1477.576 1476.885 1475.394 1474.779 1474.798 1474.986 1475.203 1475.251 1475.688 1476.474 1477.206 1477.68 1477.875 1477.681 1477.577 1477.481 1477.4 1477.066 1474.901 1472.696 1469.631 1466.137 1462.158 1462.18 1462.185 1462.185 1462.176 1462.242 1465.479 1468.642 1472.195 1475.665 1481.294 1484.239 1487.027 1492.961 1496.122 1499.203 1502.235 1509.122 1512.395 1514.398 1515.168
1476.597 1476.283 1475.057 1474.494 1474.288 1474.237 1474.388 1474.603 1475.447 1476.205 1476.685 1476.989 1476.983 1476.639 1476.328 1476.106 1475.884 1475.413 1472.543 1470.212 1467.448 1464.735 1462.16 1462.185 1462.185 1462.185 1462.176 1462.243 1463.208 1468.929 1472.513 1475.846 1482.059 1485.054 1487.989 1494.539 1497.932 1501.081 1504.43 1511.743 1514.28 1515.754 1515.378
1475.473 1475.34 1474.44 1474.013 1473.794 1473.598 1473.734 1473.995 1475.027 1475.648 1476.018 1476.146 1475.888 1475.556 1475.189 1474.774 1474.355 1473.697 1472.656 1468.672 1466.104 1463.895 1462.17 1462.185 1462.185 1462.185 1462.176 1462.244 1463.233 1469.088 1472.764 1476.192 1482.554 1485.666 1488.743 1495.874 1499.463 1502.681 1505.969 1512.961 1515.005 1515.4 1515.664
1474.222 1474.012 1473.665 1473.399 1473.101 1473.033 1473.198 1473.398 1473.926 1474.677 1474.877 1475.05 1474.77 1474.424 1473.995 1473.277 1472.702 1471.881 1470.868 1467.525 1465.34 1463.566 1462.172 1462.185 1462.185 1462.187 1462.15 1462.303 1463.358 1469.16 1472.846 1476.31 1482.838 1486.138 1489.406 1496.737 1500.432 1503.672 1506.882 1513.1 1515.078 1515.578 1515.515
1472.787 1472.736 1472.606 1472.509 1472.359 1472.497 1472.599 1472.784 1473.128 1473.629 1473.72 1473.767 1473.408 1473.13 1472.685 1471.719 1471.021 1470.231 1469.3 1466.456 1464.713 1463.42 1462.171 1462.185 1462.185 1462.184 1462.196 1462.47 1463.439 1469.166 1472.81 1476.305 1483.079 1486.465 1489.811 1497.032 1500.585 1503.786 1506.958 1512.802 1514.757 1515.396 1515.657
1471.072 1471.329 1471.548 1471.617 1471.621 1471.722 1471.906 1472.066 1472.171 1472.471 1472.477 1472.432 1472.017 1471.698 1471.249 1470.142 1469.411 1468.658 1467.955 1465.597 1464.163 1463.239 1462.169 1462.185 1462.185 1462.183 1462.208 1462.508 1463.444 1469.105 1472.807 1476.331 1483.079 1486.442 1489.804 1493.22 1500.062 1503.221 1506.321 1512.148 1514.183 1515.069 1515.72
1469.73 1469.995 1470.498 1470.725 1470.889 1471.12 1471.15 1471.25 1471.345 1471.384 1471.314 1471.191 1470.608 1470.229 1469.779 1468.683 1468.056 1467.419 1466.689 1464.849 1463.977 1463.124 1462.272 1462.186 1462.185 1462.185 1462.24 1462.57 1463.343 1468.876 1472.707 1476.312 1482.898 1486.157 1489.38 1492.706 1499.103 1502.135 1505.337 1511.354 1513.572 1514.807 1515.74
1468.257 1468.824 1469.516 1469.845 1470.156 1470.406 1470.404 1470.419 1470.436 1470.35 1470.241 1469.956 1469.404 1468.943 1468.489 1467.973 1466.893 1466.273 1465.588 1464.131 1463.673 1463.002 1462.284 1462.185 1462.185 1462.185 1462.257 1462.624 1463.337 1468.562 1472.385 1476.122 1482.586 1485.829 1488.996 1492.037 1498.028 1500.956 1504.096 1510.232 1512.621 1514.334 1515.549
1467.292 1467.921 1468.889 1469.107 1469.34 1469.52 1469.611 1469.684 1469.628 1469.359 1469.21 1468.99 1468.225 1467.8 1467.415 1466.906 1465.754 1465.192 1464.486 1463.698 1463.28 1462.786 1462.215 1462.199 1462.252 1462.193 1462.291 1462.541 1463.249 1468.046 1471.884 1475.544 1481.977 1485.301 1488.496 1491.308 1496.924 1499.714 1502.607 1508.694 1511.168 1513.06 1515.352
1466.645 1467.249 1468.166 1468.487 1468.638 1468.798 1468.969 1468.961 1468.897 1468.592 1468.352 1468.054 1467.261 1466.838 1466.469 1466.025 1464.814 1464.249 1463.913 1463.212 1462.884 1462.563 1462.217 1462.205 1462.282 1462.27 1462.365 1462.651 1463.111 1467.399 1471.172 1474.712 1481.25 1484.598 1487.742 1490.539 1495.687 1498.361 1500.971 1506.704 1509.378 1511.585 1513.386
1466.251 1466.774 1467.551 1467.898 1468.109 1468.2 1468.35 1468.329 1468.184 1467.795 1467.618 1467.32 1466.581 1466.052 1465.628 1465.257 1464.186 1463.869 1463.431 1462.762 1462.564 1462.256 1462.193 1462.219 1462.282 1462.289 1462.455 1462.698 1463.026 1466.776 1470.507 1474.03 1477.371 1483.609 1486.706 1489.511 1494.384 1496.827 1499.199 1504.527 1507.328 1509.734 1511.772
1465.854 1466.363 1467.01 1467.263 1467.401 1467.48 1467.629 1467.598 1467.459 1467.127 1466.929 1466.775 1466.057 1465.58 1464.987 1464.598 1463.815 1463.355 1462.893 1462.388 1462.192 1462.11 1462.1 1462.136 1462.205 1462.199 1462.525 1462.77 1462.941 1466.102 1469.649 1473.198 1476.466 1482.441 1485.407 1488.148 1492.954 1495.227 1497.496 1502.313 1504.934 1507.452 1509.746
1465.854 1466.363 1466.55 1466.741 1466.868 1466.875 1466.963 1466.89 1466.827 1466.62 1466.39 1466.15 1465.795 1464.89 1464.465 1464.166 1463.236 1462.765 1462.532 1462.1 1462.059 1461.915 1461.978 1462.021 1462.102 1462.167 1462.539 1462.842 1463.106 1465.371 1468.541 1472.015 1475.177 1481.02 1483.891 1486.606 1491.409 1493.49 1495.685 1500.105 1502.443 1504.935 1507.554
1465.43 1465.874 1466.271 1466.084 1466.134 1466.134 1466.191 1466.262 1466.199 1466.043 1465.819 1465.431 1465.053 1464.233 1463.922 1463.472 1462.618 1462.342 1462.117 1461.833 1461.82 1461.879 1461.808 1462.026 1462.102 1462.177 1462.439 1462.775 1463.08 1464.855 1467.5 1470.654 1473.719 1479.471 1482.22 1484.882 1489.583 1491.708 1493.873 1498.152 1500.254 1502.529 1505.067
1465.011 1465.474 1465.775 1466.084 1466.134 1465.315 1465.358 1465.441 1465.461 1465.307 1465.117 1464.795 1464.353 1463.806 1463.377 1462.851 1462.192 1461.979 1461.979 1461.718 1461.793 1461.794 1461.861 1461.996 1462.004 1462.072 1462.467 1462.645 1462.889 1464.317 1466.447 1469.425 1472.335 1478.004 1480.578 1483.104 1487.584 1489.681 1491.867 1494.066 1498.168 1500.211 1502.313
1464.519 1465.017 1465.194 1465.429 1465.403 1465.315 1465.358 1464.635 1464.733 1464.647 1464.49 1464.18 1463.965 1463.209 1462.766 1462.399 1461.868 1461.725 1461.593 1461.63 1461.635 1461.787 1461.801 1461.889 1461.923 1462.147 1462.471 1462.638 1462.871 1463.158 1465.369 1468.33 1471.082 1476.598 1479.025 1481.321 1485.691 1487.691 1489.837 1491.93 1496.001 1497.998 1499.919
1463.965 1464.381 1464.583 1464.706 1464.676 1464.524 1464.542 1464.635 1464.733 1463.978 1463.786 1463.414 1463.098 1462.488 1462.13 1461.854 1461.437 1461.377 1461.457 1461.394 1461.494 1461.478 1461.406 1461.724 1461.942 1462.09 1462.421 1462.648 1462.878 1463.167 1464.678 1467.165 1469.81 1475.112 1477.517 1479.68 1483.88 1485.797 1487.663 1489.574 1493.753 1495.805 1497.779
1463.246 1463.586 1463.824 1463.913 1463.891 1463.767 1463.747 1463.827 1463.981 1464.01 1462.651 1462.425 1462.061 1461.514 1461.228 1461.185 1461.021 1461.014 1460.946 1460.95 1460.859 1460.86 1460.793 1460.879 1461.2 1461.667 1462.396 1462.686 1462.979 1463.287 1464.237 1465.975 1468.526 1473.667 1476.035 1478.246 1482.161 1483.96 1485.676 1487.348 1491.31 1493.572 1495.748
1462.189 1462.478 1462.67 1462.818 1462.833 1462.768 1462.775 1462.936 1462.988 1462.918 1462.651 1462.425 1461.056 1460.546 1460.473 1460.489 1460.472 1460.427 1460.432 1460.36 1460.325 1460.261 1460.266 1460.33 1460.557 1460.964 1462.05 1462.604 1463.097 1463.338 1463.813 1464.618 1467.129 1472.174 1474.579 1476.88 1480.405 1482.017 1483.673 1485.31 1488.879 1491.004 1493.412
1460.908 1461.21 1461.439 1461.576 1461.604 1461.589 1461.649 1461.713 1461.723 1461.6 1461.471 1461.319 1461.056 1460.546 1460.137 1460.14 1460.149 1460.159 1460.151 1460.092 1460.085 1460.085 1460.085 1460.104 1460.218 1460.467 1461.427 1462.056 1462.736 1463.207 1463.714 1464.028 1465.836 1470.6 1472.967 1475.063 1476.97 1480.169 1481.749 1483.323 1486.76 1488.829 1490.948
1459.53 1459.82 1459.984 1460.262 1460.269 1460.34 1460.391 1460.456 1460.518 1460.502 1460.498 1460.438 1460.336 1460.165 1460.137 1460.14 1460.09 1460.088 1460.089 1460.102 1460.104 1460.108 1460.104 1460.086 1460.093 1460.173 1460.375 1461.219 1461.952 1462.663 1463.545 1463.852 1464.558 1468.825 1470.961 1473.057 1474.898 1478.17 1479.644 1481.145 1484.614 1486.486 1488.452
1458.129 1458.434 1458.631 1458.927 1459.067 1459.114 1459.246 1459.394 1459.445 1459.555 1459.704 1459.755 1459.766 1459.975 1460.073 1460.092 1460.092 1460.235 1460.255 1460.331 1460.389 1460.459 1460.458 1460.26 1460.164 1460.089 1460.079 1460.523 1461.022 1461.641 1463.1 1463.572 1464.056 1467.007 1469.041 1470.848 1472.664 1475.935 1477.536 1478.899 1482.048 1483.916 1485.873
1456.827 1457.114 1457.366 1457.533 1457.657 1457.893 1457.924 1458.167 1458.362 1458.626 1459.24 1459.489 1459.562 1459.776 1460.046 1460.225 1460.251 1460.235 1460.255 1460.82 1460.969 1461.047 1461.087 1460.486 1460.253 1460.1 1460.076 1460.209 1460.404 1460.855 1462.359 1463.026 1463.548 1465.151 1467.116 1468.892 1470.49 1473.488 1474.829 1476.101 1479.089 1480.93 1482.907
1455.683 1455.883 1456.09 1456.129 1456.151 1456.453 1456.842 1457.041 1457.272 1457.767 1458.652 1459.1 1459.465 1459.736 1460.094 1460.416 1460.55 1460.63 1460.726 1460.82 1460.969 1461.829 1461.718 1461.053 1460.656 1460.343 1460.141 1460.094 1460.192 1460.408 1461.419 1462.098 1462.645 1463.975 1465.141 1466.764 1468.276 1470.891 1472.151 1473.344 1476.098 1477.741 1479.683
1454.615 1454.708 1454.839 1454.724 1454.664 1454.91 1455.786 1456.439 1456.566 1456.938 1458.11 1458.71 1459.22 1459.801 1460.162 1460.544 1460.834 1461.202 1461.404 1461.639 1461.792 1461.829 1462.351 1461.833 1461.416 1460.987 1460.549 1460.067 1460.08 1460.148 1460.788 1461.286 1461.829 1462.311 1463.279 1464.422 1465.919 1468.251 1469.385 1470.584 1473.195 1474.706 1476.408
1453.546 1453.407 1453.369 1453.532 1453.7 1453.904 1454.38 1456.319 1456.266 1456.452 1457.947 1458.631 1459.241 1460.012 1460.418 1460.799 1461.213 1461.838 1462.136 1462.339 1462.4 1462.432 1462.351 1462.163 1462.408 1461.828 1461.161 1460.206 1460.078 1460.073 1460.417 1460.753 1461.121 1461.427 1462.276 1462.732 1463.58 1465.508 1466.693 1467.742 1470.342 1471.841 1473.422
1452.397 1452.197 1452.102 1452.642 1453.046 1453.349 1453.454 1455.671 1456.432 1456.631 1458.028 1458.721 1459.324 1459.867 1460.755 1461.194 1461.678 1462.579 1462.854 1463.007 1463.083 1463.05 1463.034 1462.997 1462.408 1461.828 1462.084 1460.526 1460.178 1460.084 1460.25 1460.396 1460.536 1460.675 1461.155 1461.588 1462.126 1463.091 1463.846 1464.67 1467.278 1468.777 1470.374
1451.816 1451.766 1451.744 1451.816 1452.479 1452.997 1453.384 1454.511 1456.009 1456.881 1458.282 1459.027 1459.637 1460.243 1461.151 1461.703 1462.215 1463.209 1463.582 1463.825 1463.749 1463.649 1463.564 1463.545 1463.272 1462.86 1462.084 1460.526 1460.493 1460.139 1460.109 1460.187 1460.245 1460.241 1460.385 1460.548 1460.767 1461.483 1462.127 1462.911 1464.382 1465.69 1467.397
1451.786 1451.786 1451.786 1451.781 1452.035 1452.637 1453.348 1454.823 1455.789 1457.201 1458.964 1459.596 1460.126 1460.624 1461.542 1462.079 1462.564 1463.675 1464.127 1464.391 1464.206 1464.142 1464.083 1464.016 1463.942 1463.813 1463.2 1461.233 1460.493 1460.527 1460.095 1460.092 1460.079 1460.077 1460.099 1460.15 1460.143 1460.622 1461.087 1461.714 1462.348 1463.559 1464.625
1451.774 1451.786 1451.786 1451.783 1452.027 1452.696 1453.665 1455.738 1456.873 1458.006 1459.66 1460.141 1460.546 1461.006 1461.835 1462.349 1462.832 1463.798 1464.261 1464.462 1464.274 1464.205 1464.219 1464.228 1464.247 1464.216 1464.012 1462.362 1461.276 1460.527 1460.184 1460.375 1460.257 1460.149 1460.097 1460.084 1460.077 1460.26 1460.576 1461.013 1461.258 1462.156 1462.828
1451.73 1451.787 1451.775 1451.771 1452.512 1453.42 1454.632 1457.06 1458.114 1458.976 1460.117 1460.586 1461.001 1461.391 1462.12 1462.538 1462.875 1463.738 1464.114 1464.332 1464.501 1464.413 1464.408 1464.379 1464.313 1464.209 1464.218 1463.38 1462.288 1461.323 1460.81 1460.375 1460.257 1460.728 1460.331 1460.212 1460.103 1460.15 1460.289 1460.458 1460.837 1461.306 1461.773
1451.72 1451.783 1451.828 1452.172 1453.66 1454.812 1456.181 1458.459 1459.226 1459.903 1460.41 1461.193 1461.562 1461.778 1462.425 1462.687 1462.994 1463.736 1464.053 1464.314 1464.589 1464.807 1464.812 1464.756 1464.562 1464.349 1464.272 1464.034 1463.463 1462.82 1462.261 1461.374 1461.026 1460.728 1460.331 1460.596 1460.253 1460.065 1460.104 1460.261 1460.476 1460.869 1461.015
1451.707 1451.841 1452.319 1453.108 1455.247 1456.589 1457.789 1459.717 1460.435 1461.075 1461.509 1461.954 1462.114 1462.28 1462.664 1462.821 1463.099 1463.824 1464.118 1464.435 1464.792 1464.979 1465.082 1465.057 1464.794 1464.685 1464.579 1464.212 1464.139 1463.974 1463.685 1462.916 1462.518 1462.031 1461.081 1460.596 1460.598 1460.129 1460.083 1460.088 1460.21 1460.654 1460.891
1451.738 1452.373 1453.281 1454.384 1456.672 1457.835 1458.972 1461.261 1462.372 1463.086 1463.454 1463.286 1462.809 1462.743 1462.918 1463.082 1463.276 1463.933 1464.241 1464.594 1464.993 1465.153 1465.233 1465.213 1465.065 1464.936 1464.705 1464.178 1464.174 1464.108 1464.073 1463.994 1463.806 1463.469 1462.196 1461.25 1460.598 1460.279 1460.083 1460.1 1460.151 1460.337 1460.574
1452.057 1453.538 1454.672 1455.694 1457.807 1458.775 1459.879 1462.391 1463.561 1464.274 1464.461 1464.111 1463.773 1463.225 1463.211 1463.328 1463.427 1463.99 1464.377 1464.812 1465.213 1465.379 1465.385 1465.477 1465.278 1465.098 1464.753 1464.292 1464.149 1464.109 1464.145 1464.172 1464.233 1464.137 1463.381 1462.421 1461.127 1460.555 1460.083 1460.1 1460.099 1460.118 1460.278
1453.25 1455.114 1456.052 1456.966 1458.731 1459.604 1460.565 1462.905 1463.911 1464.41 1464.569 1464.274 1464.193 1463.974 1463.429 1463.439 1463.648 1463.815 1464.56 1465.026 1465.376 1465.612 1465.635 1465.631 1465.481 1465.358 1465.046 1464.535 1464.349 1464.326 1464.311 1464.184 1464.186 1464.19 1463.863 1463.135 1461.929 1461.146 1460.324 1460.206 1460.099 1460.118 1460.096
1454.867 1456.454 1457.32 1458.23 1459.591 1460.413 1461.282 1462.16 1463.936 1464.452 1464.581 1464.415 1464.174 1464.132 1463.895 1463.901 1463.845 1464.016 1464.8 1465.162 1465.518 1465.839 1465.882 1465.837 1465.806 1465.675 1465.422 1465.11 1464.798 1464.647 1464.31 1464.186 1464.183 1464.141 1463.713 1463.203 1462.585 1461.996 1460.852 1460.425 1460.164 1460.084 1460.096
1456.189 1457.758 1458.646 1459.404 1460.711 1461.353 1462.026 1462.861 1464.334 1464.744 1464.698 1464.382 1464.171 1464.15 1464.231 1464.272 1464.089 1464.161 1465.129 1465.449 1465.792 1466.1 1466.128 1466.096 1466.089 1465.942 1465.775 1465.52 1465.059 1464.769 1464.276 1464.192 1464.111 1463.888 1463.555 1463.32 1463.103 1462.723 1461.57 1460.956 1460.567 1460.095 1460.087
1457.526 1459.061 1459.915 1460.766 1462.126 1462.359 1462.844 1463.565 1464.476 1464.669 1464.733 1464.332 1464.178 1464.175 1464.414 1464.485 1464.189 1464.25 1465.438 1465.88 1466.132 1466.406 1466.505 1466.36 1466.296 1466.212 1466.082 1465.783 1465.183 1464.787 1464.274 1464.132 1463.941 1463.678 1463.554 1463.393 1463.324 1463.229 1462.744 1462.117 1461.388 1460.384 1460.2
