var/www/cgi-bin/BAERTOOLS/ravel/working/ravel-23367.depgrd.txt
NCOLS 89
NROWS 110
XLLCORNER 677881.89
YLLCORNER 4377654.9
CELLSIZE 10
NODATA_VALUE -9999
[rows 54 to 80 of 110, columns 0 to 60 of 89]
0 -3.5527137e-15 0.0082091626 0 0.020765772 0.051741883 0.039354819 0.051276702 0 0 0.10970265 0 0 0.052493885 0.12343604 0.24119512 0.50797408 0.3362629 0.3796655 0.38409442 0.36745768 0.58074405 0.33085652 0.28118782 0.23672014 0.35684346 0.38709569 0.51302897 0.53997785 7.7216338 2.94521 6.7512811 5.4572955 9.5700277 0.17876639 0.21211076 0.0056972761 0.26680139 0.42464522 0.38106575 0.19890743 0 0.20860206 0.1094579 0.19248899 0.039096615 0.2179515 7.1054274e-15 0.072970881 0.080567131 0.22280732 0 0.20021468 0.2786318 0.17420648 0.44895095 0.61752884 0.69257633 20.127423 48.025197 0.2942204
3.5527137e-15 3.5527137e-15 0 0.010468459 0 0.023569863 0.074117069 0.11638887 0.043535495 0.030786498 0.12659775 0.1264551 0.21236807 0 0.10970796 0.38581925 0.1836508 0.21745283 0.36732788 0.25721159 0.29792312 0.21218806 0.099755872 0.30105948 0.47135183 0.39530291 0.28898336 0.36085203 0.64878541 0.73661445 1.8629255 205.73078 1.8816883 2.5387018 18.369643 0.25754197 0.03254762 0 0.57507758 0.52877963 0.26113388 0.36677632 0 0.1503936 0.18272123 0.23026294 0.13447105 0.21954258 0.020006678 0.027159723 0.10734644 0.19317367 0.18144997 0 0.35632976 0.21902403 0.8243147 0.66050043 0.40832219 0.31939047 0.27026223
-3.5527137e-15 0.043660793 0 0.017090316 0 -7.1054274e-15 0 0.10165711 0.17484858 0 0.090751004 0.12831268 0.098382056 0 0.16402876 0.12894722 0.28920928 0.12433485 0.17767799 0.32568338 0.3216137 0.47221711 0.44826216 0.4756292 0.1999886 0.32581062 0.37509527 0.83187985 0.42450772 0.71185681 0.50159584 0.23860506 0.70892054 12.47685 0.7676479 15.278745 4.4637153 0.741926 0.00043815286 0.59477083 0.52518615 0.3320263 0.3365309 0.25137393 0.17895386 0.25888587 0.1329434 0.20251805 0.134496 0.034081526 0.084492225 0.084330174 0.20764529 0.168286 0 0.27533453 0.42728167 0.37325107 137.37456 43.528851 0
0 -3.5527137e-15 0.027753967 0.054905631 0 -7.1054274e-15 0.074129799 0.02292733 0.082212709 0.072613943 0.16653228 0.19194736 74.153185 0.053004167 0 0.034039623 0.05105776 0 0.13850614 0.25258129 0.16197055 0.085860121 0.075461508 0.25577878 0.44093889 0.59505855 0.39791086 0.39823726 0.2319443 0.26083058 0.21456688 0.60275252 0.43797054 0.53413141 0.33468108 0.37126819 21.012364 17.427277 0.71950761 0.0027626042 0 0 0 0.21242896 0.23745925 0.27243903 0.082593287 0.06168106 0 0.13114004 3.5527137e-15 0.17460331 0.10048939 0.19038085 0.12447053 0 0.31286164 0 0.38440778 189.62204 0
3.5527137e-15 0.032527513 0.02994521 0 0.055750948 0.030690736 0 0.0094311694 0.015128649 0.16713215 0.16507779 0.2312216 10.418578 0.026390615 0.18394946 11.368729 0 0.25955463 0.25630714 0.22806902 0.39985323 0.4837488 0.61840653 0.38103737 0.36987925 0.57942037 0.30836612 0.50888695 0.38653031 0.14666981 0.56406528 0.30705826 0.13581387 0.42293259 0.54845598 0.46175253 1.2890093 19.056332 16.784497 1.1999777 0.47496592 0.15222875 0.31280539 0.36595305 0.2949305 0.28428487 0.087669996 0.05502512 0.028115114 0.29771213 0.23671493 0.058419765 0.20300291 0.034052368 0.31982085 0.35359937 0.2824844 0.40546288 0.3760204 129.45836 0
0 0 0.050572564 0.069596708 0.034858366 0.070786917 0.11017165 3.5527137e-15 0.041127008 0.052706778 0.09855072 0.043903547 0.14115961 0.1326044 0.094893003 0.13503268 0.23281854 0.2066212 0 0.35660707 0.26489173 0.2122087 0.27178547 0.3394094 0.19754362 0.22352863 0.22574746 0.15499111 0.16143227 0.41700456 0.34556727 0.47867156 0.43539513 0.49632663 0.54613283 0.60913769 0.34974686 0.23539364 14.028485 10.14317 2.4044564 0.31971736 0.21121064 0.25511196 0.2581513 0.24887155 0.11104626 0.077526075 0.088923269 0.24319703 0.11053786 0.2143079 0.0040795846 0.024755589 0.17229081 0.23316192 0.25101853 0.26644815 0.23545774 99.969921 0
0.011296029 0 0 0.089253342 0.05268729 0.054908622 0.11481479 0.054399247 3.5527137e-15 0.0066234662 -7.1054274e-15 0.12554051 0.074557358 0.071744004 0.13071489 0.055140823 0.13664716 0.12233018 0.1560336 0.13348375 0.23543667 0.39017415 0.28511723 51.594646 0 0.15743245 0.19137062 0.35126308 0.28326804 0.29704133 0.27312606 0.19854584 0.054664783 0.2851158 0.17760685 0.24793153 0.36668724 0.18401207 0.21921343 0.70182419 10.429987 1.6902973 0.79010571 0.12106999 0.23363581 0.24214671 0.11750371 0.1274161 0.14691899 0.30971787 0.11975383 0.031283172 0.097242304 3.5527137e-15 0.12431038 0.27002693 0.1889576 0.11606538 0.10759972 76.225198 0
-1.0658141e-14 0.030462852 0.058221097 0.089643922 0.088721768 0.14020088 0.023430529 0.022725002 0.041531706 0 0.048561918 0 0.068604528 0.17555957 0.11697465 0.21232615 0.31078685 0.323236 0.1213467 0.15535258 0.070084612 0.20750327 0.27746972 0.18990039 24.087449 0.41532624 0 0.082722088 0.18190423 0.27489241 0.26990599 0.33842126 0.61204109 0.57518766 0.55909819 0.40107237 0.49131474 0.42557529 0.2681322 0.35562329 0.6746782 12.841551 9.4615888 0.083770956 0.29389312 0.26825535 0.11946887 0.14367655 0.27231312 0.31059682 0.10428699 0.096271478 0.17655659 0.25848733 3.5527137e-15 0.0016895317 0.18945209 0.11513074 0.10447756 95.045753 0
0.037394143 0.27242395 0.029326573 0 0.039910376 0.1005947 0.091041575 0.11434303 0.067445986 0.0039082128 0.041758678 0.11215549 0.064071429 0.025289481 0.14137284 0.16901831 0.016953701 0.0086386725 0.30296254 0.31634925 0.31711515 0.24164266 0.27899188 0.24936527 0.062008853 0.045545695 0.3477398 0.47027355 0.22052601 0.26383238 0 0.33636273 0.12896325 0.47490881 0.36819925 0.17357559 0.19020483 0.31612335 0.38645491 0.22774552 0.30985101 0.23256554 5.575671 19.286212 0.11508192 0.27060744 0.13535886 0.16201913 0.25411588 0.24325112 0.20997843 0.13022429 0.14065324 0.1838444 0.1455464 0.17800407 0.53196642 0.05591467 128.47023 18.571174 0
0.13367171 0.09232485 0.02963471 0.076947014 0 0.064302971 0.048036971 0.031506135 7.1054274e-15 0.083592044 3.5527137e-15 0.064939154 0.14930571 0.018409305 0.14101804 0.26020582 0.46131934 0.004257432 0.34231413 0.38346905 0.37911544 0.60327718 0.33042489 0.35440528 0.34065637 0.18514151 0.34909698 0.38913847 0.18688623 0.16173336 0.21910544 0 0.14213341 0.19641635 0.20129289 0.20881398 0.20540775 0.18514595 0.19284462 0.27330044 0.37596325 0.30351218 0.098733034 9.729674 12.139979 0.65320777 0.23086766 0.16226879 0.31575723 0.29844389 0.1597439 0.15667453 0.22606695 0.21297614 0.081698957 0.23311547 -3.5527137e-15 0.13783957 121.49764 0 0
0.13770361 0.16009539 0.22062894 0.10409413 0.13198806 0 0.11546808 -3.5527137e-15 0.092917996 0.060620695 0.30056264 0.23812482 0.27861145 0.14655992 0.37021377 0.10189302 0.50642923 0.33764915 0.028204779 0.36684165 0.27325359 0.38667647 0.33791308 0.32305886 0.3374771 0.31554559 0.47134344 0.48468925 0.23219334 0.037777273 0.054962247 0.13250416 0.20980533 0.13208828 0.32881045 0.189166 0.26566744 0 0.18564461 0.24042865 0.26686248 0.46050588 0.36449689 0.16957459 10.721896 14.769528 10.997212 0.11231784 0.14376214 0.2470674 0.16886331 0.1072827 0.17678616 0.050723752 -3.5527137e-15 0.1456655 0.3086177 7.1054274e-15 0.089858267 71.794775 0
0 0.26102197 0.25272932 0.27246269 0.10513402 0.18481977 0.12963458 0.022090546 0.14380462 0.14883092 0.18651264 0.065408751 0.3859112 0.21336157 0 0.12677065 0.56202989 0.16864858 7.1054274e-15 0.26151359 0.36018303 0.024866945 0.25345444 0.34511366 0.49887026 0 0.37367672 0.2197129 0.26824274 0.23017175 0.12395144 0.16923198 0.097481528 0.098597802 0.088145653 0.20507365 0.23422206 0.32943112 0.20378994 0 0.13438894 0.11639059 0.22408025 0.14076486 0.36535375 23.589619 1.7273169 21.078385 6.1424375 13.269504 12.971765 0.10264894 0.1688145 0.037507397 0.10469631 141.97885 184.53048 146.98365 0 232.436 0
0.24405632 0.0014994111 0.15791848 0.39953799 0.27560335 0.19784603 0 0.18044478 0.13574766 0.14337137 0.13311885 0 0.58144403 0.19640094 -7.1054274e-15 0.22047944 0.40358356 0.30540001 0.50628973 0.47941926 0.87638505 0.31709733 3.5527137e-15 0.29456439 0.42070146 0.27066003 3.5527137e-15 0.28970083 0.26363365 0.030192105 0.20884051 0.21240394 0.19097695 0.26479885 0.15895925 0.040196737 0.19513521 0.22909044 0.15507799 0.1278211 0.25341764 0.18487072 0 0.17857958 0.22408316 0 11.383719 26.390251 3.0018291 1.0759602 16.453854 345.87936 3284.364 130.09029 125.61713 57.700687 0 0 0.49856894 0 0
0.10257283 0.33947206 0.4335596 0.22924359 0.42975236 0.13477544 0.19047699 0 0.13791548 0.20071068 0.23709542 0.0094099803 0.31101349 0.27336356 0 0.36088278 0.64990512 0.23354788 0.43090879 0.4492047 0.4568553 0.46269567 0.34133122 0.48393489 0.40690674 0.53449006 0.40357906 0.15354553 0.13253199 0.19282209 3.5527137e-15 0.0098838564 0.1887771 3.5527137e-15 0.25440172 0.25819887 0.31538221 0.14632296 0.079696086 0.13400074 0.10214566 0.12980078 0.17786146 0.21548136 0.23804869 0.22187431 0.19605136 311.14742 170.91956 14947.699 7385.6345 0 0 0 0 0 0 0 0 0 0
0.40831233 0.3214426 0.20673845 0.50744 0.20046926 0.51352649 0.17084187 0.35073043 0.1541247 0 0.20482182 0.4321554 0.30188259 0.21280685 0.037024944 0.46044836 0.35336358 0.38380883 0.48147193 0.014783194 0.27492468 0.31852364 0.41294059 0.32300391 0.58024954 0.27026728 0.2581505 0.55073689 0.46724899 0.35068111 0.24755109 0.29048175 0.2314148 0.23961733 3.5527137e-15 0.20980081 0.27089141 0.22394156 0.33334326 0.079071659 0.10203964 0.19028807 0.13440179 0.28652413 0.15594009 0.23328769 0.2288472 76.203411 387.14592 0 0 0 0 0 0 0 0 0 0 0 0
0 0.34717548 0.34133981 0.14559746 0 0.50850034 0.40328989 0.27408223 0.2192976 0.084579941 0.25403107 0.36163083 0.25978555 0.25503691 0.45984833 0 0.52258263 0.26392213 0.42849486 0.55496971 0.35137879 0.24803283 0.3828212 0.30826561 0.42299603 0.24092964 0.54142088 0.38539923 0.25521935 0.55537242 0.085178644 0.21584588 0.18157734 0.12305638 0.21267155 0.039414999 0.22772329 0.091104221 0.035826007 0.25766045 0.254058 0.23716831 0.090464465 0.078619497 0.22695651 0.085369886 0.2130999 0.25196163 141.48111 0 0 0 0 0 0 0 0 0 0 0 0
0 0.23769103 0.23580613 0.76887503 0.43107052 0.0071900678 0.60714448 0.27153887 0.25689143 0.10063099 0.21127406 0.46632346 0.24953948 0.26561178 0.30200057 0.4428849 0.35763044 0.32281901 0.55838491 0.4238348 0.27974181 0.38407173 0.41647594 0.38332234 0.43978329 0.3881593 0.27171954 0.4279424 0.42593722 0.31540002 0.31082715 0.24447699 0.26223132 0.078297966 0.31041239 0.24273983 0.27011905 0.26701446 0.14904337 0.02995347 0.00038174734 3.5527137e-15 0.25143189 0.36495011 0.29648279 0.24058542 0.17700746 0.35205097 93.437353 0 0 0 0 0 0 0 0 0 0 0 0
0 0.0003354729 0.70188525 0.16909487 0.89544198 0.41341454 0.0082384334 0.22568666 0.43283329 0.1594266 0.13212225 0.49767087 0.54361312 0.24480945 0.43589339 0.76604106 0.94535933 0.37484935 0.44535104 0.47614474 0.34167464 0.26630352 0.32312369 0.4638666 0.48331315 0.46647972 0.39028253 0.39289249 0.4353555 0.29506644 0.40619584 0.38733498 0.086679701 0.28093405 0.19254379 0.28777804 0.24681674 0.42805901 0.32980285 0.23670115 0.21828231 0.1937211 0 0.39358416 0.41007558 -7.1054274e-15 0.019004778 0.23663587 65.378432 0 0 0 0 0 0 0 0 0 0 0 0
0 0 0.95860524 0.6812831 0.39811235 0.78537488 0.52270521 0.0015299072 0 0.14169438 0.12715977 0.4542361 0.49113592 0.25278983 0.52812457 0.28682386 0.79287898 0.79660398 0.53474577 0.82310859 1.300542 0.34757915 0.35333493 0.36806914 0.38915656 0.3503826 0.47788839 0.33708292 0.43615636 0.42227006 0.20943841 0.45899387 0.61269088 0.11073246 0.18957118 0.24543135 0.19967575 0.29763845 0.27810208 0.18670147 0.19452396 0.24077399 0.2273505 0.29995943 0.32727197 0.21282429 0.01649293 0.30929343 61.466565 0 0 0 0 0 0 0 0 0 0 0 0
0 0.029633333 0 0.60956122 1.2074089 0.20910394 0.32026357 0.51418728 0.38807241 0.32093867 0.27885875 0.59491412 0.49404172 0.38518776 0.31978614 0.50789111 0.32584007 0.97016182 0.52165992 0.66919021 1.2611628 0.55736722 0.39618583 0.63226749 0.59436995 0.5828962 0.41012721 0.45700114 0.3300006 0.31660123 0.28597167 0.40386423 0.46387623 0.23317661 0.27563344 0.24744542 0.31971913 0.26014275 0.32275359 0.27570298 0.19233825 0.14867907 0.32616666 0.35396674 0.17351803 0.29457662 221.66868 24.206425 144.12588 0 0 0 0 0 0 0 0 0 0 0 0
0 0 0.038184298 0 1.0096086 1.5224264 1.002397 0.78856529 0.61445308 0.34277474 0.32924053 0.4200501 0.48394567 0.46516211 0.36653215 0.33862491 0.35398805 1.3389853 0.58212461 1.7763568e-14 0.38077941 1.1389265 0.59277038 0.89811903 0.40292144 0.36481747 0.37059334 0.47276067 0.66258143 0.27044652 0.19767944 0.2348971 0.50943199 0.59402802 0.17242204 0.2695542 0.28212916 0.25852562 0.31469991 0.16369765 0.41854293 0.086133874 0.24601208 0.26899086 335.35285 183.55368 7.3714089 0 0 0 0 0 0 0 0 0 0 0 0 0 0
0 0 0 0 3.5527137e-15 1.53849 0.43682204 1.0795868 0 0.53163448 0.24451703 0.16882036 0.36955178 0.3539625 0.46568706 0.36602467 0.48131887 1.175163 0.54126181 0.092144237 0.45105589 1.0433282 0.29223101 0.61194344 0.62890784 0.42229186 0.58469166 0.46017138 0.45246657 0.53080331 0.27815268 0.23330359 0.58952992 0.53648255 0.18837279 0.25924553 0.23129871 0.19861751 0.20751263 0.27386044 0.38302305 0.36708173 0.12993969 220.98618 54.357286 0 0 0 0 0 0 0 0 0 0 0 0 0 0 0 541.98525
0 0 0 -3.5527137e-15 3.5527137e-15 0 1.9070071 0.73815877 2.1723346 0 0.54411591 0.2732066 0.34992219 0.32062105 0.51499137 0.29320525 0.58220894 0.46641422 1.3863737 0.63957995 0.52352082 1.4147755 0.74884282 0.79454281 0.8287759 0.33790523 0.19035656 0.54060173 0.56139997 0.34405367 0.51099273 0.4160252 0.38978324 0.34316307 0.32125889 0.28463153 0.16421574 0.41734048 0.17586371 0.21732428 512.37327 377.48436 223.76473 24.049623 0 0 0 0 0 0 0 0 0 0 0 0 0 0 175.97931 521.89127 1622.1705
0 0 -3.5527137e-15 0 7.1054274e-15 0.080618581 0.11361487 1.5618434 0.77019303 0.6841777 0 0.32839519 0.23896947 0.33428079 0.48049567 0 0.5828061 0.47924158 0.65170036 0.70616196 0.62657585 1.4600771 0.73006496 0.013128409 1.7577705 0.63288223 0.42768074 0.31417589 0.71173981 0.45727425 0.4371772 0.22626819 0.5549246 0.39678195 0.47011667 0.38954796 0.3516397 0.25531329 0.1878748 413.37985 9.0950954 0 0 0 0 0 0 0 0 0 0 0 0 0 0 0 0 2086.906 0.014689934 2.5331935 5.2427172
0 0 0 0.040147846 0.016130077 -7.1054274e-15 7.1054274e-15 0.41330427 1.7847512 0.85956782 0.42852103 0 0.24220217 0.37735642 0.38497604 0.29004558 0.48961264 0.50289879 0.57010683 0.58004703 0.50349896 0.38046731 1.5259882 0.78117295 0.6875363 1.7574963 0.50909746 0.70117947 0.72646896 0.46545376 0.32057163 0.21966165 0.41348038 0.48872611 0.28995128 0.31052505 0.3412041 888.9781 359.56093 0 0 0 0 0 0 0 0 0 0 0 0 0 0 0 0 0 546.56505 3670.4817 0.74413132 0.003739124 1.6191249
0 0 0 0 0 0 0.067779276 0 0.47271322 2.0345897 0.41796957 0.40883596 0.44208313 0.36086216 7.1054274e-15 0.39498335 0.42610805 0.20698862 0.48821107 0.57847018 0.46224883 0.31297537 0.57194843 0.80548869 0.72130902 2.4466708 1.1820669 2.0722146 1.7119023 0.36349111 0.55485336 0.53571742 0.37314299 0.45511792 0.47820419 0.040735084 43.356284 314.1183 0 0 0 0 0 0 0 0 0 0 0 0 0 0 0 0 0 914.05115 0.70358252 4.308993 1.4672234 0 2.2839083
0 0 0 0 0 0.039363432 0.074236529 0.025507442 0.10531732 1.6065819 0.94623523 0.54685186 0 0.22813901 0.60616405 0.21721367 0.26962569 0.32193637 0.30772267 0.36586078 0.70940466 0.60764521 0.69352592 0.5392831 0.69027922 0.81171979 1.7820256 1.0891302 0.95467623 2.2165695 0.15973046 0.50148266 0.67681634 1077.3183 749.44519 636.40982 0 0 0 0 0 0 0 0 0 0 0 0 0 0 0 0 0 786.51583 1604.8251 0.41059794 0.53703958 0.72117179 2.9723112 2.6289587 1.2419291
