var/www/cgi-bin/BAERTOOLS/ravel/working/ravel-5155.DEM
NCOLS 88
NROWS 114
XLLCORNER 772875.31
YLLCORNER 3877126.5
CELLSIZE 10
NODATA_VALUE -9999
[rows 28 to 55 of 114, columns 0 to 62 of 88]
1370.48 1373.293 1375.227 1378.299 1385.654 1389.554 1393.632 1397.881 1401.906 1409.384 1413.043 1416.68 1420.453 1424.221 1430.112 1432.362 1434.699 1436.791 1439.123 1443.411 1454.018 1453.476 1450.458 1446.382 1443.146 1439.961 1437.92 1436.006 1434.177 1432.226 1430.017 1424.7 1421.251 1417.065 1412.941 1409.672 1411.123 1408.035 1404.656 1401.187 1397.618 1393.726 1386.555 1384.141 1383.356 1384.57 1387.785 1395.752 1398.867 1400.822 1402.286 1402.033 1400.007 1398.799 1400.496 1403.798 1407.948 1412.081 1421.748 1427.076 1431.422 1434.891 1438.016
1369.65 1372.378 1375.227 1377.346 1384.141 1387.56 1391.293 1395.482 1399.757 1407.544 1411.23 1414.827 1418.584 1422.399 1425.875 1430.839 1432.75 1434.603 1436.488 1438.425 1446.484 1449.299 1446.96 1445.351 1446.6 1447.77 1445.282 1442.457 1440.007 1437.977 1436.026 1431.685 1428.918 1425.67 1421.714 1417.665 1414.237 1414.632 1411.29 1407.666 1403.977 1400.198 1393.687 1391.999 1391.086 1391.721 1394.014 1397.47 1405.543 1408.185 1409.57 1409.218 1407.493 1405.254 1406.533 1408.926 1412.061 1415.781 1420.074 1429.887 1434.153 1437.747 1441.128
1368.607 1371.412 1374.286 1377.346 1382.566 1385.945 1389.681 1393.774 1398.123 1405.972 1409.546 1413.202 1416.85 1420.495 1424.05 1429.268 1430.955 1432.576 1434.302 1436.006 1439.554 1441.812 1442.959 1444.717 1447.74 1450.449 1451.644 1450.067 1447.257 1444.422 1442.193 1437.913 1435.437 1432.751 1429.327 1425.355 1421.459 1414.632 1417.68 1414.157 1410.486 1406.829 1400.189 1398.164 1397.227 1397.411 1398.782 1401.864 1412.092 1415.709 1416.916 1416.957 1416.205 1413.267 1413.359 1414.428 1416.688 1420.01 1423.746 1432.987 1437.408 1441.179 1444.75
1367.658 1370.447 1373.266 1376.271 1382.566 1384.341 1388.196 1392.086 1396.095 1400.322 1407.918 1411.476 1414.767 1418.143 1421.752 1427.805 1429.687 1431.137 1432.439 1433.891 1435.576 1438.516 1439.956 1442.342 1446.002 1449.847 1453.054 1453.116 1452.266 1450.558 1448.38 1446.078 1441.354 1438.833 1435.797 1432.194 1428.323 1420.995 1417.68 1419.994 1416.595 1412.938 1409.34 1404.081 1402.868 1402.488 1403.326 1406.882 1417.572 1420.246 1421.787 1422.646 1422.594 1421.696 1420.687 1421.189 1422.375 1424.612 1428.052 1436.894 1441.118 1444.972 1448.573
1366.89 1369.475 1372.077 1374.87 1380.815 1384.341 1386.172 1389.711 1393.709 1398.23 1406.092 1409.415 1412.459 1415.616 1419.182 1425.827 1428.004 1429.539 1430.792 1432.082 1433.536 1436.345 1437.978 1439.995 1443.291 1447.558 1452.739 1453.812 1454.049 1453.628 1452.69 1451.348 1447.295 1444.705 1441.78 1438.222 1434.241 1426.683 1423.248 1419.994 1422.318 1419.469 1416.409 1411.658 1410.181 1409.91 1411.102 1414.23 1422.144 1424.88 1427.039 1428.77 1429.592 1429.383 1428.517 1428.023 1428.036 1429.788 1433.398 1441.535 1445.344 1448.848 1453.608
1365.604 1368.086 1370.603 1373.275 1379.005 1382.57 1386.172 1387.525 1391.386 1396.014 1404.299 1407.482 1410.491 1413.61 1416.858 1423.009 1425.685 1427.512 1428.784 1430.055 1431.512 1434.509 1436.066 1437.762 1440.204 1443.861 1451.469 1453.228 1454.387 1455.05 1454.979 1454.377 1452.196 1450.486 1447.668 1443.928 1439.843 1432.177 1428.657 1425.181 1422.318 1426.956 1424.762 1420.334 1419.158 1419.007 1419.427 1421.079 1427.172 1430.329 1433.464 1436.068 1437.684 1438.118 1436.557 1435.707 1435.419 1436.15 1438.629 1446.277 1449.371 1455.018 1461.083
1364.017 1366.459 1369.076 1371.814 1374.578 1380.841 1384.235 1387.525 1389.762 1394.137 1402.649 1405.748 1408.687 1411.686 1414.49 1416.905 1421.314 1423.733 1426.097 1428.057 1429.617 1432.51 1434.146 1435.807 1437.587 1440.243 1444.142 1451.854 1453.489 1454.695 1455.871 1456.365 1455.433 1454.408 1452.604 1449.579 1445.517 1441.201 1434.358 1431.261 1428.895 1426.956 1432.69 1429.099 1427.791 1427.369 1427.514 1428.439 1430.641 1437.587 1441.051 1443.528 1445.138 1445.998 1444.825 1443.596 1442.761 1443.213 1445.186 1448.074 1457.741 1463.388 1467.628
1362.597 1365.054 1367.67 1370.299 1372.961 1379.228 1382.472 1385.9 1389.762 1392.487 1400.894 1404.221 1406.715 1409.118 1411.408 1413.09 1416.211 1418.941 1422.125 1425.246 1427.612 1430.587 1432.081 1433.625 1435.412 1437.435 1440.04 1447.766 1451.021 1452.865 1454.339 1455.866 1457.604 1457.232 1455.931 1453.807 1450.62 1446.768 1440.838 1438.654 1436.482 1434.487 1432.69 1436.221 1435.008 1434.28 1434.036 1434.934 1437.358 1443.989 1447.127 1450.026 1452.5 1453.988 1453.533 1452.78 1451.861 1451.667 1452.463 1455.337 1465.815 1469.537 1472.741
1361.295 1363.632 1365.937 1368.339 1371.028 1377.316 1380.517 1384.202 1388.295 1390.448 1394.551 1402.234 1404.648 1406.451 1407.895 1409.09 1412.066 1414.247 1417.569 1421.22 1424.428 1427.003 1430.197 1431.511 1433.045 1434.874 1436.858 1442.581 1446.268 1449.072 1451.208 1453.096 1454.928 1458.329 1458.585 1457.124 1454.587 1452.043 1448.02 1446.039 1443.945 1441.864 1439.763 1437.742 1442.343 1441.268 1440.567 1441.089 1443.269 1449.773 1453.091 1456.02 1458.568 1460.417 1461.143 1460.405 1459.873 1459.716 1460.88 1463.74 1470.956 1474.339 1476.834
1359.786 1361.841 1363.902 1366.038 1368.625 1375.049 1378.21 1381.908 1386.162 1390.448 1391.944 1398.682 1401.615 1403.547 1404.614 1405.182 1407.641 1410.456 1413.648 1417.136 1420.593 1423.687 1428.023 1429.244 1430.556 1432.111 1433.951 1438.489 1441.353 1444.33 1447.066 1449.551 1451.885 1456.748 1458.864 1459.755 1458.7 1456.703 1453.984 1452.592 1451.075 1449.27 1447.206 1445.241 1442.343 1449.702 1448.5 1448.411 1449.669 1455.533 1458.879 1461.88 1464.674 1466.682 1467.358 1466.826 1466.531 1466.36 1466.913 1468.877 1475.001 1477.313 1479.004
1357.983 1359.983 1362.021 1364.13 1366.641 1372.825 1375.892 1379.27 1383.533 1388.033 1391.944 1394.912 1397.577 1399.182 1400.036 1400.587 1402.868 1406.331 1410.05 1413.543 1416.772 1419.712 1424.21 1425.974 1427.566 1429.278 1431.186 1435.399 1437.646 1439.96 1442.623 1445.598 1448.45 1453.382 1456.261 1458.961 1460.657 1460.672 1458.451 1458.47 1458.73 1458.44 1457.467 1455.778 1451.38 1449.702 1457.405 1456.384 1456.801 1461.846 1464.886 1467.774 1470.579 1472.609 1473.082 1471.414 1470.769 1471.027 1471.956 1473.443 1477.863 1479.533 1479.777
1356.037 1358.285 1360.461 1362.648 1364.993 1367.599 1373.633 1376.965 1380.985 1385.254 1388.972 1394.912 1393.098 1394.036 1394.365 1394.928 1396.456 1402.736 1406.538 1410.037 1413.129 1415.679 1419.317 1421.169 1423.447 1426.044 1428.445 1430.448 1434.517 1436.541 1438.542 1441.309 1444.896 1450.304 1452.579 1455.671 1458.848 1461.012 1461.903 1463.001 1463.952 1464.791 1465.208 1464.63 1461.082 1459.352 1457.405 1464.374 1464.247 1465.304 1470.549 1473.574 1477.161 1479.778 1479.435 1475.134 1474.37 1474.324 1475.168 1476.961 1479.323 1481.912 1479.961
1354.626 1356.922 1358.981 1361.099 1363.25 1365.429 1371.509 1375.168 1378.945 1382.559 1385.834 1391.308 1393.098 1389.311 1389.203 1389.39 1391.037 1398.993 1403.053 1406.253 1409.008 1411.363 1413.865 1415.227 1418.111 1421.63 1424.841 1427.465 1431.667 1434.039 1436.448 1439.389 1442.667 1447.944 1449.995 1452.298 1455.341 1458.436 1460.721 1464.054 1465.21 1466.043 1466.738 1467.216 1467.198 1466.594 1465.358 1469.175 1469.431 1470.61 1475.514 1478.748 1482.404 1486.443 1487.565 1480.515 1478.891 1478.735 1480.157 1482.906 1485.391 1483.053 1479.189
1350.484 1355.55 1357.478 1359.432 1361.496 1363.658 1369.646 1373.224 1376.841 1380.046 1382.645 1384.988 1388.706 1389.311 1385.14 1385.502 1387.135 1394.793 1399.331 1402.969 1405.6 1407.215 1408.071 1410.593 1413.455 1417.101 1420.642 1423.674 1428.72 1431.152 1435.012 1439.013 1441.827 1443.87 1447.885 1449.878 1452.106 1454.819 1457.747 1463.377 1465.03 1466.005 1466.951 1467.921 1468.781 1469.723 1469.445 1469.175 1473.23 1474.421 1478.494 1481.704 1484.299 1486.562 1488.859 1486.742 1485.656 1485.84 1487.45 1489.258 1489.769 1484.677 1478.522
1348.539 1353.66 1355.814 1357.72 1359.752 1362.081 1367.453 1370.637 1373.921 1376.756 1378.977 1380.935 1384.316 1385.094 1385.14 1380.944 1382.882 1390.615 1394.948 1399.034 1402.311 1403.797 1403.554 1404.941 1408.771 1413.108 1416.817 1419.882 1425.167 1427.884 1432.22 1437.419 1441.071 1442.706 1445.91 1447.735 1449.684 1451.892 1454.645 1461.59 1464.254 1465.398 1466.165 1467.232 1468.45 1471.101 1471.851 1472.438 1473.23 1475.577 1478.933 1481.052 1483.392 1485.634 1488.283 1490.652 1490.368 1490.257 1490.871 1491.351 1491.051 1485.654 1478.646
1346.328 1351.189 1353.797 1356.017 1358.038 1360.247 1365.076 1367.567 1370.392 1372.77 1374.855 1377.216 1380.723 1381.079 1380.736 1380.944 1378.222 1386.821 1391.007 1394.656 1397.634 1398.955 1398.775 1400.43 1404.198 1408.917 1413.186 1416.358 1421.331 1424.026 1427.28 1433.225 1438.877 1441.262 1443.945 1445.667 1447.488 1449.49 1451.707 1457.686 1461.04 1463.464 1464.641 1465.19 1465.984 1469.349 1471.263 1472.901 1474.255 1475.577 1478.456 1480.455 1482.578 1484.812 1487.06 1489.626 1492.735 1492.779 1492.961 1492.844 1492.041 1487.328 1479.166
1343.483 1348.076 1351.043 1353.899 1356.25 1358.328 1360.476 1364.706 1367.1 1368.905 1370.19 1372.058 1376.445 1376.74 1376.461 1376.518 1378.222 1378.625 1387.285 1390.706 1392.654 1393.347 1393.808 1397.988 1401.445 1405.282 1408.993 1412.148 1414.818 1420.301 1423.542 1427.742 1433.14 1437.909 1441.803 1443.479 1445.244 1447.094 1448.941 1450.698 1455.702 1458.565 1460.625 1461.802 1462.734 1466.527 1468.933 1470.973 1472.636 1474.416 1476.511 1479.562 1481.848 1484.197 1486.468 1488.924 1493.609 1494.442 1494.701 1494.35 1493.215 1491.285 1479.407
1339.737 1344.389 1347.739 1351.08 1354.046 1356.271 1358.011 1361.845 1363.707 1364.925 1365.47 1366.475 1370.99 1371.906 1372.067 1372.808 1374.97 1378.625 1383.393 1386.72 1388.534 1388.828 1389.473 1395.333 1398.822 1401.885 1404.789 1407.734 1410.629 1416.969 1420.301 1423.652 1427.517 1431.877 1439.471 1441.462 1443.087 1444.713 1446.325 1447.918 1451.333 1453.361 1455.579 1457.69 1459.631 1464.269 1466.602 1468.896 1471.099 1473.19 1475.279 1479.562 1480.945 1483.588 1486.441 1488.951 1492.737 1494.485 1496.046 1496.606 1495.068 1491.949 1480.127
1336.149 1338.461 1344.037 1347.49 1350.779 1353.524 1355.672 1358.752 1360.057 1360.95 1361.582 1362.53 1364.261 1367.266 1367.111 1368.252 1371.608 1375.883 1383.393 1382.393 1383.851 1385.169 1387.038 1392.67 1395.081 1397.721 1400.597 1403.615 1406.868 1414.069 1417.205 1420.081 1423.082 1426.341 1434.812 1438.748 1441.037 1442.605 1444.082 1445.53 1448.549 1450.091 1451.642 1453.828 1456.656 1462.187 1464.688 1467.005 1469.39 1471.775 1474.083 1478.697 1480.945 1482.807 1485.904 1488.439 1490.963 1492.407 1494.467 1497.069 1496.919 1493.109 1481.752
1333.1 1335.528 1340.578 1343.488 1346.631 1349.741 1352.62 1356.276 1356.951 1357.284 1357.516 1358.108 1359.304 1361.919 1362.777 1364.823 1368.662 1373.211 1380.519 1382.393 1379.958 1381.95 1384.363 1386.851 1391.059 1393.331 1396.452 1400.076 1403.736 1410.534 1413.393 1416.184 1419.111 1422.1 1425.086 1433.497 1438.007 1440.655 1442.123 1443.436 1446.29 1447.763 1449.342 1451.232 1453.785 1456.859 1462.602 1465.081 1467.532 1470.172 1472.932 1477.956 1480.094 1482.807 1483.894 1486.326 1487.837 1488.782 1490.419 1493.555 1495.626 1494.113 1483.343
1330.244 1332.45 1337.025 1339.593 1342.31 1345.171 1348.065 1352.31 1353.048 1352.904 1352.578 1352.841 1353.699 1355.96 1358.634 1362.475 1366.642 1370.605 1377.226 1378.608 1379.958 1378.939 1381.303 1383.239 1386.857 1389.053 1392.616 1396.781 1400.621 1406.537 1409.308 1412.433 1415.551 1418.414 1421.139 1426.996 1431.981 1436.79 1439.827 1441.461 1444.169 1445.782 1447.485 1449.339 1451.518 1454.179 1460.182 1463.024 1465.702 1468.443 1471.481 1477.272 1479.176 1481.276 1483.894 1482.684 1484.416 1485.98 1487.009 1490.107 1493.797 1494.194 1484.692
1327.321 1328.881 1332.744 1335.185 1337.987 1340.586 1342.968 1345.1 1346.802 1346.782 1346.448 1346.081 1346.406 1351.158 1355.26 1360.056 1364.834 1368.502 1370.84 1374.386 1376.442 1378.939 1378.063 1379.621 1382.531 1385.576 1389.39 1393.174 1396.583 1399.659 1405.265 1408.535 1411.903 1415.017 1417.78 1423.041 1426.051 1430.486 1435.187 1438.676 1440.815 1443.799 1445.568 1447.447 1449.479 1451.809 1457.521 1460.586 1463.588 1466.466 1469.629 1473.155 1477.815 1479.083 1480.693 1482.684 1480.58 1484.148 1485.935 1488.227 1491.441 1493.02 1490.72
1321.888 1323.812 1328.151 1330.378 1333.174 1335.881 1338.169 1339.824 1340.437 1340.2 1339.74 1339.436 1340.073 1347.677 1352.965 1357.626 1362.173 1365.625 1367.089 1370.16 1372.741 1375.621 1378.063 1375.316 1377.857 1380.892 1385.109 1389.15 1392.505 1395.551 1401.279 1404.833 1408.404 1411.579 1414.383 1419.258 1422.094 1425.235 1429.174 1433.58 1437.488 1442.029 1443.7 1445.563 1447.539 1449.601 1454.532 1457.697 1460.945 1464.085 1467.202 1470.431 1475.309 1476.496 1477.45 1478.744 1480.58 1482.713 1484.929 1487.101 1489.941 1491.825 1490.775
1316.787 1317.911 1323.671 1326.354 1329.181 1331.763 1333.514 1334.428 1334.531 1333.308 1332.016 1331.878 1334.334 1344.778 1350.482 1355.074 1358.442 1360.837 1362.43 1366.21 1368.959 1371.645 1373.81 1375.316 1374.216 1376.571 1380.374 1384.756 1388.642 1391.981 1398.871 1402.34 1405.543 1408.453 1411 1415.431 1418.015 1421 1424.283 1428.091 1432.51 1440.087 1441.923 1443.615 1445.528 1447.462 1451.641 1454.51 1457.918 1461.335 1464.412 1467.145 1471.512 1473.147 1474.387 1475.757 1477.685 1482.713 1483.993 1486.295 1488.754 1490.672 1490.625
1314.792 1315.393 1317.091 1322.311 1325.019 1327.358 1328.851 1329.572 1328.985 1327.868 1326.988 1327.665 1331.172 1336.807 1346.91 1351.264 1354.097 1355.727 1357.578 1362.737 1365.426 1367.684 1369.419 1370.906 1372.433 1373.433 1377.141 1381.226 1385.306 1389.237 1396.546 1399.976 1403.16 1405.789 1407.968 1410.011 1414.01 1416.552 1419.768 1423.284 1427.124 1436.447 1439.838 1441.867 1443.521 1445.346 1447.285 1451.47 1454.709 1458.245 1461.333 1463.701 1467.54 1469.888 1471.972 1473.895 1476.137 1478.806 1483.993 1485.414 1487.715 1489.496 1489.876
1312.856 1313.203 1314.419 1318.569 1320.464 1321.861 1322.95 1323.533 1322.704 1321.765 1321.94 1324.745 1329.349 1334.226 1343.097 1345.931 1347.979 1350.299 1353.361 1359.186 1361.595 1363.61 1365.23 1366.676 1368.215 1370.393 1374.538 1378.554 1382.602 1386.828 1394.074 1397.255 1400.435 1403.243 1405.411 1407.182 1410.836 1412.85 1415.769 1419.303 1422.921 1431.449 1436.129 1439.573 1441.704 1443.393 1445.283 1449.541 1452.313 1455.132 1457.804 1460.129 1464.544 1467.385 1470.407 1473.082 1475.552 1478.084 1483.026 1485.414 1486.534 1488.293 1488.77
1310.347 1309.804 1310.506 1314.099 1315.599 1316.504 1317.386 1317.792 1317.152 1315.801 1317.299 1321.496 1326.883 1331.497 1337.98 1340.077 1341.521 1344.364 1348.695 1352.796 1357.57 1359.117 1360.788 1362.504 1364.25 1370.393 1371.983 1376.029 1379.976 1383.97 1387.83 1394.174 1397.056 1400.037 1402.521 1404.296 1407.712 1410.013 1412.67 1415.788 1419.332 1422.965 1431.524 1436.071 1439.365 1441.517 1443.387 1447.839 1450.016 1451.931 1454.171 1456.862 1459.702 1465.916 1469.032 1472.196 1475.227 1477.712 1481.797 1484.22 1486.534 1486.575 1487.459
1307.633 1306.092 1305.94 1308.51 1309.53 1310.231 1310.424 1310.22 1309.646 1309.651 1313.801 1318.947 1323.664 1327.647 1333.128 1334.813 1336.695 1339.699 1343.72 1347.836 1353.051 1354.528 1356.221 1358.383 1361.023 1367.801 1371.983 1373.573 1377.435 1381.129 1384.5 1390.535 1392.869 1395.354 1398.008 1400.427 1404.476 1406.965 1409.812 1412.649 1415.788 1419.591 1428.278 1432.705 1436.412 1439.378 1441.796 1445.895 1447.717 1449.441 1451.226 1453.713 1457.182 1464.479 1467.537 1470.882 1474.285 1476.91 1480.573 1482.695 1484.816 1486.575 1485.669
