var/www/cgi-bin/BAERTOOLS/ravel/working/ravel-13933.DEM
NCOLS 92
NROWS 90
XLLCORNER 452078.49
YLLCORNER 3782565.4
CELLSIZE 10
NODATA_VALUE -9999
[rows 28 to 55 of 90, columns 0 to 62 of 92]
903.5542 909.6382 919.6599 922.4974 924.8284 926.3459 927.1865 928.0899 928.1823 928.1862 927.5095 926.3049 925.3629 923.1562 924.2217 925.8151 926.6575 927.3898 928.8602 932.2724 934.0833 936.2943 938.5255 941.1135 944.3662 950.285 955.4765 961.9695 968.3054 974.5966 981.3002 994.8049 1001.186 1006.038 1012.333 1019.611 1026.99 1041.156 1048.594 1055.317 1061.673 1068.613 1080.676 1086.335 1092.853 1098.551 1102.219 1104.317 1104.452 1104.456 1104.511 1104.527 1104.575 1104.745 1104.94 1104.513 1103.683 1102.329 1100.466 1098.726 1098.699 1099.736 1100.82
905.5163 915.4462 925.5335 928.4695 929.5526 930.4821 931.245 932.4267 932.8865 933.0634 932.8175 932.285 931.5731 929.1022 928.1405 927.9399 927.9821 928.7916 931.3993 935.5366 937.2227 938.7827 940.9608 943.7874 946.2972 951.7605 957.2213 963.6512 968.3054 974.5966 981.3002 994.8049 1001.186 1007.378 1014.043 1021.486 1028.401 1042.26 1049.417 1056.337 1063.027 1069.602 1081.616 1087.44 1094.244 1099.668 1101.841 1101.903 1099.05 1098.211 1097.402 1096.89 1097.089 1098.016 1099.653 1098.618 1096.844 1094.491 1091.524 1088.992 1090.986 1093.503 1095.599
909.14 915.4772 927.8449 931.1081 932.8585 934.3195 935.3964 936.7482 937.4409 938.092 938.891 939.7567 939.9002 937.5708 936.5345 935.7079 935.279 935.5327 936.623 939.8851 941.4166 943.2325 945.6436 943.7874 946.2972 951.7605 957.2213 963.6512 969.511 975.4854 982.3758 995.8165 1002.202 1008.753 1015.664 1022.657 1034.917 1042.257 1049.731 1056.794 1063.656 1070.144 1082.407 1087.959 1094.058 1097.973 1097.799 1095.964 1090.785 1089.703 1089.425 1089.366 1089.656 1090.511 1092.075 1090.67 1088.091 1085.081 1082.276 1080.687 1083.207 1085.888 1088.69
910.4617 915.0306 926.9045 931.9177 935.73 938.4067 939.8013 941.7502 943.0364 944.333 945.483 946.3824 946.8611 945.5928 944.3588 942.968 941.7675 941.4186 936.623 939.8851 941.4166 943.2325 945.6436 948.0856 949.6072 953.8104 958.7407 964.6173 970.2965 976.3906 983.436 996.3589 1002.619 1009.432 1016.204 1022.369 1034.372 1041.398 1048.814 1056.256 1063.672 1070.459 1082.727 1087.747 1090.514 1090.639 1088.78 1085.96 1080.637 1079.878 1080.405 1081.368 1082.198 1082.768 1083.512 1082.978 1081.458 1079.191 1076.391 1074.109 1076.535 1078.859 1081.225
909.1019 912.884 924.8652 931.4406 937.3883 941.8593 944.614 948.7051 950.3109 951.6182 952.6716 953.6338 946.8611 945.5928 944.3588 942.968 941.7675 941.4186 942.3795 945.9267 947.5825 949.446 951.2017 952.6207 953.9158 957.34 960.5081 965.2265 970.9711 977.2391 984.5154 996.6324 1002.621 1008.893 1015.297 1021.921 1034.149 1040.867 1047.82 1055.582 1063.709 1070.47 1081.052 1083.925 1084.115 1081.989 1079.256 1077.064 1072.979 1071.141 1070.52 1072.084 1074.99 1077.124 1078.752 1078.34 1076.759 1073.982 1070.372 1067.129 1068.152 1069.871 1070.915
904.8245 909.7223 921.7403 928.6953 936.104 942.7453 947.6017 948.7051 950.3109 951.6182 952.6716 953.6338 954.3848 954.0754 952.9813 951.7678 950.7097 950.3411 951.0052 952.4328 953.7234 955.2279 956.5096 957.7092 958.8627 961.1058 962.4526 966.1978 971.9777 978.3054 986.1194 997.0818 1002.945 1009.169 1015.579 1022.598 1035.185 1041.55 1047.953 1055.484 1063.251 1069.071 1074.987 1075.255 1074.561 1072.801 1070.997 1069.866 1066.928 1064.124 1061.589 1062.154 1065.976 1069.672 1073.275 1073.109 1071.249 1068.155 1064.062 1058.868 1055.351 1056.892 1058.475
902.3826 911.8512 921.7403 928.6953 936.104 942.7453 947.6017 954.6171 956.7053 958.7833 960.3362 961.342 962.04 962.2775 961.6915 960.6882 959.5155 958.7078 958.6122 959.2758 960.1075 961.0903 962.0742 963.0789 964.1054 965.8513 966.9165 969.7368 974.274 980.2987 988.5566 998.3636 1004.739 1011.827 1018.461 1025.213 1037.25 1042.852 1048.371 1054.691 1060.716 1064.467 1067.591 1067.488 1066.866 1066.007 1065.227 1064.56 1061.362 1057.69 1054.171 1053.095 1055.237 1059.099 1064.773 1065.317 1063.899 1060.881 1056.764 1050.646 1043.021 1044.258 1046.969
902.3826 911.8512 918.6833 925.5859 933.4804 941.0107 946.6094 958.0068 962.2569 965.2153 967.3354 968.9221 970.1812 970.9817 970.545 969.5127 968.3517 967.2955 966.4397 966.2972 966.5923 967.1184 967.8643 968.668 969.691 972.2754 973.8419 975.5397 978.4978 983.9686 995.6444 1000.733 1007.688 1014.777 1020.834 1027.162 1038.541 1043.539 1048.204 1052.113 1054.863 1056.639 1058.533 1058.332 1058.189 1058.375 1058.491 1058.364 1055.046 1051.142 1046.535 1043.955 1045.43 1049.456 1055.711 1056.747 1055.938 1052.987 1048.526 1043.538 1035.454 1034.863 1036.63
901.6 909.0003 915.8188 922.941 930.855 938.5419 945.0298 958.5621 964.8585 968.8349 972.0296 975.5703 978.0336 979.8248 979.491 978.3539 977.0168 975.6317 974.6268 973.9019 973.7689 973.7256 973.9493 974.5679 975.4132 978.161 979.543 981.0688 983.6801 987.9563 997.4922 1003.279 1010.129 1016.611 1022.339 1028.302 1039.188 1042.854 1045.309 1046.619 1047.194 1047.491 1047.411 1047.714 1048.743 1050.261 1051.457 1051.6 1047.708 1043.461 1038.765 1035.87 1036.72 1040.618 1047.386 1048.112 1047.091 1044.465 1040.526 1036.917 1028.922 1026.629 1026.758
901.3005 907.5769 913.9172 920.9182 928.493 936.22 943.5987 957.8774 964.6584 970.3627 975.1353 979.3224 983.2809 987.2314 987.4395 987.1991 986.374 985.0387 983.7629 982.205 981.4926 980.8911 980.7849 981.165 981.6057 983.6464 984.7593 986.0032 988.1617 991.8217 1000.393 1005.909 1012.094 1018.017 1023.453 1028.864 1038.521 1039.736 1039.688 1039.343 1039.008 1038.569 1037.774 1038.947 1040.96 1042.957 1044.518 1044.837 1039.676 1034.979 1029.82 1026.747 1028.177 1032.236 1038.148 1038.875 1038.218 1036.084 1033.268 1027.453 1023.747 1020.628 1019.446
901.1825 907.0002 912.7098 919.1766 926.3193 934.174 942.4676 957.5344 964.5319 970.7908 976.338 981.7166 987.1957 992.115 993.5501 994.7142 994.6968 993.5769 992.4586 990.4055 989.4419 988.7452 988.3653 988.0303 987.9455 989.1891 990.0737 991.2126 993.3519 996.7879 1004.45 1008.865 1013.979 1019.493 1024.506 1028.831 1034.23 1033.171 1031.476 1030.11 1029.565 1029.346 1029.052 1029.736 1031.491 1033.852 1035.951 1036.627 1030.588 1026.713 1020.648 1016.05 1017.594 1021.89 1029.107 1029.52 1029.358 1028.167 1026.788 1023.1 1019.748 1015.892 1013.661
901.0685 906.7581 912.0476 918.0154 924.41 931.9006 941.085 957.18 964.3322 970.6844 976.4389 982.0192 987.295 994.2233 997.6329 1000.596 1001.318 999.9301 998.6463 996.1857 995.3694 994.72 994.1981 993.7946 993.5729 994.4205 995.4365 996.7756 998.7828 1001.682 1008.093 1011.858 1016.429 1021.447 1025.879 1028.725 1028.094 1025.951 1023.667 1022.13 1021.781 1021.87 1022.157 1022.294 1023.079 1024.596 1026.207 1026.703 1022.184 1019.546 1014.004 1008.846 1009.151 1012.253 1020.404 1022.029 1022.565 1022.168 1021.855 1019.634 1016.938 1013.136 1009.949
900.9691 906.7626 911.955 917.5802 923.2187 930.1169 939.7783 956.8152 964.0457 970.4131 976.2054 981.8714 987.2285 995.3419 999.3978 1002.793 1004.949 1005.972 1005.654 1003.247 1002.115 1001.037 1000.056 999.3781 999.0657 999.6231 1000.934 1002.301 1003.987 1006.438 1012.182 1015.77 1020.092 1024.112 1026.995 1028.388 1023.964 1021.007 1018.466 1016.94 1016.381 1016.506 1017.178 1016.76 1017.265 1018.357 1018.661 1018.597 1016.296 1012.997 1008.266 1003.759 1002.182 1005.389 1013.303 1016.478 1018.896 1021.043 1020.702 1016.485 1014.892 1011.413 1006.854
901.2783 907.4518 912.7647 918.0262 922.9324 929.4547 939.5742 956.4319 963.7864 970.2138 976.0047 981.7462 987.2422 995.6573 999.7173 1003.882 1008.112 1011.467 1012.565 1011.339 1010.223 1009.128 1007.993 1007.028 1006.284 1006.61 1007.408 1008.596 1010.01 1011.518 1016.96 1020.743 1024.145 1026.736 1028.24 1027.947 1021.243 1016.878 1013.091 1009.434 1006.968 1007.95 1009.838 1008.299 1009.45 1011.99 1011.885 1011.188 1006.074 1002.657 999.942 996.6605 993.3454 994.8415 1006.115 1011.54 1019.278 1025.547 1022.757 1012.29 1009.231 1006.454 1003.569
902.0248 909.2894 914.3423 919.1071 923.1318 929.4334 940.4587 956.0838 963.5259 970.0763 975.9395 981.6934 987.2788 996.0054 1000.353 1005.626 1010.916 1014.408 1016.188 1016.825 1016.446 1015.904 1015.293 1014.701 1014.253 1014.182 1014.232 1014.91 1016.139 1017.487 1022.118 1024.803 1026.961 1028.637 1029.06 1027.028 1018.737 1013.557 1008.541 1003.314 999.4177 999.3785 1001.025 999.8676 1000.64 1002.494 1002.773 1002.425 996.7435 993.4044 991.324 989.3867 986.5995 986.9496 999.4938 1007.647 1017.256 1022.694 1018.364 1006.807 1002.112 1000.328 999.3313
903.734 911.9656 916.1733 920.2752 923.8334 929.924 941.0983 956.3036 963.5972 970.2401 976.2325 981.816 987.2506 996.3386 1001.102 1006.928 1012.515 1016.241 1018.954 1020.469 1020.339 1020.345 1020.368 1020.324 1020.267 1020.408 1020.76 1021.308 1022.251 1023.973 1028.193 1029.109 1029.8 1029.833 1028.599 1026.117 1016.588 1010.718 1004.717 998.7963 993.9112 992.5829 993.4146 993.2493 992.6677 991.5095 991.9345 994.0768 991.1063 987.4726 984.1403 980.8841 978.1686 987.316 995.7498 1003.82 1010.588 1013.497 1011.043 1002.028 997.7535 993.5596 990.8922
906.7087 915.0532 918.7255 922.0869 925.853 932.2608 941.9778 957.3145 964.3998 970.9042 976.7737 982.0878 987.2905 996.7388 1001.804 1007.691 1013.487 1018.214 1022.351 1028.181 1028.802 1027.115 1025.416 1025.14 1025.09 1025.293 1025.836 1026.796 1028.765 1032.128 1035.432 1033.235 1030.485 1028.301 1026.161 1023.013 1014.61 1007.795 1000.403 993.858 988.7748 987.7676 987.8876 987.6478 986.8802 985.1595 985.368 987.842 985.3871 981.6558 977.8969 974.8231 974.2123 984.3436 992.2391 1000.154 1004.685 1004.481 1002.706 997.548 994.225 989.764 985.3137
910.0048 917.8665 921.4143 924.7673 929.654 936.8184 944.0162 958.5607 965.5091 971.6484 977.2909 982.3623 987.2814 997.2122 1002.503 1008.22 1014.364 1020.532 1025.692 1036.963 1037.796 1034.091 1029.654 1028.262 1028.757 1028.942 1029.139 1030.41 1033.226 1036.627 1036.974 1031.797 1027.186 1023.807 1020.066 1016.415 1010.167 1004.278 996.9048 990.1736 985.8557 984.1252 983.5994 982.9941 981.6917 979.4509 977.9133 979.8115 979.3943 975.6609 970.6218 967.2482 969.8378 981.9719 987.44 993.8538 998.0585 998.1621 996.6949 992.8536 990.2073 985.5705 979.8531
913.21 920.6624 923.9913 928.2853 934.355 941.0963 946.9742 960.0779 966.5833 972.3503 977.8377 982.8622 987.7922 997.9109 1003.253 1008.826 1015.093 1022.276 1033.718 1036.63 1036.192 1033.15 1029.849 1028.643 1027.883 1028.062 1028.319 1028.948 1030.514 1032.437 1030.214 1025.627 1021.746 1018.214 1013.736 1009.311 1004.428 999.8371 993.796 987.5619 981.9197 978.7849 980.0062 979.9043 977.9728 975.2987 973.5395 974.6667 973.6163 969.1001 964.7701 962.9017 966.1942 977.7624 982.8406 988.2667 991.8093 992.3359 991.5956 987.5851 983.9293 979.1592 973.1876
916.6827 923.4512 927.3703 933.0071 939.3782 945.0211 950.4508 961.6589 967.5707 973.0712 978.3783 983.8059 989.0847 999.8284 1004.759 1009.634 1015.692 1023.193 1029.403 1029.118 1027.987 1026.418 1024.76 1023.232 1021.141 1021.393 1022.393 1023.49 1024.364 1025.268 1022.283 1018.193 1014.883 1011.694 1007.474 1002.485 995.71 992.0252 987.8604 982.6856 977.1149 974.4838 977.4454 977.2427 974.0534 969.2404 966.172 968.26 967.6344 963.646 959.6573 958.998 962.5298 972.9424 979.0084 983.8699 986.2167 986.1063 985.1592 981.5132 977.978 972.7665 967.0969
920.476 926.7849 931.8556 938.0536 944.0573 949.4343 954.3466 963.9424 969.4075 974.6921 979.7421 985.2302 990.9396 1002.557 1006.641 1010.604 1016.439 1023.875 1024.945 1022.892 1020.776 1018.461 1016.145 1013.915 1011.827 1012.214 1014.027 1016.628 1018.246 1018.38 1014.065 1009.75 1005.738 1002.938 1000.371 996.3659 987.2437 983.0589 979.8577 975.8891 970.4349 967.255 971.7042 971.2067 968.047 964.0474 962.1531 963.4545 961.7066 957.3179 952.9155 953.1096 958.2452 971.5126 977.7853 979.7986 979.3771 978.6324 977.5861 975.0708 971.7114 966.8691 962.8425
924.3016 932.1662 937.3722 943.0139 948.5167 953.5834 958.1533 967.4743 972.6227 977.696 982.4507 987.6625 994.2432 1005.082 1008.896 1012.433 1017.066 1022.417 1020.633 1018.175 1015.167 1011.421 1007.456 1004.148 1001.999 1002.7 1005.52 1009.001 1010.895 1010.648 1003.844 1000.386 997.1423 994.054 991.472 989.0876 980.3873 974.4824 969.5428 966.1535 963.3126 961.4628 966.4163 965.7675 963.5073 960.5508 958.4297 956.5427 955.0251 952.4239 950.2918 951.6986 957.5553 970.7848 974.6083 974.7767 973.5507 972.529 971.3903 968.3671 965.3503 962.1202 959.2715
929.3123 938.5392 943.5987 948.6481 953.1797 957.3879 961.7595 971.2829 976.1947 981.0124 985.8654 991.6053 998.5863 1007.44 1011.157 1014.341 1017.308 1019.646 1016.527 1012.971 1008.244 1003.514 999.4133 995.9535 991.3511 991.722 995.272 999.006 1000.587 1000.053 995.626 993.1777 990.2252 986.3889 983.0961 981.404 974.5806 968.1462 962.6439 957.8771 953.4667 953.3786 956.3145 958.0773 958.5415 957.0491 954.5344 951.0229 950.4518 949.1162 949.1915 952.6613 958.7304 968.0889 968.9517 968.7707 968.0599 966.7256 965.3636 962.6018 959.6128 956.0507 954.3389
936.2339 945.0875 949.7579 953.8681 957.3552 961.021 965.3859 974.7738 979.5386 984.1169 989.3413 995.8645 1001.867 1010.258 1013.256 1015.68 1017.431 1017.061 1010.961 1005.549 999.6429 993.894 989.7367 988.0386 983.7965 983.7726 985.7861 988.3812 990.1724 989.8885 988.1807 986.2598 982.5571 978.162 975.1525 973.8898 969.875 965.5278 960.1085 954.4849 950.1922 948.7438 949.6122 952.4508 954.5746 954.0468 951.6084 945.1043 943.5168 943.9205 947.8195 953.9958 959.752 965.0428 964.6263 963.9962 963.064 962.0509 960.8781 957.0595 953.8052 951.3397 952.2191
942.7707 950.9638 954.8271 958.2541 961.4833 965.1374 969.5422 978.3635 982.7005 987.4951 993.4901 999.9858 1009.232 1012.701 1015.27 1016.381 1015.729 1013.422 1003.694 998.0415 992.0363 986.8627 983.6746 981.743 976.399 976.0172 978.5662 980.6412 980.7759 981.1621 981.6898 980.3343 976.9327 972.0186 967.4106 965.2573 964.6786 962.5173 958.7661 954.5856 949.9714 944.0042 941.8497 945.7712 948.7744 948.7994 946.0453 939.8434 938.5386 941.4716 948.2601 954.7141 958.5559 960.9903 960.532 959.9783 959.2426 958.2938 957.1247 953.1962 950.1887 948.3804 950.6996
948.2554 955.8992 959.4113 962.7609 966.181 969.9812 974.1368 982.941 986.8345 991.6489 997.6822 1003.359 1012.252 1014.979 1016.451 1015.415 1011.703 1007.163 996.8156 991.6143 986.2072 980.9871 977.3347 975.0978 966.723 966.5533 969.7628 972.1146 972.3393 973.014 975.7419 975.6238 972.8149 967.972 963.0987 959.5068 957.055 956.6129 955.4484 953.4561 949.7046 943.7089 938.2635 939.4665 940.9615 941.6299 941.3568 937.2628 937.5202 941.9911 949.0696 954.3527 955.9249 956.6393 956.2453 955.8289 955.3422 954.7911 954.0799 948.6239 944.7266 945.6983 951.1336
953.1866 960.7071 964.0931 967.3157 970.7542 974.6455 979.2058 988.088 991.8333 996.2347 1001.365 1006.777 1014.793 1016.825 1016.476 1012.848 1006.974 1000.237 989.5886 985.8488 980.7687 975.3366 971.0372 966.9722 960.8777 960.5198 962.3748 964.0151 963.7811 964.0405 969.3911 969.7234 968.0607 964.621 959.2197 953.0897 950.8273 951.2662 951.2879 950.0998 947.4123 939.3632 935.3763 933.6727 934.3072 935.6609 936.2731 935.376 937.6457 942.887 949.1997 952.6959 952.8481 952.4483 952.1533 951.9492 951.6821 951.0033 949.4596 940.8207 939.6545 944.7689 951.8962
957.7266 965.1375 968.1804 971.4498 975.0912 979.828 985.6822 992.0571 996.0979 1000.288 1004.266 1009.458 1015.599 1016.42 1014.936 1009.777 1001.958 993.6569 983.9152 980.7827 976.7515 971.6411 965.9459 960.9614 954.0355 954.4465 956.1072 956.2278 955.5672 957.2427 964.288 965.5256 964.4637 961.1573 956.1881 950.9186 944.7765 944.4932 944.8167 944.5051 943.6284 939.2565 933.1606 928.4025 927.9418 929.5861 929.8896 934.5719 938.6258 943.017 947.3455 949.3145 949.004 948.4786 948.2974 948.1005 947.7146 946.6005 944.19 937.5135 938.262 944.7904 952.6411
