var/www/cgi-bin/BAERTOOLS/ravel/working/ravel-14124.depgrd.txt
NCOLS 48
NROWS 55
XLLCORNER 276696.32
YLLCORNER 3831378.9
CELLSIZE 10
NODATA_VALUE -9999
[rows 0 to 39 of 55, columns 0 to 47 of 48]
0 0 0 31.885853 -3.5527137e-15 0 0.0080076221 3.5527137e-15 0 0 0 0.053082716 0.14176663 0 0 0 0 0 0.16512699 0 0 0 0 0 0 0 0 0 0 0.036195271 0.012616793 0 59.850603 0 31.866355 0.08314363 0.0036250026 -3.5527137e-15 -7.1054274e-15 0.090617272 0.018779995 0.066697069 0.052932479 0.050284643 0.032808569 0 0.019561802 7.1054274e-15
0 0 3.5527137e-15 0 0 3.5527137e-15 7.1054274e-15 0.031970925 0.1259462 0.11487779 0.20322341 0.15375518 0.27913227 0.43481789 0.24469278 0.6203703 0.42188032 0.52099524 1.7772547 0 3.5527137e-15 0 0 0 -3.5527137e-15 0 -3.5527137e-15 -3.5527137e-15 0 3.5527137e-15 3.5527137e-15 0.052532558 20.404378 64.098304 66.958559 0.018834758 0.053047647 0 0.0097409741 0 0.11320973 0.045153371 0.083163662 0.028848078 0 0.035064727 7.1054274e-15 0.021227931
0 0 0 -3.5527137e-15 0 -1.0658141e-14 0.033752876 0.1239499 0.060364226 0.14087386 0.28754957 0.0931279 0.23325522 0.43786908 0.40324348 0.54009081 0.052333973 1753.777 0.63551097 1.9436023 1.4489849 0.68563041 1.1765385 0.038333712 0 0 0 0.0047872799 0 3.5527137e-15 0 0 0.058096754 56.620597 2186.782 0.026438813 7.1054274e-15 0 0.044334113 0.021341687 0.068434169 0 0.022465732 0.042770062 -3.5527137e-15 0 0 0
0 0 0 0 7.1054274e-15 3.5527137e-15 0.043228498 0 0.030510491 0.084410265 0.18829931 0.14979872 0.29037128 0.04909243 -3.5527137e-15 0.051814794 0.046530131 2.9587584 0.39032523 0.90363388 1.0816227 0.45913033 0.58113898 4.2565628 5.0217673 4.1566689 -3.5527137e-15 -3.5527137e-15 0.032532183 0 3.5527137e-15 -3.5527137e-15 31.664298 6012.0625 3.0287723 0.49062163 0.06116251 0.048829242 0.014483538 0.039139026 3.5527137e-15 0.051172031 3.5527137e-15 1.0658141e-14 3.5527137e-15 3.5527137e-15 0 0
0 0 0 0 3.5527137e-15 0 0 0.036435884 0.033545171 0.061445401 0.070096812 0.10087523 0.0227873 0.0029635192 0.031928695 0.06347414 0.00032562596 0.23211842 0.12035539 0.21566276 0.018757631 0.047159119 0.15331278 1.7069765 1.7004764 1.8741557 2.9280752 2.1610638 0.12595819 0.058826307 0 16.600469 1.8257518 8.6295331 1.4591415 2.9150562 1.770047 0.077517247 0.042024474 0.023124908 -3.5527137e-15 3.5527137e-15 0 0.035794916 7.1054274e-15 0 0 0
0 0 0 0 0 0 0 0 0 0.046399054 0.12985895 -7.1054274e-15 0.17232932 0.048146553 0.056218614 0.042829814 0.060065554 0.21268818 0.20566288 0.23126064 0.018733623 0.14353524 0.27976279 0.069177402 0.040204813 0.041787936 1.1482182 2562.7882 32.305141 47.454657 0.010134192 0.58049666 17.296215 1.0468647 0.95126111 1.0202601 4.7955937 1.5861618 1.8347696 0.030386492 0.0420062 0 3.5527137e-15 -3.5527137e-15 0.019944011 0 0 0
0 0 0 0 0 0 -1.7763568e-15 0 0.051908772 0.03374892 0.075194714 0 0.055133947 0.13092948 0.10310489 0.11913469 0.11019834 0.26104943 0.13534911 3.5527137e-15 0.099777977 0.13595208 0.43124004 0.21403362 0.084111836 0.034414695 0.076521695 71.548279 198.00724 0 4.0689686 0 0.49854369 1.0966431 0.0066944308 1.3197396 0.54855084 1.6871287 1.7408565 2.2048563 1.2566111 0 -3.5527137e-15 0.019817173 0 0.00077463934 0 0
0 0 0 0.020814298 0 0.0071757036 0.058557429 0.031007469 0.006538066 0.022292061 0 -3.5527137e-15 0.045434169 0.022018427 0.079669085 0.065172592 0 0.035896588 0.12084761 0 0.091590606 0.1090342 0.040966977 0.10043502 0.082370004 0.057337498 0.40065248 27.227012 0 0 620.55817 0 0.73420019 0.80607686 0.61517212 1.2161905 0.76924623 0.387102 0.68825579 0.98736313 1.3054329 0.62681158 0.70057415 0.095508262 0.055079173 0.027957011 0 0.0099087592
0 3.5527137e-15 0 0.0324844 0 0.0014214574 0.0018171264 0.013269447 0 0.015063861 0.071891161 0 0 0.025499797 0.027301291 0.016612655 0 0.01236785 0.06733628 3.5527137e-15 0.035341525 0.068152757 0.15849228 0.41791374 0.21947859 0.13767464 0.2249634 0.15597387 153.28662 264.57744 231.31591 0.30342057 0.5825867 0.13502366 1.0207658 0.31015882 0.80795769 0.1274027 0.4677079 0.71836327 0.54749515 1.4334926 0.8015172 0.57520288 0.0055387905 7.1054274e-15 -7.1054274e-15 0
-1.5543122e-15 -3.5527137e-15 0.018084957 0.0041227465 0.0096472094 0.034557676 0.063768995 0 0.042283177 0.041724935 0 0.028342498 0.031404198 0.079935628 0.075595326 0 0.04814245 0.045399747 0.10215177 0.024603341 0.045732993 0.096344614 0.22864085 0.273159 0.29649305 0.10454557 130.62695 526.30096 660.70884 0.33621915 0.40893405 0.27945352 0.56578043 0.61032312 0.33896958 1.0385448 -3.5527137e-15 0.79095438 0.48546568 0.59035204 0.48115037 0.18978881 0.53252153 0.38825188 1.7298268 0.009539662 -3.5527137e-15 0
0 0 0.0092730926 0.020603948 0.034829372 0.015494435 0.036448559 7.1054274e-15 3.5527137e-15 0.05496184 0.0063818532 0 0 0 3.8907014e-06 0.0088083878 0.05987261 0.048067486 0.022121312 0.046431728 0.088131532 0 0.071720329 0.32602718 0.23066882 383.3061 71.362335 0.31661623 0.37197114 0.45284841 0.48318588 0.514217 0.33472676 0.54351464 0.60484962 1.2704902 1.140187 0.86882353 0.50465297 0.85521049 0.47956063 0.12324951 0.4565032 0.29231533 0.71822935 0.45609188 0 0
2.2878975 0.010606778 3.5527137e-15 0.038144959 0.15025825 0.070473679 0.03081099 0.046794673 0.024226279 0.10827496 0.041442027 0.059786381 0.062978375 0.061950725 0.051153169 0.01491366 0.015555921 0.00087984128 0.029952008 0.082539679 0.048424806 0.046714014 0.035704434 0.092291747 916.83459 431.75123 0.28035973 0.15371514 0.41562312 0.39047228 0.47273795 0.50299717 0.27225781 0.41473353 0.72185946 1.162975 0.47472745 0 0.30395434 0.31574183 0.67820204 0.10969818 0.1966571 0.58433781 0.27193497 1.4656563 0.35353621 0
0 0 0.00058480791 0.055241606 0.029768165 0.2596728 0.089162253 0.037327132 0.026080288 0.045236691 0.094193121 0.016022033 -7.1054274e-15 0.051141571 0.17174098 0.071168255 0.023057753 0.0084818124 0 0.030740044 0.072732318 1.0658141e-14 0.17306219 438.23847 739.06809 0.23361673 0.14886607 0.26155329 0.09293509 0.1458287 0.26436328 0.57872251 0.10732295 0.21845441 0.4699481 0.44496275 1.5498648 0.67924926 0.38382663 0.33340138 0.64372908 0.069770749 0.10139258 0.42475947 0.24021972 0.75896108 0.5710028 0
0 0 0 3.5527137e-15 0.031671073 0.042980838 0.32518058 0.13764733 0.2801331 0.29479018 0.11851889 0.051167325 0.086780825 0.074705813 0.037688011 0 0.12599961 0.029404471 0.025879383 0.028481385 0.019624174 3.5527137e-15 0.089922159 4.1129644 16.79592 0.22494129 0.044371738 0.17843483 0.026841643 0.36134808 0.20842185 0.45820337 0.29712269 0.05362614 0.10015697 0.56239525 0.47028714 0.4916302 0.27224104 0.22769938 0.27480003 0.078788248 0.026944308 1.0658141e-14 0.40443644 0.028445134 0.8759978 0
0 0 3.5527137e-15 0.0087202967 0.022752564 0.066099277 0.16502572 0.19632318 0.3402723 0.32130574 0.3564544 0.64345936 0.56389463 0.73057826 1.2831241 0.94401423 0.7894154 1.668477 2.4511309 1.169437 6.1651817 0 0.24490716 4.9871967 0.070119061 -1.4210855e-14 0.025240198 0.09208798 0 0.078729952 0.48604682 0.20559962 0.2776415 0.11658677 0.024288467 0.14366848 0.48536336 0.94340126 0.29471936 0.16739612 0.38967034 0.065276665 0.058831804 2.8421709e-14 -3.5527137e-15 0.40663483 0.068591841 0.015255317
0 0 0 0 3.5527137e-15 0 0.046517022 0.19048036 0.23913498 0.60324583 1.1805662 0.26132027 0.55440808 0.88970173 0.41770049 0.62588186 1.5015583 0.68775261 1.1008282 1.6511335 4756.5283 0 0 0.11545842 0.029682299 -1.4210855e-14 0.042150192 0.037661557 0.13538161 0.12660035 0.075166289 0.20904637 0.30642675 0.18093591 0.161004 0.059946286 0.24114668 0.40135033 0.46059124 0.16878977 0.25702545 0.10963421 0.035133912 0 0.14356044 0.02552104 0.038342042 3.5527137e-15
0 0 0 0 0 0.024100406 0.0189283 0.0098145958 -7.1054274e-15 0.031266034 0.027268062 0.050952545 -3.5527137e-15 0.00055753076 -7.1054274e-15 0.047843197 0.20373149 3.5527137e-15 0.048101478 -3.5527137e-15 60.126234 0 153.60431 0.17879103 0.1289387 0.010288182 0.017012264 0.041617744 0.07046438 1.4210855e-14 0.045803972 0.047812723 0.26041251 0.40533662 0.17559147 0.18532565 0.039931728 0.41774057 0.26483791 0.22110062 0.14072045 0.089881379 3.5527137e-15 -1.7763568e-14 0.012743399 0.033811736 0.014362025 0.038566038
0 0 -3.5527137e-15 0 0 0.017015862 0.0023800199 0 0 0.036647331 0.015543849 3.5527137e-15 1.0658141e-14 0.02650995 0.14096485 0 3.5527137e-15 0.075361332 0.07829772 0.032947858 50.492759 20.571644 244.01408 0.31693552 0.15089026 0.06867884 0.0083988041 0.0089458402 0.001047446 0.10298549 0.028301135 0.068537457 0.047481711 0.16604987 0.09844782 0.24130651 0.07123615 0.11193173 0.11592313 0.55301879 0.21579519 0.061611799 0.044041184 7.1054274e-15 7.1054274e-15 0.14559171 0.029598538 0.027124218
0 0 0 0 0 -3.5527137e-15 -3.5527137e-15 3.5527137e-15 0 0 0 0 0 -3.5527137e-15 0 0 0.14350735 0.29446434 0.14481564 0.12386421 80.429355 224.96588 0.023665428 0.19481683 0.36467929 0.18585977 -3.5527137e-15 0.0063343028 0.086071641 -7.1054274e-15 0.12130544 -2.4868996e-14 0.072604144 0.20291623 0.19665954 0.12227187 0.2224265 0.25529735 0.035128086 0.078554772 0.2787007 0.11995904 0.022212642 0 3.5527137e-15 0.039583034 0 0
0 0 0 0 -3.5527137e-15 0.0024366213 0.075758665 0 0.036430453 0.10071596 0.033696748 0.021648337 0 0.029487031 0 0 0 0.031595945 0.076676004 0.011383627 49.251397 586.10597 0.055241365 0.075564303 0.23534878 0.16257244 0.20424959 3.5527137e-15 0.044300391 0.029373834 -3.5527137e-15 0.035349559 0.0098030705 0.075884772 0.15065715 0.35114751 0.3111061 0.037372595 0.033774368 0.074544862 0.070246367 0.059943896 -7.1054274e-15 -7.1054274e-15 0 0.14816909 0.035130432 0.047068539
0 0 3.5527137e-15 0.0034968221 0.018379707 0.035120744 0.098522971 0.096625383 0.20769225 0.054133539 0 0.0081566402 0 3.5527137e-15 0.0022799951 0.001856148 0.069592013 0.031409745 0.020790395 0.063846088 704.91317 1225.8826 0.10551238 -1.7763568e-14 1.4210855e-14 7.1054274e-15 0.028229215 0.028976761 0.066007076 0.012876449 0 0.02448919 -3.5527137e-15 0.011244464 0.042818459 -7.1054274e-15 0.036271797 7.1054274e-15 0.027975597 3.5527137e-15 -1.7763568e-14 -3.5527137e-15 2.1316282e-14 1.4210855e-14 3.5527137e-15 0.033841379 0.017759736 0
0 0 0 0.0044067794 0.030970091 0.02071196 0.06620986 -1.0658141e-14 0.66649495 0.21171057 0.31391703 0.072602694 0.018699152 -3.5527137e-15 0.0052075558 0.016123303 0 0.0022765372 0.086772844 50.583558 20.941587 1473.3608 0.16487524 0.042217603 0.07523786 0.03168292 0.049094746 0.088638986 -7.1054274e-15 0 7.1054274e-15 0 0.024322276 -3.5527137e-15 7.1054274e-15 0.047467661 0.020553256 0.13509263 1.4210855e-14 7.1054274e-15 0.021047046 0.055488897 3.5527137e-15 3.5527137e-15 -7.1054274e-15 1.0658141e-14 0.027667461 0
0 0 0 0 -3.5527137e-15 3.5527137e-15 0.0091280032 0.14108418 0.10838071 0.3571203 0.14270853 0.37859424 0.13374129 0.46976631 0.62021959 0.040743991 0.054971485 0.049983798 0.19897722 2.6246021 19.945492 0.051981901 0.71024346 0.11692814 0.14354024 0.044661243 -3.5527137e-15 0.11033139 0.066474248 0 -7.1054274e-15 7.1054274e-15 7.1054274e-15 0.023588603 0.073014461 0.037489584 0.032325724 -1.0658141e-14 0.041365611 0.040546906 3.5527137e-15 -1.0658141e-14 3.5527137e-15 -7.1054274e-15 0 7.1054274e-15 0 0
0 0 0.0099795202 0 0.0089658848 0.051594602 0.036370033 -7.1054274e-15 -7.1054274e-15 0.053611484 0.15310812 0.066999072 0.24030987 0.1513693 0.63636317 2.7035433 37.239739 0.07652089 0.74997621 0.045726217 -3.5527137e-15 0.041899594 0.023518239 0.5395696 0.26557921 0.071368005 0.061191399 1.0658141e-14 1.0658141e-14 -7.1054274e-15 0.051872625 0.03807823 -1.0658141e-14 0 0.033667482 3.5527137e-15 0 0.067330845 -3.5527137e-15 0.020848073 0.028201661 0 3.5527137e-15 1.0658141e-14 0 1.0658141e-14 0 0
0 0 0 0 0 0 -3.5527137e-15 0 0 0.040697856 0.026286304 0.10270915 0.23201817 0.14893719 0.036726741 0.21876725 1677.8236 0 -3.5527137e-15 0.023501439 0.071528724 7.1054274e-15 0.073441264 0.10396079 0.17832815 0.24585433 0.29612067 0.10046922 7.1054274e-15 0.12800676 3.5527137e-15 0 0 -3.5527137e-15 0 7.1054274e-15 -7.1054274e-15 0.047655551 0 -1.0658141e-14 0 -3.5527137e-15 -1.0658141e-14 -3.5527137e-15 0 3.5527137e-15 0 0
0 0 0 0 0 0.09049369 0 0 0.064527656 0.046171516 0 0.022081099 0.034148028 0.047661523 0.047406684 0.10922115 300.814 0.040329702 0.064948054 0.053337247 0 0.011729453 0.047998944 0.04062928 0.041779886 -1.0658141e-14 0.049803692 0.11463503 0.062152539 0.058848213 1.0658141e-14 3.5527137e-15 3.5527137e-15 3.5527137e-15 3.5527137e-15 0 0.037194419 0.019552362 0.0018618869 0 0.0090806155 0 3.5527137e-15 3.5527137e-15 -3.5527137e-15 0 0 0
25.020429 0.0074563114 0.022709379 0.0092607503 0.01361571 0.054349283 0.078945027 0.057495362 0.11444787 0.069619569 0.083512638 0.053716824 0 0.081340457 0.10754437 0 353.84431 0.046907379 0.072984813 3.5527137e-15 3.5527137e-15 0.062706994 0 0.0048960194 0.059179964 0.030152061 -7.1054274e-15 0.15566197 0.012957376 0.018883949 0.043085348 0 -3.5527137e-15 0 3.5527137e-15 0 0 0.028540394 0.03984674 0 0 0 0 0 -3.5527137e-15 0 0 0
7.34501 0 0.0019799889 0 0.014616126 0.047409608 0.12871127 0.18247132 0.031747217 0.055999844 3.5527137e-15 0 0.054293841 0.1222441 0.038665773 1107.2037 45.138322 0.07198103 0.026885286 0.020151417 0.038566388 0 0.070730679 0.0066590939 -3.5527137e-15 0.0019595506 0.036123053 0.012229095 0 0 0 0 3.5527137e-15 0 0 0 0 0 -1.8041124e-15 0.0098642378 0 0 0 0 0 0 0 0
0 0 0.076593608 0 0.0020726346 0.16440004 0.093942161 0.14005773 0.26231979 0.26618709 0.25958569 0.44600173 0.82613808 1.4362557 283.45592 689.39835 0.043209646 0.1018699 0.050176997 0.023477453 0 0.049925012 0.093226476 0 0.054965297 0.018679072 0.020036518 0 0 0 0 45.37039 0 0 0 0 54.872566 0 0 0 0 0 0 0 0 0 0 0
0 0 0 0.0045178489 0 0.077170024 0.075498089 0.15917216 0.22823182 0.24620593 0.36167062 0.23067135 0.28177473 0.13336191 -7.1054274e-15 23.892783 0.076732563 0.1377516 0.028983503 0.037733244 7.1054274e-15 3.5527137e-15 0 0 0 0 48.546186 0 0 0 0 0 38.878721 3.5527137e-15 3.5527137e-15 0 2.220446e-16 1.7763568e-15 0 -3.5527137e-15 0 0 0 0 0 0 0 0
0 0 0 -7.1054274e-15 3.5527137e-15 -1.0658141e-14 7.1054274e-15 0 0 3.5527137e-15 -7.1054274e-15 0 0.12130811 867.11808 1059.5315 -7.1054274e-15 0.015073715 0.0092069076 7.1054274e-15 -3.5527137e-15 -3.5527137e-15 -3.5527137e-15 0 0 0 25.465764 37.42219 0.047621727 0.1898835 0.029863461 0.05551644 0.048173214 0 0.031785851 0.029089301 0.023995003 0.039182446 0.0554123 0 3.5527137e-15 0 0 0 0 0 0 0 0
0 0 0 3.5527137e-15 0 0 3.5527137e-15 0 3.5527137e-15 0.043124173 0.053199996 0.021974741 0.0007565379 0.59019646 51.339553 0.023477935 0 7.1054274e-15 -3.5527137e-15 0 -4.4408921e-16 0 0 0 0 15.617957 0.05409513 0.037396287 0.14528284 0.16682743 0.11366493 0.035601128 0.036000872 0 0.042542384 0.039790409 0.086368569 0.033517768 3.5527137e-15 3.5527137e-15 -3.5527137e-15 0 0 32.141077 1.7763568e-15 0 0 0
0 0 0 0 0 3.5527137e-15 0.087119871 0.067810458 0.19837111 0.068593665 0.15945807 0.014744193 0.9513329 1.6586173 0.042586911 0 0 0 0 0 23.91445 0 0 0 0 46.681308 6.669791 0.19105917 0.089088713 0.014799486 0.10189314 0.076021001 0.16039017 0.21537211 0.20683505 0.23885902 0.059784904 0.01227476 -3.5527137e-15 7.1054274e-15 0 0 3.5527137e-15 -8.8817842e-16 0 0 0 0
0 0 0 0 3.5527137e-15 -7.1054274e-15 0.012198556 0.097760646 0.063437724 0.11888416 0.64509404 0.48429787 0.44049371 0.27824824 0 0 0 0 0 0 0 0 0 0 0 6.9205132 109.85445 0.12200378 0 0.039380591 0.058735031 0.13780817 0.21121839 0.11435479 0.1048694 0.21091767 0.019299611 -4.4408921e-16 3.5527137e-15 0 3.5527137e-15 7.1054274e-15 0 -3.5527137e-15 0 0 0 0
0 0 0 0 -3.5527137e-15 3.5527137e-15 -3.5527137e-15 0 0.021808601 0.10367763 0.1343608 0.13292075 658.51545 0 52.016914 0 0 0 0 29.426647 0 -8.8817842e-16 0 0 0 0 61.838943 0.00017405001 0.03914703 0.085640611 0.093252216 0.20524561 0.16535965 0.21625599 0.061920113 0.050454003 0.0869791 -3.5249581e-15 0 -7.1054274e-15 3.5527137e-15 0 0 0 0 0 0 0
0 0 0 0 0 0 7.1054274e-15 3.5527137e-15 0.10878074 0.084682013 0.038856627 7.1054274e-15 8.0074836e-15 623.63039 55.543715 0 0 0 9.1590854 0 75.346472 -7.1054274e-15 0 0 0 3.7072227 0.0003176683 0.022736458 0.096421888 0.10796175 0.36917068 0.34978455 0.057384204 0.07201564 216.71241 0.0040003807 -3.6567971e-15 -7.979728e-15 0 7.1054274e-15 0.038903904 0.058595324 0 0.037376558 0 0 0 0
0 0 0 0 0 0 0.0021748171 0.078571975 -3.5527137e-15 1.4210855e-14 0.069558847 0.055932004 0.11570948 124.58964 110.33545 0 0 0 0 80.889575 0.026163708 0 0 0 0 2.2665942 0.041360377 0.032191632 0.071684848 0.23286007 0.33965295 0.13588241 0.19871325 0 113.07284 266.43115 0.052613499 -5.3290705e-15 0.033666773 0.0067432844 0.042191786 0.038809647 0.024876244 0.03482378 0 0 0 0
0 0 0 7.1054274e-15 3.5527137e-15 0.10283653 0 0.039289479 0.056539363 0.20851179 0.079057489 0.31445321 0.53958421 0.13227855 179.29097 3.5527137e-15 0 0 0 58.436173 0 0 0 0 0 50.337106 0.068616602 0.22069229 0.29182886 0.3059491 0.1846832 0.22120078 0.36446359 0.30747902 0.12362199 3.5527137e-15 0.040019807 0.038782635 0.028181986 0.083733843 0 0 0.044256551 3.5527137e-15 0.034944178 0.0024589342 0 0
0 0 0 0 0 0 0.042196123 0.19876843 0.093603872 0.047938378 -7.1054274e-15 1.0658141e-14 0.035212614 0.051778625 1068.4349 362.99795 0 0 0 39.876915 -3.5527137e-15 0 0 42.543916 63.200591 16.776459 0.29231215 0.16139819 0.18681121 0.25363333 0.30266812 0.28474611 0.22552547 0 0.027166137 0 0.078938577 0.020615422 7.1054274e-15 0.040695949 0.044384376 0.079734861 0.037939785 7.1054274e-15 0.0026446915 0.038652577 0 0
0 0 0 3.5527137e-15 0 0.069774568 0.046837733 0.12308662 0.026543928 0.02402288 -7.1054274e-15 0.037718804 0.095830684 0.94153735 1.6411717 753.93736 299.07541 0 0.026843855 -5.5511151e-17 0 0 0 0 -7.1054274e-15 2.862822 1.9440108 158.04832 1.2264303 2.44103 0.19839809 0.88112654 1.3315091 1.372588 0.97342659 1.0679308 0.76501271 0.24647369 0.72656876 0.75361191 0.21052937 0.13201373 0.00030746412 0.029530364 0.031091877 0 0 0
