var/www/cgi-bin/BAERTOOLS/ravel/working/ravel-6426.depgrd.txt
NCOLS 42
NROWS 41
XLLCORNER 277086.32
YLLCORNER 3844468.9
CELLSIZE 10
NODATA_VALUE -9999
0 0 0 0 20.548361 0 0 0 0 0 0 0 0 0 0 0 14.938581 0 0 0 0 0 0 0 0 0 0 0 0 0 0 0 0 0 0 0 3.5527137e-15 0 0.013664894 0.077906041 0 3.5527137e-15 
0 0 0 0 0 0 13.298297 0 0 0 0 0.0022469856 0.024873567 0 0 0.028388451 0 0 0 0 0 0 0 0 0 3.5527137e-15 0 0 0 0 0 0.014788489 0 0 0 0 0 0 0.0014178015 0.005361996 0.019374175 -7.1054274e-15 
0 0 0 0 -8.8817842e-16 20.226122 18.609376 0 0 0 0 0 0.0080313766 0.55541132 7.7715612e-16 0.025453658 3.5527137e-15 3.5527137e-15 0 0.035454824 0.076963754 0 0 -7.1054274e-15 0 3.5527137e-15 3.5527137e-15 0 0 0 0 0.028618053 0 0 0 0 0 0 -3.5527137e-15 0 0 0.034593973 
0 0 0 0 0 6.2701137 0 0 0 0 0 0 0 0.011357276 0 0.055574612 0 0 0 0 0.047254537 0.026008513 3.5527137e-15 -3.5527137e-15 0 0 0.041539183 0 0.035543512 0 0 0 0.015063329 0 3.5527137e-15 0 0 0 0 0 -3.5527137e-15 0 
0 0 0 0 0 0 0 0 0 0 0 0 7.1054274e-15 -3.5527137e-15 0.0053147925 0 0.091148256 7.1054274e-15 0.0051080043 0.056425704 0.012301904 0.03462497 0 -7.1054274e-15 0.031842926 0 0.056008913 0.030771664 0.028129908 0.048218153 0.011304793 0.019806589 0 3.5527137e-15 0 0.022138558 0 0 0 8.216039 9.4831141 0 
0 0 0 0 0 0 0 0 0 0 0 0.0019987827 0 0.026655872 0.036026494 0.035585979 0.018900766 0.10373788 0.093122335 0.12520077 0.079426764 0.024335166 3.5527137e-15 0 0.035396769 0.068479093 -7.1054274e-15 0.18228887 0.028714144 3.5527137e-15 0.027576907 0.013366634 0.027219725 0 0 0 0 0 0 0 0 0 
0 0 0 0 0 0 3.5527137e-15 0.026823917 0 0 0 3.5527137e-15 0 0.096849595 0.064310087 0 0.046174514 0.091744345 0 0.33643496 0.36163177 0.02737687 0 0 0.035927037 0.21546804 0.039507772 0.19078631 0.050130793 -3.5527137e-15 7.1054274e-15 0.034475365 -3.5527137e-15 0 0.024542788 0 -7.1054274e-15 0 0 0 0 0 
0 0.030682779 0.031064361 -7.1054274e-15 0 0.014340976 -3.5527137e-15 0.036052923 0 0 0 0 0 0.045330663 0.17203334 0.062179489 0 0 0.12766293 3.5527137e-15 0.24206399 116.68951 101.16702 2.1418077 0.1302651 0.1381885 0.12388833 0.21138798 0 0.12539949 0.055816136 0.071697054 -3.5527137e-15 0.041591082 3.5527137e-15 0.031320531 0.036745159 -7.1054274e-15 0 0 0 0 
3.5527137e-15 0.036106336 0.01600872 -3.5527137e-15 0 0.048846489 0.018184356 0.033357941 -3.5527137e-15 -3.5527137e-15 0 0 0 0.049722145 0.030287765 0.068886859 -3.5527137e-15 0 0 0.087197152 0.19439236 0.04301722 0 0.3034734 0.08523541 0.15221311 0.2774371 3.5527137e-15 -3.5527137e-15 -1.4210855e-14 0.04241745 0.12346636 0.050169388 0.056438401 0 0 0.010783992 -3.5527137e-15 -3.5527137e-15 -3.5527137e-15 0 0 
0.044545469 0.090722296 0.054532706 0.024263765 0.02896818 0.11322606 0.092763945 0.16357033 0 0.017664111 0.038456867 -3.5527137e-15 0.0086290445 0.050486478 0.21033083 0.25749457 0.064188343 -7.1054274e-15 0 0.10644136 0.51089827 0.11521428 1.3980719 0.23915176 0.11137648 0.22079965 0.35454146 0.13194752 0.15906169 0.038767332 0 0.093532764 0.061985798 0.11652569 0 0.012714919 0.037217945 7.1054274e-15 3.5527137e-15 0 0 0 
0.033366263 0 0.035776027 0.032943657 0.14249329 0.080060736 0.085356423 0.097268612 0.0016387857 0.028891116 0 0.11605173 0.035416138 0.011622585 0.054298267 0.7727466 0.11962737 0.078253487 0.029803385 0.045713761 0.36673106 0.83233175 0.28010604 0.058557818 0.096170586 0.4275509 0.10727355 0.071525286 0.019134704 0.14855448 0.13353785 3.5527137e-15 0.050559225 0.099790447 0.061268842 0.032321967 0.15862312 1.0658141e-14 -7.1054274e-15 -3.5527137e-15 -3.5527137e-15 0 
0 0.050734657 0.036042254 0 0.02124535 0.28058427 0.15853228 0.03698461 0.048588515 0 0.038031621 0 0 0 0.0539803 0 0.46710221 791.19122 293.57864 56.296361 1.174374 0.71515406 0.085768497 0.088618083 0.15693586 0.92669098 0.10319932 0.062382547 0.12784502 0.15968014 0.053924922 0.17537732 0 0.036313174 0.0049677174 0.22656911 0.28171533 -3.5527137e-15 -3.5527137e-15 0 0 0 
26.782968 -3.5527137e-15 0.14123764 0.38689014 1155.503 0.22721176 0.24099836 -3.5527137e-15 0.036491656 0.033643811 0 3.5527137e-15 0 3.5527137e-15 0 0 0.32858433 1.8820619 35.731623 37.910527 21.18085 0.98354062 0.49673676 0.008146867 0.42743888 0.58841971 0.1467277 0.19298338 0.10380169 0.11772259 0.12462291 0.1511201 0.073689791 0.044948557 0.15306233 0.29877326 0.1494667 0 0 0 7.1054274e-15 3.5527137e-15 
0 48.031787 0.17324342 1087.2828 253.56291 537.05777 184.79561 0.030918237 0.046231337 0.06731917 0.048906988 0 0.11156605 0 0.1385359 0 0.18071656 0.28953359 0.080738124 0.26969416 0 0.64150329 0.33146318 1.1428136 0.52027393 0.22498797 0.21129667 0.21621303 0.12176315 0.13075031 0.145299 0.13771235 0.07505287 0.23165604 0.13337203 0.25645353 0.10122666 0.017958407 -3.5527137e-15 0 3.5527137e-15 0 
0.051797758 0.057260109 0 0.15760108 0.28475834 0.088268321 48.551929 336.56324 364.55501 392.23953 160.00473 0.30934256 0.12941921 3.1532696 0.60235847 4.3593227 2.794634 2.2158314 2.3901139 0.16481379 2.7213565 6.5698735 0.44148886 0.90423984 1.9754581 31.668653 134.08955 0.14459267 0.12297321 0.116648 0.17149636 0.037511639 0.089118689 0.31794248 0.24392718 0.21614233 0.19307986 0.014282179 3.5527137e-15 -7.1054274e-15 3.5527137e-15 0 
0 0.096546081 0.092636943 0.24699542 0.24937091 0.19058626 0.11721764 0.15914706 0.16382575 0.14684829 26.517611 1.9225004 2.145298 28.793165 2.8609862 2.8001511 1.5174404 2.4944098 3.6699594 2.1796586 558.7073 5.4085979 0.32146112 10279.593 2027.0535 502.31651 0.005824193 0.3128016 628.38047 0 0 0.098504116 0.21093621 0.21267846 0.15903043 0.26943851 0.16803739 0.035273412 7.1054274e-15 0 0 0 
0.038053147 0.077767831 0.24548561 0.23344639 0.27881747 0.15746477 0.16029408 0.18921384 0.25497458 0.16886805 0.10928689 1.7173647 1.3199929 0.31898544 1.1509037 0.073755427 0.10654103 0.031283701 0.44971111 0.33515803 17.243414 0.14386553 7.2658749 9.0863629 0.25691062 0.35416163 0.27930425 2.4323583 568.07986 1257.0774 1.1524805 0.10511127 1.6237995 0.92110459 1311.1025 0.18819419 1.4210855e-14 0.037054646 0.038684426 -3.5527137e-15 0 0 
0 0.14847566 0.190431 0.24869981 0.1699788 0.057650311 0.0398842 0.14711331 0.076939651 0.38971348 0.34362348 1.7961847 0.69680243 0.4272573 486.69565 0.018298448 0.065353887 0.10876542 0.33891062 0.31125947 0.13146842 0.12541876 0.68528816 1.8924442 0.15643672 0.29342789 0.19479052 0.25824805 0.037880029 275.66111 0.13836452 1.3221327 1.3624411 3.7080673 1245.8286 -3.5527137e-15 241.09669 7.1054274e-15 0.041155998 0.063586147 0.016681154 0 
0.074154053 0.13287344 0.049170339 0.23829311 0.13147011 0.093753301 0.038411665 0.13526616 0.15782254 0.1109662 3.2522511 1.2699036 0.093854593 1.0971014 0.26874387 0 0.12693001 0.19003372 0.44426641 0.49405893 0.19287371 0.24869293 0.49548582 0.1620978 0.15948531 0 0.10563766 2.8421709e-14 0.055128912 0.14524849 0.15909657 0.22443006 0.20283149 0.13933613 0.14542665 14.165629 1481.9061 837.53369 0.45490598 0.073435004 -3.5527137e-15 0 
0.096451286 0.034504552 0.059025941 0.22169492 0.039969072 0.089837537 0.098875994 0.20070094 0.23112125 0.10000655 1.9416698 1.2318837 0.28210697 2.0447025 0.21210587 0.16064292 0.12972374 0.055637611 0.41293734 0.23449233 0.18399912 0.35392903 0.20142471 0.10878849 0.059137081 0.11757868 0.22460023 -2.8421709e-14 0.032807343 0.098453269 0.16140172 0.16816356 0.094636148 0.1178377 0.15943043 0 0.049670087 685.64818 83.603013 0 -3.5527137e-15 0 
0 0.03281658 0.026428473 0.099859945 0.092913851 0.16125865 0.054652621 0.047506476 0.078660244 0.24043035 1.712791 0.21997745 0.68143288 0.17940951 0.24828004 0.24470488 0.063457043 0.11594258 0.66097924 0.1650343 0.34849969 0.20147773 0.090540402 0.038513437 0.050605903 0.13416823 0.071730636 0.049826315 0.10534697 0.12020829 0.20269304 0.084922267 0.095331653 -3.5527137e-15 7.1054274e-15 0.033343789 3.5527137e-15 83.196624 91.597189 -3.5527137e-15 0.0077426014 0 
0.028478872 0 0.048464399 0.035386453 0.067455434 -1.0658141e-14 0.087849745 0.1768998 0.09421269 0.18465663 2.313619 0.95343941 0.88804036 0.13682605 0.22879978 0.18374545 0.099740222 0.080316656 0.16034688 0.17371771 0.1380433 0 0.026518573 -7.1054274e-15 0.090815961 0.10094427 0.16182061 0.12825064 0.12156689 7.1054274e-15 0 -7.1054274e-15 0 0.0127929 0.010202231 -1.4210855e-14 0.17936741 0.19156178 0 33.245526 0 0 
0.052309622 0.027424313 0.42993009 0.063820788 0.14213611 0.084477887 0.097500937 1.0658141e-14 0.041628468 2.1930214 0.7492788 0.69673893 0.38756702 0.030150871 0.19538139 0 0.18628519 0.17361317 0.40209198 0.37567724 0.86835989 0.11422766 0.029373494 0.097314459 0.065710922 0.11627625 3.5527137e-15 0.043942392 0.090044469 2.8421709e-14 -1.0658141e-14 0.04255723 0.036783914 0 0.058438195 0.084633594 0.064884756 0.054207806 19.419769 0.043825219 227.47368 0 
0.18387387 0.058269583 0.23612788 0.062624194 0.11167009 0.082700815 0.081566734 0.10596252 0.24488338 1.7106462 0.59272872 0.16126212 0.22463635 0.11424561 0.17765791 0.20460133 0.20799192 0.44317636 0.92881422 0.24498934 0.12910616 0 0.029615602 1.0658141e-14 0.075662025 0.016486683 0.10828277 -1.0658141e-14 0.029713366 -1.0658141e-14 -3.5527137e-15 0.019951277 0 0.06899682 0.053045716 0.042132388 -3.5527137e-15 0.04033923 0.35972444 69.554898 908.04677 0 
0 0.092259358 0.28682677 0.22477877 0.034457012 0.059058836 0.093294717 0.090764316 0.31614905 1.1186339 0.20981739 1.0704486 0.19136225 0.221966 0.23506164 0.27156627 0.093370445 0.25375713 0.50112564 0.092686562 0.19509129 -1.7763568e-14 -3.5527137e-15 0.078979671 0.055251827 0.087680402 7.1054274e-15 3.5527137e-15 0.074772958 -3.5527137e-15 0.021842903 0.017185615 0.013915088 0.043107863 1.4210855e-14 0.00012955564 0.27563095 0.20748676 0.061196546 0 0.0081789052 76.343747 
0.042705107 0.057734008 0.28623908 0.053694 0.11222561 0.093896494 0.14066745 0.078241548 0.95788389 0.7397059 0.35989128 0.48446401 0.23620367 0.1680278 0.19087143 0.22703619 0.21755005 0.22786465 0.10991958 0.34178454 0.026600125 0.07641812 1.0658141e-14 0.04352392 0.041253184 0.025923537 0.035773513 0 -3.5527137e-15 0.044817204 -7.1054274e-15 0.023667785 -3.5527137e-15 0.03836364 0.024790413 0.11032982 0.017730428 0 0.040666041 -3.5527137e-15 3.5527137e-15 0.014603806 
0.19635493 0.49446808 0 0.069411325 0.056948922 0.036634117 0.0202837 0.24453078 0.16326952 0.58607824 0.3156717 0.25396346 0.17297872 0.046560706 0.26241854 0.196022 0.26439484 0.12189355 0.1312605 0.19889241 0.014502739 0 -3.5527137e-15 0.036986959 7.1054274e-15 3.5527137e-15 0 3.5527137e-15 0.015393908 0.01727085 0.043190672 0.044572116 0.015717683 0.046723286 0.10296583 0.015488729 0.00470758 0.018202812 0 0 -3.5527137e-15 0 
0.087127078 0.045878767 0 -7.1054274e-15 0.11868161 0.0097442643 0.024995283 0.59490453 0.039313309 0.52402291 0.43994931 0.048174114 0.030500369 0.019593663 0 0.015434519 0.092245842 0.23121217 0.10360619 0.24707499 0 0.045962017 0.11032319 0.021089964 0 0 3.5527137e-15 0.030861835 0.0077257994 0 0.086969973 3.5527137e-15 0.0047208608 0.042318444 0.093663629 0.022904448 0.023658089 0.016296308 0 0 0 0.038791477 
0.13661176 0.013748053 0.056382884 7.1054274e-15 0 0.0037488538 0.18981676 0.16270199 -1.4210855e-14 0.53937759 0.43872995 0.22097332 -3.5527137e-15 0.015018548 0.054236643 0.025763566 0.021215882 3.5527137e-15 0.13598175 0 -3.5527137e-15 0.038992221 0.022011901 0.040648305 0 0.016227179 0 0 0.051012679 0.039336188 0.028585501 0.023061654 0 0 0.038122059 0.027545329 0.058891801 0 0 0.052226243 0.24302451 2.0082302 
0.057202804 0.17414188 0.10042159 0 0.00083501645 0 0.31354507 0.065981468 0.10586468 0.45205848 0.44459717 0.22702018 1.0658141e-14 3.5527137e-15 0.051189685 0.068252786 -3.5527137e-15 0.16406303 0 0 3.5527137e-15 3.5527137e-15 0.055843046 0 0 3.5527137e-15 0.032360007 0.071648429 0.062276486 0.14642857 0.16422227 0.070904668 0.039008218 0.043471432 0.14243046 0.023533905 0.032556576 -3.5527137e-15 0.080316449 0 4.1356324 95.382902 
0.1157672 0.034460485 -3.5527137e-15 -3.5527137e-15 0.00064233868 0.010208227 0.1815085 -3.5527137e-15 0.038199457 0.31045302 0.31925634 0.16784535 -7.1054274e-15 0.087434592 0.01862539 7.1054274e-15 0.060747902 -3.5527137e-15 0.057946819 -3.5527137e-15 0 0.089354832 0 0.056462135 -7.1054274e-15 0.11847728 0.14687996 0.047414149 0.094715373 0.18968565 0.032146281 0.037402826 0.086470146 0.032553566 0.014698731 0.095875107 0.018108992 0.059523826 47.489893 2.6293827 0.033289124 0.30917659 
-1.4210855e-14 0.030441488 0.016488417 -3.5527137e-15 0.059506004 0.023159509 0.11646294 3.5527137e-15 0.038881652 0.21119274 0.11831949 0.13609694 0.11061793 0.11884548 0.048592527 0 0 1.0658141e-14 0.00032650789 0 0.040819061 0 0 0.026979699 0.060996793 0.047064381 0.097803542 0.28905249 0.1097899 0.031109462 0.033506997 -3.5527137e-15 0.027608843 0.092423803 0.078926557 0.10366152 0.077075763 3.0199842 2.7434082 9.1039404 7.1054274e-15 1.0658141e-14 
-3.5527137e-15 -3.5527137e-15 -3.5527137e-15 0.02891375 0.10612887 0.12562177 -1.7763568e-14 -1.0658141e-14 0.051506939 0.08846432 0.086159052 0.17438278 0 0.034079118 0 0 0 0 0.055928199 0 0.050812937 0 3.5527137e-15 0.051252337 0.060319184 0.043763007 0.050639561 0.1740746 0.43497721 0.10096604 0.072986468 0.052395257 0.020153897 0.030668673 0.058930231 4.1909592 0.61228229 0.027758584 -7.1054274e-15 0 -7.1054274e-15 -3.5527137e-15 
7.1054274e-15 1.4210855e-14 -7.1054274e-15 0.025604481 0.05193737 0.081819906 0 0.054180383 0.028915574 0.10318872 0 3.5527137e-15 0.087101178 -7.1054274e-15 3.5527137e-15 0 0 0 0 0.024130016 0.058280053 0.059639954 0.062361464 0.048331693 0.02955645 0.063876449 0.10414359 0.040363058 0.49716076 0.2375944 0.13724961 0.13479028 0.15222922 5.0164392 954.30256 -3.5527137e-15 26.069709 0 1.0658141e-14 0 0 0 
0 -1.0658141e-14 0 7.1054274e-15 0.018318496 0.050283091 3.5527137e-15 0.025932725 0.03633566 0.056737497 0.075367761 0 -3.5527137e-15 3.5527137e-15 0 0 0 0 0 3.5527137e-15 0 0 3.5527137e-15 -3.5527137e-15 0.099912832 0.066067562 0.071971186 0.053374543 0.47392326 0.29803398 0.16943593 0.25619887 2.1121751 1.2366156 1038.7651 -3.5527137e-15 0 7.1054274e-15 -3.5527137e-15 0 0.008242994 -3.8857806e-16 
3.5527137e-15 0 -3.5527137e-15 0 0.013558313 0.03583606 0.051169401 0.036031151 0.037768342 0.049052049 0 0.013609665 0 3.5527137e-15 0 0 0 0 0 0 0 0.028401743 0.063314402 0.05882993 0.063519055 0.084019172 0.20142364 0.28225608 0.23916456 42.101976 0.65166422 1.1477989 0.2545086 0.0079225314 0.028101855 0 0 3.5527137e-15 0 0 7.1054274e-15 0 
7.1054274e-15 -3.5527137e-15 7.1054274e-15 -3.5527137e-15 0.014217415 -3.5527137e-15 0.026588227 0 -1.0658141e-14 0 0 0.0052325108 0 0 0 0 0.023429204 0.026069733 0.035287907 0.13248445 0.099892068 0.085817521 0.074772623 0.037876037 0.1220229 0.070486001 0.1045146 0.77928122 1.236552 0.25161853 258.80383 0.048894856 0.044194062 0.011106269 0.035198358 0 1.0658141e-14 0 3.5527137e-15 0.03863037 0 -3.5527137e-15 
7.1054274e-15 3.5527137e-15 0 -3.5527137e-15 -3.5527137e-15 -3.5527137e-15 0.069027064 0.05786108 0 0 0 0 3.5527137e-15 0 -3.5527137e-15 3.5527137e-15 0 0.027961247 0.12481386 0.037383382 0.15198321 0.16656488 0.095580783 0.028326503 0.17911047 0.14901162 2.7408601 1.1620691 12.107273 0 0 -3.5527137e-15 0.0041902041 0.066201886 0.031391377 -3.5527137e-15 0 0 0 0 0.01981318 0.062052983 
3.5527137e-15 0 0 0 0 1.0658141e-14 0 0 0 0 0 0 3.5527137e-15 7.1054274e-15 -3.5527137e-15 -3.5527137e-15 0 0.056326792 3.5527137e-15 0.20073556 0.12726738 0.15098304 0.23909846 0.078091251 0.011426409 0.96853683 1.0657673 5.462808 0.02363235 0 0 0 0 0.020596253 0.018435913 0 -3.5527137e-15 0 -3.5527137e-15 0.024923928 0 213.40387 
0 0 -3.5527137e-15 0 0 0.0050671632 0.036113462 0 -7.1054274e-15 0.036916643 0 0.061079838 0.052953736 0.1710086 0.061017825 0.042743071 0.032650857 0.095770762 0.077209502 0.071556735 0.16388244 0.13247961 0.34518187 0 0.077662382 0.65376248 0.31127004 3.5527137e-15 0.036432059 0 0 -3.5527137e-15 0 0.0015447749 0 0 0 -3.5527137e-15 0 0 0 58.230021 
-3.5527137e-15 0 0 0 0 -7.1054274e-15 0 -3.5527137e-15 0 0.020437477 0.13935241 0 0.065661018 0.028466959 0.0983183 0.15020326 0.057117313 0.076669151 0.041012109 0.14563305 0.070775186 0.23709767 0.13989124 0.17569487 0 0.23741397 0 0 0 0 0 0 0 0 0 0 0 0 0 0 0 0 
