var/www/cgi-bin/BAERTOOLS/ravel/working/ravel-15207.depgrd.txt
NCOLS 41
NROWS 41
XLLCORNER 371745.66
YLLCORNER 4053456.8
CELLSIZE 10
NODATA_VALUE -9999
0 0 0 0 0 0 0 0 0 7.1054274e-15 0.033217004 0.0156988 0.011269595 0.0061592312 0.04418369 0 0.0098147455 0.020901645 0.021954443 0.027487348 0.022571687 0.0098276163 0 0.026475975 0.036150651 0.065860676 -7.1054274e-15 0.23383439 0.16980066 0.14655119 0.046198599 0.39326491 0.54219332 0.43645368 0.73944813 1.1062497 1.0447695 0.89663962 1.0837883 0.98913468 0.8538601 
0 0 0 0 0 0 0 0 -3.5527137e-15 -3.5527137e-15 0 3.5527137e-15 3.5527137e-15 3.5527137e-15 -3.5527137e-15 1.0658141e-14 0 0.049068217 3.5527137e-15 0 3.5527137e-15 -3.5527137e-15 0.032240954 0 0 0.029157205 0.3026823 0.10885765 0.076343825 0.18002254 0.2683201 0.21981282 0.52898717 0.8114322 1.3163401 1.1304171 0.82811244 0.83453501 0.96962341 1.2785861 1.0824419 
0 0 0 0 0 0 0 0 0 0 0 0 3.5527137e-15 0 0 0 -3.5527137e-15 -3.5527137e-15 0.21846574 0.062001077 0.020894278 -3.5527137e-15 3.5527137e-15 0.034370784 0 0.019924341 0.090440104 0.23538798 0 0.15010928 0.14827582 0.13085068 0.13549873 0.1389955 0.1055836 0.13334165 0.12818192 0.24367517 0 0.50618725 0.21394448 
0 0 0 0 0 0 0 0 3.5527137e-15 0 0 0.050365059 0.048087635 3.5527137e-15 0.025024693 0.046733925 0 0.033243983 0.042363528 0.054201566 0.32606351 0.16206231 0.099867222 0.094880272 0.090584983 0.21446588 0.21448238 0.11871203 0.096358975 0.090051143 0.069280389 0.29932743 0.16860166 0.18331152 0.078349299 0.082781855 0.050092882 0.27731911 0.43550475 0.37927886 0 
0 0 0 0 0 0 0 0 0 0.080310617 0.014478629 3.5527137e-15 0.0786574 0 0.068343789 0.15502742 0.043837439 0.1322434 0.061331896 0.13690749 0 0.12488236 0.28487622 0.17349631 0.10565624 0.26978833 0.14631267 0.19858756 0.14529634 0.16262491 0.1706906 0.40115697 0.22861142 0.05876818 0.13892984 0.066636662 0.069056498 0.20425566 0.17168827 0.36996883 0.5218092 
0 0 0 0 0 0 0 0 0.0062013138 0.024987589 0.011991095 0.028074689 0.038919012 0.019774007 0.15291848 0.21565709 0.058293876 0.15094773 0.13127038 0.059971127 0.039365375 0.18415463 0.095788331 0.18276718 0.51457434 0.35516876 0.24350665 0.38237718 0.21957316 0.32724406 0.35303934 0.6163102 0.4315145 0.33328448 0.07870468 0.059898986 0.1774743 0.10268588 0.13608694 0.16424905 0.27585818 
0 0 0 0 0 -3.5527137e-15 0 0.039695108 -3.5527137e-15 0.041359851 0.087011827 0.0077937946 0.039392723 0.042294461 0.041729153 0.096857889 0.036356009 0.24232051 0.059572548 -3.5527137e-15 0.17893264 0.071151102 0.15917007 0.20466287 0.10171214 0.3362532 0.45461284 0.47546446 0.45325326 0.5157934 0.4272751 0 0.36836511 1.1742314 6.2486213 4.5530772 4.4275171 5.832026 7.9584083 9.8294478 7.0377265 
0 0 3.5527137e-15 0 0 0 0.024573049 0.013602708 0 0.0029308923 0.073018714 -3.5527137e-15 0.039844522 0.012975145 0.094313806 0.055359234 0.059717993 0.1857563 0.20266109 0.21830217 0.28530993 0.10194421 0.10899944 0.15945818 0.25265362 0.25560442 0.3816691 0.43852167 0.52926059 3.9112269 1.7721761 2.8047736 0.7961445 3.5477601 3.5791717 0.049262467 3.8554757 0.024671971 4.2186055 3.4633574 4.6543204 
0 0 3.5527137e-15 0 0 0 0.013265484 0.011925185 0.039978941 0.031665297 0.041441119 3.5527137e-15 0.011519349 0.022193662 0.078101966 0.06819832 0.044924867 0.16279878 0.085211293 0.17556818 0.13490487 0.20577724 0.17312914 0.17469546 0.38868759 0.40176368 0.59942621 1.2172555 1.8472685 6.9814962 5.7347916 2.4412955 1.1151115 2.3612932 3.8206634 4.4933467 4.8464646 7.9802651 9.9916871 9.5490385 8.7616892 
0 3.5527137e-15 0.04448411 -3.5527137e-15 0 0.022582473 0.03065728 0.016789157 0.053077831 0.021404132 0.012590182 0 0.060151944 0.041229949 0.046555213 0.16297806 0.0865108 0.040082958 0.10748978 0.17599182 0.19531392 0.21208005 0.20002695 0.30535902 0.20363515 2.8921023 1.2134057 2.1528736 2.7066116 0.019830203 0.0092301988 0.035475981 0.049086386 -3.5527137e-15 3.5527137e-15 0.026983111 0.12049609 0.053564361 0.079054839 0.15050942 0.12152239 
0 7.1054274e-15 -7.1054274e-15 3.5527137e-15 -7.1054274e-15 0.051855712 0.020773477 0.017101443 0.019162663 0.10161264 0.052911829 -7.1054274e-15 0.10315699 0.12479789 0.025755993 0.18198427 0.085742646 0.054350588 0.087074499 0.15396569 0.23823375 0.37674369 0.20005035 0.25682928 1.5188909 5.383827 4.31683 1.1056392 0.017403697 0.048145213 0.009758059 -3.5527137e-15 0.063325871 0.041242697 0.043777651 0.061367096 0.047849009 0.27722991 0.24921981 0.19938233 0.19152415 
-3.5527137e-15 3.5527137e-15 0 0 0.09502819 0.11148128 0.040049923 0.055234902 0.023143181 -3.5527137e-15 0.10228496 -3.5527137e-15 0.014420532 0.13462892 0.096530535 0.0057121779 0.16708248 0.089107739 0.17210123 0.03093254 0.6501651 1.2792862 0.62053117 4.4675311 1.8369617 0.12286129 0.022200975 0.035916578 0 0.13425112 0 0.036399509 3.5527137e-15 3.5527137e-15 0.07711757 0.097106881 0.2027111 0.25104314 0.202402 0.19253243 0.18366883 
0 -3.5527137e-15 0.034190672 0.072647235 0.10007732 7.1054274e-15 0.057872938 0.057518463 0.043567617 0.11534229 0.062720828 0.16368634 0.035008816 0.33094921 0.22996633 0.041952864 0.04542508 0 0.16466128 0.44612909 1.9180088 1.6509455 1.3567173 -3.5527137e-15 0.031909664 0.047372976 0 0.03420324 0.02945377 0.024933588 0.052840727 0.025627747 0 0.025198185 0.033273454 0.094895692 0.090805292 0.071704877 0.17813085 0.16701156 0.19117633 
0 0 0.089737406 0.04351539 0.076061667 0.10528323 0.035944618 0.033666529 0.085023501 0.054097079 0.056691895 0.30086842 0.11273449 0.31848465 0.13645801 0.172067 0.08598127 0 0.35215118 1.5449168 0 0.39350591 0.032886523 -3.5527137e-15 0 0 0.020488994 0.056036745 0.060119659 0.050948024 0.071898978 0.010795201 0.082946475 0 0.039305415 0.048720131 0 0 0.099480917 0 0.10155401 
-3.5527137e-15 0.029451164 0.071055259 0.059084035 0 0.12240454 0.057399455 0.15003132 0.16866339 0.065560179 0.066142732 7.1054274e-15 0.12957819 0.1992147 0.3136157 0.11816081 0 0.24022305 0.61312456 0.35239003 1.1252825 0 0 1.4670686 1.4624607 1.907628 0.27646554 0.11765278 0.04202589 0.070743278 0.072616236 0.1095465 0.1252293 0.14668007 0.26554266 0.19522271 0.16846793 0.19073509 0.20471792 0 0.32184089 
0 0.062643939 0 3.5527137e-15 0.068410944 0.12698893 0.068644068 0.1128783 0.20314351 0.10082504 0.077223099 0.23386297 0.21281973 0.13009362 0.039115839 0.22392934 0 0.26736802 0.32573089 0 0.17884496 0.15682502 0.18581877 0.37687875 0.39647999 0.97982378 0.74465883 0.71964465 0.38339156 0.29877293 0.20540477 0.088318544 0.072794763 0.19063775 0.17076623 0.036205539 0.19509232 0.37108054 0.34705846 0.4732736 2.154045 
0 0.10540966 0.043477808 0.047501791 0.092332157 1.0658141e-14 0.12518155 0.12472011 0.077873571 0.22886404 0.1400593 0.085586249 0.17124531 0.29470151 0.1992901 0.13629751 0.21608976 0.26085063 0.39029985 0.23899202 0.54412028 0.27044568 0.27814047 0.39176916 0.3491017 0.36002868 0.47440752 0.42388781 0.46422768 0.72535139 0.66543439 0.76211047 0.77795923 0.58096678 0.24197032 0.8414315 0.55135753 0.24592489 1.1267021 1.5295463 2.4013836 
0 0.058503073 0.13632622 0.056844251 0.1675496 0.098815617 0.08983524 0.082968978 0.18965264 0.056224244 0.12356927 0.1288735 0.17705384 0.11434482 0.21919425 0.21459245 0.15599437 0.21892426 0.46261313 0.40669567 0.48818915 0.57015706 0.47081072 0.31131341 0.20172013 0.048399587 0.24242339 0.24542042 0.15284474 0.75974205 0.60368613 0.4753056 0.82276355 0 0.68968749 1.4263479 1.3870997 1.6877645 1.4829524 3.2115564 3.5527137e-15 
0 0.05859943 0.15804592 0.038099105 0.068891888 0.08803123 0.033671499 0.047632758 4.8959216 359.49384 0.13229906 0.27266613 0.23253779 0.1853222 0.1993254 0.18302058 0.15783619 0.24966411 0.50445199 0.43086553 0.50186496 0.32514753 0.27992337 0.23511896 0.28202629 0.31667463 0.29304875 0.28362475 0.093679492 0.18009705 0.56669143 0.57256738 0.53702783 0 0.91923899 0.86825522 0.54549706 0.79615542 1.8924902 1.5169822 2.3813593 
0 0.025458296 0.12349543 0.33540433 0.12375781 0.16665364 0.06320897 0.086105861 0.11932756 0 0 0.11650903 0.26046148 0.22364266 0.39305172 0.34712031 0.22235629 0.40477915 0.14115057 0.073903995 0.36668621 0.25158683 0.22251971 0.33461598 0.77165204 0.34939863 0.23387924 0.18308794 0.10145284 0.13450012 0.15349498 0.39838752 0.6657597 0 0 0.087879642 0.91197367 1.7709697 1.1993974 1.8365631 1.3555768 
-1.3322676e-15 0.047180826 0.068193638 0.051683674 -1.7763568e-15 0.21703394 0.16455584 0.058200419 0.031923023 0.26223964 0.015474385 0 0.056291182 0.3370765 0.32502949 0 0.26657676 0.60916551 0.28631496 3.5527137e-15 0.25095801 0.19892655 0.28711684 0.36677332 0.52716701 0.67806865 0.55136663 0.5699496 0.35802314 0.38368984 0.35523954 0.60995243 0.26079828 0.54209413 0 0.87083908 0.57975756 0.57425664 1.3863777 1.7355715 1.9660442 
0 0 0.066797725 0.068663 0.11966776 0.082839765 0.13957801 0.20277742 0.031181889 0.039024166 0.52847095 0.0092773773 0.09693333 0.33420747 0.32039751 -7.1054274e-15 0.30399408 1.0964061 0.17126681 0.016581757 -3.5527137e-15 0.26255689 0.19530105 0.40678756 0.37229561 0.23148266 0.16364078 0.4413814 0.24491035 0.35027768 0.35291901 0.52210627 0.19033138 0.20989912 0.60057333 1.3273113 0 0.97077502 0.62786721 0.69740935 0.78317718 
0.13890389 0 0.06107506 0.082095325 0.25857624 0.08894305 0.09942471 1.0658141e-14 0.044710823 0.063316485 0.23400479 0.27646615 0.030507402 0.62182299 0.24422782 0.30434361 0.23483313 0.27111051 1.1327083 0.39604317 3.5527137e-15 0.31127915 0.28823591 0.36273294 0.41252372 0.33929562 0.40092413 0.41048757 0.53537683 0.23292667 0.70308429 0.5905924 0.27352912 0.18265297 0.32934008 0.61089152 166.66468 0.19400864 0 0.070875629 0.14447326 
0.27520166 0.028340844 7.1054274e-15 0.26576162 0.1326976 0.16868428 0.079054423 0.16393566 0.23134477 0.033375102 0.22915979 0.6184104 0.80154251 0.32230316 0.25037576 0.34056437 0.21348687 0.40795754 0.57473381 0.43365329 0.033544614 0.28694614 0.4424101 0.45260564 0.49065289 0.2896811 0.38681393 0.25767379 0.47974427 0.52178927 0.19227877 0.18493616 0.43667878 0.30659658 0.27228529 0.22864756 0.53473053 0.58056396 0.77745966 1.2854216 0 
0.08321148 0.17579333 0.02579866 0.29092567 0.086838795 0.069355513 0.14849976 7.1054274e-15 0.051398782 0.17703787 0.27913871 0.28913287 0.18730687 0.38988627 0.59096549 0.27544405 0.42893921 0.74340126 0.43379296 0.50342575 1.0658141e-14 0.4009349 0.41452465 0.24353543 0.34582705 0.098074475 0.28195437 0.29831133 0.29804695 0.66413445 0.55781061 0.57557339 0.76584133 0.94866443 0.65148761 0.32320943 0.43891105 0.46789426 0.37176748 0.6622026 1.0000834 
0.056458068 0.1135887 0.081878568 0.3640365 0.055656144 0.28016604 0.14579963 0.10115565 0.18309889 0.16976931 0 0.24114342 0.26790698 0.70733368 0.49145241 0.70177493 0.89769999 0.58402046 0.9037455 1.3632369 0.54982155 0.58125644 0.58613032 0.61884366 0.29845776 0.25546291 0.31904402 0.38199534 0.31709905 0.40553713 0.62330053 1.5916157 1.0777349 0.85939792 0.021661426 0.56655953 0.69806904 0.69712408 0.5526371 0.48551863 0.6039987 
0.039208606 0.228661 0.045109601 0.28339137 0.14334469 0.22271771 0.097102285 0.1638399 -7.1054274e-15 0.14114991 0 0.47444488 0.32088991 0.66564128 0.27553057 0.3098346 0.30443275 0.99714494 0.91396592 0.4070651 0.46337245 0.55515285 0.66720125 0.70532393 0.48158544 0.4950329 0.46120015 0.37789635 0.29468632 0.4057476 0.43383768 0.93779116 1.5440415 0.70386336 7.1054274e-15 1.0642603 1.0370427 0.91805114 1.1906192 0.98710248 0.91631521 
25.99803 0.10314538 159.97101 116.70184 126.74195 1.7763568e-15 0.29061544 0.23830808 0.1700274 0.093295107 0.44391716 0.46158247 0.34021505 0.61240768 0.3604017 0.23777902 0.36451846 0.52380661 0.55396362 0.60951449 0.62407766 0.79391132 0.44880755 0.83280701 0.6718011 0.34068647 0.32006212 0.47463555 0.27040837 0.21309666 0.33497547 0.36602168 1.3951056 2.2809133 0.85331856 0.60340316 0.99538976 1.0206942 1.018397 0.96352497 1.5871435 
0 76.695178 0 0 0 0.37027696 0.34965845 0.076137647 0.19736028 0.21175469 0.45170831 0.030983788 0.59687321 0.90201104 0.27181803 0.19546857 0.27180201 0.46553509 0.3377676 0.57861231 0.5022886 0.55864051 0.67873086 0.77991835 0.69019926 0.69806806 0.57119005 0.48953473 0.5495709 0.17204552 0.29017239 0.2793518 0.33414016 0.98598013 0.83518699 1.115791 1.7979099 0.04992215 1.0008 0.94856518 0.8264026 
0 0 0 0 0 0.36451537 0.44514564 0.20338417 0.1399497 0.33185776 0.48668291 0.60708186 -3.5527137e-15 0.70330505 0.29707847 0.35191483 0.30934559 0.4364411 0.28627863 0.1826253 0.26470374 0.64314734 0.51003944 0.5365453 1.0366447 0.9357996 0.58355731 0.99699776 0.64933722 0.29436797 0.51954629 0.11045458 0.23143253 0.30344115 0.73140493 0.75138611 0.91117603 1.6225153 1.2603632 0.84864094 0.59355946 
0 0 0 0 0 0.11881199 0.45765329 0.33183925 0.29201215 0.32336089 0.56131039 0.44167108 0.47878603 0.015785668 0.45369687 0.37533835 0.46293385 0.3010724 0.26304313 0.30324382 0.30357853 0.24805892 0.59261171 0.43138834 0.40671506 0.64234543 0.55666004 1.0924938 1.1039597 1.1584795 0.52829537 0.53153484 0.42054203 0.2455367 0.28392044 0.75031404 0.50898367 0.7223163 1.138106 0.70066646 1.1496474 
0 0 0 0 8.8817842e-16 0.00088876664 0.02982958 0.66101758 0.96366991 0.47911141 0.55735474 0.34035905 0.4370697 0.63012978 0.10033176 0.28392184 0.25096657 0.25151582 0.47648495 0.23385054 0.32024631 0.42282015 0.6213679 0.73413511 0.41118656 0.39819107 0.20733499 0.93575396 0.81920027 1.1404613 1.6739617 1.1245808 0.99919547 0.37604538 0.63196912 0.1921604 0.50030258 1.0479821 0.34825851 1.0321068 0.7899082 
0 0 0 0 -4.4408921e-16 0.01611417 0.014092953 0.0022141687 0.1714569 0.071480754 0.7953529 0.39828816 0.31305278 0.45665977 0.8431211 0.29676172 0.21544865 0.21868673 0.2976424 0.40061031 0.34768209 0.60666165 0.22185561 0.17672558 0.40662413 0.71303639 0.68503867 0.89493701 0.65865535 0.66929014 0.7463575 1.3098286 2.1777326 1.1768216 0.8266765 0.60647424 0.50610494 0.65425332 0.43371317 0.80080458 0.64308516 
0 0 0 0 0 0 0 0.035825967 0.019347354 0.12474079 1.5920862 0.36084191 0.39264493 0.32509176 0 0.53656952 0.25180273 0.32148795 0.28925317 0.26419139 0.64694914 0.20351611 0.17842852 0.35366312 0.60378732 0.59470851 0.93398826 0.55865801 0.63511479 0.78857205 0.56850649 0.55713958 0.68051818 0.48208535 0.76655009 0.86091556 1.8054069 3.6295657 3.1378035 1.1280464 0.90441097 
0 0 0 0 0 0 0 0.027825069 0.035097983 0.11627767 0.29322528 0.64966023 0.4914839 0.33841988 0.018032493 0.38773512 0.54545033 0.60764449 0.16298495 0.49969285 0.15293121 0.2011449 0.1578398 0.36512779 0.8377668 0.44308242 0.56323615 1.0763638 1.2817269 0.69114545 0.79526927 53.008648 0.60903516 0.59027463 0.63988152 0.81123645 0.77585336 0.45921852 0.85356243 1.0171972 1.7858157 
0 0 0 0 0 0 0 0.02964246 0 0.11745668 0.077017569 0.66214783 0.29311804 0.39606518 0 0.46798176 0.3482433 0.60933842 0.52129168 0.37887505 0.15952999 0.14283198 0.37609387 0.4346734 0.55508875 0.31963526 0.61162877 0.51847935 0.68511205 1.0607011 1.8358061 1643.3318 0 0.63075549 0.1511645 20.794274 193.0731 156.24534 0.5277515 4.2180682 38.936212 
0 0 0 0 0 0 0.040487079 0.051862256 0.036626431 0.013322075 0.037473058 1.0989881 0.47983378 0.35766152 -3.5527137e-15 0.47366952 0.29595684 0.34950058 0.70411031 0.44251429 0.30199827 0.30142919 0.13083523 0.23649729 0.58274786 0.42159745 0.57378129 0.56723318 0.78262576 0.63911464 555.37188 85.31479 360.40397 0 3.0826203 1318.9092 660.55661 898.8342 14.330882 6.2524176 1537.65 
0 0 0 0 0 0.0060065197 0.022867637 0.075466884 0.0371827 0.027111298 0.080589524 0.67890055 0.65947338 0.33305403 1.1779253 0.59468811 0.43261885 0.40086376 0.45971429 0.64072094 0.25512834 0.64821377 0.43371939 0.49722811 0.64615474 0.53049638 2.1107926 3.1387321 4.0401816 4.344926 626.76865 2185.459 616.16037 5.1528634 1.4851234 8.3814899 9.6989561 6.9956876 12.377584 0.7254614 85.890125 
0 0 0 0 3.5527137e-15 0.0023340479 0.02521248 0.038785081 0.0030214605 0.081524076 0.0084037426 0.28051319 1.2792198 0.54145003 0.81293231 0.039465708 0.3774302 0.53844374 0.47838217 0.25908372 0.456052 0.37124784 2.1962621 0.9522904 0.056576576 1.9065921 3.4156527 1.0336104 2.0024833 2.5546751 2.1817628 1.9318416 3.8551965 5.4088516 5.2295415 6.0413868 0.30541525 0.0058296773 0 0.04838335 0.033706735 
3.5527137e-15 0 3.5527137e-15 0.011831184 0.00090812219 0.015625174 0.057107782 0.031066313 0.038571576 0.028533585 0.10058187 0.24490107 0.50713351 0.75727199 1.0030411 0.89516127 0.87206939 0.48347398 0.36262752 -3.5527137e-15 0.055586809 0.32429282 0.19612174 1.0618737 2.3501225 2.6940596 3.0642426 1.8059611 1.793314 0 0.02392758 0.034128574 0.0025990787 0 0 0.040019389 0 0.021167331 0.0080540985 -3.5527137e-15 19.041805 
0 0 0.039643456 0.013231163 0.021677037 3.5527137e-15 0.053944449 0.12308862 0.10975623 0.062385415 0.025087659 0.16842792 555.56372 302.43904 0 392.85072 382.76561 412.05094 328.27984 0 28.525032 0 0 0 0 1.110223e-15 0.038612663 0 0 0 0 0.005750761 0 0 0 -8.8817842e-16 -2.220446e-16 0.51020279 0 0 0 
