var/www/cgi-bin/BAERTOOLS/ravel/working/ravel-3017.depgrd.txt
NCOLS 44
NROWS 39
XLLCORNER 277076.32
YLLCORNER 3844478.9
CELLSIZE 10
NODATA_VALUE -9999
0 0 0 0 0 0 0 0 0 0 0 0.0042652686 0 0.40894644 0 0 0 0 0 0 0 0 0 0 0 0 0 0 0 0 0 0 0 0 0 0 0 0 0 0.010704622 -3.5527137e-15 0.024154779 0 0.050911633 
0 0 0 0 0 0 0 0 0 0 0 0 0 0.0080313766 0.048376742 -1.110223e-16 0.026962882 0 0 0 3.5527137e-15 0.029968117 3.5527137e-15 0 0 0 0 0 0 0 0 0 0.022155685 0 0 0 0 0 0 -3.5527137e-15 0 0 0 0 
0 0 0 0 0 0 0 0 0 0 0 0 -3.5527137e-15 0 0 0 0.018233545 0 3.5527137e-15 0 -7.1054274e-15 0.045314235 0.026008513 0 -3.5527137e-15 0 0 0 7.1054274e-15 -3.5527137e-15 0 0 0 0 0 3.5527137e-15 0 0 0 0 0 -3.5527137e-15 0 0 
0 0 0 0 0 0 0 0 0 0 0 0 0 7.1054274e-15 -3.5527137e-15 -3.5527137e-15 0 0.076768643 7.1054274e-15 0.0051080043 0 0.013823819 0.03462497 0 -7.1054274e-15 0.013176455 0.029450075 0.031249457 0 0.0016402122 0.029811007 -3.5527137e-15 0.019806589 0 3.5527137e-15 0 0.022138558 0 0 0 8.216039 9.4831141 0 0 
0 -3.5527137e-15 0 0 0 0 0 0 0 0 0 0 0.0019987827 0 0.064639728 0.036026494 3.5527137e-15 0 0.046648734 0.048160191 0.085375866 0.048891349 0.024335166 0 0 0.0048815899 0.0099382509 0.11425032 0.085208112 0.011262605 3.5527137e-15 0.027576907 -7.1054274e-15 0.027219725 0 0 0 0 0 0 0 0 0 0 
0 3.5527137e-15 3.5527137e-15 0 0 0 0 3.5527137e-15 0.026823917 0 0 0 3.5527137e-15 0 0.073495578 0.064310087 0 0 0.012928632 0 0.24116421 0.3113075 0.02737687 -3.5527137e-15 0 0.036903571 0.19213821 0.015437149 0.1529219 0.050130793 0.060269922 0.039352073 0.034475365 -3.5527137e-15 0 0.024542788 0 -7.1054274e-15 0 0 0 0 0 0 
0 -3.5527137e-15 0.040385794 0.070065812 -7.1054274e-15 0 0.014340976 -3.5527137e-15 0.036052923 0 0 0 0 0 0.043231142 0.19046802 0.055027309 0 0 0.035560838 3.5527137e-15 0.16602607 101.8362 90.60221 1.3884651 0.13840409 0.12782561 0.14983607 0.11915713 0.019393823 0.059185116 0.042341588 0.071697054 -3.5527137e-15 0.041591082 3.5527137e-15 0.031320531 0.036745159 -7.1054274e-15 0 0 0 0 0 
0.11929122 0.031204397 0.047561681 0.01600872 -3.5527137e-15 0 0.048846489 0.018184356 0.033357941 -3.5527137e-15 -3.5527137e-15 0 0 0 0.049722145 0.030287765 0.069046042 -3.5527137e-15 0 0 0.02672106 0.10735709 0.04301722 0 0.22629213 0.13644529 0.11854538 0.17627808 0.034406277 -3.5527137e-15 -1.4210855e-14 0.04241745 0.12346636 0.050169388 0.056438401 0 0 0.010783992 -3.5527137e-15 -3.5527137e-15 -3.5527137e-15 3.5527137e-15 0 0 
0 0 0.076023032 0.020521301 0.024263765 0.02896818 0.11322606 0.092763945 0.16357033 0 0.017664111 0.038456867 -3.5527137e-15 0.0086290445 0.050486478 0.17649675 0.26732506 0.039321355 -7.1054274e-15 0 0.046632096 0.29812798 0.061550483 0.97054151 0.13301808 0.13883015 0.17259357 0.26811429 0.13194752 0.11797632 0.038767332 0 0.093532764 0.061985798 0.11652569 0 0.012714919 0.037217945 7.1054274e-15 3.5527137e-15 0 0 0 0 
0.018241173 0.047999924 0.043482447 -3.5527137e-15 0.032943657 0.23494813 0.080060736 0.085356423 0.097268612 0.0016387857 0.028891116 0 0.11605173 0.035416138 0.011622585 0.054298267 0.65984013 0.074606677 0.070972647 0.022467254 0.045713761 0.24217397 0.62997333 0.27302242 0.098677591 0.024132664 0.37395411 0.14785201 0.044035923 0.019134704 0.16257483 0.085187934 3.5527137e-15 0.050559225 0.099790447 0.061268842 0.032321967 0.15862312 1.0658141e-14 -7.1054274e-15 0 -3.5527137e-15 0 0 
-3.5527137e-15 0.18642908 0.050800622 -7.1054274e-15 0.053118203 0.02124535 0.28058427 0.15853228 0.03698461 0.048588515 0 0.038031621 0 0 0 0.0539803 0 0.3629166 766.79724 292.91552 56.068497 0.95902368 0.58292363 0.083700619 0.12846783 0.13050785 0.65256894 0.07865135 0.051222493 0.15868279 0.168382 0.053924922 0.17537732 0 0.036313174 0.0049677174 0.22656911 0.29799388 -3.5527137e-15 -3.5527137e-15 0 -3.5527137e-15 -3.5527137e-15 0.0083532159 
26.416954 0.1727515 0.10255757 0.11543514 0.59824506 1191.7956 0.22721176 0.24099836 -3.5527137e-15 0.036491656 0.033643811 0 3.5527137e-15 0 3.5527137e-15 0 0 0.28178623 1.8820619 35.625909 37.910527 20.982378 0.78603104 0.4472768 0.008146867 0.36801983 0.55859067 0.13669476 0.21499174 0.1170674 0.19303288 0.12462291 0.1511201 0.073689791 0.044948557 0.15306233 0.29877326 0.1650665 0 -3.5527137e-15 -7.1054274e-15 0 0 0.0026607487 
0 0.10189767 52.143302 0.2186744 1344.6584 253.56291 535.98233 184.79561 0.030918237 0.046231337 0.06731917 0.048906988 0 0.11156605 0 0.1385359 0 0.17052625 0.24200784 0.07960804 0.26969416 0 0.58513033 0.3029637 0.8786439 0.41389448 0.21613175 0.23426839 0.19984848 0.13407993 0.081441295 0.145299 0.13771235 0.07505287 0.23165604 0.13337203 0.26531688 0.11608941 0 3.5527137e-15 -7.1054274e-15 -7.1054274e-15 0.083335909 0 
0 0.087837517 0.034043909 0.088924728 0.10842995 0.25958676 0.088268321 48.551929 336.56324 364.65706 392.55992 160.00473 0.2606335 0.12858204 3.1526382 0.60235847 4.3161657 2.8052346 2.1670426 2.3207056 0.16481379 2.7039392 6.3382279 0.21316724 0.78197406 1.7454629 31.668653 134.14169 0.17658986 0.13504023 0.116648 0.17149636 0.037511639 0.089118689 0.31794248 0.24392718 0.25215212 0.20904317 -7.1054274e-15 7.1054274e-15 -3.5527137e-15 -3.5527137e-15 0.09723504 0 
0 0.097235181 0.073512037 0.092484091 0.20567288 0.18032377 0.19058626 0.11721764 0.15914706 0.16382575 0.098097996 26.477935 1.9225004 2.0404787 28.772443 2.9172302 2.7538957 1.5174404 2.4864552 3.6489656 2.1796586 558.7073 5.2808416 0.32146112 9978.1578 1970.9179 499.61641 0.005824193 0.3128016 625.54494 0 0 0.098504116 0.21093621 0.21267846 0.15903043 0.28731222 0.19076097 0 7.1054274e-15 7.1054274e-15 -7.1054274e-15 0.064506656 0.029016086 
102.53493 0 0.13301602 0.14072005 0.23962006 0.2342906 0.15746477 0.16029408 0.18921384 0.21486327 0.13415899 0.10928689 1.8519395 1.2537853 0.31898544 1.1509037 0.073755427 0.10654103 0.031283701 0.44971111 0.33515803 17.186226 0.14386553 6.8363239 8.9684165 0.25691062 0.35416163 0.27930425 2.371073 567.08893 1254.9305 1.1572722 0.10511127 1.6208995 0.92047165 1310.8427 0.18819419 1.4210855e-14 0.037054646 0.038684426 -3.5527137e-15 0.021694109 0.0054103638 -1.3322676e-15 
0.02762311 0.071875216 0.15566826 0.14175837 0.26327609 0.1699788 0.057650311 0.0398842 0.17977142 0.046320442 0.38971348 0.34362348 1.8149411 0.69680243 0.4272573 486.04525 0.018298448 0.065353887 0.10876542 0.33891062 0.31125947 0.13146842 0.12541876 0.68528816 1.8924442 0.15643672 0.29342789 0.19479052 0.25824805 0.037880029 275.51356 0.13836452 1.3739331 1.3539682 3.6986977 1246.5106 -3.5527137e-15 243.80509 0 0.041155998 0.14352707 0.061075013 0 0 
0.056587291 0 0.18922292 0.049170339 0.23829311 0.13147011 0.14698256 0.10267519 0.13526616 0.15782254 0.1109662 3.2514578 1.2979899 0.093854593 1.0595378 0.26863401 0 0.12693001 0.19003372 0.44426641 0.49405893 0.19287371 0.24869293 0.49548582 0.1620978 0.15948531 0 0.10563766 2.8421709e-14 0.055128912 0.14524849 0.15909657 0.22443006 0.20283149 0.13933613 0.14542665 14.255715 1575.7257 849.63215 0.70160625 0.192577 0 0 0 
0.06470914 0.068981829 0.034504552 0.059025941 0.22169492 0.087168502 0.11842693 0.098875994 0.15125217 0.23112125 0.10000655 1.8719815 1.1919815 0.28210697 2.0344822 0.21210587 0.16064292 0.12972374 0.055637611 0.41293734 0.23449233 0.18399912 0.35392903 0.20142471 0.10878849 0.059137081 0.11757868 0.22460023 -2.8421709e-14 0.032807343 0.098453269 0.16140172 0.16816356 0.094636148 0.1178377 0.15943043 0 0.049670087 811.48899 83.603013 3.5527137e-15 0 0.03815681 0 
0.16194553 -3.5527137e-15 0.03281658 0.026428473 0.099859945 0.12238008 0.16125865 0.054652621 0.047506476 0.078660244 0.24043035 1.7272566 0.21997745 0.68143288 0.17940951 0.24828004 0.24470488 0.063457043 0.11594258 0.66097924 0.1650343 0.34849969 0.20147773 0.090540402 0.038513437 0.050605903 0.13416823 0.071730636 0.049826315 0.10534697 0.12020829 0.20269304 0.084922267 0.095331653 -3.5527137e-15 7.1054274e-15 0.033343789 3.5527137e-15 87.251753 91.597189 -3.5527137e-15 0.04012915 0 0 
0 0.039108585 0 0.048464399 0.035386453 0.067455434 -1.4210855e-14 0.069434742 0.1768998 0.09421269 0.18465663 2.4096976 0.95343941 0.88522468 0.13682605 0.22879978 0.18374545 0.099740222 0.080316656 0.16034688 0.17371771 0.1380433 0 0.026518573 -7.1054274e-15 0.090815961 0.10094427 0.16182061 0.12825064 0.12156689 7.1054274e-15 0 -7.1054274e-15 0 0.0127929 0.010202231 -1.4210855e-14 0.17936741 0.19156178 0 33.260517 0 0 0 
0.026068478 0.02704303 0.027424313 0.4216017 0.11812534 0.082931129 0.054581098 0.070720947 1.0658141e-14 0.041628468 2.1443576 0.73020626 0.69673893 0.38756702 0.030150871 0.19538139 0 0.18628519 0.17361317 0.40209198 0.37567724 0.86835989 0.11422766 0.029373494 0.097314459 0.065710922 0.11627625 3.5527137e-15 0.043942392 0.090044469 2.8421709e-14 -1.0658141e-14 0.04255723 0.036783914 0 0.058438195 0.084633594 0.064884756 0.054207806 21.12487 0.043825219 228.5614 0 0 
0.062380816 7.1054274e-15 0.058269583 0.17814987 0.062624194 0.11167009 0.082700815 0.044990573 0.10596252 0.24488338 1.7303713 0.59272872 0.16126212 0.22463635 0.11424561 0.17765791 0.20460133 0.20799192 0.44317636 0.92881422 0.24498934 0.12910616 0 0.029615602 1.0658141e-14 0.075662025 0.016486683 0.10828277 -1.0658141e-14 0.029713366 -1.0658141e-14 -3.5527137e-15 0.019951277 0 0.06899682 0.053045716 0.042132388 -3.5527137e-15 0.04033923 0.35972444 65.859499 904.55715 -1.0658141e-14 0.25365283 
0.0070292079 0.053547808 0.092259358 0.26028541 0.14878807 0.034457012 0.059058836 0.061503022 0.054225568 0.31614905 1.1531972 0.20981739 1.0724022 0.19136225 0.221966 0.23506164 0.27156627 0.093370445 0.25375713 0.50112564 0.092686562 0.19509129 -1.7763568e-14 -3.5527137e-15 0.078979671 0.055251827 0.087680402 7.1054274e-15 3.5527137e-15 0.074772958 -3.5527137e-15 0.021842903 0.017185615 0.013915088 0.043107863 1.4210855e-14 0.00012955564 0.27563095 0.20748676 0.061196546 0 0.0081789052 3.5527137e-15 0.040653839 
3.5527137e-15 0.056844684 0.057734008 0.25134478 0.053694 0.071311516 0.050115426 0.1233277 0.078241548 0.93563375 0.7397059 0.35989128 0.56674278 0.33969764 0.1680278 0.19087143 0.22703619 0.21755005 0.22786465 0.10991958 0.34178454 0.026600125 0.07641812 1.0658141e-14 0.04352392 0.041253184 0.025923537 0.035773513 0 -3.5527137e-15 0.044817204 -7.1054274e-15 0.023667785 -3.5527137e-15 0.03836364 0.024790413 0.11032982 0.017730428 0 0.040666041 -3.5527137e-15 3.5527137e-15 0.028083974 0.022189416 
0.15760206 7.1054274e-15 0.44230432 0 0.039666407 0.044528257 0.047982435 0.0202837 0.24453078 0.16326952 0.52244311 0.30373988 0.32732442 0.23422033 0.046560706 0.26241854 0.196022 0.26439484 0.12189355 0.1312605 0.19889241 0.014502739 0 -3.5527137e-15 0.036986959 7.1054274e-15 3.5527137e-15 0 3.5527137e-15 0.015393908 0.01727085 0.043190672 0.044572116 0.015717683 0.046723286 0.10296583 0.015488729 0.00470758 0.018202812 0 0 -3.5527137e-15 3.5527137e-15 0 
0.13346108 7.1054274e-15 0.045878767 0 -3.5527137e-15 0.041339829 0.0097442643 0.024995283 0.58382148 3.5527137e-14 0.48778832 0.44709985 0.048174114 0.030500369 0.019593663 0 0.015434519 0.092245842 0.23121217 0.10360619 0.24707499 0 0.045962017 0.11032319 0.021089964 0 0 3.5527137e-15 0.030861835 0.0077257994 0 0.086969973 3.5527137e-15 0.0047208608 0.042318444 0.093663629 0.022904448 0.023658089 0.016296308 0 0 0 0.035147521 0 
0.050010595 0.10823626 0.013748053 0.056382884 0 0 0.0037488538 0.18981676 0.15179201 -1.0658141e-14 0.46717436 0.47182746 0.22097332 -3.5527137e-15 0.015018548 0.054236643 0.025763566 0.021215882 3.5527137e-15 0.13598175 0 -3.5527137e-15 0.038992221 0.022011901 0.040648305 0 0.016227179 0 0 0.051012679 0.039336188 0.028585501 0.023061654 0 0 0.038122059 0.027545329 0.058891801 0 0 0.052226243 0.24302451 1.2311298 33.487179 
0.27346172 0.12902898 0.17414188 0.10042159 0 0.00083501645 0 0.31308979 0.018288645 0.044338215 0.33859632 0.39466857 0.29995043 1.0658141e-14 3.5527137e-15 0.051189685 0.068252786 -3.5527137e-15 0.16406303 0 0 3.5527137e-15 3.5527137e-15 0.055843046 0 0 3.5527137e-15 0.032360007 0.071648429 0.062276486 0.14642857 0.16422227 0.070904668 0.039008218 0.043471432 0.14243046 0.023533905 0.032556576 -3.5527137e-15 0.080316449 0 2.8879576 0.22125756 1110.551 
0.031584298 0.02304633 0.049406544 -7.1054274e-15 -3.5527137e-15 0.00064233868 0.010208227 0.19428651 3.5527137e-15 0.058336136 0.31531658 0.29034396 0.20944522 -7.1054274e-15 0.087434592 0.01862539 7.1054274e-15 0.060747902 -3.5527137e-15 0.057946819 -3.5527137e-15 0 0.089354832 0 0.056462135 -7.1054274e-15 0.11847728 0.14687996 0.047414149 0.094715373 0.18968565 0.032146281 0.037402826 0.086470146 0.032553566 0.014698731 0.095875107 0.018108992 0.059523826 47.113146 2.2988386 0.033289124 0.19307239 0 
0.04123581 0.054873232 1.0658141e-14 0.016488417 -3.5527137e-15 0.068901156 0.023159509 0.13755451 0 0.027723255 0.24021177 0.13718361 0.039026749 0.13658574 0.11884548 0.048592527 0 0 1.0658141e-14 0.00032650789 0 0.040819061 0 0 0.026979699 0.060996793 0.047064381 0.097803542 0.28905249 0.1097899 0.031109462 0.033506997 -3.5527137e-15 0.027608843 0.092423803 0.078926557 0.10366152 0.077075763 2.4841386 2.2520405 9.1039404 3.5527137e-15 -3.5527137e-15 0 
0.024289763 1.0658141e-14 0 -3.5527137e-15 0.016802209 0.077849747 0.094158082 -1.7763568e-14 -7.1054274e-15 0.036743942 0.080611362 0.048058296 0.15987198 0 0.079989545 0 0 0 0 0.055928199 0 0.050812937 0 3.5527137e-15 0.051252337 0.060319184 0.043763007 0.050639561 0.1740746 0.43497721 0.10096604 0.072986468 0.052395257 0.020153897 0.030668673 0.058930231 4.1909592 0.49368993 0.027758584 -7.1054274e-15 0 0 0 0 
0.023088992 -7.1054274e-15 1.4210855e-14 -7.1054274e-15 -7.1054274e-15 0.036629129 0.092066926 3.5527137e-15 1.0658141e-14 0.049198577 0.064663761 -3.5527137e-15 3.5527137e-15 0.11725521 -7.1054274e-15 3.5527137e-15 0 0 0 0 0.024130016 0.058280053 0.059639954 0.062361464 0.048331693 0.02955645 0.063876449 0.10414359 0.040363058 0.49716076 0.2375944 0.13724961 0.13479028 0.15222922 4.8735658 903.53809 3.5527137e-15 26.069709 0 1.0658141e-14 0 0 0.033665406 50.130396 
0.056113338 1.7763568e-14 0 3.5527137e-15 3.5527137e-15 0.018318496 -3.5527137e-15 3.5527137e-15 -1.7763568e-14 0.061806041 0.062094123 0.087081575 0 -3.5527137e-15 3.5527137e-15 0 0 0 0 0 3.5527137e-15 0 0 3.5527137e-15 -3.5527137e-15 0.099912832 0.066067562 0.071971186 0.053374543 0.47392326 0.29803398 0.16943593 0.25619887 1.5231261 1.1751015 970.40059 3.5527137e-15 0 7.1054274e-15 -3.5527137e-15 0 0.008242994 3.5527137e-15 0.031013607 
0.049728341 -7.1054274e-15 3.5527137e-15 0 0 0.013558313 3.5527137e-15 7.1054274e-15 -7.1054274e-15 3.5527137e-15 7.1054274e-15 0 0.013609665 0 3.5527137e-15 0 0 0 0 0 0 0 0.028401743 0.063314402 0.05882993 0.063519055 0.084019172 0.20142364 0.28225608 0.23916456 40.671344 0.47365631 0.65057711 0.16786516 0.0073220882 3.5527137e-15 0 0 3.5527137e-15 0 0 7.1054274e-15 0 0.1069601 
-7.1054274e-15 0 0 3.5527137e-15 -3.5527137e-15 0.019188791 -3.5527137e-15 0.026629038 0 -3.5527137e-15 -3.5527137e-15 0 0.0052325108 0 0 0 0 0.023429204 0.026069733 0.035287907 0.13248445 0.099892068 0.085817521 0.074772623 0.037876037 0.1220229 0.070486001 0.1045146 0.77928122 0.5004167 0.25161853 236.5131 0.043881172 0.026495571 0.070659204 0 7.1054274e-15 3.5527137e-15 0 3.5527137e-15 0.03863037 0 0 0.070420752 
3.5527137e-15 3.5527137e-15 -3.5527137e-15 0 0 0 -3.5527137e-15 0 0 0.029446451 0 0 0 3.5527137e-15 0 -3.5527137e-15 3.5527137e-15 0 0.027961247 0.12481386 0.037383382 0.15198321 0.16656488 0.095580783 0.028326503 0.17911047 0.14901162 3.6068642 0.72849865 12.100132 0 0 -3.5527137e-15 0.0040524678 0.037408853 0 -3.5527137e-15 0 0 -3.5527137e-15 0 0.048037496 0.02310381 0.081791972 
7.1054274e-15 0 0 -3.5527137e-15 0 3.5527137e-15 0 0 0 0 0 0 0 3.5527137e-15 1.0658141e-14 -3.5527137e-15 -7.1054274e-15 0 0.16517119 3.5527137e-15 0.20073556 0.12726738 0.15098304 0.23909846 0.078091251 0 0.23628691 0.6875044 4.685089 0 0 0 0 3.5527137e-15 0.014632462 0.027364905 3.5527137e-15 0 0 -3.5527137e-15 7.1054274e-15 -3.5527137e-15 0 0 
0 0 0 0 0 0 0 0 0 0 0.058087175 0 0.025584296 0 0 -3.5527137e-15 3.5527137e-15 0.083542146 0.10165399 0.12330289 0.18761843 0.15552493 0.17217987 0.26850774 0.37673191 0 0.30297706 0.26941357 0 0 0 0 0 0 0 0 0 0 0 0 0 0 0 63.47054 
