var/www/cgi-bin/BAERTOOLS/ravel/working/ravel-5155.prodgrd.txt
NCOLS 88
NROWS 114
XLLCORNER 772875.31
YLLCORNER 3877126.5
CELLSIZE 10
NODATA_VALUE -9999
[rows 56 to 83 of 114, columns 0 to 62 of 88]
0 0 0 -39.500267 -34.697371 -30.447205 -29.051998 -27.886293 -27.645606 -26.710066 -26.760299 -26.653714 -26.797931 -26.508035 -26.598739 -26.675429 -26.904769 -26.771474 -26.778392 -26.527509 -26.556789 -27.377448 -27.356747 -29.579626 -26.644014 -26.691149 -26.64771 -39.454325 -28.983414 -28.869615 -26.550407 -26.581013 -27.318696 -27.191316 -27.357563 -26.819665 -26.65829 -26.831135 0 0 -29.282841 -26.386232 -26.424198 -29.273319 -34.282447 0 0 0 0 0 0 -32.208972 -26.484583 -26.43307 -31.635355 0 0 0 -39.465529 0 0 0 0
0 0 0 -34.833535 -35.583738 -31.5115 -30.152632 -29.19004 -27.307997 -26.533494 -26.653714 -26.797931 -26.84514 -26.598739 -26.675429 -26.693059 -26.713433 -26.703647 -26.813168 -26.556789 -26.613884 -27.356747 -27.686178 -27.903796 -26.691149 -26.64771 -26.664492 -36.824813 -29.523738 -28.008856 -26.581013 -26.596681 -27.413685 -27.755698 -27.799083 -26.65829 -26.831135 -26.740104 0 0 0 -26.424198 -26.459336 -28.409985 -33.535775 -39.480847 0 0 0 0 0 0 -26.43307 -26.485521 -27.144207 -34.868245 0 -39.465529 0 0 0 0 0
0 0 0 -29.45364 -34.833535 -35.583738 -31.5115 -30.152632 -26.533494 -26.421662 -26.346982 -26.759787 -26.904044 -27.127065 -26.693059 -26.659829 -26.703647 -26.628238 -26.868223 -26.613884 -26.991411 -27.386758 -27.903796 -28.226887 -30.395241 -26.664492 -26.72887 -28.162866 -28.441267 -28.198685 -26.596681 -27.13901 -26.446434 -27.627803 -28.023263 -29.346113 -26.740104 -26.670612 0 0 0 -26.459336 -26.523471 -26.414005 -28.858711 -35.964553 -32.191937 -38.166993 -30.564119 0 0 0 -26.485521 -26.696481 -26.369597 -26.942948 -33.436456 0 0 -39.506735 0 0 0
0 0 -30.807151 -27.559205 -29.45364 -30.922481 -28.169102 -30.976754 -26.421662 -26.346982 -26.313312 -26.672812 -26.618087 -26.72489 -26.659829 -26.462347 -26.628238 -26.868223 -27.521367 -26.991411 -27.386758 -27.346226 -28.226887 -30.395241 -29.67283 -26.72887 -26.851839 -27.193205 -26.939807 -27.145368 -27.447226 -26.446434 -27.627803 -27.894209 -28.952194 -29.039667 -26.670612 -26.622348 -39.53199 0 0 -26.523471 -26.414005 -26.423085 -27.071421 -28.154606 -29.874601 -28.862336 -26.851839 0 0 0 -26.696481 -26.369597 -26.57044 -26.541039 -26.818179 0 -39.506735 -39.479669 0 0 0
-27.060845 -26.836371 -26.994469 -27.443523 -27.559205 -39.500855 -30.922481 -27.449084 -26.616568 -26.313312 -26.301549 -26.592452 -26.621491 -26.630168 -26.462347 -26.396756 -27.849201 -27.521367 -32.313179 0 -27.346226 -27.171527 0 -29.67283 -31.552176 -26.851839 -26.946111 -26.939807 -26.802755 -26.759531 -26.940199 -27.151798 -26.846725 -28.952194 -28.880603 -30.591977 -26.622348 -26.563181 -30.21467 -37.427723 0 0 -26.423085 -26.584777 -26.93166 -27.074993 -28.102422 -26.851839 -26.505079 -27.67616 0 0 0 -26.57044 -26.541039 -26.818179 -26.443016 -26.738409 -39.479669 0 0 0 0
-26.889087 -27.060845 -26.836371 -26.994469 -27.443523 0 -35.7074 0 -27.001974 -26.301549 -26.334585 -26.58982 -26.586906 -26.749194 -26.396756 -26.317053 -26.374814 0 0 0 -27.171527 -26.828998 -31.621319 0 -30.378189 -26.946111 -27.353492 -26.802755 -26.755969 -26.664883 -26.788453 -26.846725 -26.38263 -28.880603 -30.78676 -29.727423 -26.563181 -26.550676 -26.49048 -27.831196 -39.23742 0 -26.584777 -26.93166 -27.074993 -27.695042 -28.012439 -26.505079 -26.608259 -26.427898 -27.383358 0 0 -27.875322 -27.028925 -26.443016 -26.738409 -26.406254 -26.737685 -30.807151 0 0 0
0 -26.889087 -27.253512 -27.505134 -28.08687 -30.447205 0 -35.7074 -26.85216 -26.334585 -26.458775 -26.586906 -26.669022 -26.576266 -26.317053 -26.374814 -26.276841 -28.647451 0 0 -26.828998 -26.996665 -32.295569 -29.568307 -29.848175 -27.481423 -26.962246 -26.755969 -26.664883 -26.602415 -26.721184 -26.38263 -26.378079 -27.975448 -29.727423 -31.021041 -26.550676 -26.49048 -26.485521 -27.145368 -27.609233 0 -27.049011 -27.377448 -27.695042 -28.012439 -32.808334 -26.608259 -26.427898 -26.644934 -26.775716 -27.131586 0 -39.5132 0 -26.898287 -26.406254 -26.737685 -26.43854 -26.860937 -30.796934 0 0
0 -29.67283 -29.019335 -28.971629 -27.505134 -29.660915 0 0 0 -26.458775 -26.798213 -26.614553 -26.574652 -26.484895 -26.444324 -26.276841 -26.234159 -26.956536 -28.171188 -39.462581 -26.996665 -26.969687 -27.180103 -29.848175 -34.312953 -30.838065 -27.889451 -26.999755 -26.602415 -26.721184 -26.697773 -26.378079 -26.385902 -28.438629 -28.128194 -29.733589 -31.218401 -26.485521 -26.505758 -27.293009 -27.261922 -28.344884 -27.377448 -27.352681 0 0 0 0 -26.644934 -26.775716 -27.131586 -26.720954 -27.096937 0 0 0 -26.953304 -26.43854 -26.860937 -26.486254 -26.582663 0 0
-36.235701 -26.340748 -27.671195 -29.019335 0 -27.205957 0 0 0 -27.564609 -26.614553 -26.574652 -26.484895 -26.42604 -26.395158 -26.234159 -26.21461 -26.709174 -27.066862 -31.839483 -26.969687 -27.180103 -27.290053 -39.466707 -30.838065 -33.850315 -28.574959 -27.174576 -27.065352 -26.697773 -26.988372 -26.385902 -26.38439 -26.407943 -27.902191 -27.837159 -29.231143 -26.505758 -26.465206 -27.261922 -27.84316 -28.397186 -27.352681 -26.977668 -27.193836 0 0 0 -27.491211 -27.677405 -26.720954 -27.096937 -26.659829 -27.054402 -30.879908 0 0 -26.920639 -26.486254 -26.582663 -26.32346 0 0
-27.418126 -27.193836 -26.340748 -27.671195 -27.140737 -26.405889 0 0 -35.307091 0 -27.613835 -26.627889 -26.42604 -26.395158 -26.391593 -26.21461 -26.201774 -26.538586 -26.562059 -26.898287 -39.444293 -27.290053 -29.0896 0 0 0 -27.174576 -27.067367 -31.5115 -26.988372 -26.999755 -26.38439 -26.407943 -26.371361 -27.255604 -27.582158 -27.803395 -26.465206 -27.282721 -26.891193 -27.212435 -28.034205 -26.977668 -27.193836 -26.90768 0 0 0 -28.03972 -27.822325 -27.314089 -26.659829 -27.054402 -26.652202 -27.058357 -29.331297 0 0 -26.846408 -26.32346 -26.290264 -27.72352 0
-26.932045 -27.341425 -27.193836 -33.412034 -26.405889 -26.307297 -27.011857 -33.064048 -29.208178 -35.307091 -26.953707 -26.874955 -26.472016 -26.391593 -26.397455 -26.201774 -26.208157 -26.227963 -26.549871 -26.560802 -26.860609 -29.0896 0 0 0 0 -27.067367 -26.546278 -26.57863 -27.939793 -27.083248 -27.155927 -26.371361 -26.339161 -26.805046 -27.222946 -28.090737 -27.282721 -26.891193 -26.883518 -26.754453 -27.08481 -27.817921 -26.90768 -26.702114 0 0 0 -27.822325 -27.583268 -27.30046 -27.062343 -26.652202 -26.996225 -26.732656 -26.633173 0 0 -39.461991 -26.290264 -26.366655 -26.286797 -28.226887
-26.918018 -26.932045 -27.341425 -33.412034 -26.307297 -27.011857 -26.61139 -28.884284 -33.064048 -29.208178 -26.874955 -27.419911 -26.613217 -26.425718 -26.419624 -26.208157 -26.227963 -26.244271 -26.560802 -26.562339 -26.498387 -26.553512 -26.870904 0 0 -28.220315 -26.546278 -26.57863 -26.618426 -28.503551 -27.533774 -27.086377 -26.339161 -26.316564 -26.673213 -26.862582 -27.601241 -27.728801 -26.883518 -26.754453 -27.08481 -26.775983 -27.081172 -26.702114 -26.570873 -39.472011 0 0 -27.583268 -27.30046 -27.444447 -28.855094 -26.996225 -26.732656 -26.633173 -26.393711 -31.08897 0 0 -26.366655 -26.286797 -26.322168 -26.633707
-26.917645 -26.918018 -28.287836 -28.379495 -28.104382 -26.61139 0 0 -28.884284 -39.525534 -28.16494 -27.271878 -26.729813 -26.463867 -26.426926 -26.413853 -26.244271 -26.239071 -26.562339 -26.498387 -26.553512 -26.543646 -26.474897 -27.077045 -27.934805 -39.487912 -29.235775 -26.618426 -26.667045 -28.032373 -27.71958 -26.987075 -26.316564 -26.295315 -26.753697 -26.88699 -27.158895 -27.832683 -27.493185 -26.448831 -26.775983 -27.081172 -26.788178 -26.570873 -26.498167 -29.562674 -39.499091 0 0 -27.444447 -28.05084 -31.458184 -28.062083 -27.042711 -26.393711 -26.451615 -27.289316 -28.420323 -39.526708 -39.446654 -26.322168 -26.36827 -26.524322
-26.634955 -26.917645 -28.379495 -28.104382 -27.923263 -29.841625 0 0 -27.728801 -26.636387 -33.535775 -26.826266 -26.313617 -26.56122 -26.413853 -26.419312 -26.239071 -26.226817 -26.488887 -26.553241 -26.543646 -26.474897 -26.487936 -26.625626 -27.831196 -28.66307 0 -26.667045 -26.585687 -28.899104 -26.987075 -26.835751 -26.295315 -26.282454 -26.274919 -26.97894 -27.215046 -27.39879 -26.448831 -26.484583 -27.130452 -26.788178 -26.803327 -26.498167 -26.408904 -26.485626 -29.654987 0 0 -28.05084 -29.796391 -30.183421 -28.5779 -28.299491 -26.451615 -26.665864 -26.634063 -28.264878 -30.438459 -31.677886 -26.36827 -26.43499 -26.424198
-26.673012 -26.634955 -29.841625 -27.923263 -27.878443 -31.17058 0 -36.189489 -26.519734 -26.670214 -26.636387 -26.313617 -26.361314 -26.616736 -26.449278 -26.38315 -26.226817 -26.225841 -26.453247 -26.509987 -26.587364 -26.487936 -26.625626 -26.399283 -28.438629 -27.25004 -28.128194 -26.585687 -27.006442 -27.106618 -26.939025 -26.713433 -26.282454 -26.274919 -26.292863 -26.933973 -27.23028 -27.388464 -26.484583 -26.448652 -27.307239 -26.803327 -26.787902 -26.408904 -26.485626 -26.415452 -28.678874 -39.449605 0 -29.796391 -30.858897 0 -39.480258 -31.916017 -26.665864 -26.634063 -27.03601 -30.438459 0 -39.511437 -26.43499 -26.424198 -26.406987
-28.202977 -26.673012 -26.832975 -27.059848 -28.200829 -30.796934 -28.081097 -36.189489 -26.527139 -26.519734 -26.670214 -26.361314 -26.408238 -26.810539 -26.621663 -26.444149 -26.225841 -26.264202 -26.257216 -26.457938 -26.540133 -26.736481 -26.399283 -26.322582 -27.09534 -27.266881 -26.919139 -26.891193 -27.019628 -26.887339 -27.485323 -27.191945 -27.037438 -26.292863 -26.300305 -26.960607 -27.029864 -27.115368 -26.448652 -26.403928 -26.402559 -27.082209 -26.818179 -26.831747 -26.415452 -26.401413 -30.137407 -37.544632 0 -30.858897 -30.447205 -32.976702 0 0 0 -27.03601 -27.61499 0 0 0 -27.267592 -26.74721 -26.416295
-27.23906 -26.804472 -26.644566 -26.694338 -27.310275 -28.081097 -33.268805 -27.059351 -26.527139 -26.527139 -26.963067 -26.408238 -26.357593 -27.012311 -26.895081 -26.718658 -26.264202 -26.257216 -26.329794 -26.50082 -26.614386 -26.803899 -26.322582 -26.296206 -26.534125 -26.644381 -26.891193 -27.019628 -26.887339 -26.467325 -27.151798 -26.734564 -26.608095 -26.300305 -26.260182 -26.788453 -26.897216 -26.859953 -26.403928 -26.402559 -26.359759 -27.22361 -26.958567 -27.173355 -26.401413 -26.519495 -37.544632 0 0 -30.447205 -32.976702 0 0 0 0 -27.61499 -29.240421 0 0 0 -30.726612 -27.669959 -27.162476
-27.511345 -26.514873 -26.577593 -26.685689 -26.928976 -28.003506 0 -26.654852 -26.354003 -26.527139 -26.614386 -26.357593 -26.33608 -27.58996 -27.135571 -26.978092 -26.847998 -26.329794 -26.411139 -26.614386 -26.607277 -26.618087 -26.296206 -26.330422 -26.634598 -26.594011 -26.762869 -27.040787 -26.467325 -26.516878 -26.734564 -26.608095 -26.61758 -26.260182 -26.314097 -26.845774 -26.859953 -26.868892 -26.838546 -26.359759 -26.446876 -26.958567 -28.262607 -29.081164 -26.519495 -26.763385 0 0 0 0 0 0 0 0 0 -29.240421 -33.561021 0 0 0 0 -31.043482 -35.423674
-27.996203 -26.577593 -26.261569 -26.643463 -26.863903 -26.983205 -26.589666 -26.307423 -26.348536 -26.354003 -26.614386 -26.33608 -26.602093 -26.373945 -27.516257 -27.381664 -27.211134 -26.411139 -26.423879 -26.607277 -26.618087 -26.497289 -26.330422 -26.310084 -26.362824 -26.762869 -27.239741 -27.345424 -26.516878 -27.083248 -28.554557 -26.831441 -26.832668 -26.314097 -26.845774 -27.188806 -27.025652 -27.040308 -28.175374 -26.446876 -26.787902 -28.262607 -29.081164 0 -26.763385 -26.895436 -27.191945 0 0 0 0 0 0 0 0 -33.561021 0 -30.726612 0 0 0 -35.423674 -32.191937
0 -26.261569 -26.273486 -26.713433 -26.875294 -27.012311 -26.255846 -26.300585 -26.307423 -26.348536 -37.200866 -26.602093 -26.373945 -27.516257 -26.732418 -27.181339 -27.814997 -26.423879 -26.516641 -26.651073 -26.497289 -26.482924 -26.310084 -26.362824 -26.321022 -27.239741 -27.345424 0 -26.408386 -26.608095 -26.72887 -26.682785 -26.630872 -26.575972 -26.314228 -26.888737 -26.584323 -26.58767 -27.754333 -26.463106 -26.598898 -34.2221 -33.742591 0 -27.179487 -27.191945 -27.308755 0 0 0 0 0 0 0 0 0 -30.726612 -39.493208 0 0 0 -32.191937 0
0 -26.273486 -26.277249 -26.875294 -27.012311 -26.59152 -26.332172 -26.255846 -26.300585 -27.057861 -29.835097 -30.438459 -27.603516 -26.732418 -27.181339 -27.095872 -27.783445 -26.516641 -26.534252 -26.467906 -26.574213 -26.439394 -26.446787 -26.321022 -26.381595 -27.515239 -27.077045 -26.900797 -26.49707 -26.408386 -26.608095 -26.624242 -26.528992 -26.525176 -26.502493 -26.314228 -27.323335 -26.584323 -26.58767 -27.185683 -26.463106 -29.727423 -34.2221 -33.742591 0 -27.512193 -27.135 0 0 0 0 0 0 0 0 0 -39.493208 0 0 0 0 0 0
0 -26.277249 -26.313966 -27.394469 -26.981495 -26.380181 -26.307465 -26.332172 -26.863903 -26.850875 -27.688701 -27.603516 -28.169102 -26.58402 -27.095872 -27.783445 -28.160795 -26.534252 -26.467906 -26.622005 -27.706578 -27.12594 -26.523107 -26.169944 -26.277829 -27.087423 -27.014586 -26.997546 -26.900797 -26.235897 -26.38315 -26.610233 -26.624242 -26.528992 -26.525176 -26.502493 -28.948338 -27.384206 0 -30.455985 -28.043413 -27.284912 0 0 0 -27.135 -26.885946 0 0 0 0 0 0 0 0 0 0 0 0 0 0 0 0
0 -26.313966 -26.358274 -27.4217 -26.409721 -26.267173 -26.380181 -26.307465 -26.492085 -26.829912 -27.071421 -28.058322 -26.58402 -27.093747 0 -28.160795 0 -27.575531 -26.24377 -26.450174 -26.592452 -26.436758 -26.357649 -26.20163 -26.169944 -26.676036 -27.087423 -27.014586 -26.997546 -26.32707 -26.235897 -26.965126 -27.654048 -27.668724 -32.608967 -33.905309 0 0 0 0 -27.284912 -26.761068 0 -39.454915 -33.153609 -26.885946 -26.718658 0 0 0 0 0 0 0 0 0 0 0 0 0 0 0 0
0 -26.358274 -26.394536 -26.77866 -26.245841 -26.350702 -26.267173 -26.457474 -26.439137 -27.071421 -26.984492 -27.321011 -27.093747 -27.22361 -28.727434 0 -26.577741 -26.4438 -26.253689 -26.24377 -26.723033 -26.535265 -26.436758 -26.357649 -26.20163 -27.705288 0 -39.537856 0 -26.377195 -26.32707 -39.454325 0 0 0 -28.028719 -27.048037 -30.152632 -39.501443 0 -26.761068 -26.521174 -29.443103 -28.644349 -27.787683 -26.718658 -26.515343 -26.526524 0 0 0 0 0 0 0 0 0 0 -36.571302 0 0 0 0
0 -26.394536 -26.77866 -26.241682 -26.381854 -26.245841 -26.350702 -26.439137 -26.591056 -26.984492 -27.321011 -35.543214 -27.22361 -26.692846 -26.95411 -26.62132 -26.577741 -26.577741 -26.4438 -26.253689 -27.183197 -26.723033 -26.535265 -26.547736 -26.892956 -27.114817 0 0 0 -26.328307 -26.326125 -26.896859 -28.638167 -32.384616 -28.028719 -27.048037 -27.002419 -27.876881 -27.523421 -27.816458 -26.521174 -26.459149 -27.181957 -27.436175 -27.123698 -26.515343 -26.526524 -26.426684 0 0 0 0 0 0 0 0 0 -36.571302 -39.450785 0 0 0 0
0 -26.851517 -26.40516 -26.446699 -26.241682 -26.381854 0 -26.591056 -26.817882 -27.245213 -26.954513 -27.926547 0 -26.421741 -26.674017 -26.767277 -26.62132 -26.577741 -26.976399 -26.475798 -27.048037 -27.56896 -27.462228 -28.369502 -27.157706 -26.754201 0 0 0 -26.326125 -26.496742 -26.369234 -27.822325 -31.254851 -31.380117 -27.002419 -27.164876 -27.523421 -27.816458 -27.120908 -26.459149 -26.429281 -26.425077 -27.051945 -26.840107 -27.031276 -26.426684 -26.367132 -28.397186 0 0 0 0 0 0 0 0 -39.450785 -34.903228 0 0 0 0
0 -27.490227 -26.805621 -26.847998 -26.446699 0 0 -26.817882 -26.398085 -26.574067 -27.794791 -26.954513 -27.926547 -26.427007 -26.421741 -26.674017 -26.767277 -26.85734 -26.79428 -26.772795 -26.75851 0 -36.143693 -30.238415 -26.754201 -26.719804 0 0 0 -26.496742 -26.369234 -26.591986 -31.254851 -31.380117 -31.721064 -27.164876 -27.170312 -27.939793 -27.120908 -26.980216 -26.429281 -26.425077 -26.42182 -27.349446 -27.031276 -26.849274 -26.367132 -26.351194 -27.122022 -27.419911 -31.367322 -31.538551 -26.618426 -28.032373 0 0 0 -34.903228 -29.254439 0 0 0 0
0 -32.042733 -39.514962 -26.805621 0 0 0 0 -26.456825 -26.398085 -28.102422 -28.069647 0 -26.520693 -26.427007 -27.303464 -29.406722 -32.551414 0 -26.75851 -26.762353 0 -38.715373 -33.769244 -26.719804 -26.850234 0 0 0 0 -26.591986 -26.876314 0 0 0 -27.170312 -27.661354 -35.665826 -28.682058 -27.256303 -26.888037 -26.42182 -26.49938 -27.684919 -27.799083 -27.085332 -26.351194 -26.416834 -27.28858 -26.953304 -27.595581 -26.618426 -28.032373 -26.553376 0 0 0 -29.254439 -28.173279 0 0 0 0
