var/www/cgi-bin/BAERTOOLS/ravel/working/ravel-28416.DEM
NCOLS 89
NROWS 112
XLLCORNER 543650.24
YLLCORNER 4083886.8
CELLSIZE 10
NODATA_VALUE -9999
[rows 56 to 83 of 112, columns 0 to 62 of 89]
1511.514 1510.658 1511.6 1514.202 1521.268 1524.775 1528 1531.07 1534.212 1541.374 1545.282 1548.694 1551.375 1555.825 1558.097 1560.305 1562.166 1563.625 1566.417 1567.886 1569.409 1571.003 1572.857 1579.542 1583.957 1587.192 1588.933 1590.193 1590.41 1590.49 1590.46 1590.389 1589.916 1589.583 1589.1 1588.625 1588.128 1586.615 1585.809 1584.933 1584.063 1583.181 1581.255 1580.233 1579.177 1578.087 1575.631 1574.164 1570.938 1566.478 1562.257 1554.958 1551.384 1546.872 1541.505 1536.639 1529.789 1526.51 1523.648 1521.155 1516.341 1513.919 1510.903
1511.603 1510.676 1511.25 1513.466 1520.99 1524.759 1528.015 1531.053 1534.23 1541.467 1545.463 1548.892 1551.561 1556.132 1558.451 1560.718 1562.511 1563.899 1566.837 1568.343 1569.889 1571.426 1573.439 1580.995 1585.18 1587.922 1589.278 1589.998 1589.79 1589.844 1589.779 1589.463 1588.939 1588.482 1587.954 1587.533 1587.116 1585.803 1584.972 1584.111 1583.289 1582.42 1580.541 1579.599 1578.608 1577.526 1575.094 1573.11 1569.728 1565.533 1561.517 1554.458 1550.993 1546.552 1541.367 1536.748 1529.97 1526.743 1523.887 1521.379 1516.571 1514.11 1511.237
1511.603 1510.791 1510.962 1512.451 1520.243 1524.327 1527.754 1530.906 1534.234 1541.42 1545.287 1548.745 1551.533 1556.338 1558.714 1560.932 1562.727 1564.177 1567.084 1568.625 1570.22 1571.777 1573.959 1582.416 1586.168 1588.279 1589.192 1589.605 1589.404 1589.219 1588.963 1588.557 1587.961 1587.46 1586.981 1586.625 1586.199 1584.93 1584.174 1583.387 1582.562 1581.698 1579.961 1579.032 1578.02 1576.893 1574.546 1572.074 1568.399 1564.297 1560.507 1553.834 1550.434 1546.091 1541.151 1536.773 1530.132 1526.952 1524.134 1521.637 1516.646 1514.161 1511.441
1511.253 1510.522 1510.49 1511.542 1519.204 1523.683 1527.313 1530.579 1534.09 1541.243 1544.938 1548.41 1551.311 1556.317 1558.845 1561.117 1562.925 1564.358 1567.288 1568.834 1570.486 1572.063 1574.354 1583.582 1587.112 1588.715 1589.032 1589.011 1588.87 1588.424 1587.954 1587.593 1586.935 1586.539 1586.128 1585.756 1585.331 1584.042 1583.359 1582.643 1581.875 1581.045 1579.274 1578.297 1577.288 1576.249 1573.745 1570.668 1566.791 1562.938 1559.431 1552.99 1549.503 1545.31 1540.716 1536.583 1530.215 1527.188 1524.363 1521.772 1519.269 1514.243 1511.572
1510.808 1510.03 1509.893 1510.795 1517.956 1522.529 1526.385 1529.863 1533.462 1540.759 1544.384 1547.85 1550.852 1556.147 1558.812 1561.191 1563.02 1564.406 1567.361 1569.01 1570.734 1572.292 1574.677 1583.955 1587.283 1588.667 1588.76 1588.6 1588.156 1587.594 1587.055 1586.747 1586.094 1585.704 1585.313 1584.908 1584.477 1583.232 1582.573 1581.881 1581.103 1580.264 1578.536 1577.621 1576.618 1575.614 1572.425 1569.047 1565.108 1561.451 1558.259 1552.062 1548.544 1544.527 1540.245 1536.31 1530.13 1527.217 1524.435 1521.792 1519.25 1514.323 1511.698
1510.186 1509.419 1509.33 1510.203 1516.797 1521.173 1525.185 1528.982 1532.734 1540.07 1543.684 1547.124 1550.237 1555.879 1558.568 1561.013 1562.869 1564.313 1567.436 1569.196 1570.942 1572.67 1575.261 1583.971 1587.032 1588.264 1588.301 1588.052 1587.439 1586.936 1586.491 1586.125 1585.315 1584.938 1584.554 1584.12 1583.661 1582.466 1581.759 1581.044 1580.265 1579.448 1577.815 1576.924 1575.964 1575.1 1570.825 1567.19 1563.411 1560.074 1557.158 1551.151 1547.76 1543.813 1539.725 1536.065 1529.919 1527.033 1524.299 1521.707 1519.202 1514.36 1511.746
1509.202 1508.495 1508.724 1509.913 1516.141 1520.184 1524.071 1528.013 1532.027 1539.424 1543.029 1546.525 1549.713 1555.566 1558.32 1560.835 1562.766 1564.255 1567.543 1569.29 1571.038 1572.948 1575.665 1583.571 1586.622 1587.764 1587.675 1587.494 1586.812 1586.466 1586.032 1585.51 1584.604 1584.222 1583.84 1583.385 1582.888 1581.739 1581.008 1580.231 1579.444 1578.669 1577.136 1576.263 1575.367 1574.341 1568.96 1565.132 1561.694 1558.758 1556.015 1550.301 1546.853 1543.044 1539.243 1535.745 1529.561 1526.622 1523.947 1521.474 1519.047 1514.292 1511.716
1508.719 1507.94 1508.126 1509.791 1515.909 1519.836 1523.716 1527.643 1531.627 1539.07 1542.675 1545.987 1549.055 1552.168 1558.181 1560.784 1562.774 1564.261 1567.575 1569.301 1571.053 1572.98 1575.635 1582.987 1585.896 1587.066 1587.003 1586.809 1586.306 1585.92 1585.405 1584.89 1583.992 1583.574 1583.127 1582.682 1582.222 1581.068 1580.352 1579.538 1578.754 1577.995 1576.339 1575.502 1574.807 1573.295 1570.203 1562.953 1560.02 1557.452 1554.835 1549.458 1546.008 1542.376 1538.846 1535.428 1528.985 1525.964 1523.38 1521.105 1518.786 1514.103 1511.578
1506.645 1506.226 1507.226 1509.39 1515.801 1519.907 1524.071 1528.017 1531.716 1538.934 1542.46 1545.79 1548.903 1552.004 1558.154 1560.798 1562.79 1564.28 1567.6 1569.389 1571.181 1573.081 1575.513 1581.878 1584.229 1585.543 1585.921 1585.845 1585.614 1585.178 1584.748 1584.374 1583.449 1583.032 1582.568 1582.089 1581.597 1580.446 1579.791 1578.999 1578.176 1577.359 1575.587 1574.899 1573.675 1571.198 1567.622 1560.964 1558.476 1556.11 1553.745 1548.604 1545.121 1541.553 1538.163 1534.838 1528.299 1525.345 1522.858 1520.657 1518.439 1513.941 1511.417
1503.897 1504.143 1506.1 1508.706 1515.821 1520.109 1524.371 1528.321 1532.067 1539.217 1542.633 1545.838 1548.897 1552.057 1558.162 1560.823 1562.766 1564.213 1567.472 1569.28 1571.079 1572.738 1574.708 1579.68 1581.721 1583.255 1584.184 1584.582 1584.587 1584.456 1584.179 1583.803 1582.946 1582.476 1581.982 1581.488 1580.968 1579.818 1579.17 1578.482 1577.723 1576.87 1574.911 1573.74 1571.536 1568.131 1564.434 1559.088 1556.965 1554.783 1552.603 1547.498 1544.026 1540.537 1537.205 1533.929 1527.544 1524.708 1522.308 1520.135 1517.981 1513.668 1511.156
1501.789 1501.421 1503.77 1507.816 1515.632 1520.017 1524.381 1528.47 1532.464 1539.762 1543.002 1546.329 1549.515 1552.41 1558.187 1560.847 1562.737 1564.088 1567.204 1568.947 1570.693 1572.197 1573.616 1577.528 1579.212 1580.464 1581.529 1582.488 1583.316 1583.437 1583.379 1583.073 1582.273 1581.841 1581.411 1580.949 1580.452 1579.274 1578.725 1578.084 1577.335 1576.535 1574.529 1572.296 1568.916 1564.969 1561.486 1557.351 1555.376 1553.385 1551.345 1546.081 1542.84 1539.604 1536.355 1533.07 1526.753 1524.076 1521.749 1519.576 1517.468 1513.243 1510.692
1500.073 1499.586 1502.311 1507.081 1515.123 1519.766 1524.343 1528.56 1532.687 1540.08 1543.266 1546.564 1549.762 1552.667 1558.227 1560.79 1562.696 1564.046 1566.911 1568.509 1570.081 1571.54 1572.743 1575.269 1576.771 1577.968 1579.079 1580.285 1581.907 1582.082 1582.153 1582.173 1581.614 1581.194 1580.796 1580.354 1579.857 1578.834 1578.289 1577.638 1576.96 1576.241 1574.339 1571.166 1566.697 1562.65 1559.813 1555.845 1553.823 1551.795 1549.697 1544.542 1541.525 1538.571 1535.416 1532.067 1525.941 1523.445 1521.193 1518.976 1516.834 1512.671 1510.105
1499.246 1500.559 1503.589 1507.203 1514.867 1519.501 1524.075 1528.355 1532.552 1540.018 1543.293 1546.61 1549.795 1552.709 1558.247 1560.8 1562.659 1563.964 1566.626 1568.122 1569.544 1570.836 1571.917 1573.644 1574.614 1575.766 1577.027 1578.335 1580.335 1580.793 1581.103 1581.303 1581.343 1580.81 1580.329 1579.783 1579.308 1578.255 1577.738 1577.239 1576.592 1575.807 1573.457 1569.683 1564.843 1561.08 1558.824 1554.548 1552.454 1550.236 1547.909 1542.884 1540.113 1537.199 1534.043 1530.809 1525.011 1522.699 1520.511 1518.268 1516.089 1511.737 1509.31
1499.618 1501.865 1504.867 1508.004 1515.268 1519.47 1523.657 1527.918 1532.272 1539.833 1543.193 1546.595 1549.824 1552.738 1558.27 1560.825 1562.618 1563.865 1566.429 1567.767 1569.077 1570.23 1571.155 1572.642 1573.453 1574.433 1575.494 1576.731 1579.334 1579.929 1580.288 1580.582 1580.744 1580.249 1579.899 1579.42 1578.836 1577.788 1577.244 1576.763 1576.167 1575.417 1571.846 1567.604 1563.15 1559.929 1557.821 1553.457 1551.288 1548.94 1546.495 1541.275 1538.635 1535.78 1532.617 1529.262 1523.862 1521.908 1519.783 1517.53 1515.266 1510.734 1508.489
1500.302 1502.839 1505.81 1508.772 1515.799 1519.846 1523.754 1527.864 1532.086 1539.415 1542.944 1546.503 1549.744 1552.585 1558.187 1560.807 1562.648 1563.816 1566.227 1567.414 1568.603 1569.66 1570.504 1571.987 1572.748 1573.432 1574.275 1575.465 1578.24 1579.053 1579.562 1579.963 1580.132 1579.773 1579.483 1579.072 1578.526 1577.298 1576.666 1576.038 1575.435 1574.747 1569.882 1565.489 1561.714 1558.991 1556.787 1552.5 1550.386 1548.014 1545.422 1539.993 1537.158 1534.359 1531.321 1527.971 1522.954 1521.193 1519.139 1516.964 1514.81 1510.253 1507.952
1500.302 1503.903 1506.707 1509.587 1516.533 1520.733 1524.738 1528.592 1532.266 1539.187 1542.859 1546.098 1549.088 1552.263 1558.21 1560.748 1562.548 1563.725 1566.028 1567.121 1568.203 1569.266 1570.146 1571.54 1572.212 1572.969 1573.743 1574.625 1577.354 1578.334 1578.932 1579.353 1579.625 1579.47 1579.039 1578.534 1578.046 1576.968 1576.199 1575.496 1574.923 1573.751 1567.354 1563.412 1560.361 1558.051 1555.842 1551.554 1549.329 1547.023 1544.566 1539.047 1536.282 1533.482 1530.479 1527.374 1522.547 1520.694 1518.733 1516.716 1514.683 1510.126 1507.692
1501.367 1503.903 1506.707 1509.587 1516.533 1520.733 1525.696 1529.322 1532.996 1539.801 1543.001 1546.07 1549.036 1552.169 1558.389 1560.906 1562.591 1563.716 1566.021 1567.033 1568.089 1569.103 1569.944 1571.405 1572.134 1572.933 1573.706 1574.529 1576.845 1577.773 1578.447 1578.922 1579.202 1579.046 1578.732 1578.314 1577.756 1576.405 1575.538 1574.844 1573.685 1571.431 1564.476 1561.331 1559.032 1556.994 1554.851 1550.777 1548.472 1546.137 1543.735 1538.588 1535.843 1532.928 1529.955 1527.079 1522.407 1520.448 1518.474 1516.533 1514.599 1510.024 1507.609
1502.301 1504.864 1507.609 1510.417 1517.573 1521.813 1525.696 1529.322 1532.996 1539.801 1543.001 1546.437 1549.595 1552.656 1558.793 1561.274 1562.854 1563.894 1564.967 1567.034 1568.021 1569.025 1569.961 1571.589 1572.405 1573.241 1573.984 1574.673 1576.537 1577.433 1578.124 1578.604 1578.877 1578.891 1578.415 1577.971 1577.549 1575.807 1574.816 1573.382 1571.355 1568.718 1562.169 1559.707 1557.71 1555.767 1553.835 1550.038 1547.693 1545.279 1542.969 1540.628 1535.541 1532.58 1529.65 1526.851 1522.292 1520.333 1518.345 1516.401 1514.504 1510.005 1507.469
1503.111 1505.637 1508.371 1511.315 1518.73 1522.989 1526.687 1530.08 1533.583 1540.23 1543.269 1546.437 1549.595 1552.656 1558.793 1561.274 1562.854 1564 1565.076 1567.142 1568.126 1569.13 1570.063 1571.787 1572.698 1573.572 1574.261 1574.883 1576.559 1577.27 1577.904 1578.354 1578.578 1578.595 1578.444 1577.954 1577.197 1575.406 1574.198 1571.772 1568.755 1565.773 1560.385 1558.349 1556.362 1554.478 1552.756 1549.075 1546.823 1544.407 1542.102 1539.938 1534.952 1532.053 1529.236 1526.604 1522.108 1520.138 1518.147 1516.234 1514.394 1509.926 1507.367
1503.492 1506.172 1509.027 1512.095 1519.578 1523.833 1527.35 1530.515 1533.852 1540.345 1543.396 1546.497 1549.633 1552.815 1559.22 1561.577 1563.006 1564 1565.076 1567.142 1568.126 1569.13 1570.192 1572.092 1573.024 1573.824 1574.51 1575.183 1576.68 1577.3 1577.841 1578.245 1578.453 1578.374 1578.143 1577.962 1577.367 1574.718 1572.713 1569.525 1565.921 1562.896 1558.682 1556.867 1554.976 1553.185 1551.529 1547.756 1545.637 1543.389 1541.214 1539.13 1534.133 1531.344 1528.706 1526.269 1521.917 1519.872 1517.898 1516.078 1514.347 1509.705 1507.023
1503.731 1506.356 1509.207 1512.34 1519.969 1524.222 1527.618 1530.645 1533.976 1540.37 1543.394 1546.505 1549.685 1552.93 1559.507 1561.765 1563.099 1564.113 1565.169 1567.141 1568.197 1569.241 1570.192 1572.092 1573.024 1573.824 1574.51 1575.4 1576.805 1577.336 1577.792 1578.105 1578.239 1578.341 1578.016 1577.677 1577.186 1574.167 1570.711 1566.416 1562.766 1560.443 1557.105 1555.309 1553.484 1551.711 1550.012 1546.299 1544.312 1542.268 1540.201 1538.113 1533.176 1530.613 1528.113 1525.704 1521.439 1519.306 1517.366 1515.628 1513.856 1509.21 1506.559
1503.666 1506.346 1509.186 1512.271 1515.762 1523.807 1527.149 1530.262 1533.557 1539.904 1543.121 1546.373 1549.6 1552.867 1559.334 1561.612 1563.062 1564.086 1565.087 1567.149 1568.264 1569.396 1570.435 1572.412 1573.345 1574.081 1574.715 1575.4 1576.805 1577.336 1577.792 1578.105 1578.102 1578.011 1578.085 1577.602 1576.595 1572.409 1568.003 1563.367 1560.451 1559.001 1555.633 1553.839 1552.028 1550.214 1548.435 1544.908 1542.959 1541.026 1539.088 1536.96 1532.01 1529.621 1527.248 1524.947 1520.836 1518.681 1516.748 1515.047 1513.195 1508.314 1505.74
1503.327 1506.023 1508.767 1511.651 1514.967 1522.904 1526.334 1529.41 1532.603 1539.126 1542.411 1546.009 1549.516 1552.677 1558.985 1561.444 1562.96 1564.007 1565.084 1567.231 1568.447 1569.563 1570.561 1572.717 1573.662 1574.391 1575.032 1575.695 1576.926 1577.372 1577.736 1578.008 1578.102 1578.011 1578.085 1577.602 1576.595 1575.156 1565.292 1561.591 1559.375 1557.846 1554.477 1552.611 1550.703 1548.848 1547.045 1543.451 1541.578 1539.683 1537.787 1535.73 1530.837 1528.542 1526.262 1524.016 1520.016 1517.948 1515.991 1514.158 1512.186 1507.281 1504.771
1502.837 1505.535 1508.185 1510.792 1513.782 1521.4 1524.828 1528.076 1531.384 1537.747 1541.249 1545.072 1548.63 1551.84 1558.359 1561.036 1562.669 1563.729 1564.891 1567.223 1568.447 1569.658 1570.783 1572.924 1573.872 1574.532 1575.177 1575.884 1577.027 1577.479 1577.848 1578.062 1578.148 1577.817 1577.541 1577.05 1575.93 1573.742 1565.292 1561.591 1559.375 1557.846 1554.477 1551.535 1549.593 1547.727 1545.99 1541.946 1540 1538.147 1536.163 1533.996 1529.543 1527.375 1525.221 1523.101 1518.994 1517.069 1515.198 1513.21 1511.007 1506.13 1503.787
1502.571 1505.164 1507.677 1510.004 1512.58 1520.118 1523.341 1526.663 1530.336 1536.309 1539.975 1543.917 1547.413 1550.648 1557.595 1560.586 1562.418 1563.532 1564.714 1567.304 1568.581 1569.778 1570.895 1573.026 1573.965 1574.699 1575.355 1575.993 1577.046 1577.559 1577.848 1577.954 1578.048 1577.893 1577.287 1576.25 1574.529 1571.658 1563.037 1560.296 1558.586 1556.88 1553.337 1551.535 1549.593 1547.727 1545.99 1541.946 1538.456 1536.454 1534.494 1532.327 1527.792 1525.799 1523.883 1521.894 1517.944 1516.036 1514.246 1512.218 1509.808 1504.783 1502.439
1502.484 1505.04 1507.596 1509.97 1512.502 1519.843 1523.241 1526.549 1530.077 1536.192 1539.587 1543.301 1546.614 1549.711 1556.907 1559.875 1561.896 1563.322 1564.674 1567.418 1568.754 1570 1571.077 1573.151 1574.006 1574.752 1575.51 1576.183 1577.155 1577.591 1577.816 1578.076 1578.267 1577.579 1576.9 1575.635 1573.143 1569.302 1561.711 1559.528 1557.821 1556.062 1552.697 1550.982 1549.089 1547.098 1545.08 1540.704 1538.456 1536.454 1534.494 1532.327 1527.792 1524.076 1522.359 1520.584 1516.702 1514.797 1512.945 1510.871 1508.43 1503.326 1501.112
1502.595 1505.204 1507.87 1510.484 1513.248 1520.53 1524.196 1527.538 1530.749 1537.145 1540.261 1543.51 1546.526 1549.487 1556.601 1559.475 1561.6 1563.253 1564.704 1567.524 1568.87 1570.1 1571.222 1572.33 1574.259 1574.909 1575.615 1576.284 1577.254 1577.615 1577.783 1577.871 1578.061 1577.306 1575.966 1574.159 1571.269 1567.13 1560.408 1558.679 1557.09 1555.413 1552.058 1550.44 1548.515 1546.429 1544.324 1539.872 1537.494 1535.302 1533.216 1530.898 1526.001 1524.076 1522.359 1520.584 1516.702 1514.797 1512.945 1509.574 1507.14 1501.581 1499.757
1502.772 1505.531 1508.351 1511.13 1514.066 1521.413 1524.965 1528.256 1531.563 1538.246 1541.214 1544.34 1547.544 1550.607 1556.785 1559.622 1561.776 1563.399 1564.837 1567.719 1569.022 1570.258 1571.477 1572.626 1574.452 1575.115 1575.781 1576.387 1577.262 1577.514 1577.847 1577.973 1577.812 1576.635 1574.931 1572.279 1568.751 1564.845 1559.559 1557.99 1556.343 1554.702 1551.527 1549.917 1547.986 1545.901 1543.8 1539.265 1537.035 1534.717 1532.242 1529.609 1524.628 1522.938 1521.352 1519.493 1517.389 1513.328 1511.54 1509.574 1507.14 1501.581 1499.757
