var/www/cgi-bin/BAERTOOLS/ravel/working/ravel-17765.DEM
NCOLS 43
NROWS 186
XLLCORNER 364825.66
YLLCORNER 3984981.5
CELLSIZE 10
NODATA_VALUE -9999
[rows 0 to 40 of 186, columns 0 to 42 of 43]
1486.925 1485.908 1484.494 1483.113 1480.483 1479.547 1478.394 1476.906 1475.255 1472.07 1470.214 1468.387 1466.976 1466.003 1463.978 1462.111 1459.514 1456.88 1454.5 1449.916 1447.36 1444.436 1442.123 1440.772 1440.295 1441.561 1443.28 1446.832 1448.602 1451.823 1453.399 1455.046 1456.707 1458.354 1461.63 1463.302 1465.52 1468.234 1471.101 1476.45 1478.531 1480.283 1482.128
1485.983 1484.611 1483.053 1481.593 1479.436 1478.605 1477.709 1476.474 1475.007 1471.893 1470.114 1468.704 1467.716 1466.852 1465.046 1463.323 1460.626 1457.603 1454.826 1449.958 1447.37 1444.35 1441.447 1439.457 1439.057 1441.561 1443.28 1445.106 1446.911 1450.157 1451.713 1453.35 1455.013 1456.66 1459.95 1461.595 1463.228 1465.361 1467.956 1473.24 1475.557 1477.529 1479.132
1484.557 1482.861 1481.205 1478.768 1477.914 1477.135 1476.292 1475.251 1472.562 1470.978 1469.444 1468.527 1467.816 1467.035 1465.33 1463.8 1461.143 1457.989 1455.113 1450.081 1447.382 1444.446 1441.433 1439.457 1439.057 1440.008 1441.629 1443.505 1445.306 1448.647 1450.226 1451.736 1453.318 1454.984 1458.274 1459.846 1461.459 1463.078 1465.039 1469.992 1472.381 1474.655 1476.592
1482.518 1480.759 1479.134 1476.816 1475.896 1474.964 1474.027 1473.015 1470.644 1469.363 1468.303 1467.827 1467.416 1466.046 1465.186 1463.719 1461.225 1458.113 1452.665 1450.223 1447.622 1444.446 1441.433 1439.141 1438.415 1439.17 1440.387 1442.014 1443.774 1447.164 1448.69 1450.148 1451.683 1453.269 1456.495 1458.138 1459.787 1461.399 1462.882 1466.83 1469.223 1471.538 1473.828
1480.094 1478.5 1477.048 1474.428 1473.281 1472.265 1471.338 1470.214 1468.364 1467.635 1466.982 1466.694 1466.448 1465.355 1464.738 1463.105 1460.697 1457.913 1452.797 1450.223 1447.622 1444.843 1442.065 1438.464 1437.923 1438.602 1439.504 1440.726 1444.035 1445.691 1447.196 1448.737 1450.225 1451.64 1454.804 1456.459 1458.044 1459.605 1461.144 1463.987 1466.155 1468.487 1470.796
1477.537 1476.193 1474.721 1471.794 1470.404 1469.265 1468.275 1467.25 1466.083 1465.777 1465.434 1465.151 1464.918 1464.236 1463.413 1461.993 1459.787 1457.188 1452.797 1450.438 1447.943 1445.375 1442.817 1438.939 1437.785 1438.06 1438.866 1439.775 1442.738 1444.318 1445.813 1447.305 1448.753 1451.56 1453.123 1454.688 1456.312 1457.925 1460.921 1462.299 1463.547 1465.491 1467.892
1475.131 1473.664 1472.072 1468.884 1467.257 1465.97 1465.084 1464.486 1463.86 1463.729 1463.512 1463.229 1462.968 1462.25 1461.498 1460.291 1459.787 1457.188 1452.874 1450.686 1448.269 1445.862 1443.467 1439.422 1438.14 1437.582 1438.112 1439.051 1441.467 1443.035 1444.548 1445.974 1447.373 1450.165 1451.562 1453.098 1454.669 1456.229 1459.347 1460.751 1462.076 1463.24 1465.269
1472.67 1470.968 1469.239 1465.838 1464.449 1463.497 1462.881 1462.443 1461.853 1461.68 1461.396 1461.11 1460.783 1459.975 1461.498 1460.291 1458.312 1456.229 1452.918 1450.843 1448.575 1446.272 1444.079 1439.801 1438.634 1437.513 1437.799 1438.742 1440.285 1441.762 1443.205 1444.606 1445.964 1448.696 1450.088 1451.474 1452.969 1454.586 1457.894 1459.472 1460.838 1462.222 1464.003
1470.003 1468.196 1466.378 1463.528 1462.62 1461.92 1461.323 1460.795 1459.992 1459.74 1459.383 1458.972 1460.783 1459.975 1459.418 1458.173 1456.892 1455.842 1452.966 1450.966 1448.807 1446.667 1444.586 1440.431 1439.219 1438.077 1437.698 1438.029 1439.48 1440.56 1441.917 1443.285 1444.587 1447.322 1448.719 1450.113 1451.551 1453.12 1456.443 1458.183 1459.824 1461.418 1462.941
1467.197 1465.369 1463.864 1461.879 1461.159 1460.475 1459.798 1459.149 1458.149 1457.687 1457.135 1458.972 1458.514 1457.879 1457.583 1456.66 1455.858 1455.248 1453.036 1451.151 1448.943 1446.731 1444.582 1440.679 1439.318 1438.318 1437.431 1437.346 1438.829 1439.476 1440.581 1441.907 1443.18 1445.848 1447.332 1448.746 1450.243 1451.859 1455.181 1457.001 1458.886 1460.698 1462.476
1464.578 1463.158 1462.027 1460.399 1459.651 1458.889 1458.177 1457.544 1456.395 1457.687 1457.135 1456.676 1456.325 1455.836 1455.574 1455.015 1454.564 1454.246 1452.575 1450.79 1448.591 1446.186 1444.101 1440.931 1439.485 1438.414 1437.288 1436.693 1437.883 1438.546 1439.286 1440.344 1441.634 1444.282 1445.911 1447.463 1449.009 1450.526 1453.913 1455.838 1457.996 1460.063 1462.029
1462.439 1461.341 1460.278 1458.421 1457.622 1456.937 1456.4 1457.544 1456.395 1455.729 1455.049 1454.428 1453.995 1453.693 1453.49 1453.253 1453.05 1452.838 1451.39 1449.689 1447.53 1445.38 1443.599 1440.507 1439.214 1437.749 1436.429 1435.737 1436.807 1437.411 1438.142 1438.998 1440.01 1442.681 1444.32 1446.165 1447.883 1449.442 1452.778 1454.858 1457.095 1459.34 1461.519
1460.389 1459.339 1458.207 1456.238 1455.531 1456.937 1456.4 1455.896 1454.674 1453.969 1453.168 1452.327 1451.756 1451.527 1451.417 1451.254 1451.036 1450.696 1449.227 1447.603 1445.674 1443.944 1442.468 1439.603 1438.165 1436.706 1435.331 1434.357 1435.468 1435.894 1436.607 1437.668 1438.695 1441.03 1442.835 1444.91 1446.863 1448.595 1451.842 1454.01 1456.271 1458.586 1460.9
1458.247 1456.978 1454.926 1456.238 1455.531 1454.981 1454.528 1453.726 1453.053 1452.268 1451.408 1450.593 1450.012 1449.468 1449.282 1449.054 1448.75 1448.319 1446.674 1445.241 1444.008 1442.732 1441.278 1438.106 1436.397 1434.69 1432.902 1431.771 1433.068 1434.055 1435.249 1436.45 1437.49 1439.805 1441.793 1443.906 1446.025 1447.967 1451.403 1453.398 1455.612 1457.918 1460.276
1455.889 1454.563 1454.926 1454.047 1453.343 1452.899 1452.589 1451.877 1451.273 1450.464 1449.645 1448.9 1447.775 1447.426 1447.154 1446.761 1446.367 1445.195 1444.473 1443.402 1442.334 1441.265 1439.91 1436.187 1434.283 1432.524 1430.895 1429.828 1430.747 1432.309 1433.927 1435.382 1436.75 1439.483 1441.288 1443.31 1445.348 1447.292 1450.846 1452.692 1454.885 1457.156 1459.448
1455.889 1454.563 1452.547 1451.99 1451.449 1450.94 1450.554 1449.763 1449.164 1448.494 1447.742 1446.991 1445.727 1445.284 1444.986 1444.647 1444.289 1443.222 1442.52 1441.608 1440.686 1439.514 1435.987 1434.033 1432.055 1430.427 1429.162 1428.08 1429.173 1430.948 1432.912 1434.747 1436.37 1439.447 1441.161 1442.925 1444.8 1446.734 1450.304 1452.084 1454.111 1456.205 1458.384
1453.498 1452.299 1450.729 1450.174 1449.667 1449.141 1448.654 1447.629 1447.089 1446.452 1445.695 1444.949 1443.579 1443.124 1442.812 1442.598 1442.343 1441.266 1440.568 1439.754 1438.556 1437.027 1433.537 1431.677 1429.869 1428.308 1427.206 1427.205 1428.524 1430.306 1432.221 1434.077 1437.524 1439.305 1441.039 1442.691 1444.332 1447.991 1449.739 1451.426 1453.249 1455.112 1457.066
1451.67 1450.682 1449.133 1448.527 1447.937 1447.325 1446.682 1445.48 1445.021 1444.463 1443.809 1443.034 1441.397 1440.779 1440.57 1440.487 1440.373 1439.195 1438.236 1437.144 1435.929 1434.432 1431.101 1429.346 1427.719 1426.7 1426.18 1427.02 1428.245 1429.989 1431.845 1433.731 1437.406 1439.255 1440.879 1442.41 1443.919 1447.308 1449.029 1450.572 1452.048 1453.698 1457.398
1450.197 1449.225 1447.53 1446.773 1445.971 1445.254 1444.601 1443.53 1443.065 1442.583 1441.917 1441.077 1439.433 1438.729 1438.429 1438.273 1438.02 1436.722 1435.77 1434.701 1433.365 1431.908 1428.827 1427.357 1426.432 1425.72 1425.392 1426.791 1427.947 1429.647 1431.495 1433.361 1437.137 1439.032 1440.706 1442.146 1443.493 1446.51 1448.108 1449.518 1450.805 1452.211 1455.708
1448.695 1447.655 1445.833 1444.884 1444.018 1443.24 1442.529 1441.405 1441.168 1440.749 1440.058 1439.261 1437.697 1437.073 1436.59 1436.148 1435.662 1434.249 1433.235 1432.211 1431.119 1429.822 1427.102 1426.091 1425.294 1424.822 1424.858 1426.528 1427.7 1429.338 1431.092 1432.888 1436.724 1438.553 1440.273 1441.72 1443.004 1445.649 1447.059 1448.4 1449.701 1450.948 1454.015
1447.081 1445.974 1444.029 1443.125 1442.223 1441.283 1440.431 1439.44 1439.212 1438.933 1438.326 1437.515 1435.958 1435.329 1434.646 1433.995 1433.303 1431.812 1430.974 1430.049 1429.088 1427.97 1425.672 1424.654 1423.998 1423.863 1424.133 1426.105 1427.406 1429.011 1430.677 1432.372 1436.1 1437.942 1439.664 1441.098 1442.343 1444.762 1446.069 1447.408 1448.65 1449.845 1452.477
1445.327 1444.279 1442.305 1441.393 1440.47 1439.62 1438.888 1437.796 1437.407 1436.93 1436.302 1435.595 1434.192 1433.414 1432.698 1432.01 1431.274 1429.697 1428.835 1427.888 1426.988 1425.989 1423.914 1422.929 1422.266 1422.181 1422.872 1425.716 1427.149 1428.621 1430.163 1431.782 1435.299 1437.076 1438.762 1440.171 1441.403 1443.818 1445.093 1446.422 1447.66 1448.856 1451.334
1443.506 1442.464 1440.469 1439.699 1438.964 1438.195 1437.455 1436.345 1435.734 1435.102 1434.455 1433.721 1432.144 1431.436 1430.826 1430.132 1429.346 1427.652 1426.699 1425.666 1424.533 1423.444 1421.369 1420.278 1419.834 1420.385 1421.819 1425.031 1426.458 1427.983 1429.569 1431.138 1434.404 1436.064 1437.611 1439.013 1440.295 1442.777 1444.044 1445.352 1446.68 1447.995 1450.448
1441.557 1439.833 1439.104 1438.293 1437.587 1436.873 1436.142 1434.74 1434.093 1433.353 1432.565 1431.781 1430.194 1429.489 1428.861 1428.22 1427.473 1425.517 1424.471 1423.294 1422.06 1420.824 1418.384 1417.694 1417.955 1419.248 1420.966 1424.267 1425.819 1427.28 1428.781 1430.349 1433.452 1435.074 1436.536 1437.891 1439.165 1441.617 1442.967 1444.323 1445.783 1447.239 1449.714
1439.867 1438.493 1437.777 1436.973 1436.192 1435.478 1434.131 1433.324 1432.587 1431.834 1431.019 1429.154 1428.2 1427.534 1426.868 1426.17 1425.392 1423.374 1422.237 1421 1419.707 1418.352 1416.096 1415.851 1416.76 1418.35 1420.067 1423.449 1425.049 1426.517 1427.963 1429.491 1432.537 1434.108 1435.576 1436.919 1438.152 1440.446 1441.913 1443.386 1444.949 1446.524 1449.206
1438.545 1437.15 1436.345 1435.528 1434.824 1434.121 1432.61 1431.883 1431.172 1430.427 1429.57 1427.653 1426.629 1425.786 1424.999 1424.22 1422.379 1421.263 1420.006 1418.782 1417.48 1415.135 1414.536 1414.842 1415.992 1417.584 1419.269 1422.553 1424.112 1425.614 1427.094 1428.634 1431.775 1433.321 1434.78 1436.104 1437.286 1439.557 1441.058 1442.604 1444.257 1445.95 1448.775
1437.343 1435.816 1435.007 1434.125 1433.317 1432.621 1431.179 1430.454 1429.816 1429.112 1428.26 1426.245 1425.222 1424.243 1423.342 1422.47 1420.385 1419.258 1418.077 1416.848 1415.652 1414.217 1413.815 1414.427 1415.556 1417.01 1420.265 1421.867 1423.365 1424.904 1426.428 1429.593 1431.225 1432.703 1434.169 1435.5 1436.663 1439.028 1440.428 1442.023 1443.719 1445.414 1448.397
1436.318 1434.64 1433.611 1432.674 1431.887 1431.148 1429.653 1429.003 1428.364 1427.7 1426.862 1424.807 1423.786 1422.755 1421.782 1420.742 1418.584 1417.388 1416.249 1415.275 1414.583 1413.456 1413.276 1414.115 1415.175 1416.448 1419.564 1421.182 1422.737 1424.399 1426.084 1429.267 1430.844 1432.277 1433.771 1435.13 1437.627 1438.841 1440.221 1441.741 1443.376 1446.721 1448.136
1435.371 1433.301 1432.183 1431.239 1430.386 1429.593 1428.126 1427.471 1426.757 1425.977 1425.185 1423.3 1422.259 1421.233 1420.216 1419.154 1416.919 1415.824 1414.999 1414.423 1413.868 1412.723 1412.898 1413.843 1414.744 1415.797 1418.83 1420.438 1422.266 1424.062 1425.837 1429.146 1430.646 1432.076 1433.516 1434.913 1437.649 1438.954 1440.293 1441.756 1443.272 1446.427 1447.906
1435.031 1432.191 1430.975 1429.807 1428.791 1428.008 1426.612 1425.946 1425.172 1424.36 1423.606 1421.839 1420.769 1419.733 1418.728 1417.666 1415.552 1414.773 1414.212 1413.689 1413.039 1412.383 1412.817 1413.572 1414.341 1415.177 1417.926 1419.565 1421.702 1423.728 1425.611 1429.086 1430.487 1431.888 1433.333 1434.84 1437.742 1439.114 1440.523 1441.935 1443.264 1446.079 1447.906
1434.404 1431.219 1429.904 1428.591 1427.507 1426.685 1425.204 1424.458 1423.654 1422.844 1422.094 1420.263 1419.352 1418.372 1417.323 1416.276 1414.541 1413.836 1413.458 1412.909 1412.262 1412.33 1412.708 1413.173 1413.788 1414.482 1416.802 1418.635 1420.936 1423.251 1425.392 1428.888 1430.263 1431.657 1433.11 1434.683 1437.846 1439.44 1440.748 1441.985 1443.264 1446.079 1447.571
1433.909 1430.644 1429.167 1427.757 1426.557 1425.552 1423.887 1423.071 1422.153 1421.29 1420.535 1418.885 1418.014 1417.029 1415.969 1415.079 1413.573 1412.811 1412.571 1412.215 1411.817 1412.098 1412.293 1412.55 1413.132 1413.889 1415.706 1417.866 1420.402 1422.881 1425.057 1428.478 1429.956 1431.357 1432.878 1434.534 1437.844 1439.527 1440.748 1441.985 1443.308 1445.834 1447.388
1433.235 1430.169 1428.554 1427.101 1425.854 1424.747 1422.637 1421.61 1420.539 1419.618 1418.88 1417.53 1416.636 1415.675 1414.762 1413.953 1412.499 1411.862 1411.659 1411.423 1411.125 1411.381 1411.582 1412.05 1412.808 1413.633 1415.542 1417.606 1420.108 1422.56 1424.643 1428.037 1429.544 1430.988 1432.617 1434.329 1437.844 1439.527 1440.859 1441.996 1443.106 1445.69 1447.149
1432.725 1429.756 1428.207 1426.701 1425.309 1424.098 1421.512 1420.034 1418.795 1417.841 1417.146 1416.068 1415.344 1414.475 1413.558 1412.647 1411.366 1410.561 1410.36 1410.199 1409.892 1410.698 1411.335 1412.101 1413.042 1413.968 1416.187 1417.979 1420.071 1422.358 1424.368 1427.527 1429.093 1430.623 1432.276 1434.329 1437.818 1439.443 1440.792 1441.878 1442.884 1445.305 1446.576
1430.654 1429.227 1427.82 1426.326 1424.842 1423.462 1420.296 1418.745 1417.314 1416.14 1415.404 1414.49 1413.947 1413.058 1412.081 1411.227 1409.759 1408.651 1408.418 1408.424 1408.465 1410.546 1411.696 1412.507 1413.393 1414.454 1417.11 1418.739 1420.651 1422.499 1424.086 1426.973 1428.521 1430.623 1432.276 1434.054 1437.562 1439.263 1440.503 1441.548 1442.572 1444.762 1445.964
1430.042 1428.611 1427.18 1425.691 1424.16 1420.989 1419.365 1417.794 1416.268 1414.955 1413.611 1412.949 1412.253 1411.432 1410.502 1409.588 1407.85 1406.906 1406.68 1406.793 1407.348 1410.382 1411.816 1412.929 1413.946 1415.11 1418.043 1419.638 1421.296 1422.734 1424.001 1426.973 1428.521 1430.188 1432.003 1433.891 1437.217 1438.577 1439.827 1440.945 1442.054 1444.425 1446.104
1429.319 1427.939 1426.453 1424.949 1423.417 1420.224 1418.62 1417.053 1415.572 1414.266 1412.434 1411.633 1410.726 1409.766 1408.812 1407.002 1406.19 1405.466 1405.152 1405.486 1408.205 1410.424 1412.194 1413.546 1414.677 1415.937 1419.026 1420.56 1422.032 1422.734 1424.001 1426.605 1428.207 1429.935 1431.834 1433.872 1436.901 1437.93 1439.059 1440.272 1441.528 1444.25 1445.688
1428.446 1427.022 1425.592 1424.105 1422.552 1419.433 1417.925 1416.404 1414.974 1413.695 1411.471 1410.554 1409.413 1408.246 1407.204 1405.383 1404.584 1403.991 1403.828 1404.613 1408.212 1410.615 1412.558 1414.111 1415.5 1418.388 1419.962 1421.464 1422.032 1423.456 1425.753 1426.937 1428.505 1430.251 1432.099 1433.983 1436.637 1437.624 1438.619 1439.752 1441.08 1444.028 1445.615
1427.467 1426.073 1424.673 1423.192 1421.651 1418.681 1417.23 1415.762 1414.38 1413.083 1410.675 1409.492 1408.135 1406.905 1405.79 1403.776 1403.234 1402.786 1403.073 1404.462 1408.549 1410.873 1412.967 1414.797 1416.333 1419.112 1419.962 1421.464 1422.935 1424.451 1427.048 1428.354 1429.726 1431.277 1433.051 1435.981 1436.911 1437.834 1438.825 1439.885 1442.324 1443.591 1444.929
1426.497 1425.093 1423.701 1422.309 1420.858 1417.99 1416.493 1415.036 1413.72 1412.411 1409.864 1408.471 1407.094 1405.791 1404.509 1402.794 1402.383 1402.366 1403.095 1404.671 1408.755 1411.004 1413.282 1415.237 1416.333 1419.112 1420.625 1422.357 1424.065 1425.629 1428.585 1429.999 1431.421 1432.855 1434.388 1436.912 1437.923 1438.82 1439.609 1440.492 1442.786 1444.045 1445.314
1425.41 1424.167 1422.782 1421.444 1420.136 1417.249 1415.778 1414.382 1413.047 1411.713 1409.07 1407.646 1406.271 1404.9 1403.636 1402.198 1401.888 1402.361 1403.406 1404.911 1408.71 1411.074 1413.282 1415.237 1416.792 1419.587 1421.198 1423.068 1424.944 1426.724 1429.882 1431.452 1432.88 1434.39 1435.991 1438.492 1439.457 1440.128 1440.689 1441.456 1443.373 1444.543 1445.808
