var/www/cgi-bin/BAERTOOLS/ravel/working/ravel-22671.DEM
NCOLS 83
NROWS 85
XLLCORNER 361207.98
YLLCORNER 3876671.5
CELLSIZE 10
NODATA_VALUE -9999
[rows 0 to 27 of 85, columns 0 to 62 of 83]
1855.05 1855.697 1856.088 1856.164 1855.135 1854.947 1860.96 1866.004 1872.087 1878.503 1883.717 1891.118 1895.83 1900.607 1906.71 1913.671 1920.622 1929.562 1930.121 1929.662 1927.939 1925.16 1918.61 1915.179 1911.393 1907.535 1903.852 1900.154 1891.362 1887.367 1884.365 1881.77 1878.798 1873.203 1873.273 1876.047 1878.642 1880.582 1882.191 1885.02 1886.329 1887.545 1888.644 1889.385 1890.265 1890.653 1891.056 1891.484 1892.271 1894.413 1898.616 1903.648 1909.294 1915.094 1921.006 1935.428 1941.356 1945.728 1950.011 1954.038 1958.231 1963.572 1963.384
1861.447 1862.536 1862.989 1863.182 1863.352 1863.871 1865.425 1869.153 1875.497 1881.55 1887.118 1895.907 1900.676 1904.991 1910.634 1916.821 1923.607 1932.525 1933.693 1933.09 1931.408 1929.14 1923.417 1920.1 1916.703 1913.042 1909.262 1905.602 1897.225 1892.402 1888.671 1885.816 1883.202 1879.096 1880.246 1882.697 1884.855 1886.624 1888.541 1892.583 1894.265 1895.91 1897.066 1897.671 1898.421 1898.873 1899.213 1899.289 1892.271 1894.413 1900.924 1905.865 1911.929 1917.939 1924.113 1940.505 1944.436 1948.553 1952.86 1957.328 1966.087 1968.521 1968.258
1869.217 1870.064 1870.697 1871.381 1872.34 1873.396 1874.056 1875.446 1879.122 1884.514 1890.11 1899.696 1904.71 1909.409 1914.262 1919.543 1925.384 1937.012 1938.11 1937.062 1935.178 1933.06 1928.154 1925.14 1921.895 1918.381 1914.676 1911.046 1903.587 1899.19 1894.581 1890.546 1887.518 1885.029 1886.262 1888.645 1891.172 1893.656 1896.218 1900.62 1902.194 1903.703 1904.696 1905.225 1906.013 1906.354 1899.213 1899.289 1899.191 1902.991 1905.378 1909.514 1914.331 1920.458 1928.265 1942.7 1946.791 1950.692 1955.569 1960.601 1970.781 1974.855 1975.533
1877.959 1878.423 1878.95 1880.093 1881.332 1882.211 1882.857 1883.532 1885.488 1888.95 1893.301 1901.871 1907.187 1912.373 1917.25 1921.964 1927.787 1940.669 1941.799 1941.099 1939.405 1937.286 1932.648 1930.011 1927.053 1923.758 1920.159 1916.644 1909.702 1905.792 1901.409 1896.87 1892.972 1889.898 1892.753 1896.105 1899.075 1901.657 1906.031 1907.731 1909.029 1910.238 1911.296 1912.008 1906.013 1906.354 1906.472 1906.337 1906.085 1910.687 1913.501 1914.606 1918.713 1924.278 1932.272 1944.618 1948.851 1953.621 1959.071 1964.192 1975.777 1978.656 1978.649
1883.758 1884.292 1884.956 1885.71 1886.7 1887.839 1890.2 1891.683 1892.996 1895.707 1898.896 1905.159 1910.4 1915.208 1920.057 1925.016 1931.534 1943.001 1945.407 1945.663 1944.371 1942.225 1937.388 1934.736 1931.94 1928.998 1925.802 1919.052 1915.687 1912.339 1908.233 1903.5 1899.821 1897.32 1900.27 1903.553 1906.327 1908.604 1912.866 1914.939 1916.399 1917.762 1911.296 1912.008 1912.865 1913.32 1913.809 1913.28 1912.2 1917.298 1922.251 1925.328 1925.785 1929.191 1935.908 1947.085 1951.166 1957.087 1962.66 1968.049 1980.048 1984.123 1983.549
1889.388 1890.432 1891.401 1892.406 1893.797 1895.573 1899.048 1900.834 1902.887 1904.888 1906.827 1912.286 1915.466 1919.113 1923.17 1928.78 1942.029 1946.589 1949.916 1950.699 1950.042 1948.052 1942.297 1939.608 1936.887 1934.027 1931.065 1924.631 1921.309 1918.193 1914.715 1910.584 1907.643 1905.669 1907.716 1910.361 1912.402 1915.146 1921.585 1924.015 1925.495 1917.762 1918.976 1919.772 1920.678 1920.838 1920.568 1919.968 1919.386 1925.139 1929.566 1932.62 1935.203 1937.931 1941.313 1950.005 1955.393 1961.586 1967.082 1971.992 1986.476 1989.665 1987.68
1897.89 1899.891 1901.698 1903.484 1904.747 1906.477 1907.648 1909.322 1911.277 1913.438 1915.75 1919.747 1921.916 1924.762 1927.718 1933.042 1945.263 1950.517 1953.888 1955.148 1954.928 1953.085 1947.141 1944.415 1941.759 1939.089 1936.255 1929.989 1926.727 1923.491 1920.306 1917.314 1915.476 1912.392 1914.238 1917.503 1921.171 1924.82 1929.463 1924.015 1925.495 1926.556 1927.349 1927.858 1928.559 1928.418 1927.599 1926.604 1925.457 1930.294 1935.213 1939.523 1942.184 1944.447 1950.177 1954.909 1960.618 1966.1 1971.224 1977.177 1990.545 1991.837 1989.829
1905.557 1907.542 1909.153 1910.338 1911.204 1913.202 1914.757 1916.933 1919.342 1921.646 1923.43 1926.581 1928.942 1931.364 1934.063 1937.84 1949.046 1954.314 1958.31 1960.417 1960.203 1958.132 1951.894 1949.071 1946.47 1943.944 1941.285 1935.52 1932.193 1928.815 1925.472 1923.321 1922.716 1920.848 1922.66 1925.736 1929.223 1924.82 1929.463 1931.124 1932.424 1933.652 1934.59 1935.465 1935.776 1935.782 1935.532 1934.689 1933.775 1936.587 1940.761 1944.713 1947.675 1949.99 1957.528 1962.999 1967.193 1971.506 1976.104 1982.235 1992.256 1992.953 1991.109
1908.106 1911.511 1914.349 1916.133 1917.093 1919.909 1921.938 1924.216 1926.696 1928.922 1930.64 1934.574 1936.668 1938.736 1940.745 1943.377 1952.745 1957.855 1962.492 1965.082 1965.265 1963.514 1957.076 1954.047 1951.173 1948.556 1946.023 1940.633 1937.577 1934.207 1931.024 1929.465 1929.434 1928.416 1930.549 1925.736 1929.223 1932.382 1936.138 1937.554 1938.874 1940.304 1941.389 1942.157 1942.422 1942.607 1942.732 1942.359 1941.494 1942.873 1947.577 1951.083 1953.923 1957.229 1965.063 1968.787 1972.565 1976.878 1981.704 1986.82 1995.429 1996.886 1994.249
1907.688 1911.344 1914.638 1917.075 1918.979 1925.148 1927.672 1929.08 1930.942 1933.288 1935.974 1941.304 1943.146 1945.278 1947.596 1950.263 1957.827 1961.985 1965.42 1968.312 1969.232 1967.974 1962.219 1959.137 1956.285 1953.436 1950.718 1945.318 1942.372 1939.138 1937.168 1937.001 1935.727 1928.416 1930.549 1933.902 1937.111 1939.544 1942.675 1944.174 1945.823 1947.535 1948.486 1948.895 1949.078 1949.182 1949.304 1949.22 1949.53 1952.409 1954.507 1957.443 1960.52 1963.799 1970.978 1974.512 1978.206 1982.402 1986.981 1991.463 1999.733 2000.869 1997.841
1904.597 1907.253 1910.81 1913.798 1916.44 1925.238 1928.79 1929.861 1932.193 1935.535 1938.912 1943.707 1946.659 1949.907 1952.908 1956.284 1963.644 1966.56 1969.61 1973.011 1974.438 1970.731 1967.75 1964.595 1961.656 1958.867 1956.004 1949.858 1947.128 1944.625 1943.137 1942.872 1935.727 1936.347 1938.748 1941.377 1943.757 1945.822 1949.236 1950.897 1952.679 1954.299 1955.367 1956.287 1956.562 1956.764 1956.777 1956.561 1956.533 1958.806 1960.935 1963.644 1966.698 1969.93 1976.873 1980.439 1984.154 1987.916 1992.212 1996.555 2003.052 2003.39 2000.947
1899.739 1902.024 1904.661 1907.889 1911.608 1919.886 1924.544 1928.1 1930.99 1934.441 1941.336 1943.659 1947.099 1950.886 1954.679 1959.364 1967.018 1969.587 1973.231 1976.437 1977.914 1976.062 1974.172 1971.429 1968.224 1964.7 1961.534 1955.539 1952.358 1949.573 1943.137 1942.872 1942.382 1943.582 1945.709 1948.073 1949.9 1951.835 1956.115 1958.106 1959.942 1961.258 1962.289 1964.264 1964.599 1964.742 1964.757 1964.318 1963.584 1964.776 1966.853 1969.47 1972.48 1975.782 1982.57 1986.281 1990.329 1994.65 1998.883 2005.663 2007.23 2006.515 2003.372
1894.288 1896.701 1898.981 1901.396 1904.315 1911.818 1916.178 1921.49 1926.561 1930.687 1938.271 1941.532 1944.757 1948.628 1952.764 1957.733 1966.582 1969.578 1973.659 1977.032 1979.29 1980.47 1979.289 1977.533 1975.43 1972.581 1968.854 1961.892 1952.358 1949.573 1947.937 1947.94 1949.285 1950.337 1952.485 1954.601 1956.54 1958.62 1962.959 1965.482 1967.662 1969.198 1970.29 1971.849 1972.333 1972.255 1971.958 1971.538 1970.808 1971.284 1972.565 1974.899 1978.014 1981.319 1988.351 1992.715 1997.479 2001.92 2006.143 2012.434 2012.361 2009.694 2005.39
1888.743 1891.251 1893.736 1896.058 1898.17 1903.806 1907.425 1911.682 1917.973 1924.496 1933.153 1937.235 1940.958 1944.604 1948.694 1953.45 1963.307 1967.271 1971.352 1975.306 1978.26 1983.741 1984.207 1983.238 1981.547 1979.317 1968.854 1961.892 1958.685 1955.268 1953.04 1953.523 1957.913 1959.231 1959.855 1961.167 1963.462 1968.964 1971.64 1974.077 1975.884 1976.973 1977.659 1978.63 1979.041 1979.031 1978.824 1978.613 1977.885 1977.582 1978.501 1980.866 1983.83 1986.792 1995.039 1999.672 2004.297 2008.754 2012.544 2015.371 2014.136 2010.871 2006.302
1883.05 1885.616 1888.158 1890.731 1893.154 1897.292 1900.2 1904.173 1909.799 1916.897 1927.846 1931.937 1935.809 1939.346 1943.237 1947.897 1958.024 1963.504 1967.713 1971.539 1975.296 1984.064 1988.008 1988.185 1981.547 1979.317 1972.573 1968.627 1965 1961.894 1960.589 1961.54 1966.36 1967.979 1969.018 1970.567 1973.066 1977.067 1978.37 1979.65 1980.865 1981.864 1982.784 1984.402 1984.829 1985.111 1985.266 1985.381 1985.525 1985.692 1986.211 1987.544 1989.901 1993.176 2001.066 2005.171 2009.825 2012.778 2013.964 2015.568 2013.922 2011.2 2007.161
1876.432 1879.544 1882.393 1884.881 1887.117 1890.808 1892.894 1897.586 1903.889 1910.38 1921.763 1926.296 1930.206 1933.719 1937.218 1946.636 1952.43 1958.117 1962.92 1966.779 1970.858 1980.837 1987.267 1988.185 1987.545 1986.077 1979.297 1975.625 1972.453 1970.253 1969.634 1971.24 1975.46 1976.274 1977.104 1978.087 1979.305 1981.982 1983.247 1984.588 1985.819 1986.886 1987.937 1990.323 1990.849 1991.123 1991.446 1991.767 1992.339 1992.6 1992.861 1993.884 1996.011 1999.008 2003.818 2008.603 2012.073 2012.85 2012.503 2014.019 2014.04 2012.631 2008.694
1868.375 1871.886 1875.047 1877.629 1882.321 1884.421 1887.618 1892.709 1898.733 1904.71 1915.465 1920.138 1924.11 1927.922 1931.556 1941.182 1947.059 1952.519 1957.242 1961.564 1965.566 1980.837 1987.267 1989.475 1990.06 1989.007 1985.973 1981.185 1978.306 1976.657 1976.069 1977.217 1979.973 1981.037 1981.905 1983.03 1984.252 1986.799 1988.106 1989.877 1991.796 1993.509 1994.868 1996.63 1997.169 1997.435 1997.62 1997.927 1998.551 1998.708 1998.674 1999.424 2000.495 2001.159 2004.484 2006.56 2007.739 2008.486 2009.471 2011.714 2012.623 2012.672 2009.39
1859.915 1862.77 1865.761 1868.332 1874.663 1879.106 1884.406 1889.583 1894.782 1899.989 1909.365 1913.652 1917.251 1921.057 1924.994 1936.319 1941.931 1946.936 1951.623 1961.564 1965.566 1974.52 1980.471 1987.111 1990.029 1990.026 1987.89 1985.27 1982.378 1979.653 1978.716 1979.667 1981.135 1982.952 1985.613 1987.686 1988.469 1990.948 1993.515 1996.592 1998.861 2000.286 2000.491 2000.456 2000.456 2000.456 2000.456 2000.456 2000.446 2000.551 2000.815 2000.766 2000.597 2000.17 1999.812 1999.351 2000.042 2002.011 2004.229 2007.502 2008.385 2008.993 2008.05
1851.884 1854.189 1856.277 1859.521 1869.435 1875.721 1881.376 1886.607 1891.384 1895.838 1903.568 1907.269 1910.694 1913.822 1918.557 1931.907 1937.069 1946.936 1951.623 1955.76 1959.527 1968.221 1973.056 1977.873 1982.379 1985.622 1986.969 1984.796 1982.565 1980.664 1979.409 1978.869 1979.515 1981.418 1984.696 1987.813 1989.457 1992.995 1996.816 2000.198 2001.243 2000.793 2000.352 2000.328 2000.297 2000.274 2000.215 2000.097 1999.738 1999.524 1999.147 1998.311 1997.297 1995.354 1994.27 1993.739 1994.76 1997.085 1999.5 2002.742 2003.216 2003.655 2005.697
1844.401 1846.582 1850.137 1855.527 1867.967 1873.622 1878.611 1883.219 1887.953 1892.255 1898.466 1901.392 1904.065 1907.768 1912.999 1927.417 1937.069 1941.085 1945.116 1949.236 1953.197 1962.009 1966.76 1970.907 1974.299 1977.301 1980.552 1980.529 1979.859 1978.471 1977.218 1976.113 1976.658 1977.84 1979.915 1982.631 1985.743 1989.865 1992.657 1995.862 1997.984 1999.067 1998.409 1998.146 1997.911 1997.767 1997.431 1996.744 1994.79 1993.762 1992.666 1991.588 1990.452 1988.564 1987.77 1987.438 1988.931 1991.334 1993.883 1997.54 1998.443 1999.501 2001.742
1838.576 1841.848 1847.6 1854.309 1867.504 1871.503 1875.569 1879.71 1883.667 1887.523 1893.699 1895.71 1898.766 1902.924 1912.999 1927.417 1932.157 1935.736 1939.179 1942.582 1950.571 1955.424 1960.778 1965.222 1968.748 1971.712 1975.444 1976.246 1976.289 1975.465 1973.863 1971.567 1971.846 1972.838 1974.397 1976.576 1979.177 1985.249 1988.09 1990.616 1992.24 1992.798 1992.076 1991.616 1991.505 1991.506 1991.466 1991.038 1989.198 1988.102 1986.901 1985.781 1984.542 1982.503 1982.022 1982.668 1984.197 1986.217 1988.356 1991.498 1993.332 1996.409 1999.937
1834.712 1839.979 1846.299 1852.9 1864.95 1868.491 1871.698 1875.127 1878.8 1883.695 1886.119 1888.972 1898.766 1902.924 1908.587 1921.695 1926.983 1930.426 1933.609 1936.632 1944.287 1950.188 1955.232 1960 1964.25 1967.405 1971.24 1971.911 1971.491 1970.168 1968.498 1965.353 1965.687 1967.224 1969.082 1971.087 1973.248 1978.244 1981.494 1984.999 1986.841 1987.126 1985.757 1985.109 1985.369 1985.774 1986.07 1985.783 1984.142 1983.122 1981.786 1980.294 1978.788 1976.099 1975.905 1977.568 1979.712 1981.729 1985.211 1986.633 1988.767 1993.481 1998.625
1831.757 1838.307 1844.916 1851.685 1861.345 1864.53 1867.518 1868.954 1869.906 1873.762 1886.119 1888.972 1893.464 1898.923 1904.333 1915.402 1920.573 1925.078 1928.26 1931.314 1940.317 1945.917 1950.906 1955.55 1960.115 1963.969 1967.698 1967.551 1966.708 1965.341 1963.553 1960.78 1960.697 1961.702 1963.368 1965.253 1967.278 1971.918 1974.278 1976.729 1978.388 1979.071 1978.743 1978.453 1978.962 1979.811 1980.348 1979.503 1978.76 1977.833 1976.412 1974.562 1972.672 1970.008 1970.106 1972.085 1974.64 1977.133 1980.657 1982.999 1986.448 1991.492 1996.96
1828.971 1836.136 1843.064 1849.517 1857.806 1859.872 1861.509 1862.159 1869.906 1873.762 1877.834 1883.796 1890.564 1895.883 1900.133 1909.627 1914.926 1919.263 1922.722 1925.831 1936.655 1942.206 1947.103 1951.449 1955.682 1959.97 1964.862 1964.383 1962.804 1960.809 1958.8 1955.248 1954.911 1956.045 1957.729 1959.486 1963.139 1965.221 1967.356 1969.322 1970.81 1971.871 1972.388 1972.448 1973.108 1974.294 1975.04 1974.012 1973.172 1972.043 1970.417 1968.2 1966.068 1963.972 1963.984 1965.636 1968.31 1971.317 1976.001 1979.909 1985.119 1990.274 1995.171
1825.992 1832.523 1840.156 1846.344 1853.63 1855.283 1855.627 1862.159 1862.704 1866.484 1872.439 1879.975 1887.091 1892.357 1896.345 1903.418 1908.169 1913.194 1917.415 1921.448 1932.762 1938.557 1943.343 1947.652 1951.75 1958.986 1960.615 1959.87 1958.098 1956.168 1954.081 1949.907 1949.352 1950.326 1952.186 1953.867 1957.209 1959.117 1960.992 1962.186 1963.688 1965.234 1966.891 1967.578 1968.14 1968.612 1968.906 1967.944 1967.069 1965.813 1964.165 1962.26 1960.581 1958.731 1958.707 1959.941 1962.137 1964.528 1971.898 1977.396 1983.389 1988.682 1993.02
1823.186 1828.237 1835.29 1841.418 1846.428 1855.283 1855.627 1855.556 1855.2 1862.344 1867.627 1875.411 1881.914 1888.029 1895.754 1898.669 1901.728 1905.608 1910.457 1916.461 1930.127 1935.134 1939.896 1944.201 1948.321 1954.361 1955.299 1955.147 1953.518 1951.482 1948.449 1942.938 1943.627 1945.09 1946.786 1948.213 1951.453 1953.432 1955.112 1956.379 1957.407 1958.493 1960.457 1961.101 1961.432 1961.853 1962.267 1961.621 1960.988 1959.992 1958.895 1957.522 1956.118 1953.65 1953.135 1953.925 1956.365 1959.422 1968.723 1975.311 1980.988 1986.121 1990.144
1820 1824.933 1830.537 1844.503 1846.428 1847.201 1847.353 1847.471 1849.534 1859.272 1864.452 1870.268 1876.182 1881.693 1891.015 1893.169 1895.763 1899.277 1904.032 1911.324 1926.835 1931.841 1936.523 1940.83 1944.763 1950.977 1952.018 1950.975 1948.53 1945.294 1941.303 1936.834 1937.857 1939.367 1941.022 1942.896 1946.652 1948.339 1949.829 1950.531 1951.06 1951.681 1952.713 1952.733 1952.536 1953.576 1954.902 1955.115 1954.838 1954.521 1953.67 1952.173 1950.355 1947.216 1947.375 1948.852 1952.126 1956.656 1967.281 1973.609 1978.583 1982.642 1985.901
1816.085 1824.933 1830.537 1837.544 1838.66 1838.997 1839.512 1840.592 1844.382 1856.076 1860.544 1865.111 1869.582 1874.011 1881.898 1886.349 1890.256 1895.47 1900.485 1907.66 1922.792 1928.36 1933.083 1937.286 1941.022 1946.355 1947.358 1946.032 1943.286 1939.873 1936.328 1931.93 1932.828 1934.285 1935.942 1937.887 1941.985 1943.72 1944.987 1945.912 1946.55 1946.912 1946.853 1946.538 1946.508 1947.384 1948.519 1949.012 1948.797 1948.335 1947.108 1945.078 1941.164 1940.377 1941.993 1945.71 1950.066 1955.054 1966.13 1971.48 1976.01 1979.073 1981.156
