var/www/cgi-bin/BAERTOOLS/ravel/working/ravel-12136.DEM
NCOLS 43
NROWS 216
XLLCORNER 616443.99
YLLCORNER 4619635.4
CELLSIZE 10
NODATA_VALUE -9999
[rows 123 to 163 of 216, columns 0 to 42 of 43]
1488.865 1489.295 1489.493 1489.737 1489.696 1489.705 1489.71 1489.358 1489.007 1488.627 1488.434 1488.394 1488.392 1488.32 1488.127 1487.959 1487.802 1487.621 1487.579 1487.648 1487.623 1487.626 1487.604 1487.475 1487.259 1487.108 1486.953 1486.982 1487.027 1486.96 1487.085 1487.21 1487.427 1487.599 1488.168 1488.417 1488.604 1488.694 1488.754 1488.751 1488.797 1488.707 1488.554
1488.844 1489.264 1489.493 1489.787 1489.888 1489.809 1489.799 1489.355 1488.999 1488.619 1488.461 1488.665 1488.797 1488.659 1488.433 1488.269 1488.111 1487.818 1487.776 1487.863 1488.163 1488.122 1488.027 1487.805 1487.553 1487.335 1487.241 1487.145 1487.157 1487.144 1487.273 1487.381 1487.558 1487.703 1488.369 1488.586 1488.683 1488.801 1488.858 1488.855 1488.916 1488.884 1488.745
1488.861 1489.324 1489.625 1489.787 1489.888 1489.915 1489.843 1489.495 1488.997 1488.621 1488.63 1488.824 1489.101 1489.061 1488.657 1488.573 1488.418 1488.063 1488.062 1488.083 1488.617 1488.531 1488.35 1488.039 1487.687 1487.534 1487.46 1487.306 1487.251 1487.262 1487.448 1487.578 1487.673 1487.81 1488.418 1488.606 1488.68 1488.84 1488.886 1488.891 1488.944 1488.917 1488.842
1488.863 1489.404 1489.819 1489.998 1490 1489.915 1489.843 1489.646 1489.21 1488.762 1488.889 1489.222 1489.325 1489.329 1488.926 1488.549 1488.399 1488.396 1488.383 1488.388 1488.668 1488.618 1488.374 1488.204 1487.917 1487.824 1487.671 1487.455 1487.429 1487.368 1487.502 1487.661 1487.698 1487.911 1488.411 1488.608 1488.688 1488.843 1488.886 1488.886 1488.913 1488.886 1488.865
1488.835 1489.38 1489.938 1490.12 1490.212 1490.142 1490.145 1489.646 1489.21 1489.252 1489.332 1489.594 1489.633 1489.558 1488.964 1488.554 1488.49 1488.721 1488.719 1488.807 1488.968 1488.611 1488.472 1488.386 1488.23 1488.138 1487.975 1487.595 1487.565 1487.563 1487.571 1487.774 1487.786 1487.946 1488.43 1488.604 1488.61 1488.794 1488.917 1488.961 1488.899 1488.973 1488.93
1488.924 1489.762 1490.135 1490.322 1490.422 1490.365 1490.361 1489.971 1489.569 1489.252 1489.955 1489.998 1489.957 1489.873 1489.064 1488.674 1488.638 1489.263 1489.279 1489.411 1489.349 1488.876 1488.698 1488.765 1488.496 1488.343 1488.188 1487.816 1487.634 1487.585 1487.583 1487.786 1487.804 1487.952 1488.337 1488.526 1488.583 1488.788 1488.905 1488.91 1488.887 1488.99 1488.954
1489.473 1490.042 1490.3 1490.513 1490.686 1490.681 1490.675 1490.372 1490.193 1490.067 1489.955 1489.998 1490.36 1490.197 1489.455 1489.226 1489.385 1489.775 1489.859 1489.826 1489.749 1489.325 1489.209 1489.2 1488.645 1488.437 1488.29 1487.97 1487.756 1487.757 1487.682 1487.883 1487.881 1487.962 1488.258 1488.518 1488.585 1488.794 1488.888 1488.885 1488.886 1488.985 1488.888
1489.769 1490.349 1490.584 1490.758 1490.992 1491.015 1491.006 1490.899 1490.841 1490.759 1490.656 1490.536 1490.36 1490.197 1490.299 1490.249 1490.229 1490.397 1490.34 1490.237 1490.071 1489.787 1489.697 1489.529 1488.971 1488.63 1488.491 1488.116 1487.853 1487.869 1487.791 1487.918 1487.992 1488.066 1488.304 1488.511 1488.579 1488.653 1488.888 1488.885 1488.886 1488.915 1488.87
1489.958 1490.54 1490.872 1491.072 1491.31 1491.443 1491.457 1491.476 1491.433 1491.337 1491.169 1490.977 1490.818 1490.641 1490.299 1490.249 1490.947 1490.957 1490.866 1490.759 1490.512 1490.205 1490.073 1489.744 1489.145 1488.911 1488.699 1488.625 1487.995 1487.879 1487.872 1487.983 1487.992 1488.074 1488.418 1488.612 1488.666 1488.674 1488.888 1488.886 1488.886 1488.86 1488.79
1490.158 1490.915 1491.21 1491.418 1491.734 1491.864 1491.937 1492.024 1491.953 1491.837 1491.716 1491.643 1491.524 1491.297 1491.131 1491.043 1490.947 1491.643 1491.484 1491.346 1491.042 1490.58 1490.324 1489.844 1488.951 1488.627 1488.574 1488.433 1488.036 1487.984 1487.981 1488.024 1488.077 1488.084 1488.488 1488.648 1488.771 1488.697 1488.889 1488.886 1488.886 1488.846 1488.768
1490.446 1491.272 1491.549 1491.828 1492.163 1492.287 1492.411 1492.455 1492.542 1492.422 1492.398 1492.282 1492.188 1492.012 1491.903 1491.812 1491.668 1491.643 1491.484 1491.794 1491.562 1490.946 1490.425 1489.84 1488.537 1488.589 1488.566 1488.354 1488.076 1488.09 1488.088 1488.012 1488.103 1488.177 1488.436 1488.626 1488.695 1488.761 1488.887 1488.886 1488.886 1488.891 1488.847
1490.918 1491.701 1492.019 1492.24 1492.654 1492.751 1492.953 1493.015 1493.126 1493.112 1493.047 1493.035 1492.956 1492.759 1492.684 1492.477 1492.38 1492.375 1492.047 1491.794 1491.562 1491.428 1490.823 1490.075 1488.571 1488.556 1488.484 1488.413 1488.19 1488.161 1488.01 1488.138 1488.185 1488.188 1488.439 1488.627 1488.697 1488.775 1488.825 1488.884 1488.886 1488.889 1488.849
1491.513 1492.221 1492.532 1492.756 1493.191 1493.292 1493.443 1493.602 1493.75 1493.766 1493.762 1493.72 1493.646 1493.569 1493.438 1493.356 1493.149 1493.093 1492.79 1492.532 1492.28 1491.428 1490.823 1490.514 1488.832 1488.621 1488.601 1488.441 1488.26 1488.196 1488.201 1488.192 1488.184 1488.187 1488.246 1488.601 1488.596 1488.671 1488.825 1488.902 1488.973 1488.943 1488.857
1492.167 1492.791 1493.105 1493.329 1493.816 1493.96 1494.069 1494.258 1494.409 1494.447 1494.47 1494.463 1494.452 1494.391 1494.228 1494.152 1494.048 1493.892 1493.594 1493.252 1492.929 1492.038 1491.334 1490.514 1490.284 1489.213 1488.973 1488.71 1488.485 1488.416 1488.41 1488.351 1488.287 1488.285 1488.278 1488.527 1488.585 1488.585 1488.766 1488.914 1488.98 1488.93 1488.967
1492.795 1493.395 1493.669 1493.886 1494.144 1494.658 1494.792 1494.94 1495.124 1495.147 1495.224 1495.243 1495.199 1495.168 1495.109 1495.036 1494.867 1494.786 1494.411 1494.098 1493.78 1492.854 1492.087 1491.218 1490.284 1489.213 1489.853 1489.439 1488.906 1488.748 1488.624 1488.451 1488.362 1488.3 1488.371 1488.333 1488.493 1488.575 1488.721 1488.827 1488.975 1488.983 1488.984
1493.414 1494.017 1494.317 1494.579 1494.793 1495.305 1495.515 1495.614 1495.887 1495.973 1496 1496.086 1496 1495.915 1495.911 1495.813 1495.679 1495.593 1495.298 1495.06 1494.755 1493.877 1493.186 1492.41 1491.572 1490.132 1489.853 1489.439 1489.731 1489.391 1488.892 1488.536 1488.468 1488.392 1488.385 1488.383 1488.412 1488.558 1488.613 1488.723 1488.878 1488.985 1489.01
1494.038 1494.603 1494.87 1495.176 1495.455 1495.909 1496.124 1496.318 1496.678 1496.811 1496.867 1496.914 1496.872 1496.782 1496.74 1496.628 1496.544 1496.457 1496.252 1496.076 1495.885 1495.15 1494.512 1493.807 1493.048 1491.623 1491.036 1490.516 1489.731 1489.982 1489.423 1488.584 1488.538 1488.397 1488.381 1488.384 1488.397 1488.466 1488.584 1488.62 1488.778 1488.941 1489.095
1494.66 1495.204 1495.439 1495.753 1496.062 1496.539 1496.804 1497.032 1497.49 1497.591 1497.735 1497.745 1497.763 1497.707 1497.587 1497.438 1497.352 1497.267 1497.151 1497.088 1497.002 1496.611 1496.179 1495.591 1494.868 1493.261 1492.489 1491.721 1490.506 1489.982 1489.423 1489.342 1488.527 1488.479 1488.401 1488.386 1488.385 1488.391 1488.588 1488.598 1488.681 1488.833 1489.103
1495.203 1495.833 1496.138 1496.38 1496.67 1497.243 1497.532 1497.756 1498.235 1498.385 1498.546 1498.668 1498.669 1498.574 1498.386 1498.014 1497.943 1497.889 1498.025 1498.15 1498.143 1498.249 1498.121 1497.828 1497.109 1495.18 1494.107 1493.071 1491.273 1490.584 1489.985 1489.342 1488.527 1488.484 1488.409 1488.392 1488.388 1488.393 1488.471 1488.579 1488.596 1488.815 1489.067
1495.723 1496.075 1496.725 1497.006 1497.364 1497.976 1498.26 1498.486 1498.786 1499.098 1499.511 1499.782 1499.66 1499.391 1499.068 1498.611 1498.561 1498.601 1498.741 1498.924 1499.151 1499.35 1499.894 1499.93 1499.485 1497.219 1495.776 1494.277 1492.026 1491.118 1490.262 1489.544 1488.524 1488.484 1488.409 1488.45 1488.4 1488.469 1488.418 1488.498 1488.6 1488.831 1489.103
1496.329 1496.647 1497.276 1497.638 1497.95 1498.663 1498.984 1499.141 1499.33 1499.635 1500.151 1500.549 1500.503 1500.056 1499.651 1499.252 1499.276 1499.319 1499.317 1499.535 1499.871 1500.269 1500.828 1501.024 1500.867 1498.688 1497 1495.178 1492.486 1491.407 1490.573 1489.851 1488.658 1488.605 1488.551 1488.45 1488.377 1488.389 1488.437 1488.51 1488.614 1488.922 1489.053
1496.788 1497.157 1497.768 1498.102 1498.523 1499.373 1499.65 1499.823 1499.778 1499.975 1500.413 1500.786 1500.787 1500.316 1499.891 1500.115 1500.169 1500.058 1500.05 1500.267 1500.56 1500.864 1501.071 1501.154 1501.12 1498.956 1497.122 1495.609 1492.934 1491.874 1490.973 1490.221 1489.159 1488.976 1488.851 1488.487 1488.377 1488.389 1488.41 1488.584 1488.629 1488.927 1489.149
1497.3 1497.608 1498.325 1498.695 1499.097 1499.818 1500.245 1500.578 1500.4 1500.366 1500.68 1500.928 1500.638 1500.203 1500.101 1500.789 1500.849 1500.761 1500.788 1500.862 1500.93 1500.986 1501.002 1500.855 1500.39 1498.384 1497.003 1495.716 1494.395 1492.245 1491.383 1490.746 1489.91 1489.58 1488.91 1488.486 1488.412 1488.464 1488.41 1488.584 1488.658 1489.043 1489.323
1497.649 1498.013 1498.785 1499.152 1499.466 1500.255 1500.693 1500.934 1500.877 1500.889 1501.011 1500.959 1500.534 1500.375 1500.469 1500.918 1500.994 1500.985 1500.985 1500.999 1500.954 1500.957 1500.658 1500.118 1499.308 1497.495 1496.564 1495.518 1494.436 1492.469 1491.678 1490.929 1489.689 1489.047 1488.623 1488.55 1488.461 1488.403 1488.481 1488.571 1488.658 1489.043 1489.484
1497.97 1498.43 1499.113 1499.486 1499.783 1500.524 1500.837 1501.054 1501.137 1501.123 1501.015 1500.852 1500.474 1500.496 1500.584 1500.86 1500.934 1500.931 1500.892 1500.897 1500.884 1500.746 1500.098 1499.5 1498.768 1497.063 1496.224 1495.275 1494.322 1492.436 1491.623 1490.774 1489.142 1488.554 1488.569 1488.55 1488.504 1488.516 1488.57 1488.695 1488.922 1489.276 1489.484
1498.375 1498.688 1499.395 1499.716 1500.089 1500.792 1501.003 1501.157 1501.185 1501.111 1500.91 1500.819 1500.474 1500.548 1500.569 1500.851 1500.879 1500.812 1500.682 1500.649 1500.655 1500.684 1500.008 1499.34 1498.613 1496.964 1496.101 1495.125 1494.21 1492.308 1491.362 1490.492 1488.82 1488.585 1488.585 1488.584 1488.599 1488.637 1488.658 1489.08 1489.313 1489.528 1489.806
1498.603 1498.978 1499.71 1500.025 1500.405 1501.02 1501.196 1501.265 1501.27 1501.06 1500.77 1500.625 1500.637 1500.668 1500.727 1500.84 1500.876 1500.771 1500.61 1500.607 1500.723 1500.846 1500.386 1499.537 1498.672 1497.01 1496.149 1495.263 1494.306 1492.235 1491.244 1490.285 1488.711 1488.586 1488.585 1488.583 1488.722 1488.894 1489.082 1489.409 1489.643 1489.85 1490.057
1499.007 1499.31 1499.962 1500.36 1500.732 1501.12 1501.305 1501.362 1501.366 1501.117 1500.821 1500.733 1500.761 1500.755 1500.765 1500.876 1500.857 1500.785 1500.742 1500.681 1500.8 1500.873 1500.557 1499.687 1498.796 1498.1 1496.433 1495.5 1494.544 1492.406 1491.368 1490.325 1488.757 1488.58 1488.583 1488.608 1489.076 1489.25 1489.454 1489.83 1490.028 1490.167 1490.304
1499.429 1499.728 1500.231 1500.553 1500.863 1501.332 1501.508 1501.563 1501.565 1501.33 1501.076 1500.937 1500.828 1500.881 1501.005 1500.976 1500.916 1500.779 1500.714 1500.792 1500.873 1500.95 1500.598 1499.93 1499.22 1498.615 1496.856 1495.85 1494.892 1492.704 1491.577 1490.54 1488.916 1488.604 1488.623 1488.846 1489.453 1489.667 1489.837 1490.203 1490.333 1490.503 1490.573
1499.941 1500.162 1500.617 1500.821 1500.977 1501.197 1501.623 1501.675 1501.675 1501.664 1501.582 1501.341 1501.101 1501.136 1501.158 1501.081 1500.918 1500.781 1500.756 1500.823 1500.907 1500.976 1500.836 1500.472 1499.905 1499.26 1497.349 1496.289 1495.229 1493.144 1492.078 1491.026 1489.606 1489.294 1489.204 1489.366 1489.849 1490.084 1490.319 1490.55 1490.687 1490.886 1490.902
1500.384 1500.672 1500.872 1501.027 1501.185 1501.41 1501.725 1501.782 1501.778 1501.782 1501.761 1501.661 1501.441 1501.317 1501.266 1501.263 1500.956 1500.791 1500.784 1500.811 1500.913 1501.057 1500.985 1500.837 1500.583 1499.872 1497.684 1496.619 1495.636 1493.676 1492.777 1491.859 1490.68 1490.327 1490.268 1490.167 1490.367 1490.577 1490.771 1490.947 1491.079 1491.197 1491.275
1500.754 1500.891 1501.142 1501.231 1501.399 1501.632 1501.71 1501.798 1501.872 1501.84 1501.779 1501.776 1501.629 1501.512 1501.367 1501.301 1501.056 1500.837 1500.784 1500.849 1500.98 1501.013 1500.961 1500.91 1500.788 1500.124 1497.941 1496.922 1495.946 1494.126 1493.371 1492.764 1492.254 1491.307 1491.239 1491.03 1491.115 1491.189 1491.302 1491.455 1491.516 1491.546 1491.509
1500.643 1500.873 1501.298 1501.417 1501.499 1501.649 1501.786 1501.796 1501.869 1501.892 1501.868 1501.786 1501.624 1501.55 1501.456 1501.308 1501.217 1501.032 1500.884 1500.972 1500.986 1500.984 1500.938 1500.806 1500.557 1499.828 1497.976 1497.01 1496.101 1494.686 1494.04 1493.515 1493.079 1492.245 1492.039 1491.786 1491.759 1491.789 1491.818 1491.929 1491.971 1491.921 1491.869
1500.462 1500.766 1501.126 1501.342 1501.495 1501.651 1501.86 1502.011 1502.082 1501.819 1501.799 1501.877 1501.89 1501.72 1501.565 1501.414 1501.132 1500.984 1500.894 1500.989 1500.976 1500.913 1500.844 1500.523 1500 1499.358 1497.781 1497.032 1496.344 1495.119 1494.56 1494.09 1493.801 1492.968 1492.759 1492.619 1492.357 1492.407 1492.397 1492.353 1492.355 1492.267 1492.232
1500.387 1500.758 1500.853 1501.231 1501.376 1501.535 1501.945 1501.985 1501.981 1501.931 1501.972 1501.885 1501.802 1501.745 1501.57 1501.346 1500.906 1500.805 1500.877 1500.969 1500.885 1500.816 1500.717 1499.948 1499.432 1498.815 1497.615 1497.067 1496.562 1495.489 1495.062 1494.668 1494.385 1493.645 1493.483 1493.309 1492.985 1492.95 1492.904 1492.818 1492.754 1492.672 1492.591
1500.305 1500.641 1500.762 1500.977 1501.063 1501.286 1501.877 1501.985 1501.999 1502.106 1501.984 1501.98 1501.915 1501.597 1501.367 1501.141 1500.763 1500.805 1500.882 1500.824 1500.808 1500.631 1500.227 1499.348 1498.998 1498.504 1497.583 1497.059 1496.662 1495.866 1495.523 1495.132 1494.807 1494.268 1494.063 1493.871 1493.556 1493.44 1493.353 1493.303 1493.224 1493.136 1493.023
1500.305 1500.484 1500.691 1500.75 1500.762 1500.821 1501.653 1501.953 1502.171 1502.082 1501.984 1501.981 1501.917 1501.453 1501.131 1500.829 1500.786 1500.79 1500.797 1500.533 1500.269 1500.033 1499.648 1498.988 1498.678 1498.344 1497.594 1497.226 1496.843 1496.572 1495.858 1495.536 1495.278 1494.735 1494.57 1494.416 1494.117 1493.95 1493.937 1493.854 1493.68 1493.586 1493.387
1500.421 1500.484 1500.691 1500.63 1500.754 1500.771 1501.538 1501.923 1501.99 1502.041 1501.984 1501.982 1501.916 1501.328 1501.03 1500.816 1500.787 1500.773 1500.689 1500.49 1499.918 1499.688 1499.377 1498.781 1498.551 1498.312 1497.675 1497.355 1497.042 1496.808 1496.189 1495.941 1495.707 1495.287 1495.075 1494.921 1494.734 1494.568 1494.424 1494.394 1494.12 1493.979 1493.737
1500.528 1500.488 1500.477 1500.63 1500.754 1500.758 1501.334 1501.881 1502.093 1502.183 1501.988 1501.974 1501.827 1501.127 1500.792 1500.783 1500.844 1500.866 1500.679 1500.304 1499.766 1499.469 1499.238 1498.759 1498.53 1498.299 1497.824 1497.551 1497.24 1497.002 1496.534 1496.354 1496.114 1495.776 1495.596 1495.43 1495.227 1495.161 1494.967 1494.906 1494.594 1494.385 1494.196
1500.752 1500.547 1500.489 1500.499 1500.595 1500.758 1501.505 1501.895 1502.083 1502.101 1502.063 1501.982 1501.831 1501.129 1500.764 1500.78 1500.857 1500.748 1500.574 1500.27 1499.759 1499.438 1499.128 1498.87 1498.622 1498.387 1497.923 1497.68 1497.436 1497.189 1496.846 1496.681 1496.51 1496.176 1496.032 1495.94 1495.762 1495.592 1495.501 1495.426 1495.092 1494.861 1494.71
1500.896 1500.78 1500.536 1500.518 1500.629 1500.799 1501.505 1501.895 1502.094 1502.187 1502.031 1502.091 1501.948 1501.237 1500.898 1500.899 1500.838 1500.764 1500.688 1500.548 1499.793 1499.454 1499.296 1498.848 1498.643 1498.476 1498.007 1497.874 1497.647 1497.545 1497.173 1497.079 1496.91 1496.675 1496.525 1496.449 1496.39 1496.176 1496.095 1495.955 1495.549 1495.365 1495.162
