var/www/cgi-bin/BAERTOOLS/ravel/working/ravel-12067.DEM
NCOLS 82
NROWS 113
XLLCORNER 616393.99
YLLCORNER 4622965.4
CELLSIZE 10
NODATA_VALUE -9999
[rows 0 to 27 of 113, columns 0 to 62 of 82]
1392.219 1392.246 1392.202 1392.099 1391.444 1391.051 1390.944 1390.814 1390.772 1390.774 1391.006 1391.102 1391.202 1391.289 1391.327 1391.4 1391.401 1391.239 1391.159 1391.078 1390.956 1390.959 1390.957 1390.953 1391.167 1391.15 1391.066 1390.897 1390.771 1390.529 1390.087 1389.967 1389.906 1389.906 1389.792 1389.797 1389.796 1389.791 1389.788 1389.783 1389.784 1389.751 1389.66 1389.585 1389.559 1389.56 1389.547 1389.439 1389.466 1389.537 1389.551 1389.585 1389.644 1389.66 1389.817 1389.95 1390.024 1390.161 1390.236 1390.312 1390.358 1390.562 1390.716
1392.32 1392.421 1392.406 1392.337 1391.831 1391.396 1391.103 1390.983 1391.021 1391.019 1391.197 1391.369 1391.518 1391.6 1391.663 1391.708 1391.706 1391.552 1391.471 1391.391 1391.298 1391.292 1391.273 1391.272 1391.167 1391.15 1391.337 1391.02 1390.851 1390.602 1390.138 1390.078 1390.009 1390.002 1389.896 1389.901 1389.899 1389.939 1389.998 1389.991 1389.985 1389.954 1389.875 1389.861 1389.829 1389.767 1389.763 1389.659 1389.643 1389.583 1389.636 1389.761 1389.76 1389.753 1389.991 1390.071 1390.147 1390.375 1390.445 1390.52 1390.597 1390.761 1390.922
1392.436 1392.585 1392.611 1392.591 1392.222 1391.851 1391.531 1391.339 1391.38 1391.374 1391.54 1391.678 1391.821 1391.9 1392.028 1392.014 1392.01 1391.892 1391.806 1391.727 1391.703 1391.675 1391.608 1391.585 1391.513 1391.426 1391.337 1391.02 1390.803 1390.491 1390.333 1390.176 1390.102 1390.018 1390.006 1390.003 1390.005 1390.155 1390.202 1390.203 1390.276 1390.178 1390.18 1390.18 1390.031 1389.967 1389.968 1389.811 1389.787 1389.854 1389.863 1389.9 1389.952 1389.95 1390.14 1390.258 1390.328 1390.59 1390.651 1390.725 1390.797 1391.021 1391.13
1392.617 1392.708 1392.823 1392.771 1392.611 1392.399 1392.11 1391.805 1391.792 1391.833 1391.868 1392.032 1392.184 1392.258 1392.327 1392.319 1392.317 1392.286 1392.198 1392.116 1392.026 1391.971 1391.946 1391.849 1391.584 1391.477 1391.288 1390.95 1390.803 1390.491 1390.309 1390.196 1390.19 1390.126 1390.104 1390.12 1390.201 1390.357 1390.435 1390.504 1390.505 1390.499 1390.483 1390.406 1390.277 1390.262 1390.184 1390.022 1389.94 1389.891 1389.952 1390.002 1390.075 1390.074 1390.236 1390.398 1390.537 1390.749 1390.87 1390.932 1390.995 1391.27 1391.412
1392.689 1392.795 1392.903 1392.984 1392.897 1392.791 1392.608 1392.369 1392.321 1392.357 1392.346 1392.41 1392.5 1392.621 1392.63 1392.633 1392.633 1392.543 1392.46 1392.382 1392.305 1392.107 1392.014 1391.854 1391.638 1391.413 1391.095 1390.896 1390.669 1390.4 1390.309 1390.207 1390.209 1390.203 1390.207 1390.222 1390.31 1390.565 1390.64 1390.708 1390.707 1390.783 1390.687 1390.606 1390.554 1390.468 1390.388 1390.233 1390.142 1390.078 1390.154 1390.177 1390.173 1390.166 1390.447 1390.578 1390.662 1390.901 1390.996 1391.133 1391.265 1391.558 1391.728
1392.805 1392.889 1392.971 1393.088 1393.066 1393.078 1393.053 1392.883 1392.816 1392.812 1392.855 1392.842 1392.844 1392.926 1392.922 1392.882 1392.844 1392.74 1392.661 1392.586 1392.511 1392.222 1392.119 1391.967 1391.554 1391.252 1391.011 1390.728 1390.505 1390.375 1390.295 1390.207 1390.209 1390.221 1390.307 1390.361 1390.517 1390.66 1390.771 1390.908 1390.92 1390.983 1390.909 1390.904 1390.753 1390.677 1390.593 1390.323 1390.282 1390.27 1390.207 1390.215 1390.292 1390.359 1390.559 1390.718 1390.851 1390.926 1391.277 1391.424 1391.575 1391.871 1392.038
1392.812 1392.949 1393.072 1393.08 1393.232 1393.34 1393.336 1393.25 1393.244 1393.289 1393.323 1393.327 1393.317 1393.26 1393.209 1393.123 1393.078 1392.922 1392.803 1392.697 1392.628 1392.369 1392.188 1392.041 1391.378 1391.011 1390.967 1390.614 1390.413 1390.303 1390.216 1390.299 1390.287 1390.221 1390.307 1390.569 1390.716 1390.798 1390.952 1391.042 1391.201 1391.234 1391.213 1391.126 1390.966 1390.858 1390.703 1390.615 1390.486 1390.475 1390.397 1390.372 1390.392 1390.471 1390.659 1390.821 1390.977 1391.172 1391.594 1391.737 1391.879 1392.179 1392.342
1392.688 1393.02 1393.109 1393.219 1393.338 1393.458 1393.452 1393.588 1393.605 1393.679 1393.685 1393.651 1393.603 1393.563 1393.477 1393.445 1393.408 1393.263 1392.937 1392.811 1392.667 1392.403 1392.169 1391.963 1391.205 1390.95 1390.858 1390.722 1390.393 1390.396 1390.343 1390.309 1390.297 1390.298 1390.391 1390.569 1390.716 1390.904 1391.213 1391.375 1391.526 1391.658 1391.609 1391.451 1391.23 1391.06 1390.909 1390.821 1390.693 1390.683 1390.603 1390.582 1390.574 1390.581 1390.828 1390.914 1391.074 1391.36 1391.907 1392.06 1392.273 1392.518 1392.733
1392.66 1393.073 1393.203 1393.356 1393.519 1393.651 1393.69 1393.785 1393.917 1393.973 1393.917 1393.936 1393.857 1393.861 1393.763 1393.745 1393.603 1393.408 1393.164 1393.032 1392.798 1392.428 1392.137 1391.787 1391.138 1390.949 1390.792 1390.607 1390.408 1390.396 1390.396 1390.363 1390.292 1390.311 1390.515 1390.687 1390.83 1390.904 1391.549 1391.775 1391.928 1391.942 1391.931 1391.849 1391.531 1391.372 1391.214 1391.052 1390.865 1390.797 1390.792 1390.789 1390.782 1390.783 1390.908 1391.052 1391.364 1391.668 1392.225 1392.374 1392.598 1392.902 1393.058
1392.441 1393.041 1393.225 1393.373 1393.693 1393.809 1394.009 1394.088 1394.233 1394.284 1394.255 1394.274 1394.237 1394.178 1394.013 1393.922 1393.799 1393.561 1393.312 1393.169 1392.903 1392.46 1392.12 1391.729 1391.125 1390.943 1390.757 1390.566 1390.484 1390.426 1390.398 1390.364 1390.329 1390.392 1390.652 1390.886 1391.013 1391.122 1391.549 1391.775 1392.121 1392.197 1392.243 1392.153 1391.842 1391.683 1391.533 1391.449 1391.175 1391.095 1391.015 1390.996 1390.988 1390.985 1391.21 1391.442 1391.682 1391.987 1392.462 1392.689 1392.914 1393.211 1393.382
1392.149 1392.923 1393.246 1393.454 1393.894 1394.055 1394.158 1394.292 1394.476 1394.597 1394.599 1394.553 1394.506 1394.481 1394.281 1394.128 1393.997 1393.82 1393.456 1393.317 1393.009 1392.478 1392.113 1391.726 1391.06 1390.883 1390.691 1390.617 1390.481 1390.463 1390.434 1390.395 1390.401 1390.417 1390.708 1390.93 1391.019 1391.363 1391.757 1391.969 1392.121 1392.197 1392.539 1392.458 1392.203 1392.1 1391.94 1391.774 1391.558 1391.426 1391.418 1391.296 1391.32 1391.391 1391.453 1391.862 1392.084 1392.309 1392.836 1392.989 1393.219 1393.618 1393.791
1391.82 1392.879 1393.276 1393.557 1394.112 1394.297 1394.421 1394.569 1394.832 1394.903 1394.901 1394.927 1394.835 1394.789 1394.547 1394.366 1394.258 1394.067 1393.617 1393.401 1393.095 1392.495 1392.097 1391.716 1391.024 1390.827 1390.693 1390.617 1390.462 1390.435 1390.495 1390.414 1390.445 1390.528 1390.597 1390.916 1391.055 1391.515 1392.02 1392.175 1392.325 1392.502 1392.539 1392.458 1392.71 1392.431 1392.349 1392.199 1392.019 1391.936 1391.854 1391.832 1391.818 1391.82 1391.948 1392.382 1392.605 1392.828 1393.286 1393.487 1393.64 1394.055 1394.166
1391.548 1392.667 1393.231 1393.656 1394.26 1394.531 1394.734 1394.886 1395.16 1395.202 1395.198 1395.315 1395.247 1395.096 1395.018 1394.702 1394.565 1394.341 1393.846 1393.566 1393.262 1392.533 1392.13 1391.704 1391.306 1390.825 1390.681 1390.566 1390.496 1390.496 1390.497 1390.523 1390.516 1390.599 1390.67 1390.969 1391.171 1391.622 1392.165 1392.389 1392.553 1392.712 1392.767 1392.763 1392.71 1392.859 1392.781 1392.704 1392.534 1392.475 1392.464 1392.391 1392.469 1392.547 1392.689 1392.899 1393.117 1393.264 1393.707 1393.909 1394.054 1394.352 1394.531
1391.18 1392.549 1393.251 1393.763 1394.213 1394.835 1395.047 1395.198 1395.495 1395.603 1395.592 1395.571 1395.516 1395.473 1395.347 1395.035 1394.86 1394.571 1394.107 1393.677 1393.329 1392.638 1392.223 1391.746 1391.347 1390.882 1390.727 1390.561 1390.495 1390.503 1390.535 1390.547 1390.54 1390.591 1390.685 1391.058 1391.276 1391.751 1392.412 1392.639 1392.869 1393.041 1393.103 1393.095 1393.1 1392.859 1392.781 1393.217 1393.106 1393.083 1393.006 1393.083 1393.091 1393.171 1393.307 1393.56 1393.654 1393.871 1394.151 1394.437 1394.572 1394.753 1394.94
1391.16 1392.643 1393.365 1393.96 1394.509 1395.141 1395.345 1395.499 1395.867 1395.938 1395.995 1395.941 1395.86 1395.796 1395.637 1395.39 1395.163 1394.912 1394.276 1393.881 1393.446 1392.719 1392.264 1391.907 1391.466 1390.919 1390.781 1390.672 1390.51 1390.508 1390.592 1390.559 1390.606 1390.639 1390.792 1391.097 1391.465 1392.004 1392.707 1392.921 1393.123 1393.397 1393.479 1393.489 1393.503 1393.373 1393.301 1393.217 1393.106 1393.709 1393.716 1393.748 1393.829 1393.888 1393.951 1394.121 1394.248 1394.319 1394.705 1394.847 1394.987 1395.055 1395.439
1391.359 1393.066 1393.773 1394.359 1394.833 1395.591 1395.838 1395.913 1396.275 1396.337 1396.411 1396.404 1396.336 1396.183 1396.087 1395.788 1395.537 1395.249 1394.516 1394.178 1393.713 1392.908 1392.406 1391.971 1391.602 1390.958 1390.833 1390.713 1390.564 1390.548 1390.59 1390.593 1390.623 1390.746 1390.87 1391.185 1391.767 1392.302 1392.94 1393.134 1393.308 1393.74 1393.757 1393.842 1393.926 1393.823 1393.811 1393.728 1393.722 1393.709 1394.321 1394.327 1394.509 1394.503 1394.566 1394.768 1394.806 1395.022 1395.105 1395.265 1395.41 1395.556 1395.818
1392.805 1393.755 1394.391 1394.976 1395.375 1396.005 1396.28 1396.414 1396.682 1396.725 1396.73 1396.823 1396.787 1396.679 1396.53 1396.187 1395.93 1395.617 1394.947 1394.54 1394.073 1393.185 1392.678 1392.153 1391.796 1391.081 1390.87 1390.758 1390.647 1390.642 1390.595 1390.631 1390.685 1390.851 1390.926 1391.312 1391.975 1392.543 1393.249 1393.51 1393.738 1393.963 1394.275 1394.345 1394.42 1394.35 1394.348 1394.283 1394.298 1394.244 1394.321 1394.327 1395.043 1395.124 1395.193 1395.354 1395.497 1395.555 1395.744 1395.867 1395.931 1395.994 1396.239
1394.33 1394.792 1395.161 1395.593 1395.825 1396.372 1396.614 1396.908 1397.196 1397.232 1397.224 1397.298 1397.182 1397.094 1397.002 1396.676 1396.417 1396.095 1395.382 1395.024 1394.54 1394.021 1393.021 1392.439 1391.996 1391.169 1390.922 1390.856 1390.72 1390.672 1390.639 1390.668 1390.829 1390.897 1390.955 1391.609 1392.29 1392.863 1393.583 1393.946 1394.191 1394.39 1394.714 1394.776 1394.845 1394.916 1394.963 1394.963 1394.909 1394.887 1394.946 1395.014 1395.043 1395.124 1395.798 1395.885 1396.013 1396.085 1396.263 1396.292 1396.441 1396.522 1396.652
1395.498 1395.686 1396.112 1396.336 1396.63 1397.052 1397.212 1397.438 1397.601 1397.674 1397.733 1397.735 1397.715 1397.693 1397.614 1397.167 1396.928 1396.671 1395.96 1395.53 1395.111 1394.497 1393.472 1392.845 1392.325 1391.347 1391.046 1390.937 1390.825 1390.809 1390.808 1390.792 1390.924 1390.923 1391.106 1392.026 1392.658 1393.22 1394.058 1394.408 1394.67 1394.848 1395.208 1395.302 1395.397 1395.49 1395.492 1395.483 1395.513 1395.566 1395.563 1395.544 1395.668 1395.727 1395.798 1395.885 1396.609 1396.682 1396.767 1396.78 1396.869 1397.011 1397.059
1396.921 1396.9 1397.125 1397.258 1397.394 1397.72 1397.913 1397.978 1398.112 1398.18 1398.252 1398.33 1398.225 1398.217 1398.133 1397.762 1397.538 1397.367 1396.597 1396.169 1395.717 1395.282 1394.135 1393.561 1392.956 1391.763 1391.477 1391.214 1390.912 1390.891 1390.896 1390.934 1391.209 1391.314 1391.621 1392.562 1393.11 1393.687 1394.596 1394.912 1395.12 1395.35 1395.692 1395.818 1395.979 1396.059 1396.122 1396.11 1396.081 1396.102 1396.174 1396.171 1396.265 1396.266 1396.321 1396.56 1396.609 1397.113 1397.178 1397.234 1397.365 1397.355 1397.446
1397.945 1397.999 1398.119 1398.174 1398.236 1398.357 1398.444 1398.588 1398.732 1398.809 1398.858 1398.778 1398.812 1398.733 1398.723 1398.414 1398.227 1397.99 1397.396 1396.952 1396.488 1396.102 1394.937 1394.44 1393.801 1392.672 1392.277 1391.968 1391.549 1391.499 1391.502 1391.577 1391.847 1392.073 1392.37 1393.24 1393.784 1394.269 1394.699 1395.439 1395.688 1395.913 1396.293 1396.407 1396.49 1396.669 1396.701 1396.721 1396.713 1396.762 1396.82 1396.793 1396.922 1396.979 1396.964 1397.023 1397.04 1397.113 1397.178 1397.726 1397.774 1397.769 1397.854
1398.984 1398.95 1398.968 1398.894 1398.954 1399.045 1399.046 1399.113 1399.252 1399.322 1399.392 1399.461 1399.463 1399.434 1399.349 1399.128 1398.955 1398.78 1398.257 1397.856 1397.375 1396.975 1395.984 1395.448 1394.935 1393.798 1393.399 1393.03 1392.831 1392.576 1392.571 1392.525 1392.74 1392.938 1393.249 1394.113 1394.558 1394.954 1395.29 1396.019 1396.314 1396.538 1396.873 1397.038 1397.052 1397.274 1397.288 1397.334 1397.356 1397.456 1397.481 1397.416 1397.494 1397.54 1397.555 1397.579 1397.656 1397.692 1397.697 1397.726 1397.774 1398.182 1398.202
1400.079 1399.992 1399.711 1399.717 1399.695 1399.654 1399.643 1399.638 1399.704 1399.76 1399.91 1399.986 1400.014 1400.073 1400.057 1399.89 1399.771 1399.606 1399.442 1398.828 1398.484 1398.088 1397.019 1396.552 1396.148 1395.147 1394.723 1394.38 1394.082 1393.827 1393.761 1393.723 1393.935 1394.131 1394.328 1394.99 1395.29 1395.667 1395.972 1396.683 1396.933 1397.201 1397.494 1397.594 1397.705 1397.92 1397.96 1397.954 1398.034 1398.002 1398.022 1398.025 1397.995 1397.991 1398.025 1398.079 1398.078 1398.026 1398.093 1398.205 1398.189 1398.182 1398.202
1400.079 1400.794 1400.532 1400.497 1400.404 1400.153 1400.154 1400.15 1400.216 1400.245 1400.335 1400.481 1400.637 1400.71 1400.771 1400.657 1400.601 1400.425 1400.262 1399.753 1399.428 1399.097 1398.269 1397.838 1397.367 1396.486 1396.069 1395.811 1395.473 1395.239 1395.151 1395.077 1395.149 1395.337 1395.475 1395.894 1396.198 1396.53 1396.774 1397.338 1397.607 1397.87 1398.156 1398.279 1398.432 1398.577 1398.627 1398.616 1398.619 1398.561 1398.6 1398.569 1398.577 1398.571 1398.507 1398.503 1398.46 1398.552 1398.594 1398.583 1398.581 1398.577 1398.558
1400.883 1400.794 1400.532 1400.994 1400.901 1400.671 1400.64 1400.57 1400.632 1400.698 1400.839 1400.911 1401.264 1401.346 1401.487 1401.485 1401.453 1401.351 1401.187 1400.776 1400.448 1400.196 1399.553 1399.201 1398.78 1397.86 1397.505 1397.258 1396.995 1396.66 1396.507 1396.42 1396.443 1396.45 1396.606 1396.887 1397.124 1397.333 1397.662 1398.06 1398.318 1398.539 1398.888 1398.983 1399.092 1399.26 1399.241 1399.231 1399.18 1399.135 1399.141 1399.054 1399.035 1399.087 1399.037 1399.051 1398.958 1399.005 1398.936 1398.9 1398.881 1398.877 1398.827
1401.665 1401.586 1401.218 1400.994 1400.901 1401.103 1401.057 1401.087 1401.15 1401.182 1401.27 1401.419 1401.717 1401.866 1402.009 1402.116 1402.073 1401.981 1401.888 1401.712 1401.585 1401.341 1400.692 1400.37 1400.031 1399.095 1398.79 1398.63 1398.387 1397.956 1397.855 1397.697 1397.67 1397.647 1397.671 1397.669 1398.032 1398.188 1398.453 1398.883 1399.111 1399.332 1399.671 1399.768 1399.827 1399.852 1399.842 1399.841 1399.804 1399.693 1399.719 1399.6 1399.549 1399.526 1399.363 1399.395 1399.329 1399.301 1399.305 1399.264 1399.186 1399.184 1399.181
1402.262 1402.164 1401.814 1401.579 1401.39 1401.103 1401.057 1401.581 1401.586 1401.725 1401.809 1401.949 1402.307 1402.386 1402.528 1402.614 1402.638 1402.713 1402.787 1402.645 1402.524 1402.276 1401.774 1401.507 1401.174 1400.766 1400.055 1399.701 1399.521 1399.14 1398.94 1398.849 1398.735 1398.734 1398.716 1398.685 1398.929 1399.036 1399.314 1399.679 1399.866 1400.095 1400.37 1400.464 1400.528 1400.487 1400.56 1400.453 1400.365 1400.261 1400.157 1400.035 1399.989 1399.931 1399.774 1399.749 1399.698 1399.641 1399.608 1399.543 1399.495 1399.493 1399.445
1402.841 1402.678 1402.3 1402.033 1401.728 1401.545 1401.424 1401.581 1402.083 1402.384 1402.516 1402.589 1402.863 1402.988 1403.061 1403.201 1403.337 1403.335 1403.4 1403.367 1403.277 1403.186 1402.824 1402.545 1402.219 1401.896 1401.132 1400.82 1400.58 1400.238 1400.041 1399.824 1399.652 1399.596 1399.593 1399.622 1399.878 1400.013 1400.198 1400.487 1400.634 1400.808 1401.105 1401.198 1401.198 1401.147 1401.136 1401.008 1400.933 1400.805 1400.676 1400.556 1400.393 1400.295 1400.185 1400.176 1400.045 1400.022 1399.969 1399.792 1399.807 1399.807 1399.728
