var/www/cgi-bin/BAERTOOLS/ravel/working/ravel-12079.DEM
NCOLS 43
NROWS 231
XLLCORNER 616413.99
YLLCORNER 4621775.4
CELLSIZE 10
NODATA_VALUE -9999
[rows 123 to 163 of 231, columns 0 to 42 of 43]
1454.732 1454.488 1454.317 1454.208 1453.992 1453.915 1453.981 1453.882 1453.746 1453.735 1453.333 1452.985 1452.603 1452.156 1450.5 1449.447 1448.384 1446.259 1445.029 1444.04 1442.291 1441.665 1441.171 1440.699 1440.423 1440.125 1439.606 1438.537 1437.955 1437.307 1435.928 1435.265 1434.578 1433.932 1432.806 1432.303 1431.849 1430.993 1430.804 1430.717 1430.63 1430.664 1430.674
1455.478 1455.269 1455.167 1454.999 1454.811 1454.778 1454.692 1454.585 1454.403 1454.253 1453.8 1453.471 1453.004 1452.55 1451.156 1450.136 1449.128 1446.673 1445.424 1444.206 1443.141 1441.246 1440.26 1440.016 1440.003 1439.742 1439.296 1438.23 1437.698 1437.128 1436.434 1435.377 1434.797 1434.222 1433.312 1432.943 1432.536 1431.84 1431.691 1431.528 1431.416 1431.326 1431.403
1456.169 1456.032 1455.931 1455.76 1455.668 1455.578 1455.487 1455.124 1455.007 1454.765 1454.531 1454.016 1453.524 1453.002 1451.619 1450.503 1449.395 1446.887 1445.561 1444.179 1442.451 1440.218 1439.767 1439.763 1439.555 1439.276 1438.857 1437.993 1437.511 1436.965 1436.43 1435.555 1435.078 1434.572 1433.786 1433.455 1433.183 1432.544 1432.358 1432.263 1432.12 1432.07 1432.111
1457.075 1456.752 1456.596 1456.503 1456.335 1456.231 1456.069 1455.7 1455.496 1455.333 1455.045 1454.315 1453.911 1453.39 1451.958 1450.932 1449.71 1446.982 1445.524 1443.994 1442.275 1439.939 1439.632 1439.556 1439.06 1438.734 1438.518 1437.738 1437.377 1436.92 1436.496 1435.731 1435.38 1434.954 1434.24 1433.949 1433.716 1433.11 1432.975 1432.958 1432.923 1432.743 1432.759
1457.704 1457.5 1457.345 1457.255 1456.931 1456.793 1456.704 1456.25 1455.988 1455.688 1455.458 1454.713 1454.231 1453.636 1452.19 1451.185 1449.956 1447.004 1445.489 1444.016 1442.502 1440.202 1439.6 1439.282 1438.806 1438.491 1438.242 1437.563 1437.252 1436.919 1436.572 1435.901 1435.581 1435.233 1434.637 1434.408 1434.166 1433.784 1433.648 1433.569 1433.533 1433.41 1433.445
1458.331 1458.172 1458.069 1457.907 1457.643 1457.411 1457.251 1456.838 1456.545 1456.302 1455.932 1455.034 1454.538 1453.856 1452.303 1451.244 1449.864 1447.125 1445.606 1444.108 1442.845 1440.671 1439.871 1439.424 1438.653 1438.356 1438.041 1437.729 1437.185 1436.895 1436.696 1436.023 1435.769 1435.506 1434.994 1434.801 1434.613 1434.49 1434.259 1434.182 1434.125 1434.054 1434.063
1458.983 1458.873 1458.722 1458.635 1458.269 1458.153 1457.915 1457.506 1457.149 1456.758 1456.376 1455.409 1454.775 1454.09 1452.365 1451.289 1450.042 1448.771 1445.629 1444.113 1442.634 1440.507 1439.712 1439.243 1438.562 1438.269 1438.022 1437.769 1437.267 1436.959 1436.74 1436.279 1436.042 1435.804 1435.408 1435.218 1435.069 1434.983 1434.811 1434.732 1434.734 1434.697 1434.733
1459.637 1459.449 1459.353 1459.193 1458.998 1458.81 1458.579 1458.42 1457.824 1457.407 1456.87 1455.878 1455.2 1454.358 1452.61 1451.509 1450.173 1448.647 1445.793 1444.023 1442.271 1439.747 1439.364 1439.1 1438.531 1438.288 1438.05 1437.817 1437.322 1437.088 1436.963 1436.533 1436.291 1436.109 1435.865 1435.686 1435.521 1435.434 1435.372 1435.358 1435.298 1435.381 1435.407
1460.365 1460.073 1459.979 1459.83 1459.61 1459.554 1459.316 1459.085 1458.455 1458.073 1457.688 1456.308 1455.517 1454.666 1452.749 1451.702 1450.369 1449.045 1445.943 1443.959 1442.239 1439.678 1439.397 1439.18 1438.512 1438.317 1438.144 1437.904 1437.497 1437.262 1437.124 1436.783 1436.65 1436.488 1436.214 1436.13 1436.056 1435.918 1435.839 1435.914 1435.917 1436.018 1436.058
1460.365 1460.626 1460.502 1460.43 1460.189 1460.095 1459.948 1459.8 1459.233 1458.877 1458.333 1456.948 1455.989 1455.056 1453.067 1451.975 1450.716 1449.472 1446.538 1444.466 1442.838 1440.327 1439.608 1439.19 1438.487 1438.268 1438.052 1437.871 1437.573 1437.449 1437.288 1437.093 1436.983 1436.814 1436.633 1436.539 1436.537 1436.422 1436.365 1436.434 1436.455 1436.608 1436.711
1460.959 1460.626 1460.502 1460.913 1460.829 1460.822 1460.75 1460.604 1460.219 1459.788 1459.245 1457.788 1456.855 1455.75 1453.552 1452.608 1451.586 1450.505 1447.274 1445.184 1443.352 1440.51 1439.559 1439.069 1438.804 1438.327 1438.106 1438.002 1437.741 1437.64 1437.476 1437.298 1437.228 1437.183 1437.118 1437 1436.936 1436.905 1436.897 1436.935 1437.019 1437.226 1437.405
1461.473 1461.068 1461.004 1460.913 1460.829 1461.369 1461.448 1461.389 1461.074 1460.802 1460.334 1458.846 1457.861 1456.842 1455.824 1453.704 1452.897 1452.147 1448.15 1445.78 1443.721 1440.54 1439.485 1439.013 1438.693 1438.327 1438.191 1438.185 1437.851 1437.84 1437.75 1437.558 1437.503 1437.502 1437.479 1437.438 1437.41 1437.403 1437.375 1437.408 1437.565 1437.792 1438.031
1461.97 1461.561 1461.455 1461.314 1461.312 1461.369 1462.245 1462.261 1462.108 1461.909 1461.545 1460.388 1459.495 1458.363 1457.083 1454.957 1453.924 1452.767 1448.78 1446.293 1444.081 1440.911 1439.744 1438.99 1438.706 1438.506 1438.359 1438.29 1438.15 1438.115 1437.963 1437.963 1437.881 1437.871 1437.847 1438.009 1437.987 1437.984 1437.96 1437.975 1438.073 1438.354 1438.627
1462.462 1461.983 1461.852 1461.81 1461.875 1462.094 1462.245 1462.261 1463.027 1462.971 1462.918 1462.063 1461.266 1460.183 1458.636 1455.698 1454.26 1452.402 1448.938 1446.816 1444.747 1441.335 1440.09 1439.27 1439.002 1438.702 1438.545 1438.395 1438.328 1438.254 1438.234 1438.252 1438.3 1438.365 1438.481 1438.66 1438.688 1438.614 1438.579 1438.588 1438.66 1439.024 1439.347
1462.974 1462.406 1462.306 1462.32 1462.398 1462.751 1462.964 1463.058 1463.027 1462.971 1463.965 1463.578 1462.926 1461.886 1460.306 1455.907 1453.972 1451.966 1448.781 1447.357 1445.433 1442.156 1440.914 1439.743 1439.151 1438.983 1438.743 1438.587 1438.498 1438.549 1438.545 1438.798 1438.898 1438.964 1439.114 1439.254 1439.246 1439.228 1439.2 1439.208 1439.292 1439.431 1439.904
1463.501 1462.896 1462.805 1462.844 1463.008 1463.499 1463.71 1463.862 1463.88 1463.902 1463.965 1463.578 1464.35 1463.29 1461.611 1456.602 1453.885 1451.738 1448.728 1447.507 1446.289 1444.623 1441.935 1440.723 1439.831 1439.27 1439.027 1438.797 1438.756 1438.766 1438.844 1439.05 1439.501 1439.695 1439.774 1439.814 1439.849 1439.773 1439.79 1439.836 1439.85 1439.927 1440.235
1463.979 1463.328 1463.275 1463.407 1463.634 1464.157 1464.368 1464.515 1464.637 1464.622 1464.633 1464.726 1464.35 1464.555 1462.849 1456.851 1453.82 1451.691 1448.998 1448.281 1447.669 1446.362 1443.085 1441.704 1440.511 1439.402 1439.14 1438.991 1439.007 1439.105 1439.259 1439.478 1439.914 1440.06 1440.197 1440.309 1440.303 1440.286 1440.281 1440.281 1440.273 1440.333 1440.623
1464.323 1464.079 1463.821 1464.008 1464.21 1464.52 1464.727 1464.901 1465.019 1465.047 1465.13 1465.203 1464.996 1464.555 1462.849 1457.116 1453.914 1451.694 1449.95 1450.266 1450.069 1448.692 1444.503 1442.687 1441.261 1439.502 1439.324 1439.105 1439.17 1439.237 1439.477 1439.709 1440.161 1440.383 1440.604 1440.732 1440.716 1440.71 1440.686 1440.703 1440.766 1440.835 1441.035
1464.655 1464.474 1464.283 1464.423 1464.572 1464.92 1465.096 1465.278 1465.476 1465.551 1465.597 1465.578 1465.388 1465.048 1463.772 1457.116 1453.914 1452.228 1451.678 1452.463 1452.267 1450.698 1445.921 1443.738 1442.01 1439.63 1439.435 1439.297 1439.316 1439.457 1439.683 1439.835 1440.411 1440.702 1440.927 1441.09 1441.127 1441.12 1441.195 1441.208 1441.29 1441.362 1441.508
1465.112 1464.864 1464.721 1464.838 1464.954 1465.407 1465.573 1465.632 1465.852 1465.879 1465.859 1465.793 1465.769 1465.439 1464.201 1457.98 1454.62 1452.228 1451.678 1453.728 1453.088 1451.73 1447.068 1444.616 1442.815 1440.026 1439.419 1439.38 1439.482 1439.644 1439.8 1440.019 1440.734 1441.021 1441.243 1441.438 1441.574 1441.63 1441.627 1441.71 1441.713 1441.787 1441.942
1465.578 1465.413 1465.341 1465.427 1465.49 1465.836 1465.937 1466.012 1466.048 1466.03 1466.059 1466.071 1465.852 1465.364 1464.283 1459.012 1456.086 1453.661 1452.646 1453.728 1453.754 1452.549 1448.115 1445.643 1443.63 1440.241 1439.496 1439.473 1439.478 1439.854 1440.025 1440.324 1440.943 1441.229 1441.454 1441.824 1441.885 1441.953 1442.02 1442.164 1442.215 1442.217 1442.315
1466.042 1465.96 1465.93 1465.936 1466.057 1466.241 1466.274 1466.321 1466.327 1466.21 1466.264 1466.247 1465.925 1465.279 1464.38 1460.531 1458.396 1455.985 1455.296 1454.92 1453.754 1452.549 1448.767 1446.291 1444.262 1440.448 1439.496 1439.49 1439.646 1440.018 1440.342 1440.647 1441.369 1441.649 1441.869 1442.125 1442.219 1442.363 1442.441 1442.582 1442.642 1442.637 1442.733
1466.498 1466.458 1466.464 1466.507 1466.542 1466.655 1466.611 1466.533 1466.5 1466.441 1466.424 1466.318 1465.917 1465.23 1464.369 1461.441 1459.891 1458.063 1456.878 1455.36 1454.174 1452.873 1448.767 1446.291 1444.753 1441.022 1440.022 1439.76 1439.782 1440.279 1440.692 1441.069 1441.694 1441.949 1442.097 1442.445 1442.532 1442.675 1442.748 1442.973 1442.954 1442.945 1443.049
1466.974 1466.974 1466.967 1466.945 1466.897 1466.917 1466.91 1466.768 1466.637 1466.564 1466.513 1466.358 1465.803 1465.102 1464.258 1461.671 1460.286 1458.768 1457.611 1455.383 1454.34 1453.084 1449.406 1446.967 1444.753 1442.068 1441.092 1440.647 1440.42 1440.792 1441.349 1441.639 1442.285 1442.492 1442.71 1443.014 1443.133 1443.196 1443.265 1443.372 1443.377 1443.444 1443.438
1467.427 1467.369 1467.348 1467.298 1467.249 1467.187 1467.168 1467.085 1466.931 1466.735 1466.615 1466.468 1465.723 1464.949 1464.196 1461.759 1460.493 1459.061 1457.771 1455.449 1454.29 1453.154 1450.027 1447.908 1445.96 1442.068 1441.092 1442.556 1442.198 1442.132 1442.313 1442.5 1442.867 1442.998 1443.141 1443.36 1443.54 1443.613 1443.681 1443.786 1443.792 1443.863 1443.904
1467.77 1467.731 1467.656 1467.656 1467.616 1467.536 1467.47 1467.331 1467.133 1466.911 1466.709 1466.521 1465.62 1464.799 1464.058 1462.911 1460.596 1459.257 1457.984 1455.755 1454.569 1453.421 1450.547 1448.633 1447.084 1445.638 1442.788 1442.556 1442.198 1443.568 1443.527 1443.476 1443.606 1443.718 1443.77 1443.822 1443.993 1444.116 1444.113 1444.25 1444.278 1444.197 1444.282
1468.082 1468.138 1467.997 1467.966 1467.963 1467.887 1467.756 1467.581 1467.344 1467.036 1466.803 1466.57 1465.537 1464.786 1463.988 1462.908 1460.552 1459.362 1458.22 1455.965 1454.777 1453.625 1451.037 1449.504 1448.371 1447.138 1445.109 1444.401 1443.877 1443.568 1443.527 1444.525 1444.438 1444.41 1444.386 1444.37 1444.448 1444.441 1444.509 1444.612 1444.622 1444.695 1444.639
1468.467 1468.485 1468.32 1468.265 1468.272 1468.202 1467.995 1467.776 1467.543 1467.169 1466.895 1466.623 1465.48 1464.773 1463.976 1462.928 1460.673 1459.555 1458.408 1456.085 1454.962 1453.841 1451.505 1450.381 1449.476 1448.554 1446.789 1446.135 1445.589 1444.817 1444.682 1444.525 1445.192 1445.086 1445.007 1444.996 1444.969 1444.965 1444.946 1445.02 1445.037 1445.101 1445.044
1468.799 1468.79 1468.676 1468.628 1468.509 1468.426 1468.226 1467.978 1467.75 1467.298 1466.968 1466.604 1465.504 1464.749 1463.943 1462.923 1460.819 1459.684 1458.495 1456.204 1455.025 1453.927 1451.866 1450.935 1450.198 1449.487 1447.943 1447.386 1446.918 1445.961 1445.622 1445.503 1445.192 1445.086 1445.622 1445.592 1445.509 1445.55 1445.47 1445.326 1445.346 1445.412 1445.423
1469.105 1469.098 1468.958 1468.884 1468.781 1468.707 1468.419 1468.163 1467.887 1467.373 1467.062 1466.719 1465.525 1464.741 1464.035 1463.063 1460.883 1459.753 1458.589 1456.373 1455.293 1454.206 1453.238 1451.434 1450.73 1450.188 1448.967 1448.409 1447.961 1447.04 1446.671 1446.328 1446.136 1445.7 1445.622 1445.592 1445.938 1445.859 1445.861 1445.809 1445.748 1445.746 1445.807
1469.402 1469.403 1469.247 1469.169 1469.084 1468.951 1468.653 1468.432 1468.062 1467.597 1467.223 1466.861 1466.357 1464.859 1464.167 1463.179 1461.001 1459.89 1458.824 1456.594 1455.527 1454.506 1453.523 1451.733 1451.084 1450.764 1449.833 1449.205 1448.795 1447.824 1447.494 1447.123 1446.848 1446.374 1446.222 1446.032 1445.938 1445.859 1446.257 1446.198 1446.263 1446.244 1446.164
1469.795 1469.717 1469.636 1469.481 1469.397 1469.244 1468.819 1468.583 1468.258 1467.693 1467.346 1466.96 1466.443 1464.991 1464.317 1463.421 1461.235 1460.126 1459.051 1456.891 1455.81 1454.768 1453.834 1452.114 1451.454 1451.202 1450.455 1449.944 1449.469 1448.454 1448.091 1447.768 1447.447 1446.907 1446.787 1446.565 1446.339 1446.276 1446.257 1446.564 1446.56 1446.563 1446.641
1470.042 1470.022 1469.946 1469.762 1469.613 1469.457 1469.106 1468.835 1468.461 1467.842 1467.478 1466.968 1466.503 1465.159 1464.517 1463.681 1461.534 1460.408 1459.34 1457.163 1456.115 1455.163 1454.221 1452.641 1451.997 1451.585 1450.965 1450.513 1450.041 1449.037 1448.642 1448.232 1447.934 1447.43 1447.214 1447.042 1446.75 1446.67 1446.585 1446.564 1446.56 1446.984 1447.039
1470.341 1470.335 1470.255 1470.069 1469.906 1469.75 1469.286 1468.968 1468.646 1468.057 1467.621 1467.174 1466.613 1465.305 1464.72 1463.916 1461.843 1460.758 1459.629 1457.475 1456.469 1455.557 1454.708 1453.23 1452.539 1451.912 1451.307 1450.888 1450.415 1449.495 1449.058 1448.632 1448.37 1447.847 1447.665 1447.427 1447.134 1447.061 1446.978 1446.898 1446.973 1446.984 1447.039
1470.635 1470.562 1470.552 1470.273 1470.119 1469.963 1469.5 1469.238 1468.931 1468.148 1467.706 1467.313 1466.773 1465.438 1464.857 1464.201 1462.08 1461.019 1459.909 1458.815 1456.826 1455.964 1455.148 1453.666 1452.926 1452.227 1451.419 1451.031 1450.639 1450.197 1449.338 1448.998 1448.676 1448.172 1447.953 1447.718 1447.45 1447.361 1447.305 1447.284 1447.29 1447.347 1447.351
1470.836 1470.761 1470.76 1470.575 1470.412 1470.258 1469.805 1469.534 1469.146 1468.756 1467.969 1467.562 1466.976 1465.617 1465.008 1464.333 1462.349 1461.255 1460.191 1459.159 1457.11 1456.252 1455.45 1453.939 1453.163 1452.479 1451.52 1451.186 1450.804 1450.329 1449.541 1449.211 1448.932 1448.409 1448.227 1448.023 1447.785 1447.68 1447.662 1447.599 1447.574 1447.591 1447.667
1471.144 1471.056 1470.978 1470.829 1470.709 1470.474 1470.073 1469.758 1469.424 1469.041 1468.256 1467.77 1467.157 1465.858 1465.195 1464.553 1462.725 1461.6 1460.474 1459.482 1457.289 1456.31 1455.502 1454.004 1453.311 1452.577 1451.646 1451.263 1450.786 1450.403 1449.642 1449.347 1449.123 1448.621 1448.433 1448.283 1448.006 1447.944 1447.889 1447.888 1447.913 1447.997 1448.07
1471.382 1471.364 1471.285 1471.083 1470.945 1470.855 1470.31 1469.965 1469.728 1469.354 1468.476 1468.051 1467.427 1466.145 1465.466 1464.849 1463.083 1461.923 1460.838 1459.737 1457.268 1456.204 1455.326 1453.849 1453.177 1452.451 1451.548 1451.168 1450.783 1450.391 1449.769 1449.507 1449.237 1448.784 1448.639 1448.484 1448.224 1448.155 1448.169 1448.169 1448.202 1448.298 1448.37
1471.691 1471.674 1471.595 1471.395 1471.231 1471.075 1470.617 1470.317 1469.938 1469.622 1468.798 1468.271 1467.79 1466.424 1465.753 1465.135 1463.432 1462.26 1461.07 1459.922 1457.329 1456.054 1454.997 1453.38 1452.668 1452.081 1451.247 1450.914 1450.662 1450.314 1449.823 1449.537 1449.263 1448.954 1448.794 1448.645 1448.566 1448.393 1448.37 1448.364 1448.422 1448.582 1448.682
1471.901 1471.882 1471.802 1471.642 1471.542 1471.377 1470.916 1470.654 1470.324 1469.943 1469.062 1468.637 1468.106 1466.808 1466.138 1465.517 1464.717 1462.545 1461.323 1460.129 1457.227 1455.812 1454.513 1452.666 1452.062 1451.701 1451.319 1450.707 1450.441 1450.233 1449.789 1449.596 1449.37 1449.045 1448.885 1448.73 1448.64 1448.612 1448.535 1448.562 1448.667 1448.825 1448.951
1472.216 1472.187 1472.11 1472.015 1471.845 1471.681 1471.453 1470.952 1470.638 1470.328 1469.452 1469.039 1468.494 1467.21 1466.509 1465.827 1465.071 1462.971 1461.594 1460.249 1457.1 1455.545 1454.056 1452.125 1451.675 1451.38 1451.037 1450.62 1450.349 1450.152 1449.813 1449.641 1449.408 1449.144 1448.996 1448.884 1448.8 1448.704 1448.671 1448.717 1448.963 1449.101 1449.194
