var/www/cgi-bin/BAERTOOLS/ravel/working/ravel-11641.DEM
NCOLS 86
NROWS 42
XLLCORNER 276236.32
YLLCORNER 3833388.9
CELLSIZE 10
NODATA_VALUE -9999
[rows 0 to 27 of 42, columns 0 to 62 of 86]
1592.75 1588.71 1583.134 1580.819 1578.225 1575.575 1573.423 1571.09 1570.418 1569.204 1566.768 1564.286 1562.781 1562.81 1562.068 1560.474 1558.544 1556.851 1555.109 1552.37 1551.556 1548.632 1544.484 1544.256 1543.409 1542.985 1545.123 1544.879 1544.577 1544.27 1543.731 1543.419 1543.141 1542.499 1541.293 1540.282 1536.446 1534.539 1533.702 1533.284 1534.216 1535.721 1536.066 1536.411 1535.707 1532.447 1528.039 1524.903 1523.278 1521.131 1518.384 1515.84 1513.751 1511.33 1509.683 1507.416 1504.412 1503.002 1501.568 1499.893 1497.833 1494.776 1490.654
1592.17 1587.98 1583.142 1581.105 1578.707 1576.309 1574.648 1572.456 1571.712 1570.505 1568.961 1567.544 1564.982 1564.35 1563.347 1561.79 1560.004 1558.412 1557.052 1553.988 1552.464 1550.44 1547.083 1542.984 1541.356 1542.985 1542.668 1542.353 1542.119 1541.894 1540.843 1540.667 1540.531 1539.709 1538.452 1537.81 1534.705 1532.613 1530.747 1529.075 1529.687 1531.183 1531.836 1531.921 1530.425 1526.862 1522.868 1517.913 1516.463 1515.323 1514.162 1513.027 1511.089 1509.712 1507.562 1505.207 1503.275 1502.187 1500.7 1499.682 1497.163 1493.913 1492.302
1591.724 1585.046 1583.352 1581.574 1579.601 1577.806 1576.454 1573.773 1572.605 1571.744 1571.106 1570.053 1567.514 1565.551 1564.434 1562.734 1561.216 1560.453 1557.836 1555.417 1552.643 1550.241 1547.846 1542.984 1541.356 1540.761 1540.169 1539.531 1539.099 1538.986 1539.054 1538.978 1538.552 1537.784 1536.961 1534.27 1532.09 1530 1527.744 1525.256 1525.206 1526.29 1526.936 1527.369 1526.347 1522.857 1518.88 1512.755 1512.132 1511.813 1511.5 1511.102 1509.238 1507.011 1504.47 1502.543 1500.827 1500.312 1499.325 1498.134 1496.398 1494.65 1493.078
1592.085 1585.65 1583.83 1582.259 1580.919 1579.773 1578.429 1575.375 1574.172 1573.583 1573.053 1571.922 1570.179 1566.93 1565.386 1564.176 1563.302 1562.593 1559.921 1556.359 1553.061 1551.169 1547.846 1544.464 1540.4 1539.104 1537.944 1537.029 1536.745 1536.712 1537.361 1537.803 1537.827 1537.669 1537.392 1532.804 1530.528 1528.509 1526.691 1524.815 1523.462 1522.568 1522.575 1522.486 1521.338 1518.13 1512.184 1511.057 1510.606 1510.156 1509.504 1509.147 1507.342 1505.703 1503.888 1502.107 1500.579 1499.597 1497.995 1496.913 1495.785 1494.475 1493.209
1593.344 1586.24 1584.472 1583.673 1582.93 1581.783 1580.203 1577.168 1576.05 1575.33 1574.578 1573.481 1570.117 1567.737 1565.969 1565.064 1564.369 1563.749 1560.414 1557.094 1553.788 1551.169 1549.108 1546.624 1541.216 1539.162 1538.445 1537.777 1536.997 1536.171 1536.647 1537.306 1537.65 1537.603 1536.785 1532.318 1529.833 1528.084 1526.972 1525.588 1523.533 1520.15 1518.868 1517.373 1515.549 1513.549 1511.268 1510.624 1509.849 1509.059 1508.559 1508.123 1505.971 1505.059 1503.599 1502.116 1501.404 1500.582 1498.024 1496.62 1495.238 1493.927 1492.883
1595.685 1588.603 1586.748 1586.181 1585.219 1583.812 1582.086 1579.141 1577.645 1576.655 1575.974 1574.865 1570.68 1567.826 1565.427 1563.995 1563.218 1562.268 1559.532 1556.013 1553.788 1551.812 1550.128 1548.013 1542.72 1540.613 1539.567 1538.504 1537.83 1536.271 1536.145 1536.684 1537.086 1536.83 1535.685 1531.505 1529.485 1528.125 1527.043 1525.636 1523.833 1519.139 1517.313 1515.753 1514.41 1513.301 1511.063 1510.102 1509.303 1508.545 1507.909 1507.18 1505.497 1504.583 1503.423 1502.577 1501.901 1500.028 1498.574 1496.687 1494.65 1493.167 1492.883
1598.122 1592.53 1590.342 1588.99 1587.42 1585.317 1582.299 1580.73 1579.157 1577.496 1575.74 1574.656 1570.736 1566.876 1563.624 1562.306 1561.315 1560.495 1557.432 1556.013 1552.603 1551.164 1549.813 1546.905 1544.986 1542.042 1539.131 1537.496 1537.095 1535.351 1535.131 1535.005 1534.651 1534.646 1533.621 1530.401 1529.222 1527.986 1526.673 1525.37 1521.585 1519.193 1517.363 1516.242 1515.166 1513.955 1511.681 1510.138 1508.883 1508.119 1507.279 1506.45 1504.798 1503.773 1502.773 1502.168 1502.025 1500.08 1498.077 1495.597 1493.315 1493.167 1491.985
1600.347 1595.809 1593.707 1591.962 1589.746 1587.215 1583.706 1582.074 1579.984 1577.609 1575.345 1573.227 1569.6 1566.234 1562.917 1560.883 1559.706 1558.658 1557.432 1555.239 1552.397 1549.694 1548.717 1549.471 1546.313 1541.335 1538.074 1536.673 1535.918 1533.974 1533.405 1532.227 1530.844 1530.37 1529.518 1529.316 1528.512 1527.588 1526.531 1525.361 1522.008 1520.042 1518.266 1516.551 1515.035 1514.198 1511.963 1510.248 1508.638 1507.698 1506.994 1504.889 1503.985 1503.053 1501.88 1500.746 1500.809 1499.314 1497.112 1494.605 1493.315 1491.884 1490.924
1605.203 1599.226 1597.312 1595.855 1593.139 1590.048 1585.566 1583.599 1581.336 1578.77 1576.333 1574.372 1570.038 1567.038 1563.702 1561.383 1559.694 1557.84 1555.852 1553.603 1551.682 1549.353 1547.582 1549.405 1545.085 1539.677 1537.291 1536.081 1534.922 1532.907 1530.947 1528.398 1526.922 1526.75 1528.073 1528.095 1527.667 1527.137 1526.573 1525.817 1523.137 1521.027 1518.354 1516.011 1515.3 1514.385 1511.98 1510.892 1509.575 1507.953 1505.658 1504.16 1503.271 1502.45 1501.59 1500.466 1499.834 1497.426 1495.599 1494.605 1492.241 1490.672 1489.579
1608.016 1605.29 1602.812 1600.04 1596.832 1593.266 1586.953 1584.555 1582.135 1579.33 1577 1574.822 1569.628 1566.818 1564.2 1561.383 1559.694 1556.926 1555.282 1552.896 1550.51 1548.643 1546.99 1545.885 1541.486 1537.839 1536.451 1535.591 1534.4 1532.096 1529.619 1526.395 1524.547 1525.284 1527.099 1526.798 1526.794 1526.642 1526.274 1525.932 1524.79 1521.641 1517.9 1515.871 1514.981 1514.828 1512.978 1512.376 1510.644 1507.507 1505.509 1503.442 1502.665 1501.947 1501.442 1500.774 1499.085 1496.083 1495.599 1493.633 1491.467 1489.646 1487.446
1612.531 1611.147 1608.756 1604.539 1599.952 1596.014 1588.396 1585.252 1582.729 1580.168 1577.468 1572.482 1570.309 1567.871 1564.2 1561.59 1559.965 1557.395 1555.231 1552.724 1550.724 1549.619 1549.032 1541.959 1538.179 1536.87 1536.023 1534.832 1532.985 1531.613 1529.714 1527.097 1524.73 1524.487 1525.856 1525.872 1525.922 1526.048 1525.972 1525.176 1521.985 1517.819 1514.896 1514.337 1513.986 1513.809 1513.626 1513.076 1510.747 1507.002 1504.934 1502.781 1502.283 1501.735 1501.344 1500.506 1498.246 1496.083 1494.456 1492.631 1490.792 1489.357 1488.523
1615.057 1614.671 1612.477 1608.792 1603.568 1598.61 1590.327 1586.63 1584.052 1581.799 1578.76 1573.999 1571.585 1567.871 1565.223 1562.909 1561.365 1558.051 1555.53 1553.1 1551.606 1550.651 1549.454 1542.4 1538.923 1537.181 1535.816 1534.788 1532.888 1531.522 1529.687 1527.392 1525.322 1524.237 1523.796 1523.699 1523.199 1521.702 1519.508 1518.097 1514.815 1512.776 1511.873 1511.705 1512.049 1510.901 1510.499 1508.993 1506.223 1503.445 1502.098 1501.655 1501.316 1500.947 1500.218 1498.545 1498.246 1494.375 1492.869 1491.385 1490.199 1489.215 1489.422
1615.28 1615.571 1614.684 1611.467 1607.133 1601.981 1593.444 1589.235 1585.835 1583.335 1580.813 1575.032 1571.585 1569.082 1566.674 1564.492 1562.308 1557.57 1555.404 1553.271 1550.788 1548.763 1545.647 1541.931 1538.356 1536.792 1536.183 1535.411 1533.293 1531.811 1529.982 1528.155 1526.618 1525.265 1523.571 1522.277 1520.699 1519.297 1517.89 1515.489 1514.124 1513.206 1512.911 1511.843 1508.923 1505.306 1504.084 1502.953 1501.855 1500.625 1500.68 1500.724 1500.113 1498.432 1500.218 1498.545 1494.011 1492.074 1490.529 1489.388 1488.589 1488.25 1487.856
1615.05 1615.01 1614.345 1613.018 1609.96 1600.586 1596.495 1592.375 1588.398 1585.124 1582.256 1575.032 1572.434 1570.121 1567.928 1565.313 1562.687 1558.08 1555.969 1553.71 1551.284 1549.255 1545.25 1542.689 1540.007 1538.384 1537.441 1536.391 1534.078 1532.607 1530.922 1529.487 1528.384 1527.239 1525.634 1524.734 1523.033 1521.047 1519.98 1517.841 1516.813 1516.244 1515.658 1514.845 1513.544 1508.491 1506.878 1505.523 1503.465 1500.652 1498.695 1497.071 1495.238 1498.432 1496.175 1494.016 1490.611 1489.368 1487.706 1485.989 1484.799 1483.97 1482.032
1614.521 1614.303 1613.722 1612.886 1610.63 1602.823 1599.232 1595.515 1591.064 1586.989 1582.256 1575.919 1573.004 1571.154 1569.489 1566.633 1560.786 1558.873 1556.869 1554.585 1552.269 1550.059 1545.457 1543.275 1541.678 1540.278 1538.833 1537.135 1534.553 1533.33 1532.015 1530.822 1529.39 1526.232 1525.263 1524.584 1523.549 1522.794 1522.361 1520.775 1520.006 1519.28 1518.389 1517.56 1516.337 1513.642 1513.274 1512.344 1510.901 1508.795 1502.222 1498.589 1495.238 1493.082 1491.296 1489.773 1487.636 1486.012 1483.761 1481.852 1480.207 1478.33 1476.455
1613.676 1612.947 1612.096 1610.958 1609.278 1603.991 1601.032 1597.734 1593.509 1586.989 1583.915 1577.28 1574.564 1573.318 1572.235 1569.499 1561.797 1559.539 1558.103 1556.295 1553.384 1550.714 1546.184 1544.377 1542.79 1541.317 1539.731 1537.803 1535.339 1534.538 1533.517 1532.453 1531.078 1527.398 1526.027 1525.621 1525.241 1524.985 1524.787 1524.238 1523.209 1521.889 1521.035 1520.383 1519.632 1518.347 1517.995 1517.319 1516.67 1515.821 1511.259 1498.589 1496 1494.72 1493.515 1491.737 1488.398 1486.93 1484.878 1483.461 1481.599 1478.699 1475.866
1612.216 1610.66 1609.967 1608.826 1607.345 1603.713 1601.469 1597.734 1593.509 1589.104 1585.719 1580.633 1578.724 1577.242 1575.742 1573.171 1565.087 1562.052 1560.214 1558.139 1555.182 1551.53 1547.037 1545.549 1544.011 1542.439 1540.766 1537.434 1536.625 1536.087 1535.157 1534.109 1533.264 1531.357 1530.305 1529.423 1529.217 1528.584 1527.819 1526.526 1525.356 1524.098 1523.189 1522.914 1522.547 1522.406 1522.433 1522.254 1521.751 1520.929 1511.259 1505.437 1501.063 1499.966 1498.526 1496.55 1494.181 1492.45 1490.604 1489.387 1487.864 1482.357 1479.955
1610.55 1608.863 1607.584 1606.485 1605.171 1602.354 1601.469 1598.977 1595.563 1591.067 1584.667 1583.974 1583.604 1582.323 1580.096 1577.284 1570.634 1566.85 1563.5 1560.688 1557.856 1554.018 1548.527 1547.12 1545.63 1544.065 1542.561 1539.479 1538.52 1537.583 1536.349 1535.394 1534.796 1534.797 1534.87 1534.909 1534.662 1532.894 1531.314 1528.527 1527.169 1526.096 1525.502 1525.41 1525.558 1525.505 1525.564 1525.679 1525.676 1520.929 1516.533 1512.834 1509.165 1506.605 1504.221 1501.992 1500.953 1500.33 1498.198 1494.953 1493.088 1488.258 1485.963
1608.478 1606.61 1605.169 1603.831 1602.495 1602.354 1600.824 1598.933 1596.82 1594.459 1587.149 1586.786 1587.398 1587.202 1585.009 1581.84 1576.079 1572.823 1568.761 1564.828 1561.451 1554.221 1550.888 1548.638 1547.083 1545.829 1544.672 1541.989 1540.646 1539.22 1537.499 1536.682 1536.923 1537.589 1538.144 1538.286 1537.489 1536.098 1532.975 1531.211 1529.544 1528.337 1527.544 1527.23 1527.186 1526.865 1526.973 1526.849 1525.676 1525.467 1520.726 1516.914 1514.581 1513.179 1510.549 1508.339 1508.106 1506.968 1503.549 1499.623 1497.875 1493.197 1491.701
1604.696 1603.428 1602.324 1601.068 1601.24 1599.965 1598.622 1597.091 1595.21 1593.051 1589 1588.287 1588.392 1588.325 1587.454 1585.704 1581.152 1578.021 1574.404 1570.366 1566.238 1558.715 1554.865 1551.532 1549.182 1547.796 1546.893 1544.97 1543.878 1542.901 1541.581 1540.301 1539.686 1539.703 1539.891 1539.674 1538.633 1537.571 1534.521 1533.231 1531.916 1530.487 1529.431 1528.777 1527.781 1527.383 1526.973 1526.849 1526.515 1525.905 1523.333 1520.265 1517.097 1514.977 1514.315 1514.208 1514.13 1512.381 1508.469 1504.696 1502.636 1498.002 1496.949
1600.077 1599.737 1599.078 1601.068 1598.542 1597.344 1595.866 1594.076 1592.117 1590.054 1587.475 1587.303 1587.294 1587.254 1587.158 1587.012 1585.488 1582.543 1578.759 1575.273 1571.747 1563.967 1560.53 1557.068 1553.743 1551.128 1549.245 1548.135 1547.945 1547.649 1547.088 1545.852 1542.992 1541.847 1541.149 1540.356 1539.464 1538.375 1535.952 1534.856 1533.632 1532.065 1530.76 1529.665 1527.874 1527.383 1527.1 1526.828 1525.992 1524.277 1523.153 1521.077 1518.701 1517.173 1516.152 1515.374 1514.879 1514.287 1513.052 1510.572 1507.516 1501.656 1500.784
1595.285 1595.825 1599.078 1598.083 1595.695 1594.211 1592.519 1590.603 1588.446 1586.676 1584.947 1584.711 1584.432 1584.259 1584.271 1584.932 1585.356 1584.244 1580.828 1577.084 1575.558 1569.727 1566.368 1563.042 1559.876 1556.858 1554.026 1551.365 1551.498 1551.285 1550.558 1549.345 1545.601 1543.615 1542.14 1541.177 1540.293 1539.486 1537.362 1536.192 1534.944 1533.406 1531.414 1529.988 1527.874 1527.269 1526.745 1525.898 1525.056 1523.457 1522.45 1521.124 1519.619 1518.27 1517.223 1515.641 1515.112 1514.656 1514.178 1513.537 1511.778 1505.797 1504.467
1589.635 1595.825 1595.517 1594.755 1592.359 1590.873 1589.209 1587.418 1585.653 1584.202 1581.742 1580.759 1580.101 1579.875 1580.035 1580.992 1581.327 1581.239 1579.768 1577.424 1576.959 1574.436 1571.617 1568.255 1564.923 1561.745 1556.994 1555.061 1553.905 1553.041 1551.46 1549.601 1545.875 1544.072 1542.518 1541.275 1540.477 1540.328 1538.174 1536.996 1535.47 1533.45 1531.475 1528.757 1527.682 1526.442 1525.318 1524.738 1524.09 1522.594 1521.786 1520.846 1519.841 1518.817 1517.706 1515.697 1514.469 1513.671 1513.659 1513.476 1511.033 1508.287 1506.641
1589.635 1591.449 1591.952 1591.269 1589.26 1587.816 1586.235 1584.662 1583.31 1580.38 1578.583 1576.645 1575.189 1574.908 1575.786 1577.045 1577.497 1577.737 1577.734 1577.595 1577.105 1576.307 1575.217 1572.456 1568.666 1565.152 1560.098 1557.358 1555.213 1553.419 1551.107 1549.308 1545.919 1543.701 1541.843 1540.414 1539.557 1538.937 1538.038 1536.965 1535.491 1533.233 1531.475 1528.265 1527.018 1525.808 1524.767 1523.94 1523.001 1521.801 1521.166 1520.448 1519.654 1518.844 1517.931 1515.25 1513.541 1512.455 1512.189 1511.746 1510.583 1508.958 1507.402
1586.397 1588.369 1588.937 1588.402 1586.262 1584.886 1583.398 1581.991 1580.653 1577.447 1575.694 1573.815 1572.311 1571.874 1572.202 1573.454 1574.087 1574.808 1575.459 1575.528 1574.971 1575.141 1575.002 1573.269 1569.717 1565.708 1560.835 1557.856 1554.864 1552.619 1550.893 1549.079 1546.583 1543.48 1539.67 1538.113 1537.543 1537.08 1536.75 1535.889 1534.395 1533.233 1530.524 1527.125 1526.054 1525.105 1524.239 1523.401 1522.661 1521.447 1520.72 1520.021 1519.321 1518.519 1516.654 1515.106 1513.641 1512.854 1512.317 1511.736 1511.288 1510.372 1508.153
1585.222 1586.76 1586.755 1584.486 1583.232 1581.855 1580.611 1579.327 1578.121 1575.291 1573.636 1571.858 1570.549 1570.036 1569.203 1570.058 1570.482 1571.318 1572.026 1571.98 1571.412 1571.56 1571.594 1570.986 1568.805 1565.427 1560.583 1558.627 1555.593 1552.272 1550.65 1548.492 1544.315 1541.556 1538.37 1536.8 1536.392 1535.776 1535.34 1534.909 1534.395 1532.204 1528.936 1525.158 1524.613 1524.318 1523.69 1523.117 1522.788 1521.48 1520.52 1519.529 1518.657 1517.75 1516.225 1515.424 1514.534 1513.741 1513.303 1513.189 1512.952 1512.147 1509.989
1583.322 1584.437 1584.154 1582.083 1580.253 1578.597 1577.64 1576.557 1575.746 1573.225 1571.933 1570.521 1568.722 1566.801 1565.292 1566.181 1566.512 1567.01 1567.395 1567.538 1567.02 1566.593 1566.506 1566.54 1566.028 1564.473 1560.055 1558.329 1555.911 1552.437 1549.779 1548.062 1546.365 1543.602 1539.702 1537.788 1536.871 1535.513 1535.34 1534.909 1534.049 1532.179 1530.212 1525.862 1525.07 1524.522 1524.033 1523.675 1522.861 1521.947 1520.489 1518.715 1517.059 1516.328 1515.341 1514.915 1514.516 1514.097 1513.737 1513.602 1513.697 1513.382 1511.51
1578.302 1580.929 1581.198 1578.468 1576.648 1575.369 1574.627 1573.861 1573.033 1571.096 1569.783 1568.221 1566.122 1563.411 1561.85 1562.42 1562.624 1562.608 1562.646 1562.959 1562.908 1561.966 1561.682 1562.63 1563.15 1562.449 1559.541 1559.056 1557.551 1554.467 1551.2 1549.001 1547.578 1545.217 1542.815 1540.528 1538.573 1535.513 1535.141 1534.744 1534.017 1532.582 1530.85 1527.534 1526.467 1525.681 1525.264 1524.824 1523.519 1522.307 1520.622 1518.143 1515.282 1514.006 1513.746 1513.826 1513.816 1513.667 1513.555 1513.524 1514.049 1513.824 1511.752
