var/www/cgi-bin/BAERTOOLS/ravel/working/ravel-12200.DEM
NCOLS 39
NROWS 160
XLLCORNER 616853.99
YLLCORNER 4620195.4
CELLSIZE 10
NODATA_VALUE -9999
[rows 92 to 137 of 160, columns 0 to 38 of 39]
1477.608 1478.074 1478.149 1478.158 1478.041 1478.026 1477.898 1477.347 1476.938 1476.608 1476.406 1476.449 1476.604 1476.884 1477.138 1477.201 1477.24 1477.267 1477.217 1477.188 1477.116 1476.812 1476.636 1476.439 1475.445 1475.139 1474.84 1474.135 1473.706 1473.314 1472.933 1471.883 1471.244 1470.294 1468.538 1467.486 1466.352 1464.302 1464.051
1478.01 1478.259 1478.311 1478.25 1478.197 1478.125 1477.962 1477.334 1476.857 1476.435 1476.377 1476.695 1476.871 1477.149 1477.282 1477.336 1477.293 1477.287 1477.264 1477.154 1477.055 1476.728 1476.542 1476.434 1475.38 1474.984 1474.734 1474.141 1473.626 1473.172 1472.789 1471.781 1471.053 1470.294 1468.538 1467.494 1466.198 1465.08 1464.067
1478.469 1478.509 1478.524 1478.502 1478.354 1478.216 1478.06 1477.404 1477.071 1476.824 1476.751 1477.032 1477.235 1477.377 1477.415 1477.427 1477.337 1477.275 1477.189 1476.988 1476.758 1476.53 1476.433 1476.236 1475.36 1475.115 1474.936 1474.515 1473.795 1473.313 1472.909 1471.844 1471.169 1470.492 1468.677 1467.494 1467.124 1466.055 1464.377
1478.901 1478.77 1478.715 1478.72 1478.543 1478.366 1478.147 1477.729 1477.535 1477.383 1477.295 1477.447 1477.572 1477.599 1477.554 1477.477 1477.442 1477.321 1477.093 1476.767 1476.475 1476.245 1476.209 1475.923 1475.69 1475.629 1475.365 1475.099 1474.133 1473.563 1473.061 1472.272 1471.724 1471.1 1469.277 1468.181 1467.124 1466.055 1465.072
1479.245 1479.1 1479.082 1479.017 1478.79 1478.56 1478.386 1478.284 1478.032 1477.978 1477.836 1477.862 1477.867 1477.812 1477.648 1477.52 1477.481 1477.385 1476.926 1476.547 1476.353 1476.067 1476.04 1476.02 1476.241 1476.348 1476.179 1475.916 1474.53 1473.909 1473.401 1472.701 1472.254 1471.704 1470.486 1469.525 1468.454 1466.952 1465.072
1479.541 1479.484 1479.41 1479.333 1479.017 1478.862 1478.78 1478.712 1478.431 1478.383 1478.288 1478.155 1478.099 1478.025 1477.785 1477.604 1477.537 1477.439 1476.811 1476.49 1476.329 1476.25 1476.211 1476.225 1476.518 1476.563 1476.523 1476.228 1474.777 1474.141 1473.814 1473.155 1472.972 1472.756 1472.419 1471.994 1470.68 1468.859 1465.148
1479.949 1479.795 1479.698 1479.545 1479.361 1479.255 1479.106 1478.959 1478.828 1478.674 1478.53 1478.432 1478.285 1478.153 1477.896 1477.772 1477.637 1477.433 1476.905 1476.668 1476.56 1476.546 1476.492 1476.457 1476.611 1476.621 1476.484 1476.277 1475.021 1474.503 1474.277 1473.833 1473.775 1473.884 1474.307 1475.238 1473.518 1471.664 1466.957
1480.26 1480.163 1480.014 1479.927 1479.724 1479.564 1479.407 1479.237 1479.148 1478.989 1478.895 1478.643 1478.48 1478.323 1478.034 1477.899 1477.738 1477.563 1477.1 1476.895 1476.792 1476.637 1476.585 1476.504 1476.519 1476.619 1476.478 1476.328 1475.323 1474.868 1474.671 1474.512 1474.574 1474.974 1476.051 1476.407 1475.37 1473.707 1470.24
1480.656 1480.464 1480.319 1480.245 1480.088 1479.939 1479.715 1479.614 1479.455 1479.289 1479.153 1478.834 1478.686 1478.525 1478.315 1477.989 1477.834 1477.633 1477.188 1476.95 1476.645 1476.457 1476.459 1476.432 1476.47 1476.543 1476.542 1476.481 1475.749 1475.222 1475.078 1475.026 1475.276 1475.844 1476.318 1476.797 1476.596 1475.671 1473.209
1480.98 1480.822 1480.706 1480.558 1480.548 1480.273 1480.121 1480.039 1479.695 1479.584 1479.358 1479.097 1478.894 1478.733 1478.502 1478.155 1477.93 1477.703 1477.173 1476.774 1476.439 1476.386 1476.385 1476.391 1476.426 1476.47 1476.537 1476.463 1476.016 1475.533 1475.38 1475.586 1475.954 1476.369 1476.568 1476.83 1476.772 1476.657 1475.065
1481.381 1481.117 1481.047 1480.955 1480.802 1480.587 1480.441 1480.365 1479.953 1479.813 1479.647 1479.26 1478.991 1478.845 1478.627 1478.208 1478.026 1477.735 1477.122 1476.62 1476.404 1476.387 1476.372 1476.331 1476.325 1476.384 1476.464 1476.432 1475.948 1475.762 1475.726 1476.251 1476.398 1476.526 1476.775 1476.941 1476.927 1476.811 1475.685
1481.691 1481.487 1481.347 1481.271 1481.194 1480.893 1480.735 1480.583 1480.222 1480.011 1479.858 1479.45 1479.268 1479.031 1478.727 1478.322 1478.046 1477.804 1477.071 1476.652 1476.399 1476.39 1476.348 1476.229 1476.232 1476.082 1476.084 1476.093 1475.874 1475.954 1476.21 1476.367 1476.654 1476.847 1476.997 1477.066 1477.028 1476.951 1475.963
1482.004 1481.794 1481.66 1481.573 1481.417 1481.208 1481.045 1480.887 1480.532 1480.288 1480.061 1479.601 1479.373 1479.144 1478.906 1478.425 1478.114 1477.827 1477.079 1476.779 1476.543 1476.412 1476.258 1476.111 1476.057 1475.883 1475.88 1475.886 1475.868 1476.012 1476.376 1476.462 1476.936 1477.113 1477.232 1477.203 1477.128 1477.079 1476.435
1482.407 1482.154 1482.045 1481.892 1481.809 1481.472 1481.248 1481.091 1480.783 1480.605 1480.364 1480.052 1479.647 1479.332 1479.03 1478.526 1478.193 1477.821 1477.191 1476.891 1476.61 1476.426 1476.226 1476.083 1476.002 1475.884 1475.885 1475.885 1476.028 1476.29 1476.441 1476.631 1477.125 1477.251 1477.329 1477.274 1477.286 1477.248 1476.776
1482.619 1482.54 1482.352 1482.202 1482.115 1481.778 1481.552 1481.396 1481.05 1480.782 1480.474 1480.229 1479.749 1479.427 1479.121 1478.627 1478.295 1477.909 1477.125 1476.707 1476.43 1476.384 1476.2 1475.98 1475.9 1475.893 1475.908 1475.857 1476.195 1476.444 1476.561 1476.825 1477.232 1477.406 1477.44 1477.463 1477.438 1477.307 1476.855
1482.945 1482.848 1482.705 1482.59 1482.35 1482.135 1481.95 1481.713 1481.24 1481.004 1480.768 1480.539 1479.971 1479.714 1479.33 1478.678 1478.293 1477.906 1476.98 1476.58 1476.397 1476.383 1476.158 1476.101 1476.015 1476.119 1476.247 1476.166 1476.288 1476.433 1476.663 1477.021 1477.398 1477.56 1477.556 1477.507 1477.399 1477.234 1477.061
1483.34 1483.183 1483.077 1482.892 1482.663 1482.393 1482.168 1482.005 1481.428 1481.237 1481.067 1480.766 1480.135 1479.832 1479.522 1478.756 1478.371 1477.982 1477.04 1476.606 1476.394 1476.376 1476.345 1476.402 1476.38 1476.427 1476.587 1476.431 1476.358 1476.514 1476.835 1477.23 1477.549 1477.581 1477.582 1477.472 1477.348 1477.235 1477.012
1483.664 1483.591 1483.303 1483.213 1483.06 1482.694 1482.458 1482.215 1481.695 1481.523 1481.269 1480.959 1480.414 1480.01 1479.625 1478.951 1478.562 1478.159 1477.614 1476.968 1476.613 1476.595 1476.745 1476.807 1476.801 1476.801 1476.808 1476.674 1476.438 1476.786 1477.119 1477.45 1477.678 1477.718 1477.718 1477.516 1477.411 1477.285 1477.037
1483.664 1483.969 1483.678 1483.517 1483.358 1482.943 1482.765 1482.528 1482.295 1481.793 1481.471 1481.16 1480.537 1480.225 1479.915 1479.251 1478.853 1478.458 1478.061 1477.344 1477.189 1477.108 1477.117 1477.115 1477.116 1477.099 1477.113 1477.154 1477.096 1477.193 1477.42 1477.744 1477.826 1477.837 1477.773 1477.6 1477.493 1477.279 1477.011
1484.062 1483.969 1483.678 1483.837 1483.678 1483.311 1483.064 1482.831 1482.596 1482.057 1481.674 1481.359 1480.846 1480.531 1480.217 1479.43 1479.098 1478.855 1478.47 1477.882 1477.818 1477.738 1477.554 1477.597 1477.521 1477.541 1477.58 1477.592 1477.651 1477.707 1477.871 1478.01 1478.067 1478.007 1477.982 1477.739 1477.562 1477.263 1476.953
1484.351 1484.204 1484.003 1483.837 1483.678 1483.604 1483.369 1483.138 1482.91 1482.218 1481.984 1481.674 1481.042 1480.729 1480.418 1479.853 1479.559 1479.176 1478.927 1478.482 1478.33 1478.173 1477.969 1478.02 1477.933 1478.012 1478.111 1478.1 1478.174 1478.219 1478.284 1478.225 1478.336 1478.296 1478.23 1478.148 1477.626 1477.308 1477.006
1484.686 1484.593 1484.399 1484.238 1484.077 1483.604 1483.672 1483.44 1483.209 1482.602 1482.286 1481.975 1481.349 1481.036 1480.724 1480.153 1479.89 1479.582 1479.341 1478.897 1478.74 1478.58 1478.447 1478.422 1478.343 1478.402 1478.466 1478.53 1478.536 1478.626 1478.619 1478.599 1478.486 1478.442 1478.417 1478.299 1477.814 1477.534 1477.17
1485.099 1484.955 1484.707 1484.532 1484.373 1483.907 1483.672 1483.44 1483.497 1482.901 1482.589 1482.278 1481.653 1481.334 1481.023 1480.784 1480.29 1479.982 1479.744 1479.415 1479.252 1479.095 1478.917 1478.864 1478.855 1478.782 1478.75 1478.75 1478.74 1478.89 1478.947 1478.934 1478.758 1478.712 1478.707 1478.567 1478.133 1477.917 1477.501
1485.486 1485.415 1485.065 1484.852 1484.676 1484.467 1483.991 1483.742 1483.497 1482.901 1482.875 1482.566 1481.95 1481.607 1481.231 1480.977 1480.473 1480.188 1480.032 1479.653 1479.544 1479.313 1479.136 1479.051 1478.977 1478.963 1479.063 1479.068 1479.139 1479.109 1479.075 1479.143 1479.087 1479.008 1478.925 1478.769 1478.415 1478.259 1478.115
1485.842 1485.732 1485.435 1485.251 1485.01 1484.836 1484.364 1484.036 1483.716 1483.205 1482.875 1482.566 1482.137 1481.828 1481.522 1481.208 1480.599 1480.39 1480.229 1479.803 1479.671 1479.599 1479.384 1479.275 1479.28 1479.279 1479.276 1479.269 1479.271 1479.318 1479.268 1479.348 1479.29 1479.231 1479.217 1479.124 1478.935 1478.832 1478.677
1486.326 1486.19 1485.839 1485.671 1485.452 1485.193 1484.634 1484.34 1484.028 1483.459 1483.079 1482.758 1482.137 1482.006 1481.685 1481.378 1480.789 1480.56 1480.325 1479.956 1479.765 1479.687 1479.481 1479.485 1479.486 1479.485 1479.41 1479.477 1479.475 1479.574 1479.556 1479.56 1479.629 1479.607 1479.535 1479.521 1479.332 1479.198 1479.166
1486.776 1486.666 1486.258 1486.085 1485.897 1485.592 1484.901 1484.614 1484.332 1483.685 1483.357 1482.965 1482.319 1482.006 1481.685 1481.357 1480.754 1480.533 1480.304 1479.875 1479.762 1479.676 1479.528 1479.485 1479.485 1479.485 1479.559 1479.688 1479.686 1479.778 1479.795 1479.865 1479.873 1479.858 1479.85 1479.843 1479.707 1479.692 1479.688
1487.234 1487.068 1486.733 1486.497 1486.219 1485.906 1485.298 1484.896 1484.575 1483.879 1483.546 1483.139 1482.758 1482.053 1481.681 1481.357 1480.754 1480.418 1480.189 1479.814 1479.719 1479.565 1479.488 1479.486 1479.485 1479.487 1479.625 1479.702 1479.78 1479.885 1479.905 1479.976 1479.976 1480.07 1480.07 1480.14 1480.129 1480.125 1480.114
1487.688 1487.526 1487.367 1486.962 1486.637 1486.327 1485.598 1485.261 1484.744 1484.074 1483.702 1483.256 1482.911 1482.073 1481.761 1481.388 1480.655 1480.418 1480.051 1479.627 1479.468 1479.353 1479.355 1479.485 1479.479 1479.473 1479.551 1479.703 1479.775 1479.876 1480.017 1480.09 1480.166 1480.237 1480.367 1480.366 1480.443 1480.449 1480.521
1488.098 1487.947 1487.795 1487.307 1486.999 1486.699 1485.836 1485.381 1485.041 1484.203 1483.804 1483.422 1482.951 1482.139 1481.729 1481.433 1480.642 1480.286 1480.051 1479.627 1479.074 1479.122 1479.204 1479.369 1479.337 1479.266 1479.417 1479.487 1479.572 1479.835 1479.934 1480.095 1480.249 1480.523 1480.588 1480.66 1480.909 1480.944 1480.941
1488.449 1488.239 1488.079 1487.653 1487.293 1486.913 1486.043 1485.631 1485.265 1484.376 1483.914 1483.475 1483.017 1482.136 1481.629 1481.266 1480.387 1480.009 1479.68 1479.197 1479.074 1479.122 1478.757 1479.097 1479.026 1479.045 1479.31 1479.38 1479.472 1479.696 1479.963 1480.209 1480.444 1480.66 1480.796 1480.872 1481.231 1481.286 1481.351
1488.707 1488.554 1488.398 1487.943 1487.491 1487.055 1486.263 1485.833 1485.4 1484.524 1484.01 1483.491 1483.002 1482.068 1481.572 1480.997 1479.957 1479.437 1478.938 1478.594 1478.477 1478.604 1478.757 1479.097 1478.736 1478.811 1479.007 1479.144 1479.241 1479.386 1479.975 1480.192 1480.354 1480.769 1480.937 1481.166 1481.473 1481.626 1481.765
1488.884 1488.745 1488.597 1487.979 1487.521 1487.142 1486.378 1485.963 1485.507 1485.079 1484.078 1483.581 1483.042 1482.012 1481.404 1480.768 1479.237 1478.406 1477.614 1477.314 1477.234 1477.486 1478.182 1478.644 1478.736 1478.401 1478.407 1478.478 1478.737 1478.997 1479.672 1480.015 1480.417 1480.868 1481.062 1481.37 1481.849 1482.019 1482.09
1488.917 1488.842 1488.693 1488.058 1487.558 1487.174 1486.445 1486.067 1485.59 1485.163 1484.244 1483.717 1483.145 1481.947 1481.224 1480.446 1478.388 1477.23 1476.337 1476.271 1476.224 1476.406 1477.451 1478.293 1478.401 1478.401 1478.407 1477.33 1477.519 1477.971 1479.336 1479.832 1480.303 1480.966 1481.282 1481.585 1482.051 1482.284 1482.501
1488.886 1488.865 1488.727 1488.195 1487.649 1487.272 1486.439 1486.057 1485.684 1485.265 1484.345 1483.873 1483.286 1481.967 1481.176 1480.196 1477.788 1476.759 1476.441 1476.373 1476.379 1476.628 1477.332 1477.908 1478.001 1477.906 1477.303 1477.33 1477.519 1477.041 1478.821 1479.658 1480.217 1481.078 1481.406 1481.795 1482.117 1482.672 1482.824
1488.973 1488.93 1488.728 1488.282 1487.815 1487.38 1486.516 1486.155 1485.716 1485.332 1484.469 1483.967 1483.475 1482.036 1481.232 1480.23 1478.101 1477.349 1476.892 1476.593 1476.575 1476.913 1477.451 1477.742 1477.627 1477.14 1476.473 1476.382 1476.388 1477.041 1478.821 1479.515 1480.217 1481.132 1481.548 1482.012 1482.413 1482.913 1483.141
1488.99 1488.954 1488.73 1488.314 1487.884 1487.417 1486.645 1486.244 1485.869 1485.486 1484.607 1484.107 1483.605 1482.225 1481.498 1480.654 1479.677 1478.242 1477.779 1477.441 1477.306 1477.513 1477.806 1477.786 1477.478 1476.912 1476.492 1476.387 1476.362 1476.369 1478.58 1479.515 1480.237 1481.329 1481.788 1482.238 1482.623 1483.338 1483.557
1488.985 1488.888 1488.714 1488.215 1487.801 1487.393 1487.083 1486.388 1486.077 1485.685 1484.801 1484.287 1483.779 1482.611 1481.99 1481.362 1480.539 1479.338 1478.976 1478.652 1478.36 1478.341 1478.369 1478.039 1477.714 1477.176 1476.64 1476.366 1476.414 1476.688 1478.51 1479.461 1480.237 1481.329 1482.114 1482.565 1482.953 1483.573 1483.869
1488.915 1488.87 1488.709 1488.154 1487.774 1487.456 1487.141 1486.515 1486.206 1485.92 1485.094 1484.6 1484.186 1483.162 1482.691 1482.135 1481.508 1480.587 1480.161 1479.836 1479.429 1479.25 1478.974 1478.404 1477.968 1477.455 1476.788 1476.378 1476.608 1477.097 1478.631 1479.548 1480.375 1481.672 1482.114 1482.565 1483.25 1483.894 1484.207
1488.86 1488.79 1488.697 1488.257 1487.841 1487.478 1487.211 1486.69 1486.44 1486.213 1485.534 1485.149 1484.703 1483.765 1483.343 1482.831 1482.405 1481.671 1481.286 1481.006 1480.521 1480.198 1479.784 1478.939 1478.45 1477.876 1477.208 1476.634 1477.02 1477.589 1479.022 1479.897 1480.655 1481.429 1482.427 1482.865 1483.25 1483.894 1484.606
1488.846 1488.768 1488.689 1488.118 1487.808 1487.547 1487.362 1486.988 1486.738 1486.498 1485.972 1485.625 1485.2 1484.441 1484.037 1483.672 1483.365 1482.664 1482.357 1482.085 1481.497 1481.148 1480.754 1480.361 1479.318 1478.762 1478.27 1477.714 1477.908 1478.43 1479.702 1480.39 1481.118 1481.783 1482.724 1483.108 1483.487 1484.266 1484.606
1488.891 1488.847 1488.694 1488.102 1487.786 1487.644 1487.552 1487.244 1487.118 1486.939 1486.449 1486.126 1485.778 1485.406 1484.784 1484.472 1484.151 1483.62 1483.367 1483.042 1482.526 1482.168 1481.771 1481.417 1480.495 1480.05 1479.682 1479.379 1479.403 1479.631 1480.682 1481.144 1481.65 1482.151 1483.124 1483.57 1483.932 1484.642 1484.924
1488.889 1488.849 1488.687 1488.53 1487.947 1487.808 1487.725 1487.727 1487.63 1487.462 1486.823 1486.483 1486.238 1485.957 1485.516 1485.177 1484.899 1484.522 1484.342 1484.061 1483.497 1483.193 1482.839 1482.484 1481.719 1481.42 1481.137 1480.845 1480.872 1480.979 1481.548 1481.96 1482.242 1482.677 1483.616 1484.01 1484.33 1485.018 1485.254
1488.943 1488.857 1488.766 1488.619 1488.286 1488.196 1488.1 1488.132 1487.973 1487.867 1487.316 1486.992 1486.725 1486.423 1486.068 1485.898 1485.707 1485.448 1485.273 1485.076 1484.511 1484.275 1483.903 1483.545 1482.921 1482.647 1482.412 1482.12 1482.1 1482.134 1482.425 1482.691 1482.982 1483.387 1483.984 1484.29 1484.653 1485.348 1485.625
1488.93 1488.967 1488.867 1488.703 1488.509 1488.455 1488.512 1488.521 1488.498 1488.469 1488.03 1487.657 1487.092 1486.862 1486.683 1486.641 1486.523 1486.33 1486.205 1486.04 1485.604 1485.341 1484.975 1484.615 1484.005 1483.767 1483.49 1483.179 1483.118 1483.107 1483.127 1483.471 1483.69 1483.922 1484.511 1484.791 1485.09 1485.652 1485.923
1488.983 1488.984 1488.978 1488.971 1488.709 1488.653 1488.665 1488.67 1488.681 1488.687 1488.242 1487.77 1487.477 1487.306 1487.184 1487.235 1487.266 1487.178 1487.065 1486.884 1486.767 1486.381 1486.049 1485.644 1485.019 1484.722 1484.397 1484.069 1483.987 1483.981 1483.919 1484.196 1484.403 1484.507 1485.001 1485.227 1485.503 1486.12 1486.36
