var/www/cgi-bin/BAERTOOLS/ravel/working/ravel-13933.DEM
NCOLS 92
NROWS 90
XLLCORNER 452078.49
YLLCORNER 3782565.4
CELLSIZE 10
NODATA_VALUE -9999
[rows 0 to 27 of 90, columns 0 to 62 of 92]
1062.666 1056.298 1050.758 1039.386 1033.438 1026.914 1019.991 1013.071 999.7679 991.9728 987.2931 987.4357 990.6797 995.5126 1008.894 1015.787 1021.825 1026.367 1029.284 1032.084 1038.484 1042.113 1045.324 1047.761 1049.141 1049.904 1051.563 1051.805 1052.551 1055.122 1059.486 1064.448 1075.53 1082.045 1087.808 1092.135 1095.137 1096.875 1098.231 1098.854 1099.445 1100.103 1100.837 1102.124 1102.703 1104.06 1106.254 1108.979 1112.463 1121.875 1128.081 1134.569 1140.742 1148.922 1159.68 1167.378 1171.363 1177.603 1184.599 1190.022 1195.13 1202.908 1206.442
1067.518 1059.408 1053.96 1042.481 1035.981 1028.485 1020.589 1013.072 1000.515 993.4572 987.8873 985.7513 987.3836 991.928 1003.882 1010.399 1016.453 1020.846 1023.382 1025.458 1030.918 1033.294 1035.762 1038.283 1039.928 1040.55 1041.744 1041.785 1042.305 1045.61 1052.046 1058.89 1070.721 1076.999 1082.484 1086.497 1089.218 1091.498 1091.9 1092.189 1092.476 1092.826 1093.185 1094.097 1095.473 1098.073 1100.997 1103.974 1108.232 1121.083 1128.221 1134.956 1141.101 1148.975 1159.86 1168.718 1173.736 1179.893 1185.925 1191.06 1195.876 1203.21 1206.745
1072.059 1062.73 1056.512 1044.099 1037.196 1029.666 1021.598 1013.914 1001.313 995.4139 989.8183 985.3963 984.5173 987.8694 997.7826 1003.011 1008.201 1011.816 1013.631 1015.585 1020.419 1023.039 1025.825 1028.043 1029.374 1030.147 1031.248 1031.912 1034.611 1040.242 1047.312 1054.099 1065.65 1071.868 1077.018 1080.574 1082.91 1084.748 1084.869 1084.743 1084.568 1084.42 1084.425 1085.538 1087.501 1091.831 1096.646 1101.193 1107.508 1121.898 1129.086 1135.849 1142.487 1150.569 1160.514 1170.693 1175.921 1181.605 1187.155 1192.228 1196.836 1203.753 1207.396
1071.03 1065.403 1059.427 1045.959 1038.654 1031.019 1023.638 1016.818 1004.281 999.6537 994.3947 988.4881 984.0746 982.9703 990.981 994.9475 998.8875 1002.322 1004.802 1006.482 1010.683 1013.121 1015.602 1017.74 1019.305 1020.474 1022.586 1024.777 1029.396 1035.895 1042.491 1049.089 1059.77 1065.172 1070.294 1073.863 1075.369 1076.733 1076.509 1076.182 1075.885 1075.512 1075.497 1079.993 1084.065 1089.641 1095.607 1101.54 1108.849 1123.636 1130.568 1137.276 1144.512 1152.857 1161.428 1172.566 1177.757 1183.03 1188.386 1193.419 1197.673 1204.453 1208.035
1063.18 1062.974 1060.125 1048.177 1040.938 1033.386 1026.88 1020.726 1009.722 1005.233 1000.657 994.7575 987.3835 981.4922 984.416 987.596 990.5972 993.8345 996.8203 999.3286 1003.857 1005.642 1007.266 1008.857 1010.404 1011.78 1015.172 1019.715 1025.74 1031.463 1036.966 1042.781 1053.9 1058.484 1062.699 1065.718 1067.197 1068.652 1068.311 1067.27 1066.225 1066.812 1069.564 1078.914 1085.257 1091.233 1097.234 1103.737 1111.106 1126.237 1133.036 1139.433 1146.51 1154.759 1162.472 1174.026 1179.138 1184.333 1189.705 1194.73 1198.569 1205.154 1208.746
1052.984 1054.02 1053.287 1050.203 1043.68 1036.237 1030.241 1024.351 1013.992 1009.327 1004.964 999.4795 992.2538 985.0143 978.5373 980.2158 983.0098 986.1526 988.9608 991.4026 996.2704 998.5305 1000.192 1001.184 1001.91 1002.766 1009.982 1016.483 1022.564 1027.894 1032.515 1037.107 1048.211 1052.399 1055.308 1057.495 1058.965 1060.635 1060.73 1060.035 1059.843 1062.559 1068.162 1080.556 1087.324 1093.355 1099.521 1106.375 1113.751 1128.914 1135.521 1141.537 1148.293 1156.246 1163.461 1175.374 1180.337 1185.582 1191.059 1196.033 1199.507 1206.074 1209.632
1042.007 1042.468 1046.401 1046.871 1043.48 1038.348 1033.028 1027.227 1017.458 1012.666 1007.889 1002.979 996.7662 988.6544 976.3445 975.1392 976.8748 979.3757 981.9726 984.3095 988.6274 990.7742 992.6477 994.0773 995.2443 996.7404 1006.472 1013.37 1019.012 1024.134 1028.612 1032.593 1042.016 1045.742 1048.427 1050.319 1051.032 1051.901 1051.923 1054.044 1058.138 1063.12 1069.382 1082.957 1089.508 1095.589 1101.891 1108.863 1116.569 1130.957 1137.256 1143.275 1149.994 1157.5 1164.279 1176.221 1181.522 1186.896 1192.25 1197.025 1200.345 1207.085 1210.533
1031.71 1031.752 1035.372 1037.445 1038.1 1037.233 1033.83 1028.649 1020.057 1015.345 1010.767 1006.258 1000.824 993.2033 978.4938 974.6773 973.5662 974.381 976.453 978.5158 982.3734 984.0764 985.9141 987.7587 989.6823 992.6405 1002.636 1008.615 1014.025 1018.985 1023.794 1032.285 1036.142 1039.505 1041.773 1042.943 1043.701 1045.84 1047.708 1052.4 1058.838 1064.913 1071.397 1085.279 1091.607 1097.817 1104.231 1111.13 1118.883 1132.47 1138.709 1144.949 1151.619 1158.561 1164.886 1176.98 1182.618 1188.008 1193.121 1197.611 1201.068 1208.028 1211.197
1022.689 1023.035 1025.86 1028.52 1030.713 1031.971 1031.518 1029.073 1021.855 1017.52 1013.452 1009.223 1004.393 998.4116 982.8916 976.9939 973.2532 971.8638 972.1794 973.8615 976.918 977.9722 979.1957 981.4787 984.7305 988.3986 997.8564 1002.789 1007.811 1012.846 1017.84 1027.564 1030.721 1033.112 1034.774 1035.827 1036.912 1041.135 1046.801 1053.509 1060.176 1066.759 1073.513 1087.393 1093.32 1099.582 1106.417 1113.351 1120.462 1133.77 1140.004 1146.27 1152.851 1159.443 1165.476 1177.293 1182.956 1188.433 1193.569 1197.976 1205.486 1208.734 1211.41
1015.484 1015.782 1016.232 1019.032 1022.491 1025.478 1027.691 1028.122 1023.171 1019.293 1015.688 1012.248 1008.189 1002.818 987.8359 980.9771 975.9081 972.3729 970.0972 969.6227 972.0769 972.863 973.9938 976.3455 979.9707 983.8794 992.7479 997.0219 1001.672 1006.611 1011.52 1021.271 1024.673 1027.045 1027.912 1027.527 1028.697 1039.461 1047.157 1054.901 1061.82 1068.796 1075.882 1089.292 1094.752 1101.18 1108.365 1115.127 1121.639 1135.007 1141.134 1147.224 1153.746 1160.239 1165.883 1177.266 1182.731 1188.341 1193.637 1198.133 1206.014 1209.155 1211.272
1007.734 1008.444 1007.663 1008.786 1012.787 1017.451 1020.657 1022.812 1022.314 1019.786 1017.32 1015.165 1012.201 1007.501 993.6541 986.3875 980.3829 975.5788 971.8386 968.7706 966.9425 967.7476 968.8212 971.1083 974.8074 979.0098 987.0279 991.1168 995.5066 1000.325 1005.172 1014.905 1018.019 1019.193 1020.074 1021.605 1024.621 1039.958 1048.433 1056.452 1063.833 1071.099 1078.431 1091.006 1096.169 1102.613 1109.658 1116.115 1122.685 1136.14 1142.156 1148.031 1154.061 1160.163 1165.634 1176.869 1182.478 1188.084 1193.363 1197.952 1206.453 1209.286 1210.628
1000.156 1001.409 1000.086 999.7747 1002.312 1006.932 1011.336 1014.724 1017.481 1016.925 1016.19 1015.837 1015.042 1012.102 1000.268 993.2712 986.2946 980.3807 975.2516 971.6094 964.8753 963.6588 964.0501 965.029 966.9159 970.9736 981.1185 984.8524 988.9968 993.5109 998.5142 1007.032 1009.419 1010.75 1013.162 1018.161 1024.716 1041.255 1049.732 1057.789 1065.537 1073.133 1080.469 1092.368 1097.486 1103.884 1110.481 1116.188 1122.419 1135.854 1142.01 1147.882 1153.697 1159.49 1165.021 1176.344 1182.078 1187.656 1192.947 1197.535 1205.419 1208.058 1208.671
992.9379 993.9919 991.8132 991.0828 993.0629 997.3157 1001.904 1005.807 1010.523 1011.29 1011.564 1011.902 1012.296 1011.905 1004.547 999.3319 993.0919 986.5483 980.3868 974.8972 967.769 964.6655 962.326 961.3741 962.4312 965.757 971.5301 977.9739 982.671 986.6234 991.104 998.83 1000.151 1004.616 1011.782 1018.66 1026.07 1042.641 1050.955 1058.793 1066.372 1073.78 1080.858 1092.727 1098.079 1103.714 1109.514 1115.171 1120.802 1134.41 1141.192 1147.328 1153.001 1158.651 1163.973 1175.642 1181.601 1187.236 1192.444 1197.134 1201.992 1202.968 1202.815
984.2093 984.5608 982.8805 982.8316 985.183 988.9974 992.9255 996.9702 1002.791 1003.958 1004.55 1004.669 1004.205 1004.401 1005.719 1003.641 998.7075 992.6429 986.7399 980.4499 971.3409 968.247 965.3266 962.3555 960.1162 961.7126 963.6496 968.2233 974.5533 980.091 984.1786 992.1102 996.3618 1003.078 1011.099 1018.631 1026.254 1043.402 1051.167 1059.123 1067.123 1074.125 1079.893 1091.155 1096.29 1101.893 1107.823 1113.615 1118.952 1132.687 1139.61 1145.808 1151.446 1156.684 1162.228 1174.216 1180.638 1186.262 1190.77 1194.965 1198.037 1197.578 1196.781
975.1561 974.5089 974.2053 975.1648 977.7344 981.0039 984.2804 988.0696 994.137 995.4915 996.0539 996.0484 995.3126 995.228 1001.219 1002.475 1000.572 996.3027 991.487 987.0015 974.9848 971.5874 968.6816 966.0619 962.7586 959.3045 960.9449 962.5778 965.8929 971.2571 977.0085 987.4067 994.7015 1002.491 1010.225 1017.815 1025.34 1040.851 1048.321 1056.609 1064.606 1071.06 1077.192 1088.493 1093.881 1099.435 1105.02 1110.488 1116.239 1130.506 1137.362 1143.714 1149.618 1154.723 1166.094 1172.259 1178.818 1184.308 1187.622 1189.869 1191.96 1191.207 1190.209
966.1039 965.4094 965.5178 967.3093 970.4611 973.546 975.8961 978.4043 983.5966 985.0152 985.8984 986.3149 986.0762 986.1612 991.3257 993.9459 995.3814 995.4641 993.672 989.6058 978.8747 974.8246 971.4612 968.5119 965.5753 957.6294 958.3126 960.356 961.8207 964.938 970.7036 984.0371 992.6671 1000.99 1009.05 1016.597 1023.391 1037.985 1044.943 1052.318 1059.94 1067.014 1074.013 1084.946 1090.347 1095.948 1101.512 1106.869 1112.643 1126.636 1134.034 1141.273 1147.638 1152.814 1163.828 1170.126 1175.743 1180.281 1182.816 1183 1183.519 1183.5 1183.271
961.0362 958.546 959.7104 961.6178 964.4156 967.1097 969.0761 970.9761 974.1595 974.8676 975.4216 975.9493 976.3194 976.9679 982.3463 985.5794 988.6064 990.9567 991.8671 990.7245 981.3708 976.8356 973.2997 970.1613 967.4027 957.7271 956.6348 958.3956 960.2579 963.3914 968.3329 981.7235 989.604 997.8945 1006.047 1013.268 1019.763 1033.759 1040.775 1047.615 1054.562 1061.68 1069.055 1080.836 1085.899 1091.667 1097.637 1103.198 1108.699 1122.108 1130.216 1138.284 1145.188 1151.049 1161.443 1167.775 1172.974 1176.135 1177.802 1178.402 1178.601 1178.552 1178.253
955.3641 952.0412 954.9355 956.692 958.846 961.0408 962.9663 964.7123 966.8739 967.5955 967.9686 968.0463 968.0879 968.3273 972.8965 976.8276 980.433 983.5986 986.5791 986.5598 981.8763 977.7177 974.6076 971.3702 968.4866 958.9034 954.0755 954.0869 957.4277 961.3482 965.9709 979.9639 986.7853 994.0542 1001.532 1008.695 1015.794 1029.218 1036.095 1042.766 1049.33 1055.957 1062.802 1076.301 1081.416 1086.813 1093.026 1099.408 1104.908 1117.51 1125.578 1134.28 1142.858 1149.88 1158.943 1164.771 1169.97 1172.692 1173.499 1173.836 1173.795 1173.567 1173.36
949.2318 944.9778 946.4774 950.3129 953.2415 955.2664 956.9679 958.4389 960.55 961.0684 961.2195 961.0117 960.6063 960.4045 962.5637 965.9252 970.3781 974.7183 978.2006 981.6442 980.696 978.5095 975.4905 971.7411 968.426 959.8817 953.3468 951.2166 954.2711 959.2768 964.4524 979.1092 985.3528 991.9832 998.0914 1003.777 1011.552 1025.018 1031.647 1038.235 1044.832 1051.554 1058.136 1071.368 1077.347 1082.625 1088.626 1095.233 1101.347 1114.218 1121.933 1130.629 1140.417 1149.183 1157.233 1161.402 1165.05 1167.171 1167.965 1168.467 1168.194 1167.617 1167.015
943.0858 939.2289 938.6266 941.3832 944.8571 948.1132 950.6264 952.6759 954.5671 954.7415 954.4747 953.7452 952.9824 952.5538 952.9166 955.1118 959.5383 964.5667 968.7886 976.1924 977.1424 976.6047 974.494 970.7831 967.4733 958.7696 953.1409 950.6387 952.545 958.4438 966.1177 980.9967 987.4316 992.9577 997.1877 1001.74 1009.013 1021.208 1028.22 1034.878 1042.081 1049.96 1056.83 1068.701 1074.598 1080.18 1085.975 1092.271 1105.778 1112.834 1120.487 1129.656 1140.17 1148.787 1155.153 1158.086 1159.957 1160.643 1161.013 1161.362 1160.939 1160.071 1159.092
937.6388 933.7531 932.0759 934.3058 937.1572 940.3026 942.8909 944.7003 947.4603 947.9703 947.812 947.3309 946.9319 946.7075 947.1295 948.356 950.1785 953.2523 958.2672 967.2175 969.659 970.7271 970.0648 968.0602 965.2325 956.0988 951.7358 950.0662 952.795 959.7712 968.1005 983.9587 990.596 995.6512 1000.246 1004.906 1009.989 1021.153 1028.079 1034.974 1042.49 1050.87 1058.221 1070.525 1075.965 1080.91 1086.138 1092.003 1105.994 1113.893 1121.417 1129.85 1139.565 1147.713 1151.945 1153.325 1153.953 1153.992 1153.972 1153.955 1153.156 1152.332 1151.552
931.5348 928.1732 926.5259 927.5052 928.8109 930.7728 933.3019 935.7734 940.3851 940.9615 940.7027 940.5942 940.5013 940.4256 940.153 941.7103 944.5455 947.358 950.5322 959.1705 963.1698 965.0078 964.7176 963.6798 961.9316 953.1226 950.1618 949.8022 954.068 962.2451 970.1977 986.6008 992.9905 998.4521 1003.585 1007.853 1012.871 1025.359 1031.745 1038.907 1046.594 1053.976 1060.93 1073.482 1078.618 1083.385 1088.809 1095.507 1110.361 1117.287 1123.945 1130.888 1137.87 1143.43 1147.289 1147.428 1147.167 1146.755 1146.258 1145.659 1144.502 1143.859 1143.179
926.3992 924.6467 922.6987 923.1224 923.8362 924.611 925.5265 926.6508 929.8551 931.4611 932.6908 933.6886 934.5286 935.3021 936.6494 937.7602 939.4419 941.9385 945.4059 952.2267 955.5741 958.2023 959.0775 958.2262 956.585 950.5153 948.8965 950.397 956.1068 964.6461 972.3617 988.0575 994.566 1000.105 1005.236 1010.174 1015.712 1028.836 1035.658 1043.098 1050.514 1057.129 1063.838 1076.392 1081.071 1086.396 1092.634 1099.709 1113.947 1119.442 1124.902 1129.963 1133.942 1136.25 1137.976 1138.389 1138.141 1137.439 1136.72 1136.08 1134.648 1133.943 1133.266
920.9045 919.6256 918.4117 918.9099 919.3073 919.5423 919.8245 920.2686 922.3902 924.2405 925.9895 927.2106 928.1247 930.4221 932.2075 934.598 936.7064 938.3956 940.7386 947.2927 950.6141 952.6074 953.4291 953.8245 952.9786 947.5891 947.9294 951.9633 958.6512 966.7869 974.5635 989.3094 995.8497 1001.573 1006.631 1011.922 1018.327 1031.643 1038.851 1046.612 1053.711 1059.964 1066.724 1078.815 1083.528 1089.567 1096.578 1103.287 1115.146 1120.229 1124.187 1126.42 1127.794 1128.599 1129.297 1129.421 1129.171 1128.619 1128.051 1127.514 1134.648 1133.943 1133.266
915.8668 914.9434 914.0733 914.6464 914.8353 914.6896 914.6573 914.7137 915.0981 916.8328 920.2023 923.3358 924.9502 926.6259 928.3557 931.4454 934.4093 936.3101 937.9508 942.462 944.9495 946.8796 948.2279 948.8234 948.386 945.0059 947.8087 953.828 961.065 968.9186 976.624 990.3916 996.8615 1002.709 1007.802 1013.47 1020.989 1034.23 1041.542 1049.226 1056.152 1062.677 1069.201 1080.528 1086.032 1092.874 1099.698 1105.161 1114.554 1117.975 1120.464 1121.323 1121.262 1121.424 1129.297 1129.421 1129.171 1128.619 1128.051 1127.514 1126.368 1125.851 1125.284
911.509 910.7191 909.1379 908.8907 909.1565 909.9238 911.31 912.8398 914.5095 915.3734 917.5251 920.1807 922.1671 925.6815 927.7422 930.0786 932.4064 934.3998 935.8795 938.6814 940.1482 941.4058 942.3074 942.9886 943.2596 945.8678 949.8019 955.7238 963.3192 970.8666 978.3422 991.5157 997.9351 1003.812 1009.187 1015.44 1023.323 1036.73 1044.352 1051.76 1058.362 1065.099 1077.224 1082.351 1088.453 1095.307 1101.15 1105.577 1112.506 1117.975 1120.464 1121.323 1121.262 1121.424 1121.999 1121.685 1121.169 1120.753 1120.344 1119.838 1118.647 1117.979 1117.397
906.6043 906.4284 907.9969 911.1931 913.8609 916.0256 917.2236 917.8122 918.4715 918.6806 918.1954 918.2593 920.3376 925.1846 927.5377 929.1889 930.5807 932.0363 933.4868 936.2394 937.2879 938.1494 938.7982 939.5147 941.0187 947.5399 951.8468 957.9373 965.1888 972.3071 979.3931 992.6469 998.9465 1004.881 1010.758 1017.562 1025.291 1039.247 1046.882 1053.855 1060.133 1066.921 1079.105 1084.307 1088.453 1095.307 1101.15 1105.577 1112.506 1114.208 1115.312 1115.982 1116.231 1116.229 1116.149 1115.909 1115.486 1114.911 1114.211 1113.42 1111.744 1110.804 1110.094
902.9448 905.0237 913.5165 916.4619 918.7735 920.5678 921.8928 922.6745 923.4332 923.342 922.8151 921.7388 920.8248 923.4583 925.6017 927.4261 928.6603 929.5669 930.8908 933.8409 935.1683 936.3867 937.5718 939.6161 942.9241 949.0598 953.7666 960.0807 966.8784 973.4883 980.2933 993.7447 1000.041 1006.038 1012.333 1019.611 1026.99 1041.156 1048.594 1053.855 1060.133 1066.921 1079.105 1084.307 1090.863 1097.29 1101.9 1105.282 1108.921 1109.706 1110.414 1110.908 1110.92 1110.786 1110.376 1110.192 1109.672 1108.8 1107.826 1106.8 1105.467 1105.348 1105.411
