var/www/cgi-bin/BAERTOOLS/ravel/working/ravel-22671.prodgrd.txt
NCOLS 83
NROWS 85
XLLCORNER 361207.98
YLLCORNER 3876671.5
CELLSIZE 10
NODATA_VALUE -9999
[rows 0 to 25 of 85, columns 0 to 57 of 83]
-27.317926 -27.486301 -27.709162 -27.215963 -26.761838 -26.479742 -26.932815 -26.606787 -26.611721 -26.79428 -26.351741 -26.596366 -26.666257 -26.530609 -26.520333 -26.542209 -26.36821 0 0 0 0 -27.272488 -39.455705 -30.732787 -28.775112 -28.691467 -28.876451 -26.500821 -27.826244 0 0 0 -27.736115 -27.777825 -26.618257 -26.743762 -27.021937 -27.032691 -26.488675 -26.650136 -26.592763 -26.602254 -26.693698 -26.691784 -26.796242 -26.809958 -26.917645 -27.110976 0 -29.060275 -27.529616 -26.900079 -26.785982 -26.695408 -26.164434 -26.697773 -27.585493 -27.661354
-26.793721 -26.945318 -26.861924 -26.666848 -26.528497 -26.511605 -26.479742 -26.537944 -26.606787 -26.611721 -26.331684 -26.351741 -26.596366 -26.645303 -26.530609 -26.520333 -26.295741 -26.36821 0 0 -30.756496 -26.474497 -26.583266 -26.76937 -26.664883 -26.660602 -26.674622 -26.266574 -26.280453 -26.417065 -26.475597 -26.754453 -26.534125 -26.85216 -26.859626 -26.618257 -26.743762 -26.590746 -26.357933 -26.488675 -26.615895 -26.592763 -26.602254 -26.693698 -26.691784 -26.796242 -26.809958 -26.917645 -26.456271 -26.434739 -26.80133 -26.838235 -26.81907 -26.49576 -26.176138 -26.164434 -26.697773 -27.585493
-26.657523 -26.725123 -26.623036 -26.540262 -26.55081 -26.528497 -26.511605 -26.528744 -26.537944 -26.695837 -26.376943 -26.331684 -26.74499 -26.762611 -26.645303 -26.719804 -26.237286 -26.295741 0 0 -34.532958 -26.583266 -26.67201 -26.847361 -26.732894 -26.674622 -26.682166 -26.280453 -26.309871 -26.475597 -26.41507 -26.443451 -26.630696 -27.040308 -26.5546 -26.484687 -26.479029 -26.341884 -26.39323 -26.357933 -26.588129 -26.615895 -26.749194 -26.946111 -26.878702 -27.045125 -27.519319 -27.601241 -26.394399 -26.456271 -26.434739 -26.658866 -26.54078 -26.373636 -26.213332 -26.176138 -28.136252 -26.866224
-30.033879 -26.657523 -26.725123 -26.623036 -26.540262 -26.55081 -26.612053 -26.609574 -26.507692 -26.54091 -26.370934 -26.376943 -27.004203 -27.181339 -27.091631 -26.594481 -26.239071 -26.237286 0 -39.454915 -29.949178 -26.67201 -26.593387 -26.963478 -26.77866 -26.682166 -26.675834 -26.309871 -26.4763 -26.41507 -26.437689 -26.403783 -26.474697 -26.4908 -26.449009 -26.50735 -26.484687 -26.415223 -26.341884 -26.39323 -26.762611 -26.994031 -27.240422 -27.46698 -27.471763 -27.342223 -27.443523 -27.328789 -26.414918 -26.389767 -26.372833 -26.417528 -26.479742 -26.385374 -26.249676 -26.213332 -26.916527 -26.691149
-28.506331 -27.689966 -27.346226 -26.975555 -26.728165 -26.415223 -26.464344 -26.415605 -26.368872 -26.422135 -26.296323 -26.370934 -26.767799 -27.004203 -26.765196 -26.200805 -26.243166 -26.239071 0 -30.658322 -27.720891 -26.593387 -26.461496 -27.181957 -26.937076 -26.736241 -26.666848 -26.361719 -26.547603 -26.437689 -26.403783 -26.414765 -26.452339 -26.488252 -26.4908 -26.449009 -26.50735 -26.313138 -26.415223 -26.471918 -26.679292 -26.762611 -26.835133 -26.779198 -27.026118 -27.293751 -27.328789 -27.490227 -26.314974 -26.347516 -26.389767 -26.372833 -26.35417 -26.355508 -26.271153 -26.249676 -26.48573 -26.534631
-26.477206 -26.410914 -26.357706 -26.343654 -26.326786 -26.35816 -26.415223 -26.464344 -26.415605 -26.368872 -26.315811 -26.296323 -26.497837 -26.767799 -26.550676 -26.210742 -26.200805 -26.243166 -27.977179 -30.070253 -27.104452 -26.461496 -26.450084 -27.191316 -27.066862 -26.920639 -26.361719 -26.38577 -26.706068 -26.539101 -26.414765 -26.452339 -26.496087 -26.55955 -26.488252 -26.448118 -26.339671 -26.264171 -26.313138 -26.419858 -26.471918 -26.591831 -26.726056 -26.748945 -26.779198 -27.026118 -27.0869 -27.131586 -26.439565 -26.314974 -26.347516 -26.491121 -26.550273 -26.348698 -26.28852 -26.271153 -26.457474 -26.48573
-26.581912 -26.477206 -26.410914 -26.357706 -26.343654 -26.326786 -26.35816 -26.501488 -26.483338 -26.472411 -26.443538 -26.315811 -26.585232 -26.639815 -26.519017 -26.220609 -26.210742 -26.831441 -27.479481 0 -28.04712 -26.450084 -26.432572 -27.286377 -27.152386 -27.002865 -26.38577 -26.408682 -26.747457 -26.751689 -26.571596 -26.579075 -26.55955 -26.495978 -26.394261 -26.379542 -26.448118 -26.339671 -26.264171 -26.856364 -26.946905 -26.74721 -26.591831 -26.726056 -26.748945 -27.0869 -26.936687 -26.715469 -26.421347 -26.439565 -26.52481 -26.539487 -26.595422 -26.308853 -26.320202 -26.28852 -26.441284 -26.457474
-38.504034 -26.581912 -26.646968 -26.787353 -26.769895 -26.761838 -26.612385 -26.565722 -26.531484 -26.491121 -26.420249 -26.446257 -26.56136 -26.614219 -26.637465 -26.24716 -26.220609 -26.688618 -27.117577 -28.987363 -27.678653 -26.432572 -26.386034 -27.011404 -27.251427 -27.178255 -26.408682 -26.477206 -26.770683 -26.75521 -26.762096 -27.089523 -26.495978 -26.574652 -26.502157 -26.394261 -26.379542 -26.40706 -26.973871 -27.141891 -26.856364 -26.946905 -26.998428 -26.963478 -27.052435 -26.936687 -26.715469 -26.65258 -26.678883 -26.421347 -26.480866 -26.605648 -26.596997 -26.242695 -26.308853 -26.320202 -26.346662 -26.441284
0 -38.504034 -28.183793 -27.870658 -26.989238 -26.769895 -26.761838 -26.612385 -26.565722 -26.592919 -26.461496 -26.420249 -26.523228 -26.56136 -26.602736 -26.260122 -26.24716 -26.743517 -26.938635 -28.260341 -27.660132 -26.386034 -26.440423 -26.940983 -27.030334 -27.154154 -26.477206 -26.523471 -26.75521 -26.762096 -26.964301 -27.169706 -26.80247 -27.257703 -26.574652 -26.402918 -26.496305 -26.49938 -26.40706 -26.904407 -26.781627 -26.937076 -27.149451 -27.258404 -27.907013 -27.734114 -26.994469 -26.803041 -26.438966 -26.385111 -26.432655 -26.496196 -26.550139 -26.282985 -26.242695 -26.411438 -26.555419 -26.521295
0 -28.318388 -27.400526 -30.591977 -30.648727 -26.769108 -27.13443 -27.649214 -28.369502 -28.757424 -27.151798 -26.461496 -26.806484 -26.79568 -26.731232 -26.296674 -26.260122 -26.651073 -27.241787 -32.402728 0 -26.440423 -26.824154 -26.794839 -26.889788 -26.922521 -26.523471 -26.459429 -26.943737 -26.964301 -27.169706 -27.258404 -27.467934 -26.495107 -26.446522 -26.55297 -26.402918 -26.496305 -26.49938 -26.826266 -26.835133 -26.781627 -26.937076 -27.191945 -27.180103 -27.23906 -27.328007 -27.155927 -26.644381 -26.438966 -26.385111 -26.551483 -26.616063 -26.309149 -26.282985 -26.583416 -26.573338 -26.555419
0 -27.296724 -26.749194 -26.671011 -26.746221 -26.287271 -26.720954 0 0 -39.525534 0 -27.151798 0 -28.28552 -27.2157 -26.454984 -26.296674 -26.762611 -27.218983 -27.241787 -29.268578 -26.824154 -26.794839 -26.593387 -26.564307 -26.629816 -26.459429 -26.382371 -26.855714 -27.151798 -29.406722 -27.645606 -27.084289 -26.628939 -26.495107 -26.446522 -26.55297 -26.49938 -26.575972 -26.689881 -26.804472 -26.835133 -26.72257 -26.889087 -26.937855 -27.016872 -27.022863 -26.93166 -26.913929 -26.644381 -26.81729 -26.671011 -26.648268 -26.328689 -26.309149 -26.548268 -26.477913 -26.434571
-39.480925 -26.749194 -26.671011 -26.720034 -26.287271 -26.230359 -26.324624 -26.367073 -26.605648 -27.071421 -26.462916 0 0 -32.348696 -34.133212 -27.200185 -26.454984 -39.315518 -28.514709 -28.142335 -27.601241 -26.889087 -26.593387 -26.564307 -26.629816 -26.455351 -26.382371 -26.29927 -26.600172 -29.406722 -29.406722 -27.645606 -27.034585 -26.721184 -26.628939 -26.635491 -26.765975 -26.42182 -26.49938 -26.596681 -26.648082 -26.692634 -26.596051 -26.72257 -26.889087 -26.937855 -26.93166 -27.122022 -27.035059 -26.913929 -26.992719 -26.814635 -26.736241 -26.332124 -26.328689 -26.416065 -26.387958 -26.394605
-35.045854 -27.032219 -26.720034 -26.508493 -26.230359 -26.286614 -26.342039 -26.2722 -26.247866 -26.325185 -26.282065 -26.866224 -27.290791 -27.190059 -26.945714 -26.64273 -26.306713 -30.536596 -29.67283 0 0 -30.303062 -27.081691 -26.638367 -26.455351 -26.427979 -26.29927 -26.600172 -26.600172 -26.676036 -27.449084 -26.537432 -26.54091 -26.602736 -26.721184 -26.723728 -26.339365 -26.311453 -26.42182 -26.487619 -26.596681 -26.648082 -26.692634 -26.596051 -26.983205 -27.19891 -27.209187 -27.035059 -27.110976 -27.171527 -26.892956 -26.714789 -26.751189 -26.284018 -26.332124 -26.388559 -26.410242 -26.387958
-31.215653 -26.929741 -26.961836 -26.908777 -26.286614 -26.342039 -26.2722 -26.247866 -26.281187 -26.252922 -26.215306 -26.624242 -26.69498 -26.746962 -26.631402 -26.306713 -26.234208 -26.649761 -27.087948 -27.240422 -28.382006 -26.844824 -28.506331 -27.109338 -26.706953 -26.481276 -26.481276 -26.459897 -26.541429 -26.570152 -26.732656 -26.319522 -26.525788 -26.54091 -26.45701 -26.368451 -26.288188 -26.339365 -26.311453 -26.422293 -26.487619 -26.638006 -26.839794 -26.879387 -27.591081 -27.736783 -27.492197 -27.110976 -27.109883 -26.790386 -26.690303 -26.691996 -26.631755 -26.265507 -26.284018 -26.40684 -26.388559 -26.410242
-27.916432 -26.661764 -26.79456 -26.880073 -26.462631 -26.512767 -26.395366 -26.281187 -26.252922 -26.215306 -26.193025 -26.512884 -26.603542 -26.631402 -26.508378 -26.234208 -26.401985 -26.425799 -26.590437 -26.793163 -26.753697 -26.303659 -27.61499 -28.610702 -28.610702 -26.481276 -26.291953 -26.46093 -26.465206 -26.471622 -26.462726 -26.277045 -26.319522 -26.525788 -26.562339 -26.45701 -26.368451 -26.288188 -26.62132 -27.009142 -28.224692 -33.535775 -27.278362 -28.327953 -30.336131 -30.019511 -28.566176 -27.310275 -27.040308 -26.965952 -26.790386 -26.690303 -26.67705 -26.463581 -26.265507 -26.517826 -26.515343 -26.833591
-26.819724 -26.418301 -26.476803 -26.55583 -26.512767 -26.623724 -26.409944 -26.350485 -26.31197 -26.193025 -26.200093 -26.446257 -26.525543 -26.588436 -26.460085 -26.242513 -26.412265 -26.427088 -26.487725 -26.599693 -26.303659 -26.237636 -29.437858 -28.610702 -26.919514 -26.291953 -26.46093 -26.465206 -26.471622 -26.580117 -26.689881 -26.462726 -26.277045 -26.54509 -26.673414 -26.684857 -26.761325 -26.718201 -28.635086 -27.573335 -27.17764 -27.021937 -26.773059 -27.278362 -28.777787 -29.119493 -29.19004 -28.233499 -27.905403 -27.734114 -27.617305 -27.18818 -26.837923 -26.67705 -26.463581 -27.279812 -27.999956 0
-26.631635 -26.36417 -26.347036 -26.370325 -26.274718 -26.566431 -26.538073 -26.41745 -26.384259 -26.200093 -26.232615 -26.451434 -26.48179 -26.460836 -26.242513 -26.216712 -26.427088 -26.468781 -26.497947 -26.541559 -26.237636 -26.237636 -26.323646 -26.698637 0 -26.573338 -26.493375 -26.762869 -26.990106 -27.806282 -29.411872 -27.247277 -26.762611 0 -39.53727 -39.451965 -28.446559 -27.311798 -26.832054 -26.702989 -26.830829 -27.17764 -27.021937 -26.773059 -28.104382 -28.777787 -29.119493 -29.19004 -28.233499 -29.790016 -33.510698 -28.858711 -28.694868 0 0 -27.572239 -26.863242 -26.84514
-26.771877 -26.347036 -26.370325 -26.274718 -26.240908 -26.579075 -26.775183 -26.668428 -26.543253 -26.232615 -26.291087 -26.48179 -26.460836 -26.47761 -26.216712 -26.188259 -26.468781 -26.497947 -26.541559 -26.541559 -26.237636 -26.244801 -26.348482 -26.272529 -26.353615 -27.204669 -28.422921 -27.8958 0 0 0 0 0 0 0 -39.53727 0 -28.446559 -28.394643 -26.832054 -26.702989 -26.830829 -27.867563 0 0 0 0 0 0 0 0 0 0 -39.467297 -28.316009 -26.863242 -26.84514 -27.338244
-27.075841 -26.389229 -26.3593 -26.240908 -26.277453 -26.775183 -26.927449 -26.939807 -26.797085 -26.291087 -26.407428 -26.536283 -26.491763 -26.418069 -26.188259 -26.171833 -26.551349 -26.551349 -26.4737 -26.463391 -26.244801 -26.243981 -26.272529 -26.353615 -26.39606 -26.406693 -26.579521 0 0 0 0 0 0 0 -28.084942 -27.062343 -28.144371 -27.526512 -27.91673 -27.276915 0 0 0 0 0 0 0 0 -37.145553 -28.081097 -27.264042 -27.082209 -26.762611 -27.246588 -28.132216 -30.262429 -27.457506 -26.948098
-39.397497 -26.575531 -26.625106 -26.277453 -26.286251 -27.139585 -27.015499 -26.943737 -26.913929 -26.407428 -26.436589 -26.639633 -26.566574 -26.449994 -26.171833 -26.261085 -26.551349 -26.4737 -26.463391 -26.499601 -26.243981 -26.398437 -26.405743 -26.39606 -26.406693 -26.579521 -26.736001 -29.386277 0 0 0 0 0 -28.084942 -27.062343 -26.917272 -26.665079 -26.459242 -27.276915 -27.129321 -27.415458 -27.853757 -28.213782 -28.601673 -29.568307 -30.27859 -29.643187 -27.273313 -28.467962 -28.075356 -28.030544 -27.264042 -27.037438 -26.762611 -27.246588 -27.457506 -26.948098 -26.943343
0 -26.897216 -27.048037 -26.286251 -26.255585 -27.691232 -27.202743 -26.913929 -26.8019 -26.436589 -26.533494 -26.59121 -26.56136 -26.524688 -26.261085 -26.17286 -26.481379 -26.6258 -26.526893 -26.466167 -26.2764 -26.405743 -26.468586 -26.535265 -26.758765 -26.736001 -26.996225 0 -32.494854 -27.891034 -26.824757 -31.123628 -29.136835 -27.638438 -26.917272 -26.665079 -26.459242 -26.362416 -26.554192 -26.674017 -27.537955 -27.780631 -27.853757 -28.213782 -28.601673 -29.573957 -30.27859 -28.010646 -27.273313 -28.467962 -28.075356 -27.850717 -26.845457 -27.037438 -28.936828 -28.2809 -27.655261 -27.192575
-29.947202 -26.921767 -27.009142 -26.255585 -26.301267 -27.644407 -27.008241 -26.815813 -26.554192 -26.281573 -26.342818 -26.56136 -26.56136 -26.524688 -26.17286 -26.194757 -26.388626 -26.553241 -26.705406 -26.2764 -26.313486 -26.468586 -26.535265 -26.679701 -26.77121 -26.996225 -27.507144 0 -31.994583 -28.682058 -27.160683 -26.824757 -27.638438 -27.612682 -27.311798 -26.974292 -26.362416 -26.434655 -26.593543 -26.456179 -26.520213 -26.761325 -27.474648 -27.891034 -27.975448 -28.173279 -28.8443 -27.806282 -28.010646 -28.409985 -27.55598 -27.220962 -26.750689 -26.845457 -28.2809 -27.336659 -27.217668 -27.715659
-27.486637 -26.633529 -26.750689 -26.301267 -26.372772 -27.618465 -27.205313 -26.554192 -26.281573 -26.342818 -26.342818 -26.420719 -26.579521 -26.580117 -26.194757 -26.237686 -26.436336 -26.515461 -26.700154 -26.313486 -26.259047 -26.637285 -26.679701 -26.77121 -26.780275 -26.89793 -27.154744 0 -39.467886 -28.940655 -26.891545 -27.160683 -28.995292 -27.404885 -27.160086 -27.015956 -26.434655 -26.593543 -26.456179 -26.520213 -26.685481 -26.907315 -26.864896 -27.474648 -28.173279 -28.428134 -30.012365 -28.8443 -27.806282 -27.374093 -26.925547 -26.829607 -26.77121 -26.750689 -27.336659 -26.969687 -26.698637 -26.740104
-27.235725 -26.516404 -26.473402 -26.372772 -26.396756 -27.205313 -27.350253 -27.143627 -27.143627 -26.342818 -26.404724 -26.404217 -26.468684 -26.747705 -26.237686 -26.300585 -26.393573 -26.424198 -26.601131 -26.259047 -26.239248 -26.614888 -26.814047 -26.780275 -26.89793 -26.922521 -39.481436 -30.412427 -28.616755 -28.364537 -26.723496 -26.891545 -28.218133 -27.456566 -27.289316 -27.118131 -26.645118 -26.68736 -26.627017 -26.685481 -26.791772 -26.936687 -27.634878 -29.047877 -28.428134 -31.931565 -27.706578 -27.929842 -27.423493 -27.072439 -26.946905 -26.925547 -26.829607 -26.77121 -26.969687 -26.698637 -26.740104 -26.632818
-28.219399 -26.473402 -26.367252 -26.396756 -26.350539 -26.732418 -28.975547 -27.143627 -26.427088 -26.404724 -26.404217 -26.343288 -26.382112 -26.483338 -26.300585 -26.393573 -26.424198 -26.396477 -26.374069 -26.239248 -26.214386 -26.814047 -26.926687 -27.000198 -26.922521 -26.461402 -30.697101 -29.901391 -28.678874 -27.160086 -26.420327 -26.723496 -28.454542 -27.385056 -27.478512 -26.645118 -26.700371 -26.915411 -26.882827 -26.791772 -26.936687 -27.099073 -26.859953 -27.674916 -27.783445 -27.604656 -27.493185 -27.706578 -27.731453 -27.423493 -27.072439 -26.946905 -27.222946 -27.443523 -27.953223 -26.869561 -26.662541 -26.39599
-38.504191 -26.367252 -26.427411 -26.350539 -26.732418 -26.732418 -26.850875 -26.928976 -26.409572 -26.320748 -26.343288 -26.382112 -26.384324 -26.371605 -26.272331 -26.605648 -26.396477 -26.374069 -26.41745 -26.214386 -26.173218 -26.893663 -26.989238 -27.18506 -26.461402 -26.590128 0 -28.675698 -26.921015 -26.512302 -26.386364 -26.420327 -28.213782 -27.546385 -27.371588 -26.700371 -26.81083 -27.263335 -27.735447 -27.469846 -27.099073 -26.859953 -26.751689 -26.808507 -26.722801 -26.636926 -26.773589 -27.493185 -27.908625 -27.731453 -27.971996 -27.619626 -26.721415 -27.949849 -28.185908 -26.925547 -26.944527 -26.336732
