var/www/cgi-bin/BAERTOOLS/ravel/working/ravel-2502.DEM
NCOLS 1117
NROWS 10
XLLCORNER 715687.24
YLLCORNER 4166558.7
CELLSIZE 10
NODATA_VALUE -9999
[rows 0 to 9 of 10, columns 504 to 566 of 1117]
83.20227 84.29006 85.44547 86.39716 87.37205 87.36815 86.95084 86.4711 86.88671 86.90966 86.4556 85.49274 84.00094 81.47517 80.36822 79.76412 79.88563 79.95803 79.77361 79.58925 79.51505 79.57254 79.96835 80.57452 82.21181 82.83997 83.19363 83.33286 83.50053 83.72964 84.47691 84.63584 84.55489 84.50728 84.58887 84.56119 84.55608 84.59121 84.66846 85.43182 86.23442 87.13972 88.04636 89.11694 91.75466 92.25977 92.41178 92.55715 92.34973 90.90725 89.29611 87.94135 86.34879 83.34189 82.5874 82.29475 81.9882 81.45917 81.13612 80.83201 80.39811 80.30805 83.01615
82.68304 83.60844 84.74997 85.7005 86.51166 86.41649 85.97097 85.39034 85.62861 85.7342 85.21029 84.25887 83.24132 80.98488 80.05476 79.51319 79.42217 79.52108 79.50859 79.5079 79.66278 80.11561 81.0874 81.57244 82.21181 83.61831 83.98895 84.08295 84.26307 84.47544 84.62683 84.50643 83.91264 83.47502 83.43665 83.3746 83.38554 83.3959 83.45574 83.78542 85.24072 85.8599 86.64906 87.62626 89.24783 89.82857 90.17394 90.32707 90.28046 89.06133 87.89732 86.79255 85.65737 83.14842 82.4216 82.00156 81.61354 81.23975 80.76131 80.42168 80.24802 80.76482 83.54063
82.30067 83.04687 83.93609 84.7569 85.43919 85.25882 84.58213 83.82021 84.0936 84.16113 83.74207 83.06297 82.30653 80.37149 79.70532 79.24648 78.93861 79.08138 79.33546 79.78638 80.42097 81.16196 82.45414 82.74888 83.08419 83.61831 84.8947 84.8954 85.05683 85.24947 85.23824 85.02357 84.70313 84.02152 83.20836 82.66254 82.60371 82.59715 82.65706 82.89814 84.15546 84.72659 85.29237 85.93331 87.30824 87.72691 87.92662 87.94406 87.8805 87.04835 86.33975 85.4946 84.55583 82.68792 82.03376 81.43464 81.00581 80.80918 80.24779 79.93667 80.23356 81.33377 84.03447
81.98114 82.63609 83.26163 83.74214 84.0263 83.86721 83.27885 82.62564 82.96074 83.00462 82.57771 81.88976 81.1674 79.89841 79.39021 79.01563 78.90082 79.19697 79.68676 80.53845 81.56042 82.3957 84.12524 84.61484 84.71196 84.76646 84.8947 85.7043 85.6932 85.78452 85.82211 85.76251 85.4633 84.95719 84.26263 82.8225 82.41476 82.23965 82.29662 82.50577 83.14463 83.55627 84.08636 84.70711 85.65625 85.96232 86.05698 85.99939 85.91938 85.3644 84.93256 84.25174 83.44687 81.99317 81.26951 80.6342 80.27391 80.22417 80.00685 79.77453 80.35044 81.7851 84.65009
81.37357 81.97289 82.53722 82.86441 82.97118 82.80043 82.31049 81.7771 81.55103 81.28876 81.04392 80.57641 80.06272 79.43132 79.06398 78.88309 79.02045 79.30099 80.59489 81.83611 82.9402 83.87296 85.74902 86.16433 86.12726 85.9342 85.85484 85.7043 85.6932 87.01094 87.40689 87.28136 86.76501 86.10762 85.37589 84.52543 82.90037 82.30799 82.01863 82.14294 82.47758 82.61639 82.95448 83.52137 84.09264 84.80245 84.89276 84.85605 84.70061 84.13611 83.63906 83.08431 82.51189 81.86709 80.36986 79.92702 79.85656 79.87286 79.76066 79.73274 80.63363 82.34508 83.78742
80.74413 81.08745 81.42886 81.67892 81.63918 81.47817 81.13744 80.66805 80.23164 79.90591 79.85619 79.70286 79.59338 79.02998 78.89112 79.16014 79.54079 79.95466 81.91202 83.05712 84.09583 85.12354 86.59576 86.82915 86.84616 86.75916 86.70867 86.69711 86.72836 87.01094 89.04125 88.99573 88.31113 87.45973 86.53679 85.60064 83.6405 82.81179 82.24998 81.90513 81.90157 82.17208 82.41702 82.63995 83.06757 83.73603 83.77251 83.73282 83.56873 83.06271 82.64406 82.17661 81.66178 81.01196 79.94042 79.66628 79.48228 79.45005 79.60037 80.09545 81.45779 83.13857 84.42986
80.04053 80.24396 80.38252 80.52083 80.47461 80.2972 79.9965 79.70506 79.60262 79.38994 79.35819 79.29264 79.2296 78.98809 79.0873 79.4759 79.99907 80.81791 82.87038 83.99362 85.12405 86.06429 86.94437 87.22529 87.32426 87.38715 87.54575 87.77228 88.02034 88.48612 89.04125 90.01234 89.54124 88.79284 87.71334 86.57673 84.43932 83.28121 82.31754 81.48941 81.27203 81.52365 81.80345 82.15215 82.48995 82.83792 82.84534 82.80302 82.642 82.11869 81.76149 81.33501 80.82478 80.27946 79.67318 79.42866 79.41166 79.66419 79.97081 81.04395 82.46046 83.73644 84.90038
79.13841 79.38997 79.5517 79.6385 79.65855 79.6076 79.50095 79.35249 79.19376 78.93895 78.91607 78.8933 78.84367 78.88881 79.38791 79.6775 80.29607 81.30515 83.61189 84.94365 85.97401 86.55057 86.88629 87.50071 87.7381 87.99767 88.2626 88.60904 88.83582 89.24094 89.79731 90.23589 89.56432 88.90002 87.92201 86.89641 84.6099 83.20823 82.01022 80.85521 80.47278 80.95586 81.29193 81.5453 81.78513 81.88297 81.84267 81.78905 81.70086 81.18484 80.88597 80.53682 80.12948 79.77768 79.46898 79.24437 79.39594 80.01276 81.17208 82.16467 83.22176 84.18026 85.21479
78.12353 78.42997 78.64273 78.79099 78.95945 79.19606 79.0842 78.93376 78.78104 78.36417 78.08485 77.99237 78.15751 78.4693 79.26205 79.64058 80.36004 81.49261 83.92739 85.49362 86.49886 86.668 86.78593 87.21432 87.62705 88.21014 88.76032 89.24734 89.45549 89.7307 89.97971 90.11148 89.56432 87.6821 86.98878 86.12704 83.702 82.64159 81.66669 80.53869 79.87299 80.52454 80.84614 80.92946 80.86428 80.87634 80.84064 80.76955 80.68129 80.55732 80.16765 79.84232 79.56049 79.34927 79.20376 79.0869 79.38202 80.1684 80.91525 82.5796 83.33976 84.16268 85.02937
77.33875 77.53728 77.6451 77.78746 78.09002 78.66459 78.68754 78.55934 78.34624 77.77837 77.50259 77.26959 77.26427 77.71053 79.09818 79.57146 80.28944 81.43777 83.84764 84.94627 85.83997 86.26244 86.2312 86.42292 87.00381 87.772 88.42863 89.40343 89.56438 89.40114 89.09267 88.87964 88.23985 87.6821 85.64771 84.77794 82.79925 82.03027 81.34667 80.5755 79.97625 80.22933 80.44764 80.37926 80.18691 80.12983 80.09282 79.97363 79.84531 79.77665 79.50314 79.21912 78.95803 78.81912 78.87543 79.08801 79.63239 80.38476 81.13688 82.71199 83.24181 83.78275 84.33307
