var/www/cgi-bin/BAERTOOLS/ravel/working/ravel-13933.DEM
NCOLS 92
NROWS 90
XLLCORNER 452078.49
YLLCORNER 3782565.4
CELLSIZE 10
NODATA_VALUE -9999
[rows 56 to 83 of 90, columns 0 to 62 of 92]
962.2 968.2738 972.0198 975.496 978.4707 982.7802 988.5654 991.2108 994.3425 998.957 1003.006 1006.43 1013.602 1014.954 1012.397 1006.557 999.1968 991.2251 978.779 974.8791 971.4054 966.9948 961.9438 956.5088 949.1702 949.1824 950.3495 950.0087 948.8338 950.4523 956.7512 958.1359 958.5294 957.4169 954.1317 948.843 938.524 938.3998 939.2239 940.0065 940.3571 938.6841 933.2769 927.8389 925.8224 926.1149 926.5674 934.3956 939.1744 942.5111 944.5989 945.3113 944.5101 943.4723 943.6777 944.2839 944.2928 942.9828 940.7014 933.5088 937.2026 945.4244 952.4297
961.7772 968.1857 972.1281 975.9175 977.6537 978.8284 982.4846 984.8701 987.553 991.0769 995.4905 999.6562 1007.091 1010.243 1008.983 1003.838 997.432 990.1896 978.263 969.5728 963.8145 959.551 953.8784 951.0162 944.0449 943.9088 943.6129 941.5219 939.4813 941.2223 949.0956 950.8358 952.6254 953.4586 951.5522 947.4013 936.963 932.0781 928.7672 928.7734 930.78 932.5457 930.733 928.0847 925.5493 924.3511 925.9121 935.4538 939.9968 941.7468 941.7683 941.2408 940.0734 939.0521 940.0916 941.3345 941.7827 940.5132 936.8707 932.329 938.0866 945.7894 952.0685
956.3065 964.5685 967.8481 970.0465 970.8416 971.0927 972.8814 975.4551 978.4043 982.3963 986.9877 990.4276 998.9207 1002.621 1003.946 1001.746 996.0427 989.3118 978.3644 969.9404 961.7391 955.0883 948.5958 943.3156 938.3063 938.5213 937.9839 935.9621 934.1703 935.6216 940.5552 942.3076 945.8548 948.5509 948.4103 946.2516 936.6771 930.2885 925.6537 924.1473 924.1124 926.5005 926.9548 924.4113 922.2802 923.5598 926.3018 936.3287 939.577 939.79 938.7172 937.6338 936.9188 936.4799 937.2217 938.3334 938.7863 936.4885 930.6885 931.3937 938.9942 945.9084 951.611
949.2239 957.7158 961.3334 962.8207 962.3562 961.8171 962.47 966.6655 971.2043 974.9385 978.7708 982.496 989.451 994.459 997.9355 997.5652 993.7715 988.5468 978.5038 970.5114 962.1357 955.4778 949.0511 942.6984 933.1282 931.2679 931.0055 929.8079 927.3234 926.9291 934.2162 937.2656 940.2061 942.0245 942.5823 941.8782 937.4263 931.5983 925.6378 920.8756 918.5819 918.8739 918.441 918.0294 919.5169 923.2807 927.4388 934.2953 935.1048 934.4415 933.7446 933.3543 933.4217 934.0516 934.3068 933.9761 932.4837 929.7394 926.5407 932.0737 939.7939 946.0209 951.3044
942.6358 951.2606 953.1685 953.3834 952.9374 951.0362 952.8542 959.6836 965.7722 969.3507 972.4136 976.0283 983.5616 988.1168 991.8109 992.9537 991.0743 986.9807 976.8348 969.9516 962.6797 956.4056 950.0615 943.1582 930.2112 926.5129 925.7881 925.176 923.8566 923.9796 930.1991 933.0894 935.2417 937.2083 939.6746 941.841 937.9297 931.9719 925.0221 918.4854 914.6221 914.2874 913.9828 914.7404 918.5441 924.171 928.2425 929.4203 928.2233 927.576 927.6602 928.4189 929.6237 931.4139 931.3232 930.3754 928.6935 926.4829 924.8713 933.4405 940.2921 945.5928 950.3461
937.0998 942.024 942.8542 942.3332 940.2314 939.6053 948.231 953.6846 958.735 962.5297 965.746 970.003 977.356 981.8908 986.2386 988.8133 988.5751 985.1793 974.4207 968.9952 962.9286 956.66 950.52 943.4769 930.8817 926.082 922.5821 919.8629 918.2129 918.7999 925.9552 928.0193 929.9274 934.1755 940.0125 941.0427 936.6929 931.2892 924.5762 917.5525 913.0272 911.6936 912.4259 914.7214 919.3169 924.6564 927.9505 926.5988 925.489 924.9464 924.9989 925.6688 927.0763 929.4729 929.5444 928.5944 926.5503 923.9604 922.8304 933.5252 939.2838 943.5162 950.3461
928.1307 931.2126 933.6465 933.3602 931.491 931.6191 943.3162 946.8504 950.1821 954.7608 960.2892 965.0167 971.6526 975.3647 979.4978 982.9119 984.1647 982.7192 973.6774 967.2575 961.2104 955.7719 949.7704 942.9861 931.4175 926.5284 921.5385 916.8137 914.1017 914.3674 920.9695 923.3723 925.8986 931.4942 939.0085 939.1684 934.5159 929.254 923.3679 917.2601 912.612 908.6182 911.4632 915.3244 918.8301 922.3932 924.5738 923.5518 922.9249 922.589 922.7587 923.4681 924.5101 926.627 927.152 926.0154 923.2655 923.9604 922.8304 933.5252 939.2838 943.5162 947.4356
922.5815 925.4183 926.834 925.9933 924.8876 926.1975 936.2947 939.568 944.1057 950.0613 954.3694 957.0566 965.5969 970.6038 975.1486 978.4205 980.1617 980.2732 972.463 965.1925 959.505 954.8461 948.9029 941.8176 931.4302 926.6627 921.6073 916.8548 913.6108 912.7983 917.2049 920.1978 923.6837 928.3611 934.0872 936.213 931.7896 927.1328 922.1798 916.8457 911.2133 904.4238 908.826 913.9459 916.5767 917.4207 917.8422 918.7587 919.3655 919.9925 920.5101 923.4681 924.5101 926.627 927.152 926.0154 923.2655 921.3337 922.5715 931.6201 936.3086 939.7452 944.0571
917.8925 919.5431 919.4344 918.4962 918.2961 920.7523 927.7217 933.387 939.7548 943.525 945.3759 948.0909 961.518 967.404 970.3945 973.5589 976.123 976.9637 970.1123 963.6662 958.5754 953.9379 947.8805 940.5555 930.9302 926.2928 921.4132 916.7843 912.9934 911.1625 913.4778 916.5433 920.2901 924.6169 928.9805 932.2313 929.1566 925.136 921.0276 916.2131 909.8027 902.0235 905.0153 909.4216 912.4991 913.5175 917.8422 918.7587 919.3655 919.9925 920.5101 920.8696 921.3108 921.9531 921.6526 920.751 919.3566 919.5387 923.4035 930.7388 935.1262 938.7715 944.2306
914.8885 914.9283 913.8066 913.0255 913.1616 914.9326 923.4243 929.2297 933.7922 936.0327 937.4567 941.9828 958.8201 962.7283 963.2811 962.1364 963.0628 968.1423 967.5865 962.401 957.2098 952.0215 945.8611 939.1602 929.8726 925.4486 920.9545 916.6017 912.0568 905.4833 908.0016 912.087 916.2512 921.0178 926.0239 929.2405 926.982 923.3414 919.5773 915.1241 908.5817 902.0235 905.0153 909.4216 912.4991 913.5175 914.0377 915.2834 916.53 917.6649 918.2102 918.1661 917.9725 917.2365 916.3397 916.085 917.8885 921.658 925.4686 932.772 937.0995 941.2119 946.0654
909.486 908.9186 907.2407 906.7343 908.5862 911.5203 920.1049 925.5038 927.0711 928.266 933.5171 940.9586 953.6596 954.9203 953.8704 952.2443 953.6342 960.6432 964.993 960.1912 954.5224 948.7053 942.1349 937.0558 928.1186 923.757 919.7138 915.6643 910.916 902.0121 903.3894 908.0704 912.8967 917.4291 922.3884 926.1602 926.982 923.3414 919.5773 915.1241 908.5817 901.3781 902.4376 904.4848 907.1267 909.4547 910.7437 912.4718 914.0191 915.1456 915.2166 914.8535 914.5739 913.7692 913.4493 914.9225 919.1131 924.358 930.7855 934.7006 938.9634 942.3653 945.6669
905.5632 904.0812 902.1339 902.2223 905.2147 908.8361 916.4879 919.4405 922.0046 925.8958 932.2677 940.0682 948.5549 947.563 944.9833 944.267 946.8093 951.8973 959.3171 956.1648 951.1032 945.0844 938.8573 934.812 926.2808 921.8197 917.5776 913.3181 908.5847 901.1716 903.3894 908.0704 912.8967 917.4291 922.3884 926.1602 924.1032 921.0966 917.9883 913.9203 907.8337 900.9073 901.0317 902.0668 903.7585 905.9241 907.8757 909.7168 910.2817 910.0377 909.2518 909.0495 909.5685 910.8467 912.6352 916.7139 922.5999 927.3471 931.5918 934.8904 938.4767 941.1004 942.8771
901.2137 898.4241 897.8473 900.7322 903.9049 904.7589 910.6514 914.3004 918.5462 924.7164 931.8897 939.4019 941.6263 939.353 936.6539 936.1827 940.3265 946.2111 952.3398 950.9401 946.9174 942.2792 937.9221 933.1793 924.2058 921.8197 917.5776 913.3181 908.5847 901.1716 901.9531 905.9286 910.8284 915.2518 919.147 921.4367 920.4781 918.4507 915.5356 911.7242 907.0191 900.4069 899.2614 899.7977 901.8497 904.3888 906.2822 906.7356 905.5486 903.6918 902.4304 903.1957 905.908 912.348 916.0158 920.5912 925.7061 928.5772 930.7894 932.4773 935.0009 937.1355 938.2426
891.8829 890.3108 892.315 896.1725 899.021 900.4661 906.2145 911.397 917.6426 924.851 931.5964 937.2729 935.5546 931.8547 927.6972 927.9899 935.5596 941.8639 944.8148 943.2062 946.9174 942.2792 937.9221 933.1793 924.2058 919.4801 915.0865 910.7629 906.301 900.0939 901.2591 904.8904 909.2737 913.4535 916.2941 916.6795 916.4643 915.2305 912.9269 909.9661 906.2988 898.0842 895.7314 896.3156 899.3553 902.9225 904.8624 904.0554 902.1223 900.5695 900.9825 903.5558 907.1959 915.9259 917.5446 920.0511 923.349 925.5637 927.7333 928.7455 929.845 931.0515 933.1206
887.2156 887.3217 888.9706 890.884 893.6009 897.915 906.9592 912.2596 918.7466 925.4695 930.3469 932.6282 927.2039 924.3342 927.6972 927.9899 935.5596 941.8639 944.8148 943.2062 940.6221 937.7823 934.5418 926.7788 921.8097 916.8665 912.5899 908.5099 904.3107 898.1713 899.6866 903.5041 907.2522 910.3565 912.2238 912.3467 912.3618 911.6091 909.9852 907.8206 904.8262 894.873 891.4352 892.7125 897.0123 900.9441 903.1592 900.2726 897.7374 898.3416 901.8726 905.0408 908.2958 915.6331 916.0524 916.3064 917.0278 919.6345 924.951 925.8972 926.2828 927.1124 930.2822
881.1424 883.2375 886.3932 889.1607 892.9237 897.9481 907.8475 913.289 919.8143 925.4695 930.3469 932.6282 927.2039 924.3342 922.7339 924.4393 930.5211 936.6037 937.6678 936.502 935.0897 933.2161 930.6722 923.7276 918.7789 914.3645 910.4606 906.4377 902.304 893.8034 895.6728 900.9329 904.7687 906.1666 906.5416 907.4021 907.4838 907.2661 906.7154 905.4068 902.6266 892.2681 890.3579 891.5642 894.5665 897.6034 898.5197 894.5102 894.9219 899.0977 903.5469 905.5028 906.7859 910.6196 912.3297 913.6807 914.8467 917.3698 923.905 925.1458 925.8937 927.9631 932.2964
877.8586 880.9011 885.1168 889.2019 892.9237 897.9481 907.8475 913.289 919.8143 926.3734 929.8328 928.6333 921.0039 917.5612 916.2087 919.9017 927.1083 931.177 932.4574 931.4977 930.3359 928.8801 927.1187 920.6817 916.1021 912.3087 908.6772 904.563 899.9645 890.1637 891.3779 896.8545 901.2581 902.0598 901.6417 902.3047 902.7858 903.0149 903.0051 902.1328 898.8121 890.1966 889.9994 891.4739 893.1286 893.7728 892.7197 890.373 894.0217 900.3135 904.2521 904.4592 903.6517 906.3305 910.6547 914.2492 916.6133 919.2332 924.8117 926.621 928.4934 931.8557 936.5594
877.8586 880.9011 885.1168 889.2019 893.3513 897.7176 908.0208 913.9435 920.0343 925.4673 927.7821 925.0969 914.6787 911.9438 911.4938 915.103 922.5267 927.7267 927.7783 927.0954 926.2712 925.5922 924.603 918.9164 915.3635 911.6793 907.5313 903.0564 898.1646 889.3484 889.5128 892.431 895.0851 895.9075 896.0659 896.7916 897.4435 897.9308 898.0256 897.3398 895.006 888.5815 889.4022 891.5832 892.6738 892.1892 890.5246 889.3531 893.46 898.5618 901.5839 901.5132 902.9285 906.8948 911.8646 915.863 918.8945 921.7552 927.1219 929.6232 932.7441 936.4936 940.8098
877.3798 880.7319 884.7773 888.8629 892.9083 897.3301 907.7715 913.786 919.038 922.5823 923.1957 920.3364 910.0013 905.7582 906.6027 912.1711 918.113 922.7601 924.7066 924.6801 924.4058 923.8553 922.8364 918.4537 915.5346 911.5938 907.1768 902.7302 897.5507 888.9019 888.5306 889.337 889.8806 890.0483 890.3664 891.2303 891.9168 892.6161 893.1255 893.0651 891.8243 887.685 888.8476 891.3467 891.8121 890.0481 887.5161 889.8198 893.5356 896.169 898.3083 899.9503 905.1041 909.3904 913.8317 917.6537 921.0129 924.2173 930.2233 933.3526 936.6928 940.64 945.4312
876.9232 880.4831 884.4427 888.0192 891.8146 896.9469 907.5955 913.6914 917.9821 919.4871 918.4825 915.5529 905.4486 901.7386 903.592 909.8412 915.6312 920.9853 921.9875 922.3832 922.4926 922.1821 921.0797 917.5529 914.9133 911.2645 907.197 902.9175 897.6729 888.6636 886.5132 885.0745 884.7161 885.0736 885.4369 886.5652 887.36 888.1495 888.835 888.8791 887.5886 884.7333 886.2108 888.4353 888.4081 885.8664 883.7823 891.176 893.6652 895.5188 897.9725 900.793 907.3491 911.7847 915.8848 919.6129 923.3876 926.9557 933.2288 936.7601 940.0803 944.2506 949.4936
876.8511 880.6759 884.7216 888.4378 892.3857 897.2179 907.5481 913.7149 917.3962 917.2438 914.3796 910.2833 901.2012 899.9125 902.3131 907.6294 913.4454 918.1389 918.9776 919.5408 920.2751 920.7095 919.7045 916.8806 914.3845 910.8692 907.13 903.377 898.7451 889.933 886.1003 881.8483 879.5578 879.9323 880.418 882.1551 883.3087 884.0993 884.4091 883.9211 882.3497 880.1372 881.7693 883.0861 882.2804 880.7747 881.59 890.0118 891.7805 894.2673 897.9268 901.2911 908.9214 913.5377 917.4468 921.135 925.2455 928.9968 935.7455 939.3033 942.585 946.5637 950.8524
877.4943 881.6034 885.7899 889.834 893.8 897.9839 907.7767 913.9319 916.6311 914.475 909.9333 905.1069 896.8112 895.7421 899.2546 904.9501 909.7515 915.1207 916.1478 916.8386 917.7796 918.7993 918.5801 915.7018 913.3148 910.2227 907.1829 904.2211 900.3047 891.5565 887.3263 882.3247 878.67 877.5691 877.0739 878.2917 879.4603 880.3484 880.7504 880.2693 878.6298 878.0484 879.6947 879.6302 878.1229 877.7199 884.2689 888.098 890.8496 894.1166 898.0394 901.5015 909.4844 914.0684 917.9998 921.8022 925.9267 929.7901 937.5421 940.7227 943.377 946.3481 948.8366
878.3376 882.6313 887.0349 891.2481 894.9194 898.6419 907.5929 913.2589 915.4565 912.3053 906.6199 901.4015 892.2883 890.5645 894.2377 900.8477 905.8185 911.4514 913.1851 914.4773 915.8187 917.064 917.3951 914.0021 911.4472 908.8861 906.6244 904.3156 900.9352 892.978 889.2242 884.644 880.858 878.431 876.249 875.2951 876.0161 876.8212 876.9225 876.0273 874.684 876.9563 877.972 876.3887 875.4333 877.0289 883.6742 888.4372 891.9937 894.9953 898.1284 901.3161 909.355 913.8865 917.9592 921.9001 925.8915 929.8926 938.5758 941.3974 943.4034 944.6918 944.7777
878.7921 883.1454 887.8571 892.1847 895.3534 899.0753 906.4213 910.0594 911.7215 909.5766 904.9041 899.7461 890.0403 887.8275 889.4352 895.4824 902.2103 908.2864 910.3447 912.2145 914.2912 916.0961 916.3724 912.1415 909.4018 907.0457 904.9866 902.63 899.5132 893.146 888.9949 883.6771 879.7331 877.0891 873.3716 871.3934 872.4328 872.4688 871.2083 869.5411 869.1167 872.6418 872.7592 872.7997 874.9464 878.1756 884.787 888.6603 892.1004 895.379 898.4515 901.2108 909.3465 913.6219 917.601 921.7286 925.7078 929.6531 938.9371 941.4471 942.4659 942.4114 941.2078
877.6204 882.4317 887.814 892.3289 895.1588 898.5381 904.571 906.3809 907.9763 907.473 903.7642 898.7524 889.0137 886.7793 887.4431 891.836 898.0309 905.9059 908.3335 910.5518 912.7015 914.5359 914.6744 909.7447 907.0591 904.7042 902.2211 899.2418 896.3885 891.1969 885.8688 880.1926 876.275 873.1047 869.0882 868.3379 869.7994 869.1651 867.2518 865.7842 865.7729 868.0768 869.757 872.862 876.7568 880.172 886.0483 888.8102 892.189 896.1824 899.6396 902.4101 910.2995 914.04 917.7526 921.7773 925.5998 929.0764 936.8017 939.2236 939.2664 937.4694 934.7197
875.8972 880.9404 886.9532 891.85 894.1047 895.8044 901.6558 904.3028 906.082 906.172 903.0234 892.3522 888.0778 885.3478 885.7286 889.4537 894.4794 904.0747 906.6765 908.85 910.8638 912.055 911.7615 907.0515 904.3613 901.4331 898.0071 894.6309 892.0132 886.7216 881.9125 877.1452 873.3919 870.0355 866.7829 867.5936 868.4839 867.426 865.5762 864.3474 864.1364 867.733 871.1505 874.9318 878.5416 881.8575 887.5516 890.2538 893.9792 898.1869 901.7708 905.0803 912.7624 915.7916 918.6948 922.0849 925.6287 928.84 933.3395 933.9132 933.1462 930.8635 928.0653
874.9326 879.4098 883.4483 886.5476 888.301 889.2787 895.8073 901.1931 905.2651 905.6959 902.3566 891.7929 886.511 881.8271 881.4444 885.9838 891.5255 901.8383 904.9389 907.2457 909.1917 909.8746 908.96 904.8507 901.8474 897.7861 893.3386 889.5717 886.7107 881.3474 877.8138 874.0436 870.6247 867.4727 865.1412 867.2157 867.6636 865.6017 862.7737 861.7794 863.4943 869.8757 873.3105 876.7234 880.1768 883.5499 889.5136 892.9833 897.039 900.9113 904.0418 907.064 915.3094 917.595 919.4581 921.9968 925.0684 927.7575 929.9234 929.6815 928.3154 926.1759 924.7676
872.652 875.3043 876.1085 876.2198 877.8081 880.3519 890.5333 898.8729 904.8317 905.012 901.3319 890.5218 884.5958 879.1057 877.7413 881.8848 888.3659 899.0635 903.0802 905.831 907.4665 907.9398 907.0232 903.1003 899.5921 895.3278 890.77 885.6897 880.6649 874.8192 871.8885 869.8785 867.7384 864.871 862.7981 864.8643 864.1249 860.9387 859.3767 861.4894 868.3831 871.9408 875.3929 878.8452 882.3146 885.7002 892.3823 896.252 900.3525 903.7074 906.1946 909.1451 914.9962 916.5449 918.011 919.8033 921.9919 924.0091 925.5448 925.1662 923.9123 921.9084 920.0691
