var/www/cgi-bin/BAERTOOLS/ravel/working/ravel-14124.DEM
NCOLS 48
NROWS 55
XLLCORNER 276696.32
YLLCORNER 3831378.9
CELLSIZE 10
NODATA_VALUE -9999
[rows 0 to 36 of 55, columns 0 to 47 of 48]
1636.375 1634.025 1630.242 1626.33 1622.395 1611.743 1606.243 1600.083 1594.584 1589.214 1581.566 1576.473 1572.191 1568.499 1565.365 1562.042 1555.432 1551.927 1547.878 1548.692 1548.844 1545.354 1541.425 1541.688 1540.98 1540.003 1538.944 1532.934 1527.378 1520.785 1513.631 1507.28 1501.545 1498.074 1498.819 1501.754 1507.444 1512.748 1515.036 1518.843 1521.252 1523.783 1527.529 1532.795 1542.817 1545.592 1548.133 1551.048
1636.402 1636.228 1633.13 1628.3 1623.355 1611.633 1606.064 1599.996 1592.911 1585.22 1576.724 1573.926 1568.151 1561.887 1561.649 1559.894 1549.711 1547.464 1547.878 1543.994 1541.404 1535.595 1535.219 1535.761 1534.811 1533.565 1532.942 1529.25 1525.152 1519.45 1512.885 1507.531 1502.585 1498.061 1499.027 1503.021 1509.517 1514.684 1520.69 1523.716 1527.272 1530.41 1533.18 1537.795 1547.309 1550.485 1553.157 1556.38
1635.481 1636.993 1635.02 1629.952 1617.297 1611.215 1605.683 1599.959 1592.833 1585.039 1574.832 1570.478 1565.292 1560.185 1558.953 1557.457 1549.409 1547.464 1543.112 1537.314 1536.227 1532.216 1529.978 1529.166 1528.748 1527.547 1526.584 1524.583 1521.813 1517.184 1512.061 1507.072 1502.779 1498.269 1498.841 1502.628 1508.632 1514.154 1522.781 1528.469 1534.25 1537.317 1539.097 1542.706 1551.385 1554.891 1557.49 1560.167
1635.333 1637.14 1636.015 1631.39 1618.671 1611.734 1605.909 1600.873 1594.882 1589.14 1579.327 1574.478 1569.263 1564.686 1562.453 1560.128 1549.409 1546.541 1542.979 1538.785 1536.012 1529.105 1525.389 1523.993 1523.277 1521.898 1519.722 1517.376 1516.293 1514.04 1510.437 1505.84 1499.888 1498.911 1498.948 1501.492 1507.527 1513.397 1522.74 1529.293 1535.724 1540.208 1543.705 1547.462 1555.549 1559.657 1562.746 1565.267
1635.723 1637.267 1636.166 1632.085 1621.313 1615.178 1609.745 1605.224 1600.493 1595.725 1585.042 1579.7 1574.721 1570.902 1567.68 1557.279 1553.707 1550.142 1546.98 1543.642 1539.875 1531.24 1526.482 1523.156 1521.206 1518.634 1513.863 1511.452 1511.57 1510.85 1507.896 1503.965 1499.287 1500.216 1501.723 1503.688 1507.581 1511.388 1520.272 1526.301 1532.846 1538.636 1542.783 1548.442 1557.523 1562.056 1566.01 1570.331
1636.094 1637.72 1636.323 1632.478 1623.724 1618.117 1612.908 1609.565 1605.611 1601.488 1590.383 1584.052 1579.72 1575.768 1567.68 1561.986 1558.217 1554.661 1551.714 1548.523 1544.048 1536.154 1531.327 1526.926 1523.666 1520.164 1513.916 1512.022 1510.21 1508.392 1506.064 1502.646 1500.329 1502.9 1506.683 1509.843 1510.721 1511.396 1516.617 1522.319 1528.373 1534.868 1540.224 1551.013 1555.735 1559.957 1563.839 1569.144
1636.012 1636.091 1634.436 1630.884 1623.218 1619.156 1615.012 1612.031 1608.234 1600.545 1595.598 1588.904 1583.432 1575.768 1572.21 1565.292 1561.749 1558.228 1554.96 1551.911 1548.421 1539.681 1535.234 1530.09 1526.172 1522.901 1515.761 1513.683 1510.453 1507.642 1506.349 1503.429 1504.207 1507.242 1511.13 1514.312 1514.901 1514.932 1518.378 1521.427 1524.339 1529.966 1537.341 1546.989 1551.203 1555.086 1558.748 1563.17
1634.003 1632.529 1630.296 1626.92 1619.753 1615.984 1612.892 1610.2 1607.143 1600.435 1596.829 1588.904 1583.432 1579.317 1575.633 1568.042 1564.19 1560.648 1556.711 1552.622 1549.088 1539.65 1535.485 1530.62 1526.214 1521.865 1514.686 1512.358 1509.42 1508.174 1508.078 1507.663 1508.446 1510.306 1513.157 1516.995 1520.244 1521.354 1522.987 1523.965 1524.003 1526.615 1533.407 1543.192 1546.889 1550.251 1554.709 1558.94
1630.35 1627.055 1624.662 1619.52 1615.123 1611.389 1608.353 1605.21 1602.351 1596.876 1596.829 1591.284 1585.621 1581.297 1577.164 1569.178 1565.144 1561.515 1556.643 1551.079 1541.883 1537.408 1533.001 1527.812 1522.154 1516.086 1511.719 1510.135 1509.356 1509.755 1510.071 1510.897 1511.655 1512.924 1516.177 1521.777 1525.534 1527.387 1528.285 1529.371 1530.739 1532.749 1534.697 1542.161 1546.443 1550.438 1555.776 1561.036
1624.673 1622.49 1620.182 1614.223 1610.573 1606.778 1602.597 1598.574 1596.301 1596.876 1593.763 1589.716 1585.235 1580.904 1576.755 1568.316 1563.951 1559.826 1554.094 1548.475 1538.312 1533.104 1528.142 1522.201 1515.946 1512.214 1510.747 1510.437 1510.898 1511.567 1512.744 1513.72 1517.04 1518.613 1520.596 1524.475 1529.52 1534.857 1534.943 1535.747 1537.448 1539.456 1540.609 1544.994 1548.234 1552.649 1558.753 1564.24
1622.364 1618.926 1614.422 1608.832 1605.817 1601.933 1597.53 1593.731 1596.301 1590.785 1588.166 1584.904 1580.315 1575.946 1568.777 1564.088 1559.475 1554.887 1549.664 1544.986 1535.627 1529.638 1523.369 1517.442 1512.769 1511.955 1511.961 1512.503 1513.305 1515.198 1518.163 1522.837 1524.609 1525.478 1526.073 1528.287 1533.546 1541.797 1543.54 1544.629 1546.238 1548.217 1548.678 1549.077 1552.548 1557.476 1562.353 1567.992
1622.55 1617.917 1612.266 1604.612 1601.79 1598.128 1593.485 1593.731 1590.267 1583.98 1581.158 1577.177 1572.692 1568.641 1561.555 1558.531 1555.05 1550.796 1545.88 1541.326 1531.94 1526.304 1520.897 1516.159 1512.363 1511.541 1514.558 1516.481 1518.192 1521.025 1524.962 1529.983 1531.646 1532.572 1532.709 1533.265 1537.098 1548.183 1551.193 1552.42 1553.509 1554.706 1555.92 1556.452 1558.459 1562.395 1567.494 1573.082
1622.691 1618.109 1612.679 1601.227 1596.542 1593.019 1593.485 1588.974 1580.258 1576.544 1573.027 1569.189 1565.141 1560.6 1554.11 1551.504 1549.088 1546.317 1542.072 1537.663 1528.937 1524.139 1519.843 1515.705 1511.733 1515.183 1519.316 1521.672 1523.643 1526.97 1531.194 1536.785 1538.29 1539.442 1539.515 1539.498 1542.25 1550.997 1556.383 1559.896 1560.827 1560.918 1563.901 1564.96 1565.219 1567.477 1572.84 1578.846
1623.53 1619.057 1613.068 1602.341 1595.388 1593.019 1588.417 1584.226 1573.928 1569.589 1565.97 1562.236 1557.627 1553.825 1546.753 1543.125 1540.903 1539.112 1536.691 1533.589 1526.337 1522.283 1517.792 1512.971 1511.985 1522.513 1526.432 1529.236 1531.709 1533.866 1535.444 1543.07 1545.494 1547.091 1547.62 1547.742 1547.667 1555.821 1560.487 1564.94 1567.852 1569.214 1572.026 1574.379 1574.994 1574.248 1575.797 1578.846
1623.924 1621.066 1609.445 1602.341 1595.388 1588.819 1583.962 1580.725 1571.225 1565.762 1560.944 1557.157 1550.345 1548.011 1542.279 1537.62 1535.27 1533.802 1530.956 1526.337 1523.855 1521.225 1518.982 1517.016 1518.301 1530.844 1534.551 1537.633 1539.926 1541.399 1542.439 1548.119 1551.693 1554.43 1556.279 1556.831 1559.617 1563.365 1566.914 1570.716 1574.32 1576.355 1578.543 1580.624 1582.426 1583.142 1575.797 1582.148
1623.281 1623.549 1609.445 1603.578 1596.771 1589.611 1584.151 1581.262 1573.683 1569.266 1564.448 1559.84 1554.002 1549.868 1543.432 1540.071 1537.197 1534.198 1529.328 1523.939 1523.089 1521.99 1522.059 1523.236 1525.116 1536.177 1540.679 1544.179 1546.581 1548.714 1550.533 1554.382 1557.169 1560.257 1564.269 1566.022 1569.325 1572.615 1574.919 1576.779 1579.483 1582.76 1584.761 1586.797 1589.844 1583.142 1583.75 1584.78
1621.916 1623.549 1612.16 1605.756 1599.509 1593.463 1588.377 1584.981 1578.413 1574.722 1570.367 1566.166 1562.175 1552.863 1549.473 1546.668 1543.339 1538.915 1533.838 1525.168 1523.891 1523.243 1523.076 1524.091 1527.746 1540.479 1545.879 1550.047 1553.471 1556.867 1560.5 1562.183 1564.656 1567.486 1571.169 1574.654 1576.84 1579.359 1581.801 1583.159 1584.403 1587.895 1592.318 1593.897 1589.844 1591.75 1592.38 1595.176
1621.916 1623.987 1614.869 1609.82 1605.26 1601.262 1597.636 1592.267 1583.438 1579.293 1574.879 1571.087 1567.817 1560.779 1557.076 1553.929 1550.386 1545.378 1539.192 1526.373 1523.958 1523.422 1523.428 1524.458 1529.75 1543.757 1550.179 1555.776 1560.266 1563.151 1568.221 1569.939 1572.618 1575.542 1577.19 1579.727 1583.004 1585.281 1587.996 1590.013 1591.269 1594.706 1600.444 1593.897 1597.338 1601.509 1602.766 1602.683
1622.028 1623.698 1615.292 1611.136 1606.82 1602.776 1600.21 1590.829 1587.059 1582.92 1578.003 1575.051 1571.92 1565.027 1562.108 1557.798 1552.867 1548.104 1540.938 1526.893 1523.786 1523.153 1523.524 1525.754 1538.659 1545.247 1552.978 1560.352 1564.746 1567.935 1574.083 1576.406 1578.946 1582.163 1584.394 1584.934 1588.763 1592.446 1595.715 1597.911 1598.707 1598.244 1600.444 1601.133 1602.971 1607.701 1611.557 1610.94
1622.659 1623.369 1612.455 1607.739 1603.959 1599.964 1597.178 1588.875 1585.77 1582.014 1577.602 1575.3 1572.437 1565.109 1562.495 1557.958 1552.193 1547.368 1540.904 1527.365 1523.901 1523.235 1523.905 1528.517 1541.148 1546.855 1554.409 1562.289 1567.583 1572.086 1578.721 1581.865 1584.778 1587.825 1590.486 1591.833 1595.921 1599.567 1602.436 1604.338 1598.707 1604.708 1608.126 1610.189 1611.07 1612.19 1615.175 1617.776
1623.459 1619.245 1612.21 1605.82 1600.538 1595.693 1591.289 1582.373 1579.22 1576.475 1573.213 1570.29 1567.542 1561.508 1558.179 1554.02 1549.225 1544.37 1533.923 1527.726 1523.794 1523.099 1524.772 1530.804 1542.668 1547.865 1554.913 1563.139 1569.911 1575.133 1583.021 1586.498 1589.81 1593.087 1596.303 1599.89 1601.501 1605.033 1608.573 1604.338 1606.352 1611.324 1613.47 1615.183 1616.334 1617.777 1620.301 1623.949
1625.348 1619.732 1613.209 1606.832 1601.02 1595.04 1587.508 1576.53 1572.515 1569.66 1565.901 1562.872 1559.333 1554.458 1551.843 1547.58 1542.878 1538.458 1530.168 1525.152 1522.866 1523.109 1526.019 1532.28 1544.304 1550.461 1556.534 1563.438 1571.131 1577.328 1587.414 1591.196 1594.735 1597.575 1601.834 1607.148 1608.475 1610.935 1608.573 1610.421 1612.139 1616.061 1617.781 1619.195 1620.632 1622.693 1625.442 1630.547
1624.605 1620.693 1613.869 1607.511 1602.217 1596.178 1588.423 1576.512 1571.75 1566.9 1561.499 1558.876 1549.952 1547.093 1544.265 1541.306 1538.673 1534.426 1524.37 1523.25 1524.714 1526.961 1531.53 1537.256 1548.19 1555.718 1562.345 1566.476 1571.692 1583.728 1589.576 1595.243 1600.149 1604.293 1608.631 1613.426 1614.011 1610.935 1613.804 1615.547 1617.171 1620.359 1621.908 1623.641 1625.462 1627.69 1634.2 1636.332
1622.706 1620.398 1614.327 1608.448 1603.34 1597.51 1590.76 1580.132 1575.946 1571.106 1565.239 1560.738 1550.774 1545.079 1539.701 1537.028 1536.463 1534.707 1529.254 1530.995 1534.469 1536.988 1539.227 1545.459 1553.487 1559.533 1565.072 1569.453 1573.862 1584.805 1590.491 1597.584 1605.26 1611.356 1613.492 1618.088 1614.011 1615.625 1618.253 1620.197 1621.943 1625.336 1627.22 1629.246 1631.357 1633.573 1638.335 1639.884
1620.285 1618.048 1613.51 1609.28 1604.714 1600.238 1590.358 1585.449 1580.475 1575.036 1570.479 1564.867 1554.319 1548.831 1542.06 1536.753 1535.948 1534.963 1536.683 1539.715 1543.576 1546.252 1546.992 1553.608 1557.572 1562.161 1567.497 1572.016 1577.268 1589.115 1593.656 1601.054 1609.949 1614.717 1618.196 1618.088 1619.409 1620.901 1622.789 1624.814 1628.806 1630.757 1632.819 1634.939 1636.857 1638.464 1642.18 1643.627
1616.106 1613.96 1611.245 1608.818 1604.064 1600.462 1591.883 1587.364 1582.585 1577.267 1573.207 1566.759 1556.636 1551.914 1545.507 1537.983 1535.822 1535.456 1539.279 1545.368 1550.47 1553.917 1556.896 1560.098 1562.527 1567.337 1572.597 1577.176 1581.677 1595.391 1599.63 1604.155 1611.625 1614.717 1618.196 1622.564 1623.997 1625.435 1627.359 1629.677 1634.025 1635.958 1637.902 1639.835 1641.659 1643.401 1645.96 1647.124
1612.886 1610.158 1607.234 1604.002 1599.731 1595.854 1587.364 1583.351 1579.254 1575.234 1570.918 1565.792 1555.844 1550.719 1544.43 1537.57 1535.656 1535.818 1540.896 1548.565 1555.165 1560.542 1564.385 1571.683 1573.264 1574.427 1577.686 1582.383 1585.723 1597.747 1603.846 1608.858 1611.625 1617.205 1624.014 1625.518 1627.271 1629.493 1631.961 1634.091 1638.328 1640.457 1642.686 1644.589 1646.066 1647.574 1648.9 1649.823
1612.173 1609.502 1604.122 1598.799 1594.785 1589.357 1580.489 1576.417 1572.796 1568.93 1564.978 1561.9 1551.322 1546.582 1540.965 1535.916 1535.405 1539.437 1545.159 1551.423 1557.465 1562.843 1568.543 1577.13 1580.954 1584.136 1585.769 1587.763 1592.542 1601.804 1608.014 1608.858 1612.657 1617.798 1624.716 1626.632 1628.953 1631.845 1634.693 1636.953 1641.671 1644.347 1646.7 1648.34 1649.329 1650.302 1651.25 1652.178
1611.609 1608.552 1603.543 1598.188 1593.081 1586.728 1576.771 1572.152 1567.956 1562.495 1559.209 1550.72 1547.391 1541.811 1536.233 1535.526 1536.553 1545.084 1550.743 1556.132 1561.818 1566.496 1571.682 1579.69 1583.847 1587.803 1591.071 1594.336 1600.891 1605.758 1608.014 1612.262 1614.39 1618.07 1624.005 1625.986 1628.338 1631.235 1634.126 1636.985 1643.247 1646.305 1648.67 1650.042 1650.942 1652.799 1653.786 1654.725
1611.357 1607.788 1603.354 1598.863 1594.416 1588.805 1578.835 1574.387 1569.591 1563.365 1559.438 1548.853 1544.347 1538.681 1535.258 1537.023 1542.186 1550.27 1554.569 1558.795 1563.401 1568.576 1573.283 1580.164 1584.002 1587.404 1591.089 1595.694 1602.575 1605.758 1610.521 1612.775 1614.784 1617.156 1622.073 1624.03 1626.33 1629.26 1632.359 1635.43 1642.38 1646.021 1648.597 1650.204 1651.235 1654.252 1655.904 1657.25
1611.406 1607.793 1604.023 1600.494 1596.103 1590.974 1582.654 1577.62 1572.094 1565.514 1560.635 1549.624 1543.523 1537.448 1536.312 1541.813 1549.113 1555.876 1559.35 1562.636 1565.701 1569.659 1576.666 1580.432 1583.897 1587.196 1590.925 1594.694 1602.575 1606.727 1610.114 1611.857 1613.427 1615.286 1619.433 1621.402 1623.505 1626.173 1629.463 1635.565 1639.6 1643.648 1646.568 1648.742 1650.979 1655.166 1657.13 1658.836
1612.31 1609.12 1605.275 1601.007 1596.882 1587.341 1581.796 1575.852 1570.664 1565.167 1560.169 1548.922 1542.552 1536.871 1537.221 1545.051 1551.406 1560.043 1563.004 1565.245 1567.692 1570.228 1576.488 1580.346 1583.762 1586.78 1589.868 1594.694 1600.636 1603.665 1606.516 1608.849 1610.632 1612.65 1616.651 1618.582 1620.502 1622.791 1626.084 1633.002 1636.691 1640.649 1644.35 1647.412 1650.074 1655.099 1657.472 1659.613
1613.891 1611.272 1606.466 1599.779 1595.768 1585.598 1578.905 1571.829 1565.864 1560.7 1556.999 1547.873 1544.006 1539.337 1539.782 1547.022 1551.836 1560.829 1563.715 1566.248 1568.925 1571.415 1576.904 1580.085 1583.444 1586.78 1589.868 1592.766 1597.746 1600.365 1602.976 1605.326 1607.476 1611.954 1613.902 1615.803 1617.815 1620.249 1623.193 1630.43 1634.016 1638.129 1642.739 1646.612 1649.316 1654.284 1657.034 1659.424
1615.279 1612.993 1608.949 1602.548 1597.226 1586.204 1579.617 1572.6 1566.047 1560.578 1556.466 1548.377 1547.578 1546.706 1545.424 1547.724 1556.248 1560.343 1563.532 1566.13 1568.823 1572.253 1577.179 1579.67 1583.444 1586.416 1589.012 1590.898 1595.256 1597.455 1599.671 1601.957 1604.238 1609.167 1611.016 1612.91 1615.2 1617.962 1620.789 1627.694 1631.67 1636.023 1640.913 1645.401 1648.414 1653.294 1655.939 1658.271
1615.864 1613.823 1611.001 1606.399 1600.916 1588.582 1581.684 1575.379 1569.098 1563.102 1558.21 1550.273 1548.081 1546.879 1546.47 1548.156 1555.624 1559.778 1562.698 1565.116 1568.363 1571.468 1576.288 1579.67 1582.645 1585.361 1587.461 1590.956 1592.584 1594.471 1596.436 1598.313 1600.435 1605.757 1607.91 1609.918 1612.332 1615.313 1618.387 1625.124 1629.421 1633.774 1638.427 1643.443 1649.713 1651.871 1654.092 1656.128
1615.849 1614.003 1611.477 1607.586 1602.453 1589.539 1582.524 1576.76 1570.447 1563.152 1555.003 1551.178 1548.125 1546.8 1547.456 1548.86 1554.951 1558.19 1560.537 1563.346 1567.146 1570.325 1576.288 1578.918 1581.386 1583.439 1585.49 1588.519 1589.208 1590.58 1592.706 1594.863 1597.026 1602.73 1605.449 1607.486 1610.173 1613.426 1616.396 1623.339 1627.237 1631.206 1635.585 1640.071 1647.702 1649.761 1651.676 1653.761
1616.272 1613.195 1610.885 1607.394 1602.594 1589.566 1582.57 1576.572 1570.719 1565.609 1557.595 1553.655 1549.787 1547.279 1547.069 1548.99 1554.264 1557.352 1560.745 1563.998 1567.294 1570.325 1575.3 1577.71 1579.67 1581.37 1583.176 1585.541 1585.571 1586.203 1588.592 1592.402 1595.72 1601.221 1603.434 1605.846 1608.891 1611.842 1617.591 1621.086 1624.582 1628.232 1631.951 1635.162 1643.649 1646.865 1649.243 1651.607
