var/www/cgi-bin/BAERTOOLS/ravel/working/ravel-12027.DEM
NCOLS 166
NROWS 25
XLLCORNER 615583.99
YLLCORNER 4621845.4
CELLSIZE 10
NODATA_VALUE -9999
[rows 0 to 24 of 25, columns 63 to 125 of 166]
1465.068 1465.572 1466.813 1467.586 1468.456 1469.346 1471.058 1471.882 1472.631 1474.037 1474.539 1474.867 1475.165 1475.462 1475.877 1476.348 1477.408 1477.851 1478.16 1478.634 1478.859 1479.088 1479.646 1479.868 1480.08 1480.221 1480.878 1481.089 1481.312 1481.73 1481.85 1481.932 1481.969 1481.916 1481.916 1481.776 1481.333 1480.733 1479.407 1474.656 1470.436 1466.478 1462.667 1462.118 1461.602 1461.113 1460.502 1460.319 1460.325 1460.203 1460.243 1460.405 1460.579 1461.085 1461.364 1461.85 1463.209 1464.003 1464.643 1465.852 1466.215 1466.54 1466.901
1465.523 1466.032 1467.182 1467.871 1468.733 1469.494 1471.176 1471.998 1472.683 1473.91 1474.479 1474.867 1475.165 1475.715 1476.064 1476.492 1477.559 1478.061 1478.38 1478.998 1479.282 1479.505 1479.95 1480.21 1480.506 1480.735 1481.216 1481.509 1481.733 1482.154 1482.269 1482.335 1482.413 1482.294 1482.219 1482.14 1481.446 1480.624 1479.642 1475.806 1471.694 1467.156 1464.277 1462.184 1461.645 1461.345 1460.877 1460.727 1460.674 1460.578 1460.644 1460.752 1460.944 1461.446 1461.732 1462.172 1463.535 1464.229 1464.922 1466.11 1466.554 1467.004 1467.42
1465.863 1466.45 1467.557 1468.194 1468.878 1469.627 1471.31 1472.113 1472.823 1474.07 1474.654 1475.173 1475.471 1475.715 1476.064 1476.789 1477.679 1478.214 1478.67 1479.313 1479.59 1479.818 1480.114 1480.708 1480.927 1481.149 1481.709 1481.929 1482.15 1482.499 1482.71 1482.848 1482.933 1482.722 1482.712 1482.59 1481.524 1480.944 1480.011 1477.225 1473.569 1468.389 1464.77 1462.269 1461.778 1461.489 1461.215 1461.08 1460.996 1460.889 1461 1461.131 1461.253 1461.778 1462.108 1462.56 1463.786 1464.374 1465.071 1466.436 1466.943 1467.432 1467.799
1466.058 1466.611 1467.746 1468.396 1469.078 1469.917 1471.552 1472.331 1473.095 1474.584 1475.316 1475.849 1476.269 1476.442 1476.515 1476.789 1477.679 1478.527 1478.901 1479.628 1479.908 1480.142 1480.429 1481.047 1481.35 1481.656 1482.119 1482.343 1482.569 1482.978 1483.119 1483.268 1483.429 1483.241 1483.192 1482.824 1482.005 1481.346 1480.547 1478.231 1475.153 1469.692 1465.15 1462.375 1461.967 1461.657 1461.423 1461.216 1461.143 1461.31 1461.371 1461.419 1461.526 1462.031 1462.364 1462.81 1464.032 1464.582 1465.272 1466.714 1467.319 1467.835 1468.346
1466.036 1466.685 1467.255 1468.534 1469.242 1470.19 1471.878 1472.72 1473.507 1475.062 1475.804 1476.396 1476.729 1476.955 1477.067 1477.343 1478.04 1478.527 1479.222 1479.878 1480.254 1480.547 1480.774 1481.44 1481.668 1481.967 1482.496 1482.675 1482.979 1483.383 1483.589 1483.875 1483.964 1483.899 1483.692 1483.373 1482.815 1482.104 1481.233 1478.803 1475.924 1470.958 1465.864 1462.612 1462.252 1461.959 1461.537 1461.394 1461.386 1461.547 1461.563 1461.628 1461.761 1462.2 1462.51 1463.065 1464.343 1464.993 1465.719 1466.355 1467.773 1468.416 1468.96
1465.855 1466.552 1467.206 1468.601 1469.419 1470.244 1472.114 1472.972 1473.813 1475.396 1476.089 1476.633 1477.001 1477.472 1477.641 1477.854 1478.567 1478.872 1479.222 1479.878 1480.562 1480.862 1481.17 1481.775 1482.085 1482.38 1482.844 1483.1 1483.395 1483.907 1484.196 1484.405 1484.558 1484.694 1484.605 1484.283 1483.628 1482.834 1482.109 1479.287 1476.528 1472.151 1467.087 1462.921 1462.539 1462.1 1461.759 1461.71 1461.718 1461.654 1461.725 1461.763 1462.035 1462.411 1462.774 1463.391 1464.631 1465.439 1466.187 1466.875 1468.427 1469.093 1469.671
1465.544 1466.241 1467.014 1468.609 1469.497 1470.365 1472.395 1473.325 1474.188 1475.752 1476.361 1476.776 1477.251 1477.776 1478.05 1478.294 1479 1479.343 1479.553 1480.212 1480.562 1480.862 1481.479 1482.095 1482.379 1482.6 1483.214 1483.498 1483.72 1483.933 1484.61 1484.838 1485.14 1485.519 1485.48 1485.378 1484.608 1483.963 1482.949 1481.932 1477.547 1473.918 1468.607 1463.158 1462.646 1462.343 1462.046 1461.9 1461.787 1461.893 1461.819 1462.02 1462.146 1462.643 1463.02 1463.636 1464.996 1465.86 1466.717 1467.526 1469.235 1469.939 1470.552
1465.265 1466.011 1466.815 1468.533 1469.482 1470.479 1472.572 1473.585 1474.5 1476.043 1476.618 1476.958 1477.419 1478.052 1478.424 1478.734 1479.282 1479.619 1479.865 1480.242 1480.872 1481.177 1481.479 1482.408 1482.697 1482.934 1483.519 1483.827 1484.119 1484.351 1485.042 1485.362 1485.745 1486.324 1486.643 1486.618 1485.85 1485.095 1484.018 1482.526 1478.694 1475.768 1470.716 1463.884 1463.062 1462.653 1462.162 1461.95 1461.942 1461.97 1462.03 1462.092 1462.278 1462.877 1463.295 1463.916 1465.6 1466.59 1467.483 1468.35 1470.204 1470.927 1471.525
1464.993 1465.769 1466.57 1468.472 1469.422 1470.505 1472.628 1473.698 1474.609 1475.596 1476.816 1477.135 1477.528 1478.329 1478.613 1478.918 1479.548 1479.842 1480.199 1480.543 1481.188 1481.492 1481.812 1482.408 1482.697 1483.335 1483.834 1484.119 1484.354 1484.653 1485.279 1485.676 1486.134 1487.064 1487.577 1488.095 1487.126 1486.113 1485.245 1484.134 1479.938 1477.069 1472.835 1464.925 1463.411 1462.954 1462.241 1462.042 1462.062 1462.07 1462.103 1462.247 1462.463 1463.208 1463.683 1464.298 1466.341 1467.393 1468.405 1469.466 1471.376 1472.095 1472.748
1464.646 1465.485 1466.326 1468.237 1469.226 1470.302 1472.674 1473.747 1474.738 1475.719 1477.022 1477.37 1477.655 1478.488 1478.829 1479.132 1479.827 1480.144 1480.556 1480.801 1481.513 1481.839 1482.189 1482.711 1483.029 1483.335 1483.834 1484.451 1484.74 1485.043 1485.65 1485.982 1486.43 1487.498 1488.055 1488.577 1488.144 1487.205 1486.588 1485.706 1481.602 1478.757 1475.388 1466.157 1463.741 1463.064 1462.345 1462.15 1462.16 1462.079 1462.378 1462.543 1462.897 1463.634 1464.117 1464.94 1465.979 1468.243 1469.427 1470.627 1472.658 1473.423 1474.053
1464.31 1465.147 1466.041 1467.901 1468.94 1470.067 1472.557 1473.688 1474.759 1475.74 1477.096 1477.484 1477.854 1478.589 1479.013 1479.346 1480.111 1480.483 1480.796 1481.124 1481.87 1482.196 1482.45 1483.05 1483.337 1483.623 1484.149 1484.451 1484.74 1485.128 1485.775 1486.159 1486.536 1487.485 1488.01 1488.461 1488.901 1488.88 1488.7 1487.754 1484.479 1481.618 1477.949 1468 1464.576 1463.291 1462.546 1462.246 1462.187 1462.239 1462.724 1463.146 1463.513 1464.218 1464.877 1465.744 1466.849 1469.284 1470.567 1471.843 1473.984 1474.684 1475.233
1463.907 1464.67 1465.601 1467.631 1468.662 1469.823 1472.371 1473.579 1474.673 1475.654 1477.088 1477.569 1478.038 1478.74 1479.12 1479.509 1480.359 1480.732 1481.117 1481.504 1482.213 1482.463 1482.833 1483.419 1483.63 1483.853 1484.138 1484.701 1484.847 1485.128 1485.832 1486.15 1486.536 1487.449 1487.907 1488.351 1488.679 1489.288 1489.419 1489.393 1488.491 1485.871 1480.375 1469.945 1465.496 1462.852 1462.266 1462.18 1462.181 1462.245 1463.194 1463.687 1464.115 1465.216 1465.919 1466.843 1467.895 1470.369 1471.731 1473.027 1475.256 1476.008 1476.395
1463.583 1464.31 1465.179 1467.316 1468.403 1469.614 1472.124 1473.367 1474.537 1475.47 1476.983 1477.543 1477.983 1478.832 1479.243 1479.661 1480.165 1481.074 1481.474 1481.852 1482.563 1482.891 1483.181 1483.723 1483.945 1484.173 1484.393 1484.884 1485.037 1485.254 1485.832 1486.15 1486.548 1487.403 1487.769 1488.155 1488.557 1489.182 1489.406 1489.578 1490.068 1488.074 1481.77 1470.86 1466.009 1463.001 1462.194 1462.186 1462.19 1462.33 1463.739 1464.384 1465.029 1466.341 1466.97 1467.925 1469.038 1471.534 1472.912 1474.207 1476.447 1477.057 1477.458
1463.268 1463.942 1464.803 1466.897 1468.074 1469.316 1470.592 1473.092 1474.301 1475.281 1476.763 1477.216 1477.859 1478.828 1479.335 1479.83 1480.314 1481.376 1481.86 1482.276 1482.906 1483.279 1483.636 1484.039 1484.286 1484.489 1484.7 1485 1485.161 1485.369 1485.85 1486.175 1486.548 1487.403 1487.574 1487.976 1488.445 1489.112 1489.42 1489.667 1489.16 1486.054 1481.312 1471.135 1466.297 1463.159 1462.238 1462.185 1462.182 1462.259 1463.581 1464.574 1465.641 1467.262 1467.979 1468.924 1470.043 1472.512 1473.839 1475.134 1477.246 1477.953 1478.43
1462.966 1463.6 1464.344 1466.419 1467.611 1468.854 1470.214 1472.788 1473.953 1475.019 1476.585 1477.065 1477.719 1478.781 1479.37 1479.945 1480.517 1481.703 1482.219 1482.676 1483.346 1483.704 1484.11 1484.419 1484.662 1484.802 1484.923 1485.159 1485.315 1485.464 1485.924 1486.246 1486.566 1487.242 1487.574 1487.976 1488.354 1489.058 1489.42 1489.659 1488.369 1484.914 1480.838 1471.302 1466.525 1463.397 1462.292 1462.186 1462.171 1462.174 1463.275 1464.089 1464.867 1466.336 1468.355 1469.436 1470.706 1473.268 1474.524 1475.822 1477.837 1478.645 1479.136
1462.663 1463.281 1463.927 1465.929 1467.145 1468.446 1469.822 1472.52 1473.636 1474.667 1476.37 1477.027 1477.488 1478.702 1479.372 1480.016 1480.659 1482.07 1482.649 1483.163 1484.024 1484.4 1484.61 1484.864 1484.976 1485.073 1485.152 1485.201 1485.358 1485.467 1485.836 1486.145 1486.499 1487.071 1487.48 1487.891 1488.354 1489.023 1489.3 1489.467 1488.032 1484.456 1480.569 1476.362 1466.525 1463.359 1462.284 1462.185 1462.185 1462.188 1462.766 1463.452 1464.141 1465.551 1468.296 1469.795 1471.163 1473.845 1475.06 1476.295 1478.405 1479.102 1479.668
1462.441 1463.059 1463.613 1465.313 1466.593 1467.995 1469.443 1472.104 1473.282 1474.282 1475.934 1476.587 1477.205 1478.448 1479.168 1479.991 1480.752 1482.393 1483.149 1483.865 1484.841 1485.169 1485.327 1485.383 1485.341 1485.309 1485.323 1485.397 1485.487 1485.493 1485.854 1485.996 1486.204 1486.524 1487.315 1487.775 1488.241 1489.023 1489.3 1489.391 1488.251 1484.795 1480.77 1476.524 1466.955 1463.601 1462.322 1462.185 1462.185 1462.19 1462.575 1463.054 1463.817 1465.066 1468.407 1470.065 1471.588 1474.339 1475.596 1476.737 1478.77 1479.56 1480.28
1462.327 1462.84 1463.391 1464.914 1466.14 1467.495 1468.956 1471.757 1472.894 1473.892 1475.432 1476.029 1476.64 1477.269 1478.722 1479.754 1480.77 1482.802 1483.772 1484.74 1485.78 1486.03 1486.207 1486.129 1485.696 1485.573 1485.491 1485.411 1485.457 1485.485 1485.718 1485.895 1486.082 1486.433 1487.186 1487.595 1488.038 1488.866 1489.204 1489.391 1488.251 1485.703 1481.498 1477.343 1467.633 1463.942 1462.345 1462.19 1462.185 1462.185 1462.408 1462.99 1463.843 1465.177 1468.571 1470.314 1471.917 1474.783 1476.056 1477.262 1479.33 1480.17 1480.903
1462.508 1462.825 1463.24 1463.769 1465.72 1467.14 1468.608 1471.439 1472.491 1473.498 1474.938 1475.515 1475.994 1476.501 1477.935 1479.307 1480.576 1483.352 1484.551 1485.597 1486.891 1487.115 1487.083 1486.807 1486.082 1485.762 1485.584 1485.327 1485.365 1485.45 1485.551 1485.781 1486.004 1486.303 1487 1487.45 1487.85 1488.754 1489.107 1489.389 1488.669 1485.703 1481.498 1478.165 1469.142 1465.451 1462.972 1462.184 1462.185 1462.185 1462.356 1462.984 1464.079 1465.514 1468.947 1470.779 1472.455 1475.256 1476.599 1477.801 1478.883 1480.875 1481.81
1463.135 1463.464 1463.746 1464.034 1465.796 1467.173 1468.594 1471.153 1472.243 1473.115 1474.363 1474.89 1475.357 1475.818 1476.851 1478.091 1480.368 1483.969 1485.477 1486.707 1487.844 1488.03 1487.993 1487.799 1486.351 1485.896 1485.536 1485.211 1485.216 1485.264 1485.401 1485.555 1485.713 1485.982 1486.78 1487.172 1487.642 1488.549 1488.956 1489.355 1489.139 1486.755 1482.461 1478.165 1470.617 1466.702 1463.964 1462.166 1462.185 1462.178 1462.152 1463.31 1464.346 1465.93 1469.476 1471.227 1472.902 1475.864 1477.153 1478.436 1479.589 1481.757 1482.855
1463.914 1464.332 1464.75 1465.105 1466.392 1467.623 1468.749 1471.043 1472.007 1472.777 1474.117 1474.635 1475.006 1475.446 1476.667 1478.463 1481.132 1484.838 1486.208 1487.537 1488.616 1488.705 1488.73 1488.537 1486.454 1485.887 1485.501 1485.021 1484.946 1484.953 1485.031 1485.295 1485.485 1485.695 1486.577 1486.988 1487.423 1488.372 1488.851 1489.246 1489.488 1487.834 1483.566 1479.424 1470.617 1466.702 1465.14 1462.078 1462.185 1462.189 1462.311 1463.713 1464.912 1466.501 1470.076 1471.871 1473.47 1476.569 1477.901 1479.19 1480.476 1482.996 1484.008
1464.598 1465.252 1465.816 1466.18 1467.351 1468.125 1469.06 1471.188 1472.066 1472.815 1474.109 1474.68 1475.294 1475.839 1477.743 1479.817 1482.836 1486.947 1487.34 1488.056 1488.581 1488.417 1488.346 1488.17 1486.351 1485.662 1485.29 1484.68 1484.585 1484.603 1484.647 1484.842 1485.1 1485.396 1486.265 1486.727 1487.13 1488.112 1488.669 1489.121 1489.465 1488.562 1484.714 1480.275 1471.913 1468.128 1465.14 1462.078 1462.175 1462.196 1462.398 1464.141 1465.557 1467.164 1470.619 1472.461 1474.214 1477.367 1478.783 1480.161 1481.603 1484.16 1485.16
1465.099 1465.775 1466.298 1466.888 1468.091 1468.748 1469.595 1471.33 1472.189 1473.011 1473.709 1474.923 1475.614 1476.335 1479.725 1482.126 1485.215 1488.524 1488.315 1488.083 1487.837 1487.376 1487.212 1487.048 1485.893 1485.296 1484.87 1484.234 1484.176 1484.146 1484.14 1484.324 1484.593 1484.953 1485.792 1486.245 1486.746 1487.818 1488.429 1488.922 1489.291 1488.885 1485.641 1480.99 1472.776 1469.275 1466.383 1462.575 1462.175 1462.196 1462.515 1464.417 1465.994 1467.7 1471.295 1473.13 1474.873 1478.17 1479.821 1481.346 1482.868 1485.494 1486.431
1464.527 1466.06 1466.73 1467.338 1468.58 1469.286 1470.051 1471.685 1472.472 1473.32 1474.146 1475.636 1476.275 1477.504 1481.689 1484.536 1487.476 1488.976 1488.512 1487.849 1487.311 1486.526 1486.166 1485.905 1485.135 1484.708 1484.298 1483.735 1483.657 1483.589 1483.578 1483.821 1484.044 1484.384 1485.236 1485.684 1486.234 1487.369 1488.021 1488.668 1489.187 1489.217 1486.464 1481.373 1473.274 1470.126 1467.306 1463.005 1462.081 1462.18 1462.515 1464.637 1466.364 1468.222 1472.014 1473.9 1475.661 1477.426 1481.017 1482.845 1484.453 1486.846 1487.804
1464.533 1466.181 1466.862 1467.547 1468.916 1469.638 1470.473 1472.161 1472.968 1473.732 1474.571 1476.553 1477.711 1479.157 1483.649 1486.156 1488.466 1489.021 1488.38 1487.678 1486.98 1485.876 1485.448 1485.039 1484.297 1483.92 1483.554 1483.063 1482.905 1482.857 1482.9 1483.154 1483.394 1483.789 1484.607 1485.109 1485.661 1486.838 1487.504 1488.205 1488.827 1489.136 1486.476 1481.218 1473.308 1470.41 1467.851 1465.376 1462.227 1462.156 1462.245 1464.637 1466.364 1468.643 1472.788 1474.713 1476.635 1478.503 1482.385 1484.319 1485.852 1488.51 1489.648
