var/www/cgi-bin/BAERTOOLS/ravel/working/ravel-13316.depgrd.txt
NCOLS 92
NROWS 90
XLLCORNER 452078.49
YLLCORNER 3782565.4
CELLSIZE 10
NODATA_VALUE -9999
[rows 28 to 55 of 90, columns 0 to 61 of 92]
0.13758054 0.22169139 0.03611303 0.28623377 0.043131143 0.095328392 0.10366691 0.19377128 0.16405952 0 0.26676933 0.04565624 0.25585348 48.942812 192.61114 280.95641 452.64129 1867.693 0.7846112 1.0308552 804.49486 21.7506 2.0050788 1.3028103 0.75690665 0.66329737 0.21968876 0.4693933 0.064495472 0.14813545 0.1227666 0.074282386 0.10299632 0.086586483 0.14623382 0.31097688 0.142321 0.18543804 0.25660321 0.25739028 0.25118205 0.31163522 0.073144077 0.11053366 0.069029599 0 0.22534532 -8.8817842e-16 0.088662046 0.007225575 0.090295529 0.1275611 0.22104424 0.1686247 0.19165701 0.16336914 0.16888612 0.27153275 0.28034986 0.54221618 0.0073259383 0.5069024
0.17597832 0.066187934 0.030836758 0.11877879 -7.1054274e-15 0.053599145 0.054531188 0.13495568 0.13384158 0.18638006 0 0 0.11894275 0.40361653 0.36506778 1.0658141e-14 0.013577918 0.75662816 1.3759224 1.2236178 0.71803155 1.9620601 1.1030617 1.2099609 0.47422399 0.6135357 0.68148448 0.55020618 0.090399989 0.25172498 0.075615976 0.054113029 0.16598364 0.11182751 0.12221051 0.20681119 0.077464799 0.16476131 0.16404956 0.21733717 0.11532808 0.12382126 0.084935069 0 0 0.26197838 0.0075948638 0 0 0.022606433 0 0 0.21158768 0.15579214 0 0.17590022 0.18667262 0.22399246 0.31010376 0.54120211 0.40724954 0.43506811
0.27428124 0.24050916 0.10152579 0.19668163 -1.110223e-16 3.1641356e-15 0.08478159 0.16508816 0.22428294 0.029319944 0.21740347 0 0.078259974 0.21698255 0.3166254 0.17179677 0.35305338 0.084979426 0.84933126 0.96274477 0.79590536 0.87737998 2.1953152 1.3129363 0.89496879 0.49457303 0.40973297 0.49194595 0.53156053 0.70998429 0.23623474 0.18316321 0.015326306 -3.5527137e-15 0 0.040624108 0.0070603978 0 0 0 0.0020579166 3.5527137e-15 0 0 0 3.5527137e-15 0 0.087330269 0.16090789 0.14981379 0.14094614 0.033869131 0.13889889 0.15065137 0.13622014 0.1704144 0.27710978 0.21520068 0.25119836 0.23611773 0.47457084 1.2466571
88.359634 0.20696879 0 0.094340366 0.1712634 3.5527137e-15 0.047673596 0.10717432 0.14396734 7.1054274e-15 0.11391707 0.06641593 0.099667707 0.15437808 0.12348981 0.073324811 0.15586013 0.4676974 0.65384918 0.91263988 0.74290279 0.70980141 0.034038102 1.6942322 1.1784462 0.58946329 0.28850824 0.44867248 0.36315299 0.32551974 0.42714017 0.30630082 0.19099434 3.5527137e-15 0.35041787 0.19193336 0.040505464 0.0061409541 0.0059932485 0.066307055 0.014650806 0.0081414114 0.049489692 0 0.11546292 0 0 0.11986321 0.34418188 0.26063018 0.020461851 0.42139858 0.12259403 0.13461996 0.20223376 0.1718073 0.17571579 0.24153614 0.40802847 0.041916039 1.6549633 0.88772081
0.42438188 0.073746627 0.046574712 -3.5527137e-15 0.12484812 0.27110463 -3.5527137e-15 0.0035503575 0.10346206 0.043462604 0.076224468 0.01113438 0.063363616 0.043406378 0.24402479 0.073863573 0.16906107 0.11096352 0.30037523 0.60755627 0.77238402 0.55849387 0.35944829 0.2775218 1.272567 1.4344159 1.4243132 0.28132605 0.32471562 0.34858356 0.51580354 0.37692993 0.11338635 0.28640623 0.0075069862 0.14628242 0.14170007 0.0016897032 0.013262269 0.046173358 0.069267384 0.040925822 0 0.27792354 0 0 3.5527137e-15 0.25208171 0.22422675 0.44418731 0.50197298 0.51788804 0.26164223 0.076843627 0.18190127 0.26575655 0.23411323 0.42838333 0.65532732 0.68459567 1.2537099 0.82825316
0.26610668 0.37446205 0.23692102 0.22972003 0 0.073918814 0.1182233 0.24953749 -7.1054274e-15 0.029792586 3.5527137e-15 0 -3.5527137e-15 0.064909093 0.14949887 0.1038935 0.20483467 0.0018016181 0.20818913 0.42900401 0.44006873 0.84399185 0.59209657 0.15896199 0.50490648 0.77378124 1.8683581 1.0169207 0.49724716 0.53458472 0.30297383 0.33645273 0.4019178 0.31807673 0.14307222 0.1620655 0.099828703 0.047177926 0 0.090898225 0.067627736 3.5527137e-15 0.027688364 0.15031059 0 0.13888757 -3.5527137e-15 0.22248858 0.45958915 0.38689606 0.075882704 0.42318975 0.21926848 0.202585 0.22286736 0.28879318 0.45766603 0.48128417 0.34283748 1.1433491 0.73133426 0.98939593
0.2829963 0.2099176 0.23521988 0.34599024 0.19502151 3.5527137e-15 0.42609785 3.5527137e-15 0.060715179 0.064815328 -1.4210855e-14 0.017463767 0.019840938 0 0.030289235 0.22139784 0.057306482 0.2147969 0.005944235 0.068787384 0.37014712 0.63430221 0.64854406 0.22435257 0.058967705 0.43914414 0.16956139 0.92712704 0.76938481 0.059792546 0.27876248 0.29509159 0.28026195 0.26254979 0.22937385 0.064277267 0.057914377 0 0.035586703 0.010707501 0 0.00070580341 0.1451921 0 0.27243664 0.25536218 0.19236244 0.18185949 0.14317131 0.37009793 0.63523345 0.38911523 0.18627365 0.11987736 0.11340606 0.21742891 0.49841183 0.4063627 0.76294515 1.2852525 0.94153425 1.3299018
0.27269428 0.16808688 0.17980546 0.34171941 0.41850526 0.19938407 3.5527137e-15 -3.5527137e-15 0 3.5527137e-15 -1.4210855e-14 0.12970876 0.097044718 0.066419069 0.024396976 0.066362934 0.17181201 0.15684058 0.090434877 0 0.0082204944 0.50179951 0.62940761 0.304178 0.13502736 0.18644636 0.2930492 0.1058334 0.69410128 0.52658415 0.17361762 0.17638339 0.089260723 0.19612867 0.10222358 0.044621948 0 0.09292043 0.079235283 0 0.13810378 0.30747666 0.39364973 0.041644048 0.019191515 0 0.027440214 0.10970296 0.349277 0.54553586 0.6349746 0.6689833 0.080008865 0.19883031 0.078782264 0.26529467 0.45835719 0.54836498 0.70426981 1.7792437 0.69359103 1.7302541
0.35250522 0.6263414 0.47412925 0.33599944 0.22461652 0.11353818 -3.5527137e-15 -3.5527137e-15 0.058141583 0.028342839 0 0.17533087 0.042205645 0.084192138 0 0.05109754 0.038516668 0.12016887 0.10366118 0.030196651 0.050643108 0.0017481001 0.11255797 0.43560076 0.13298 0.060071381 0.09138215 0.25843819 0.5453074 0.40014514 0.26313401 0.41632499 0.173067 0.19199748 0.080727538 0 0.05504845 0.0036750658 0 0.19392102 0.21239284 0.287417 0.211106 0.015903481 0.33464972 0.17440825 0 0.073923258 0.10744431 0.62917208 0.34244463 0.41643753 0.85263487 0.25388709 0.28333356 0.30517918 0.1833257 0.51069325 0.18080655 2.0839892 1.2533518 0.28719059
0.39247108 0.58845934 0.29307479 0.37918705 0.40741149 0.10548419 0.079229832 0 0.10504558 0.041930621 0.069637005 0.024824166 0 7.1054274e-15 0.039888896 0 0.030248849 0.058247457 0.040358132 0.050305062 0.042120178 0.091029203 3.5527137e-15 0.11123038 0.24282627 0.062823969 1.0658141e-14 -7.1054274e-15 0.61249752 0.14147896 0.2345638 0.31005661 0.36168706 0.1356815 0 0.12187146 0 0.078115372 0 0.024404615 0 0 0.073043412 0.1526841 0.23677268 0.26108818 0.068634332 0.22384612 0.28026088 0.42572349 0.63791873 0.55906096 0.9612418 0.16261525 0.1802119 0 0.26534065 0.13235481 0.6090273 0.64709053 2.5038283 1.1038151
0.61272865 0.82533993 0.42778317 0.26113327 0.18192803 0.29713696 0.053654101 0.10984023 0 0.086237797 0.093708477 0.13555131 0 0 3.5527137e-15 0.059038694 0 0.052495986 0.0183653 0.016862529 0.01838992 0.014350838 0.019312447 0.086258464 0.19801868 0.12121874 0.026583005 1.7763568e-14 0.19885953 0.15131669 0.18496612 0.093263455 0.072084141 0.065023764 0 0.046316895 0.040015464 0 0 0 0.050289595 0.11245725 0.16797273 0.26327352 0.147386 0.22445586 0.065864469 0.11412749 0.094153086 0.40286417 0.59943118 0.77496588 0.57356526 0.28334902 0.20866765 0.15584701 0.42664468 0.18875859 3.5527137e-15 0.44159676 4.388133 0.53899396
0.8593258 0.65777892 0.49044559 0.3916735 0.17755175 0.23000441 0.31435283 0.12296508 0.10868959 0.11857403 0 0.084242088 0.037647002 3.5527137e-15 8.8817842e-16 -3.5527137e-15 0.066686746 0 0.017865452 0 0.057363492 3.5527137e-15 0 0.053658257 0.24000539 0.12350034 1.4210855e-14 0 -3.5527137e-15 0.23860831 0.2441099 0.17142626 0.074666323 0.1392462 0 0 0 0.058390354 0.18114753 0.16292002 0.22224664 0.014113872 0.22356035 0.2318868 0.38804779 0.21829894 0.018344701 0.12527917 0.12182885 0.31584195 0.91331981 0.71123868 1.058996 0.039240008 0.15369097 0.20919187 0 0.27992397 0.41259907 0.25282508 1.37069 1.4065614
1.1824747 1.0482869 0.34362644 0.47316385 0.36506385 0.27705497 0.26337462 0.13771091 0.099955053 0.072677522 0.10311454 0 0.023943432 1.0658141e-14 8.8817842e-16 0 0.03539589 0.060716227 0 0 -7.1054274e-15 3.5527137e-15 -7.1054274e-15 0.016690135 0.012418776 0.082856491 0.012060934 0 -7.1054274e-15 0.023981654 0.023524057 0.0010673425 0 0 0 0 0.11358603 0.031248683 0.11299067 0.25404232 0.71629882 0.3968587 0.39352526 0.3479931 0.28375946 0.16975946 0.036960878 0.043982784 0.039645783 0.14321004 1.0332702 0.39316863 1.485709 0.27608058 0.51479174 0.28655747 0.21240549 112.78431 0.19591405 0.62187994 0.56529789 5.3284879
0.53243005 0.61467393 0.75946718 0.78051149 0.0099095262 0.54367627 0.57816371 0.50909646 0.359715 0.38534091 0.16697728 2.1316282e-14 0.069673452 -1.0658141e-14 0 -3.5527137e-15 3.5527137e-15 0.016124032 0 0 0.030539119 -3.5527137e-15 0.020731703 0.005592827 0.082917025 0.10206562 1.0658141e-14 0 -3.5527137e-15 -3.5527137e-15 -3.5527137e-15 3.5527137e-15 0 0 0 0 0.025581559 0.15162543 0.21884066 0.27951718 0.81147296 0.44934309 0.38551528 0 0.18705441 0.086215424 0 0.13824926 0.06000493 0.16387074 0.19974326 0.63206954 0.20131077 0.49348735 0.53996881 1.2279778 0 0 0 0.15439697 0.81399655 0.88717083
0.47464282 0.2156308 0.42499724 0.69865549 0.59619434 0.61468424 0.55794608 0.032164077 0.0031191586 0.17477406 0.10458209 0.13271569 0.10009934 0.082822791 0.052642071 0 0 0 0.012674506 0 3.5527137e-15 0 -3.5527137e-15 -3.5527137e-15 0.0092437882 0.0013418914 0 -7.1054274e-15 -7.1054274e-15 3.5527137e-15 0 0 0 0 0 0 0 0.070893105 0.32134366 0.18147131 0.82069693 0.77536296 0.43596291 0.35462118 0.21444575 0.13329646 0 0.060947142 0.051602328 -7.1054274e-15 0.22805579 0.66561719 1.5690015 1.0934456 0.82668712 0 0 0 0 0 0.41928968 0.30996751
0 -2.4868996e-14 0.059380478 0.02345857 0.19570742 0.2365302 0.23373376 0.21315829 0.14788969 0.098808108 0.13986277 0.061180599 0.045429543 0.013689676 0 0.041141659 0.026151506 -7.1054274e-15 0 0 -3.5527137e-15 0 -3.5527137e-15 0 0 0 0 3.5527137e-15 0 0 0 0 0 0 0 0 3.5527137e-15 -3.5527137e-15 0.011289112 1.1419946 0.66858423 0.050962563 0.39370422 0.41188262 0.25507512 0 0.040631572 0.092000097 0.10536245 0.10677413 0.09738063 1.1013199 0.75187487 3.9000729 3.5527137e-15 0.038025788 0.010256837 0.01507767 0 -3.5527137e-15 0.62296723 0.18082462
0.24881018 0.0771618 1.0658141e-14 0.06196303 -2.8421709e-14 0.059790328 0.22457796 0.18366029 0.16863453 0.14554108 0.1430717 0.11262078 0.06463758 0.026657451 0.062098089 0 0 0.015366153 0 0 0 0 0 0 0 0 0 0 0 0 0 0 0 0 0 0 0.032189366 0 0 0.055677377 0.86671349 0.87475589 0.00029605297 0.39244858 0.28952082 0.11211773 0.031659313 0 0.09650345 0.073123744 0.11220726 2.0809544 5.5025379 7.1054274e-15 0.010802148 0 0.032607563 0 0.017551447 0 0.25675709 0.44887863
0.64808128 0.35969423 0.17361399 3.5527137e-15 0.062280355 7.1054274e-15 -3.5527137e-15 0.03030315 0.10811504 0.081186238 0.057805977 0.10240386 0.087318281 0.021663316 0.040979229 0.014735282 7.1054274e-15 0 0 0 0 0 0.060030572 0 0 0 49.436234 0 0 0 0 0 0.0010561268 0 -3.5527137e-15 0 0 0.039506842 3.5527137e-15 0.023573968 1.1109448 0.55680023 1.1500697 7.1639594 0.41969158 0.34157125 0.33869461 3.5527137e-15 0.37628072 0.10500926 0.10252799 1.6301035 3.313861 0 0.030260566 0.0043255418 -3.5527137e-15 0.0035025603 3.5527137e-15 0.021383136 0.05157129 0.33138845
0.4913825 0.52711741 0.40938823 0.17663638 -1.0658141e-14 0 1.7763568e-14 -1.4210855e-14 -1.4210855e-14 0 7.1054274e-15 0.02368681 0.034291534 0 1.4210855e-14 0 3.5527137e-15 -3.5527137e-15 -3.5527137e-15 0 0 0 0 0 0 0 0 0 0 0 0 3.5527137e-15 0.0091262338 -3.5527137e-15 -3.5527137e-15 0.010679261 0.023747035 0 0.012175367 0.017006115 0.95051165 0.41127986 0.52749479 0.23829513 0.20889648 0.39881503 0.22400226 0.19767994 0.35759799 0.37953245 0.16595491 0.47050179 5.3340355 0.039886059 0.023133076 0.0014088157 0 0.043416922 0 3.5527137e-15 0.039605562 0.14222145
0.2330787 0.23526271 0.44757143 0.29463032 0.077538655 0.036905505 1.4210855e-14 2.8421709e-14 -1.0658141e-14 -7.1054274e-15 -3.5527137e-15 -3.5527137e-15 -3.5527137e-15 7.1054274e-15 0.071692203 -7.1054274e-15 0 0 0 0 0 0 3.5527137e-15 0 0 -3.5527137e-15 -3.5527137e-15 3.5527137e-15 0 0 -3.5527137e-15 0 0 0.056273385 0.020974883 0.027478597 0.033445731 0.021468985 0.031487297 3.5527137e-15 0.45642366 0 1.2709126 0.11967298 0.40498286 0.36466769 0.40251621 0.22204708 0.18325737 0.20166596 0.37260267 6.7810286 0.035489872 0.011604155 0.0029834178 0.0062641055 0 -7.1054274e-15 0.053469454 0.011028283 0.019396055 0.0070793515
0.18288467 0.19903244 0.60887078 0.25417069 0.23428186 0.1923408 0.039765109 -7.1054274e-15 0.052495836 -3.5527137e-15 3.5527137e-15 -3.5527137e-15 0 -1.4210855e-14 -7.1054274e-15 -3.5527137e-15 0 0 0 -3.5527137e-15 0 0 0 0 0.004678158 0.0071437649 0 0.032885804 0 3.5527137e-15 -3.5527137e-15 0.021018919 3.5527137e-15 -3.5527137e-15 0.049443902 0.040950218 0.026381749 3.5527137e-15 0.049520608 0.032669516 0.047190192 1.0559364 0.77607162 0.23526041 0.50923618 0.29018271 0.3703361 1.2096062 0.1219999 0.1456169 4.3301066 1.8215006 0.040994721 0.039905979 0 0 0 3.5527137e-15 3.5527137e-15 0.060064388 0.010248684 0.029897218
0.055921264 0 0.17989149 0.33049272 0.11245666 0.065079826 0.12828453 0.14591458 0.1184231 0.038206498 2.1316282e-14 -7.1054274e-15 7.1054274e-15 0 0 0 0 0 0 0 0 0 3.5527137e-15 -7.1054274e-15 0.066944431 0.019787509 0 0 0.027054915 0 0.027493441 0 0.052908449 0.050251169 3.5527137e-15 0.040032519 0.022842531 0.030520489 0.086652153 0.038001474 0.93088951 1.2401446 0.98614231 0.36071126 0.92445691 0.76203391 0.21767863 0.32417058 0.25404127 0.11530075 5.6770998 4.140383 0.041664539 0.030584503 0.060260232 0 0.014654811 0 0.033708092 0 0.028422872 0.042819777
0.045028595 0.084694206 0.0526314 0.17088879 0.17701802 0.089215247 0.055664368 0.079976203 0.02571343 0.031904951 7.1054274e-15 0 3.5527137e-15 3.5527137e-15 0 0 0 0 0 3.5527137e-15 0.017138764 7.1054274e-15 -7.1054274e-15 0 0.13205435 0.073190425 0.044466058 0.030203173 0.018221184 0 0.029288015 0.039933111 3.5527137e-15 0.050242201 0.11218145 0.099207626 0.062285304 0.1770089 0.15327436 0.05501986 1.7458182 1.4999318 1.4688708 0 0.69085391 0.94870388 0.31506785 0.33690295 1.6710503 0.02766237 8.635228 17.490533 0 0 0.077433657 0 0.0242635 0.052868738 0.056544214 0.024105642 0.036404582 -3.5527137e-15
0.086038171 0.00048771082 0.061131749 0.057105245 0.14056493 0.09050255 0.071338142 0.013302662 0.050743454 0.067494994 0.01475558 3.5527137e-15 0 3.5527137e-15 0 0 0 0 0 3.5527137e-15 0 0.08001681 3.5527137e-15 0 0.12081774 0.14948203 -3.5527137e-15 0.054564678 0.013160739 0.037168892 0.066183035 0.044910206 0.028502083 0.031600217 0.026683377 0.037864607 0.075982943 0.097244355 0.13464381 0.18474427 1.0420442 0.6177754 1.7023115 0.46683132 0 1.5692575 0.4817461 0.51597327 0.55636951 5.8787214 4.1068176 0 0.076852078 0.0114108 36.950887 25.993738 0.024575192 0.085541001 0.064210507 0.070166742 0.078143043 0.27921739
0.061321796 0 0.069473536 0.02775818 0.03777094 0.16125691 0.013806438 0.091768972 0.008130958 0.021363882 0.022421438 0 0 0 0 0 0 -3.5527137e-15 0.067414275 0.037935576 0.087518638 0.034885497 -3.5527137e-15 -3.5527137e-15 0.24461879 0.16312987 0 -3.5527137e-15 0.0098564589 0 0.049694378 0.034893985 0.069955081 0.02613607 0.040201431 3.5527137e-15 0.055058909 3.5527137e-15 0 0.13788755 1.9037922 3.5744975 1.8815154 0.49611281 0.40417716 0.94263453 1.7027943 0.32041462 9.8475699 8.2074657 0 0.02579156 0 0 9.8740005 68.724193 78.705548 74.084522 0 0.064167379 0.10398456 2.050939
0.025001481 3.5527137e-15 0.058903663 0.14505855 0.012088709 0.051396838 0.06663555 0.066569906 0.055738506 3.5527137e-15 -3.5527137e-15 3.5527137e-15 0 0 0 0 0 -3.5527137e-15 0.052874453 0.083682034 0.015250271 0.044334071 1.0658141e-14 0 0.31218124 0.18947903 0 0 0.044417436 0.018511077 0 0.075524648 0.090419269 0.10328398 0.11478066 0.07408565 0.05076571 0 0.19843 7.1054274e-15 0.067228655 6.1165513 2.6595831 0.62177909 0.46861492 0 0.88532642 6.0764168 7.6921077 0 0 0 0 0 0 0 0.11491277 0.028794546 0.087104287 0.039533523 11.158202 7.1913823
0.0389964 0 0 0.008483126 0.0054474973 0.0073744816 0.015160355 0 0.042951909 -7.1054274e-15 0 0 0 0 0 0 0 0.050480834 0.029208954 0.13347068 0.13837891 0.14633106 0.023189319 0.13048875 0.32140076 0.26739893 0 0.015184197 0.084211671 0.036434534 0.065047815 0.10117205 0.054384377 0.091773774 0.38557642 0.28720859 0.032564382 0.15543732 0.13995166 0.054795605 -3.5527137e-15 0.13596291 4.3881464 3.0119978 0.53983843 0.02042564 3.8854641 5.8177943 66.675347 0 0 0 0 0 0 0 0 0.026302861 0.17891568 0.055516344 14.964987 5.847537
0.069489254 0.036755301 0.035541933 0.012163948 0.01465248 3.5527137e-15 0 0 0 0 0 0 0 0 0 0 0 0 0.051254167 0.066169395 0.080835277 0.059445806 0.22296622 0.22804166 0.48981357 0.35519974 0.023662527 0 0.031073275 0.071689174 0.12490413 0 0.042706115 0.10560377 0.10782824 0.18376123 0.17411941 0 0 0.16601676 0.0030859808 0.068131128 2.3559062 4.8817949 1.1817183 0.65326184 19.518089 4.3799983 40.258111 0 0 0 0 0 0 0 0 0.023346584 0.089078644 16.353197 8.1328925 0
