var/www/cgi-bin/BAERTOOLS/ravel/working/ravel-12188.DEM
NCOLS 45
NROWS 159
XLLCORNER 616413.99
YLLCORNER 4620195.4
CELLSIZE 10
NODATA_VALUE -9999
[rows 39 to 77 of 159, columns 0 to 44 of 45]
1454.908 1456.022 1456.784 1457.526 1459.061 1459.915 1460.766 1462.126 1462.359 1462.844 1463.565 1464.476 1464.669 1464.733 1464.332 1464.178 1464.175 1464.414 1464.485 1464.189 1464.25 1465.438 1465.88 1466.132 1466.406 1466.505 1466.36 1466.296 1466.212 1466.082 1465.783 1465.183 1464.787 1464.274 1464.132 1463.941 1463.678 1463.554 1463.393 1463.324 1463.229 1462.744 1462.117 1461.388 1460.384
1456.079 1457.308 1458.168 1459.065 1460.616 1461.111 1461.586 1463.838 1463.965 1463.791 1464.18 1464.435 1464.315 1464.269 1464.52 1464.481 1464.46 1464.881 1465.008 1464.973 1465.165 1465.806 1466.231 1466.454 1466.697 1466.736 1466.667 1466.574 1466.492 1466.264 1465.923 1464.947 1464.429 1464.213 1464.024 1463.753 1463.685 1463.555 1463.481 1463.542 1463.767 1463.969 1463.614 1462.84 1461.151
1457.202 1458.458 1459.326 1460.312 1462.758 1463.004 1462.65 1464.105 1464.451 1464.542 1464.711 1464.458 1464.26 1464.183 1464.454 1464.728 1464.972 1465.191 1465.708 1465.823 1465.938 1466.249 1466.483 1466.715 1466.934 1466.975 1466.892 1466.79 1466.828 1466.511 1466.151 1464.344 1464.133 1464.136 1463.87 1463.645 1463.632 1463.604 1463.64 1463.956 1464.277 1464.922 1464.951 1464.707 1462.498
1458.137 1459.328 1460.276 1461.269 1463.669 1464.335 1464.146 1463.657 1464.459 1464.789 1464.961 1464.583 1464.254 1464.181 1464.529 1464.962 1465.245 1465.53 1466.023 1466.203 1466.224 1466.398 1466.518 1466.707 1466.981 1467.124 1467.229 1467.234 1467.26 1466.979 1466.466 1464.246 1464.151 1464.035 1463.777 1463.666 1463.625 1463.567 1463.885 1464.183 1464.798 1465.9 1466.116 1466.058 1463.852
1458.96 1460.055 1460.788 1461.701 1463.778 1464.373 1464.382 1464.21 1464.564 1464.98 1464.997 1464.578 1464.25 1464.182 1464.512 1464.985 1465.449 1465.826 1466.432 1466.611 1466.542 1466.546 1466.58 1466.652 1467.058 1467.357 1467.603 1467.841 1467.748 1467.615 1466.979 1464.596 1464.088 1463.964 1463.74 1463.646 1463.622 1463.679 1464.154 1464.658 1465.82 1466.867 1467.021 1466.732 1465.088
1459.599 1460.659 1461.272 1461.946 1463.65 1464.334 1464.591 1464.673 1464.983 1465.201 1465.282 1464.733 1464.209 1464.163 1464.149 1464.62 1465.645 1466.145 1466.594 1466.66 1466.646 1466.637 1466.479 1466.271 1466.72 1467.332 1467.89 1468.253 1468.729 1468.577 1468.012 1465.081 1464.183 1464.053 1463.887 1463.677 1463.677 1463.913 1464.713 1465.769 1467.065 1468.43 1468.634 1468.394 1467.65
1460.332 1461.182 1461.646 1462.174 1463.536 1464.255 1464.583 1464.749 1465.213 1465.185 1465.185 1465.186 1464.847 1464.475 1464.443 1464.945 1465.959 1466.528 1466.954 1467.011 1467.009 1466.532 1465.849 1464.68 1464.494 1465.656 1467.726 1468.834 1469.836 1470.114 1469.791 1466.84 1465.053 1464.249 1464.259 1464.447 1464.457 1464.606 1465.753 1467.023 1468.485 1471.025 1471.809 1471.498 1470.258
1460.928 1461.454 1461.873 1462.377 1463.383 1463.992 1464.313 1464.785 1465.018 1465.1 1465.176 1465.242 1465.242 1465.082 1465.111 1465.607 1466.473 1467.032 1467.539 1467.499 1467.42 1466.534 1465.489 1464.239 1464.071 1465.214 1466.97 1468.951 1471.183 1471.974 1472.691 1470.799 1468.167 1466.731 1466.405 1466.165 1466.103 1466.325 1467.443 1468.733 1470.272 1473.77 1475.272 1475.088 1473.063
1460.928 1462.035 1462.246 1462.534 1462.902 1463.666 1464.198 1464.578 1465.109 1465.08 1465.083 1465.189 1465.165 1465.198 1465.542 1466.501 1467.107 1467.568 1468.013 1468.102 1468.005 1466.158 1464.474 1464.181 1464.179 1466.046 1467.549 1469.255 1472.256 1473.698 1474.86 1475.293 1473.59 1471.497 1469.866 1468.712 1468.605 1468.739 1469.724 1470.609 1471.589 1474.949 1476.542 1476.393 1474.526
1461.37 1462.035 1462.849 1463.051 1463.28 1463.641 1463.982 1464.221 1464.952 1465.006 1465.08 1464.843 1464.801 1465.073 1465.445 1466.783 1467.456 1468.058 1468.891 1468.936 1468.967 1467.466 1466.005 1464.507 1464.015 1466.862 1468.362 1469.932 1472.625 1473.977 1475.448 1476.709 1475.872 1474.137 1472.988 1471.34 1471.1 1471.141 1471.837 1472.323 1472.949 1473.819 1476.631 1476.35 1474.937
1462.005 1462.614 1462.849 1463.051 1463.761 1463.726 1463.95 1464.342 1464.962 1465.022 1465.074 1464.447 1464.175 1464.195 1464.573 1466.942 1467.82 1468.654 1469.902 1470.131 1470.088 1469.234 1467.711 1465.966 1466.111 1468.211 1470.006 1471.088 1473.098 1474.313 1475.698 1476.464 1476.406 1475.412 1474.509 1473.419 1473.682 1473.782 1473.63 1474.156 1475.089 1475.649 1476.723 1476.496 1475.606
1462.61 1463.46 1463.851 1463.936 1463.761 1463.726 1464.201 1464.586 1465.097 1465.107 1464.991 1464.352 1464.178 1464.208 1464.525 1466.915 1468.172 1469.173 1471.246 1471.758 1471.907 1471.706 1470.407 1469.901 1470.107 1471.448 1472.129 1472.725 1473.537 1474.252 1475.669 1476.398 1476.526 1476.269 1475.432 1475.36 1476.012 1476.066 1474.841 1475.377 1476.311 1476.518 1476.567 1476.531 1475.979
1463.096 1463.929 1464.246 1464.334 1464.283 1463.743 1464.201 1464.586 1465.401 1465.307 1465.129 1464.838 1464.176 1464.206 1464.489 1466.863 1468.502 1469.963 1472.43 1473.183 1473.568 1473.659 1473.257 1473.664 1474.016 1474.224 1474.717 1474.579 1474.174 1474.428 1475.492 1476.323 1476.581 1476.41 1475.858 1476.297 1476.542 1476.452 1475.401 1476.014 1476.559 1476.606 1476.104 1475.526 1475.068
1463.581 1463.975 1464.33 1464.258 1464.179 1464.189 1464.566 1464.961 1465.401 1465.629 1465.463 1465.171 1464.164 1464.277 1464.979 1467.285 1468.959 1470.411 1473.522 1474.95 1475.801 1475.712 1474.906 1474.772 1475.134 1476.352 1476.409 1476.191 1474.896 1475.063 1475.661 1476.34 1476.593 1476.54 1476.394 1476.478 1476.483 1476.384 1476.098 1476.391 1476.587 1476.553 1475.664 1474.74 1474.236
1464.149 1464.355 1464.302 1464.161 1464.089 1464.611 1465.104 1465.548 1465.815 1465.629 1465.463 1465.518 1464.052 1464.372 1465.52 1468.238 1469.648 1471.164 1474.157 1475.551 1476.41 1476.615 1476.273 1475.914 1476.205 1476.609 1476.586 1476.477 1476.035 1476.153 1476.068 1476.4 1476.621 1476.677 1476.674 1476.529 1476.47 1476.383 1476.216 1476.452 1476.593 1476.593 1475.581 1474.78 1474.184
1464.548 1464.686 1464.324 1464.185 1464.252 1465.053 1465.503 1465.868 1466.148 1466.056 1465.876 1465.518 1464.052 1465.097 1466.136 1469.184 1470.583 1471.932 1474.729 1475.927 1476.497 1476.599 1476.526 1476.583 1476.502 1476.557 1476.464 1476.392 1476.372 1476.379 1476.366 1476.38 1476.645 1476.674 1476.603 1476.602 1476.456 1476.385 1476.348 1476.508 1476.582 1476.583 1475.844 1475.043 1474.421
1464.967 1465.073 1464.834 1464.582 1464.768 1465.48 1465.926 1466.29 1466.484 1466.498 1466.324 1465.99 1464.571 1465.097 1467.859 1470.227 1471.44 1472.67 1473.724 1475.54 1476.362 1476.576 1476.584 1476.606 1476.68 1476.486 1476.384 1476.384 1476.386 1476.386 1476.385 1476.387 1476.574 1476.696 1476.688 1476.605 1476.452 1476.389 1476.385 1476.523 1476.583 1476.584 1476.088 1475.449 1474.879
1465.302 1465.501 1465.453 1465.454 1465.479 1465.993 1466.361 1466.707 1466.886 1467.064 1466.975 1466.817 1466.414 1466.542 1467.859 1470.227 1472.485 1473.349 1474.192 1475.4 1475.941 1476.392 1476.631 1476.675 1476.593 1476.43 1476.385 1476.385 1476.386 1476.386 1476.385 1476.387 1476.534 1476.595 1476.595 1476.549 1476.455 1476.39 1476.385 1476.524 1476.583 1476.588 1476.24 1475.729 1475.315
1465.537 1465.734 1465.902 1465.978 1466.059 1466.542 1466.867 1467.124 1467.3 1467.7 1467.753 1467.855 1468.17 1468.731 1469.559 1471.507 1472.485 1473.349 1475.104 1476.141 1476.251 1476.279 1476.523 1476.58 1476.58 1476.427 1476.385 1476.386 1476.386 1476.386 1476.385 1476.388 1476.535 1476.585 1476.586 1476.543 1476.454 1476.39 1476.385 1476.531 1476.577 1476.514 1476.304 1475.836 1475.537
1465.854 1466.04 1466.292 1466.456 1466.66 1467.015 1467.341 1467.582 1467.81 1468.286 1468.562 1468.773 1469.662 1470.221 1470.871 1472.58 1473.349 1474.16 1475.104 1476.141 1476.484 1476.407 1476.415 1476.477 1476.478 1476.384 1476.392 1476.391 1476.39 1476.385 1476.386 1476.386 1476.471 1476.585 1476.586 1476.584 1476.449 1476.389 1476.386 1476.534 1476.577 1476.5 1476.203 1475.964 1476.075
1466.171 1466.363 1466.685 1466.878 1467.058 1467.536 1467.753 1468.062 1468.326 1468.866 1469.273 1469.717 1470.794 1471.351 1471.959 1473.475 1474.096 1474.741 1475.676 1476.496 1476.484 1476.412 1476.384 1476.402 1476.48 1476.503 1476.485 1476.486 1476.486 1476.384 1476.386 1476.384 1476.521 1476.698 1476.694 1476.771 1476.509 1476.391 1476.385 1476.532 1476.577 1476.499 1476.209 1476.104 1476.353
1466.424 1466.565 1466.993 1467.198 1467.475 1467.945 1468.174 1468.514 1468.785 1469.516 1469.949 1470.489 1471.596 1472.213 1472.822 1473.491 1474.787 1475.492 1476.16 1476.488 1476.474 1476.412 1476.384 1476.402 1476.485 1476.588 1476.495 1476.485 1476.48 1476.384 1476.385 1476.389 1476.58 1476.719 1476.788 1476.795 1476.613 1476.474 1476.467 1476.591 1476.573 1476.494 1476.314 1476.287 1476.382
1466.577 1466.774 1467.283 1467.518 1467.783 1468.043 1468.666 1469.004 1469.29 1470.094 1470.608 1471.144 1472.288 1472.911 1473.546 1474.19 1475.192 1475.875 1476.431 1476.456 1476.471 1476.492 1476.382 1476.402 1476.485 1476.656 1476.64 1476.483 1476.398 1476.386 1476.385 1476.389 1476.583 1476.749 1476.894 1476.979 1476.924 1476.781 1476.776 1476.706 1476.56 1476.488 1476.32 1476.301 1476.379
1466.692 1466.92 1467.51 1467.775 1468.038 1468.34 1469.025 1469.37 1469.759 1470.603 1471.112 1471.615 1472.839 1473.486 1474.171 1474.755 1475.777 1476.267 1476.447 1476.382 1476.401 1476.476 1476.39 1476.422 1476.525 1476.656 1476.64 1476.629 1476.547 1476.399 1476.399 1476.404 1476.766 1476.944 1477.002 1477.078 1477.057 1476.994 1476.989 1476.74 1476.643 1476.493 1476.377 1476.381 1476.385
1466.744 1467.019 1467.694 1468.018 1468.367 1468.663 1469.35 1469.731 1470.103 1471.151 1471.589 1472.039 1473.185 1473.819 1474.56 1475.308 1476.312 1476.516 1476.414 1476.36 1476.404 1476.477 1476.506 1476.582 1476.699 1476.708 1476.687 1476.629 1476.853 1476.628 1476.631 1476.635 1476.766 1477.119 1477.115 1477.181 1477.198 1477.183 1477.103 1476.849 1476.722 1476.495 1476.398 1476.386 1476.386
1466.772 1467.13 1467.84 1468.161 1468.552 1468.961 1469.72 1470.11 1470.531 1471.439 1471.914 1472.419 1473.396 1473.98 1474.708 1475.404 1476.485 1476.464 1476.32 1476.33 1476.41 1476.456 1476.472 1476.687 1476.694 1476.793 1476.848 1476.907 1476.853 1476.628 1476.937 1476.969 1477.103 1477.246 1477.308 1477.311 1477.26 1477.195 1477.189 1477.018 1476.791 1476.493 1476.393 1476.386 1476.386
1466.732 1467.176 1467.996 1468.372 1468.79 1469.145 1470.04 1470.423 1470.888 1471.683 1472.151 1472.614 1473.082 1473.978 1474.516 1474.978 1476.1 1476.054 1475.935 1476.224 1476.307 1476.35 1476.427 1476.592 1476.726 1476.869 1476.907 1476.923 1477.009 1476.933 1476.937 1476.969 1477.416 1477.408 1477.428 1477.499 1477.413 1477.371 1477.217 1477.076 1476.78 1476.49 1476.393 1476.381 1476.399
1466.648 1467.095 1467.557 1468.471 1468.977 1469.38 1470.342 1470.807 1471.21 1472.086 1472.525 1472.891 1473.264 1474.034 1474.402 1474.706 1475.258 1475.437 1475.571 1475.901 1476.05 1476.239 1476.353 1476.573 1476.802 1476.875 1477.005 1477.032 1477.107 1477.137 1477.2 1477.349 1477.416 1477.408 1477.629 1477.611 1477.572 1477.485 1477.421 1477.171 1476.891 1476.591 1476.417 1476.423 1476.494
1466.58 1467.151 1467.605 1468.633 1469.16 1469.623 1470.627 1471.098 1471.531 1472.422 1472.818 1473.192 1473.498 1474.152 1474.394 1474.62 1475.012 1475.202 1475.367 1475.758 1475.904 1476.17 1476.35 1476.577 1476.802 1476.905 1477.034 1477.137 1477.215 1477.393 1477.449 1477.498 1477.526 1477.561 1477.629 1477.739 1477.669 1477.62 1477.605 1477.323 1477.104 1476.805 1476.633 1476.572 1476.692
1466.64 1467.185 1467.768 1468.862 1469.377 1469.835 1470.898 1471.376 1471.776 1472.7 1473.154 1473.513 1473.772 1474.297 1474.567 1474.753 1474.993 1475.149 1475.309 1475.653 1475.947 1476.267 1476.372 1476.614 1476.814 1476.973 1477.121 1477.234 1477.291 1477.448 1477.54 1477.566 1477.693 1477.757 1477.809 1477.739 1477.669 1477.8 1477.724 1477.654 1477.339 1477.106 1476.868 1476.852 1476.887
1466.759 1467.354 1467.91 1469.024 1469.601 1470.054 1471.137 1471.646 1472.065 1473.11 1473.595 1473.934 1474.203 1474.633 1474.802 1474.96 1475.159 1475.304 1475.364 1475.457 1476.052 1476.37 1476.388 1476.609 1476.822 1476.969 1477.268 1477.332 1477.352 1477.463 1477.764 1477.808 1477.816 1477.865 1477.92 1477.922 1477.809 1477.8 1477.724 1477.846 1477.563 1477.414 1477.271 1477.005 1476.984
1466.952 1467.566 1468.104 1469.183 1469.734 1470.259 1471.219 1471.726 1472.301 1472.839 1473.925 1474.43 1474.764 1475.171 1475.219 1475.281 1475.455 1475.478 1475.573 1475.688 1476.047 1476.347 1476.391 1476.477 1476.745 1476.964 1477.308 1477.417 1477.499 1477.592 1477.811 1477.847 1477.903 1478.029 1478.015 1478.013 1477.93 1477.914 1477.914 1477.846 1477.563 1477.619 1477.533 1477.228 1477.08
1467.323 1467.866 1468.405 1469.491 1470.013 1470.474 1471.323 1471.893 1472.518 1473.125 1474.257 1474.948 1475.6 1475.944 1475.923 1475.857 1476.003 1475.998 1476.013 1476.036 1476.158 1476.233 1476.36 1476.428 1476.631 1476.955 1477.37 1477.447 1477.531 1477.685 1477.916 1478.035 1478.056 1478.137 1478.146 1478.146 1478.117 1478.005 1478.006 1477.935 1477.756 1477.619 1477.649 1477.388 1477.19
1467.751 1468.273 1468.742 1469.71 1470.259 1470.776 1471.679 1472.184 1472.746 1473.302 1474.424 1475.196 1476.06 1476.448 1476.413 1476.376 1476.419 1476.431 1476.387 1476.375 1476.366 1476.291 1476.361 1476.495 1476.695 1476.967 1477.398 1477.516 1477.597 1477.745 1478.053 1478.143 1478.193 1478.255 1478.314 1478.33 1478.269 1478.135 1478.109 1478.033 1477.884 1477.795 1477.649 1477.388 1477.378
1468.166 1468.689 1469.072 1469.973 1470.468 1471.007 1471.938 1472.394 1472.874 1473.414 1474.582 1475.12 1475.744 1476.433 1476.445 1476.504 1476.536 1476.485 1476.485 1476.49 1476.528 1476.441 1476.431 1476.589 1476.738 1476.974 1477.209 1477.564 1477.642 1477.793 1478.081 1478.161 1478.22 1478.311 1478.302 1478.381 1478.393 1478.274 1478.214 1478.157 1477.976 1477.899 1477.812 1477.523 1477.378
1468.627 1469.02 1469.469 1470.358 1470.764 1471.226 1472.1 1472.627 1473.069 1473.473 1474.509 1474.912 1475.392 1476.164 1476.345 1476.407 1476.495 1476.485 1476.486 1476.483 1476.543 1476.556 1476.543 1476.671 1476.77 1476.967 1477.201 1477.635 1477.708 1477.813 1478.083 1478.138 1478.237 1478.344 1478.333 1478.378 1478.386 1478.313 1478.324 1478.309 1478.078 1477.983 1477.823 1477.623 1477.477
1469.034 1469.443 1469.898 1470.568 1470.98 1471.446 1471.902 1472.747 1473.204 1473.589 1474.388 1474.776 1475.18 1475.954 1476.283 1476.454 1476.483 1476.507 1476.557 1476.559 1476.484 1476.544 1476.648 1476.822 1476.956 1477.102 1477.289 1477.61 1477.653 1477.808 1478.074 1478.209 1478.229 1478.333 1478.408 1478.428 1478.427 1478.424 1478.388 1478.331 1478.189 1478.089 1477.933 1477.73 1477.617
1469.59 1469.847 1470.227 1470.882 1471.268 1471.664 1472.127 1472.818 1473.219 1473.609 1474.388 1474.755 1475.071 1475.945 1476.282 1476.487 1476.569 1476.514 1476.585 1476.587 1476.481 1476.511 1476.627 1476.867 1477.003 1477.201 1477.312 1477.55 1477.607 1477.756 1478.021 1478.168 1478.246 1478.338 1478.413 1478.456 1478.456 1478.436 1478.386 1478.363 1478.248 1478.129 1478 1477.867 1477.757
1470.086 1470.246 1470.552 1471.316 1471.667 1471.977 1472.363 1472.998 1473.304 1473.615 1474.355 1474.681 1475.063 1475.873 1476.236 1476.491 1476.525 1476.5 1476.518 1476.52 1476.458 1476.411 1476.44 1476.701 1476.917 1477.129 1477.207 1477.511 1477.543 1477.661 1477.961 1478.054 1478.126 1478.208 1478.341 1478.338 1478.375 1478.373 1478.338 1478.289 1478.177 1478.059 1478.022 1478.01 1477.782
