var/www/cgi-bin/BAERTOOLS/ravel/working/ravel-27899.prodgrd.txt
NCOLS 42
NROWS 41
XLLCORNER 277086.32
YLLCORNER 3844468.9
CELLSIZE 10
NODATA_VALUE -9999
0 0 0 -39.476135 0 0 0 0 0 -30.270494 0 0 0 0 -38.367001 -27.427996 0 0 -26.903321 -27.683662 -27.523394 -27.457213 -27.883145 -28.604676 -27.18506 -27.222946 0 -34.376457 -38.662143 0 0 0 0 0 0 -31.773821 -28.739524 -26.482536 -27.046133 -26.899307 -27.159749 -26.459616 
0 0 0 0 -39.476135 0 0 0 0 -27.108793 -30.270494 0 0 0 0 -38.367001 -27.427996 -27.744839 -27.08481 -26.903321 -26.543646 -26.730758 -26.695408 -27.102833 -27.539003 -26.596839 -27.222946 -26.870232 -26.764419 -26.975977 -26.88699 -26.872925 -26.551349 0 -30.286716 -26.961426 -26.766235 -26.258542 -26.301469 -26.381402 -26.416988 -27.159749 
0 0 0 0 0 0 0 0 0 0 -27.108793 -30.766541 0 0 0 0 -27.089523 -26.973032 -27.036486 -27.08481 -26.939807 -26.695408 -26.62754 -26.700806 -27.861402 -26.650698 -26.596839 -26.764419 -26.833591 -26.88699 -26.872925 -26.551349 -26.413171 -27.147114 -28.902832 0 0 -26.301469 -26.495651 -26.416988 -26.373574 -26.704315 
-29.401588 0 0 0 0 0 0 0 0 0 0 -29.217324 -26.733847 -29.158786 0 -27.470804 -29.0896 -26.972193 -26.404217 -26.570584 -26.776517 -26.62754 -26.700806 -26.654662 -26.797649 -26.643096 -26.650698 -26.833591 -27.088998 -27.439839 -27.021474 -26.413171 -26.454525 -26.835442 -26.923275 -27.041267 -27.30121 -27.141891 -28.486999 -29.102341 -26.674622 -26.996665 
0 -29.401588 0 0 0 0 0 0 0 0 0 -26.95979 -29.217324 -26.733847 -27.388464 -32.532452 -27.470804 -26.813754 -26.972193 -26.404217 -26.675025 -26.900797 -26.654662 -26.767538 -26.550542 -26.797649 -26.643096 -26.70146 -26.615727 -27.150623 -27.259809 -26.454525 -26.508264 -26.923275 -27.041267 -27.30121 -27.715659 -27.978913 -27.141891 0 0 0 
-27.450947 -27.602378 -26.840733 -26.596208 -26.44137 -26.59858 -27.100681 -26.658098 -26.554737 -27.975448 -27.648009 0 -26.95979 -26.658482 -27.256303 -27.019628 -27.237701 -27.564609 -26.813754 -27.235668 -30.944048 -27.89899 -26.777855 -26.586906 -26.56972 -26.550542 -26.70146 -26.615727 -26.828389 -26.804186 -27.188806 -26.508264 -26.938635 -27.081172 -27.338244 -27.866019 -28.435997 -28.369502 -29.949178 -39.455504 0 0 
-26.661764 -26.840733 -26.64328 -26.43871 -26.450623 -26.44137 -26.59858 -26.554737 -26.481276 -26.580266 -32.457688 -27.648009 -26.402631 -26.287344 -26.658482 -26.953707 -27.019628 -27.237701 -26.874616 -26.432821 -27.235668 0 0 -39.530816 0 -29.835097 -27.127065 -26.828389 -26.804186 -27.188806 -27.323335 -26.703427 -27.081172 -27.376608 -27.713054 -28.335179 -28.369502 -27.832683 -28.090737 -28.794987 -29.585312 0 
-26.48783 -26.661764 -26.580416 -26.560384 -26.43871 -26.450623 -26.657331 -26.481276 -26.512302 -26.397455 -27.686178 -26.571017 -26.371117 -26.275321 -26.287344 -27.406636 -27.072949 -27.248657 -27.780631 -26.758255 -26.432821 0 0 0 -39.507323 -27.127065 -27.11924 -27.841656 -27.4426 -27.323335 -26.703427 -26.763385 -27.512193 -27.713054 -28.335179 -27.779227 -27.449084 -26.906951 -27.458448 -28.160795 -28.847889 0 
-26.525176 -26.48783 -26.619615 -26.580416 -26.560384 -26.594637 -26.577003 -26.512302 -26.397455 -26.397455 -27.207247 -26.620637 -26.439223 -26.221802 -26.275321 -26.924789 -26.828085 -26.762611 -27.148282 -26.610894 -26.758255 0 0 0 0 -27.11924 -31.077521 -30.175681 -29.051998 -28.2809 -26.763385 -26.832975 -27.380819 -27.353492 -27.711755 -27.757064 -26.906951 -26.76416 -27.310275 -28.19441 -28.352216 0 
-26.566289 -26.525176 -26.488041 -26.619615 -26.609244 -26.811122 -26.718887 -26.527755 -26.397455 -26.459429 -26.725823 -27.015043 -26.620637 -26.262848 -26.221802 -26.751189 -26.762611 -26.621834 -26.566289 -26.651449 -26.610894 -29.292419 0 0 0 -27.424391 -29.136835 -27.603516 -27.046579 -26.828693 -26.79428 -26.543646 -27.226935 -27.678653 -27.107704 -27.35838 -26.76416 -26.742783 -26.620637 -26.765456 -27.101756 -34.764924 
-26.328546 -26.351522 -26.321342 -26.488041 -26.821455 -27.136715 -26.787902 -26.527755 -26.357083 -26.40177 -26.43432 -26.636926 -27.015043 -26.319071 -26.262848 -26.743272 -26.621834 -26.566289 -26.651449 -27.012765 -26.973871 -31.146997 0 0 -27.424391 -27.131019 -27.603516 -27.046579 -26.828693 -26.768584 -26.543646 -26.356858 -26.512186 -26.592919 -26.961016 -27.107704 -26.691996 -26.620637 -26.597629 -26.569289 -26.624414 -28.881684 
-26.596366 -26.328546 -26.351522 -26.321342 -26.827175 -26.971357 -26.787902 -26.357083 -26.40177 -26.43432 -26.437181 -26.528249 -26.707396 -26.569576 -26.399071 -27.907013 0 0 0 0 0 -39.507911 0 -28.498009 -27.131019 -27.01322 -27.671195 -27.118131 -26.768584 -26.575825 -26.356858 -26.512186 -26.592919 -26.729813 -26.75851 -26.691996 -26.717288 -26.597629 -26.569289 -26.592763 -26.658098 -27.229032 
0 -26.596366 -27.565695 0 0 -26.971357 -26.756223 -26.502046 -26.483441 -26.437181 -26.528249 -26.513701 -26.441025 -26.354559 -26.569576 -27.441679 -33.68983 0 0 0 0 -30.848459 -29.733589 -27.610381 -27.01322 -26.725356 -26.85539 -27.040787 -27.110429 -26.849914 -26.583567 -26.774651 -26.843561 -27.031747 -27.302712 -26.75194 -26.72559 -26.611224 -26.592763 -26.658098 -26.675834 -27.314135 
0 0 -29.254439 0 0 0 0 -29.828592 -27.345424 -26.685689 -26.513701 -26.441025 -26.354559 -26.446169 -26.419858 -26.488252 -27.000642 -33.68983 0 0 -27.61499 -26.630344 -27.060346 -28.196545 -26.725356 -26.85539 -27.02752 -27.110976 -27.116472 -26.583567 -26.414842 -26.407869 -26.468295 -26.664883 -26.946111 -27.150623 -26.988372 -26.816403 -26.752441 -26.744498 -26.639996 -27.039349 
0 -29.254439 -29.254439 -28.224692 -28.173279 -30.987752 0 0 0 0 0 -39.524359 -26.519017 -26.419858 -26.528126 -26.448029 -26.488252 -27.000642 -33.905309 0 -29.715151 -27.61499 -26.630344 -27.060346 -28.19441 -27.157112 -27.190687 -27.230951 -27.006891 -26.414842 -26.407869 -26.468295 -26.455259 -26.374939 -26.367311 -26.414842 -26.423323 -26.713433 -26.78407 -26.79205 -27.005098 -39.501379 
0 -29.254439 -28.224692 -27.416347 -27.104452 -26.975134 -26.764419 -26.658674 -26.888387 -27.010498 -27.350253 -28.560353 -39.494385 -36.571302 0 0 0 0 -39.449605 -29.684823 0 -29.715151 -30.545733 0 0 0 0 -39.451965 0 -28.340022 -26.689249 -26.455259 -26.374939 -26.367311 -26.414842 -26.365527 -26.293777 -26.401556 -27.118685 -27.16789 -26.462536 -27.263881 
-27.978913 -28.404849 -27.416347 -27.104452 -26.975134 -26.764419 -26.658674 -26.465974 -26.991411 -27.164275 -27.241104 -27.570051 -29.282841 -36.571302 0 0 0 -39.449605 -28.132216 -26.579819 -26.792885 -28.798453 0 -39.478491 -30.183421 -39.522598 -29.998149 -27.438921 -27.139585 0 -28.625889 -28.409985 -26.812582 -26.477206 -26.365527 -26.293777 -26.401556 -26.266071 -26.290937 -26.745975 -26.577889 -28.076751 
-26.615895 -26.768322 -26.726758 -26.917645 -27.147114 -26.894017 -26.465974 -26.626842 -26.897573 -27.009594 -27.327226 -27.54957 -28.486999 -29.523738 0 0 0 -28.132216 -26.579819 -26.608587 -26.449725 -26.557064 -27.034111 -27.900589 -27.11924 -29.998149 -27.438921 -27.139585 -26.983205 -26.869897 -26.963889 -27.662577 -27.075505 -27.131019 -27.462228 -26.665079 -26.266071 -26.290937 -26.363174 -26.328307 -26.60322 -26.60322 
-27.320239 -26.673414 -26.917645 -26.802185 -26.951295 -27.374093 -26.626842 -26.819665 -27.009594 -26.987507 -26.955321 -27.087948 -27.264042 -27.07397 -27.855281 -27.658911 -27.508151 -27.365778 -26.608587 -26.449725 -26.51747 -26.528373 -26.655042 -26.859626 -26.505645 -26.688408 -27.194468 -26.983205 -26.869897 -26.963889 -27.632513 -27.075505 -27.131019 -27.014586 -26.859626 -26.369416 -27.338244 -26.363174 -26.328307 -26.631755 -26.60322 -27.525217 
-26.632286 -26.469463 -26.58982 -26.489311 -26.428304 -26.504289 -26.656566 -26.515814 -26.987507 -26.766235 -26.63567 -26.630344 -26.882827 -26.522381 -26.46159 -26.499269 -26.518183 -26.513467 -26.544039 -26.51747 -26.528373 -26.640723 -26.612552 -26.505645 -26.41408 -26.435158 -26.369476 -26.450084 -27.028456 -27.347834 -27.697592 -27.213087 -27.014586 -26.859626 -26.369416 -26.317992 -26.720494 -27.91673 -26.698853 -26.631755 -26.588283 -27.819824 
-26.381766 -26.314141 -26.283127 -26.288593 -26.292483 -26.312965 -26.350702 -26.287747 -26.66332 -26.63567 -26.510448 -26.403422 -26.479742 -26.4292 -26.47172 -26.46159 -26.499269 -26.544039 -26.471819 -26.613051 -26.640723 -26.612552 -26.599534 -26.41408 -26.435158 -26.369476 -26.450084 -26.3647 -26.43432 -26.493268 -26.724658 -26.854742 -26.921391 -26.889437 -26.317992 -26.287527 -26.725356 -27.234992 -26.698853 -26.75521 -26.831441 -30.175681 
-27.1583 -26.283127 -26.288593 -26.292483 -26.312965 -26.314974 -26.287747 -26.339671 -26.435578 -26.510448 -26.403422 -26.453247 -26.34645 -26.448207 -26.4292 -26.47172 -26.579968 -26.471819 -26.403855 -26.727695 -26.688198 -26.631225 -26.531484 -26.316077 -26.374255 -26.422293 -26.3647 -26.43432 -26.493268 -26.536155 -26.757238 -26.655422 -26.635133 -26.705406 -26.287527 -26.509066 -26.685065 -27.234992 0 -26.831441 -27.493185 -38.644137 
-26.72257 -26.60322 -26.453886 -26.366834 -26.314974 -26.300066 -26.283554 -26.348106 -26.37967 -26.443626 -26.452611 -26.477812 -26.454342 -26.34645 -26.448207 -26.696911 -26.767277 -26.403855 -26.345654 -26.719116 -26.604512 -26.588129 -26.316077 -26.31844 -26.31652 -26.33598 -26.409349 -26.484687 -26.536155 -26.744253 -26.655422 -26.635133 -26.705406 -26.647153 -26.298084 -26.636387 -26.685065 -26.847998 -27.728801 -27.493185 -39.49262 -28.548787 
-26.35251 -26.72257 -26.57715 -26.466938 -26.497837 -26.283554 -26.348106 -26.37967 -26.443626 -26.452611 -26.477812 -26.455718 -26.602415 -26.454342 -26.608423 -26.91282 -26.76937 -26.345654 -26.566147 -26.994031 -26.729813 -26.604512 -26.31844 -26.31652 -26.33598 -26.304643 -26.367073 -26.472411 -26.517233 -26.509066 -26.788178 -26.66157 -26.616231 -26.298084 -26.440939 -26.636387 -26.635849 -26.673414 -26.701678 -26.7482 -26.541039 0 
-26.197467 -26.35251 -26.292711 -26.243455 -26.265914 -26.359472 -26.283661 -26.511953 -26.527385 -26.499933 -26.507921 -26.425879 -26.455718 -26.602415 -26.686941 -26.76937 -26.612385 -26.3078 -26.695622 -26.828389 -26.816108 -26.729813 -26.455718 -26.342818 -26.304643 -26.367073 -26.382242 -26.439223 -26.509066 -26.590283 -26.530484 -26.479029 -26.444149 -26.440939 -26.286142 -26.556515 -26.528497 -26.549603 -26.457845 -26.409498 -26.249897 0 
-26.266857 -26.197467 -26.243455 -26.207793 -26.20084 -26.234451 -26.204609 -26.43332 -26.459991 -26.502269 -26.590592 -26.376566 -26.425879 -26.369597 -26.439993 -26.502269 -26.3078 -26.219836 -26.430427 -26.570008 -26.673816 -26.816108 -26.557064 -26.524079 -26.427169 -26.382242 -26.439223 -26.512767 -26.47842 -26.530484 -26.479029 -26.444149 -26.444149 -26.286142 -26.19695 -26.335082 -26.329409 -26.3524 -26.409498 -26.249897 -26.312531 -26.629472 
-26.424358 -26.266857 -26.207793 -26.20084 -26.234451 -26.204609 -26.167473 -26.282737 -26.327402 -26.434906 -26.324951 -26.302966 -26.288078 -26.315502 -26.369597 -26.357309 -26.219836 -26.221323 -26.484583 -26.573338 -26.570008 -26.673816 -26.524079 -26.484895 -26.370386 -26.404289 -26.481174 -26.470638 -26.443364 -26.921015 -26.569002 -26.444149 -26.368933 -26.19695 -26.186903 -26.329409 -26.3524 -26.4737 -26.678883 -26.603865 -26.325889 -26.689212 
-26.511953 -26.424358 -26.361661 -26.23607 -26.222611 -26.167473 -26.265977 -26.250841 -26.271545 -26.371483 -26.29931 -26.324951 -26.302966 -26.288078 -26.315502 -26.335132 -26.221323 -26.331003 -26.573338 -26.585991 -26.574652 -26.629992 -26.366834 -26.370386 -26.404289 -26.375751 -26.470638 -26.443364 -26.462157 -27.307239 -26.569002 -26.419858 -26.368872 -26.186903 -26.305467 -26.497728 -26.768846 -27.557053 -26.231707 -26.48179 -26.967609 -27.709162 
-26.567714 -26.511953 -26.806484 -26.275019 -26.232927 -26.159993 -26.250841 -26.271545 -26.268828 -26.319522 -26.277249 -26.280907 -26.265664 -26.360736 -26.450174 -26.357309 -26.331003 -26.359358 -26.49707 -26.535901 -26.608587 -26.366834 -26.425397 -26.418301 -26.375751 -26.537176 -26.911714 -26.462157 -26.597629 -27.307239 -27.900589 -27.160683 -26.236193 -26.220761 -26.390779 -26.68196 -26.49576 -26.396129 -26.216048 -26.231707 -26.690092 -26.967609 
-26.607932 -26.567714 -26.733608 -26.39893 -26.159993 -26.171169 -26.274517 -26.268828 -26.295199 -26.309701 -26.205186 -26.203191 -26.280907 -26.265664 -26.357309 -26.357253 -26.359358 -26.461874 -26.519017 -26.49707 -26.535901 -26.513351 -26.499601 -26.49048 -26.449994 -26.49316 -39.465529 -26.456087 -26.597629 -26.573338 -26.617749 -26.560106 -26.190484 -26.236193 -26.220761 -26.559412 -26.397875 -26.49576 -26.396129 -26.216048 -26.929358 0 
-26.499601 -26.461213 -26.611721 -26.648641 -26.171169 -26.17491 -26.294084 -26.295199 -26.309701 -26.320521 -26.252525 -26.205186 -26.203191 -26.300826 -26.388225 -26.317768 -26.316032 -26.46444 -26.461874 -26.537816 -26.666257 -26.236714 -26.360678 -26.35251 -26.49048 -26.449994 -26.49316 -26.207069 -26.356688 -26.390509 -26.458031 -26.396616 -26.186194 -26.190484 -26.44794 -26.698853 -26.519256 -26.397875 -26.602254 -26.63567 -26.328977 -27.128192 
-26.469757 -26.499601 -26.461213 -26.685273 -26.17491 -26.194338 -26.312358 -26.36785 -26.420327 -26.39999 -26.459429 -26.252525 -26.400772 -26.449904 -26.317768 -26.316032 -26.334933 -26.511257 -26.537816 -26.666257 -26.967194 -26.213594 -26.236714 -26.373636 -26.35251 -26.4292 -26.191194 -26.29923 -26.207069 -26.356688 -26.340029 -26.273951 -26.203045 -26.186194 -26.708506 -27.236345 -26.738892 -26.519256 -26.877336 -26.72559 -26.428385 -26.328977 
-26.564025 -26.469757 -26.506325 -27.262628 -26.194338 -26.223759 -26.366417 -26.370082 -26.500487 -26.808796 -26.668032 -26.510102 -28.278597 -26.514286 -26.332026 -26.334933 -26.375563 -26.688198 -27.050965 -26.967194 -27.199547 -26.211156 -26.211156 -26.542861 -26.838546 -26.489948 -26.164399 -26.191194 -26.29923 -26.291426 -26.249207 -26.270115 -26.273951 -26.203045 -26.852482 -27.776426 -29.031501 -26.494023 -26.542079 -26.645487 -26.983634 -26.994907 
-26.538073 -26.459242 -26.605648 -27.094278 -26.223759 -26.219793 -26.370082 -26.429608 -26.421426 -26.450533 -26.586906 -26.722801 -26.775183 -26.740833 -26.536793 -26.375563 -26.665471 -26.939416 -26.575385 -26.84042 -26.200876 -26.21307 -26.215347 -26.714337 -26.850555 -26.413701 -26.164219 -26.164399 -26.278309 -26.273023 -26.291426 -26.249207 -26.270115 -26.288667 -28.465266 -28.476085 -26.536665 -26.310041 -26.464918 -26.542079 -26.645487 -28.04712 
-26.394882 -26.353504 -26.459242 -26.564166 -26.219793 -26.33227 -26.429608 -26.421426 -26.450533 -26.530609 -26.575091 -26.644014 -26.729813 -26.967194 -29.874601 -26.45252 -26.74205 -26.595265 -26.496196 -26.575385 -26.236391 -26.200876 -26.217338 -26.512535 -26.36803 -26.211969 -26.133417 -26.164219 -26.33588 -26.278309 -26.273023 -26.406035 -26.471918 -26.72257 -26.374255 -26.27559 -26.291652 -26.346025 -26.310041 -26.464918 -27.065352 0 
-26.42253 -26.394882 -26.353504 -26.478217 -26.262971 -26.296362 -26.323971 -26.326172 -26.369295 -26.580266 -27.045609 -27.261922 -28.704556 -27.141314 -26.319613 -26.347784 -26.45252 -26.500487 -26.422768 -26.496196 -26.200039 -26.236391 -26.250869 -26.26172 -26.24619 -26.17169 -26.147085 -26.133417 -26.297221 -26.33588 -32.2261 -26.724193 -26.318935 -26.309446 -26.299072 -26.357309 -26.27559 -26.291652 -26.346025 -29.263851 -27.220302 0 
-26.317992 -26.331392 -26.453977 -26.262971 -26.24019 -26.323971 -26.326172 -26.363116 -26.289111 -26.302438 -26.370629 -26.996665 -26.72887 -26.626321 -26.292445 -26.319613 -26.347784 -26.79428 -26.500487 -26.422768 -26.148118 -26.200039 -26.265757 -26.250869 -26.21092 -26.118602 -26.17169 -26.147085 -26.67766 -26.637105 -26.728165 -26.470246 -26.346556 -26.318935 -26.309446 -26.299072 -26.357309 -26.527262 -27.007341 -28.357129 -27.652837 -27.220302 
-26.331149 -26.317992 -26.331392 -26.24019 -26.216504 -26.267934 -26.363116 -26.289111 -26.302438 -26.370629 -26.312965 -26.494999 -26.793163 -26.72887 -26.273254 -26.292445 -26.743762 -26.540133 -26.324951 -26.41219 -26.160391 -26.148118 -26.250119 -26.265757 -26.307423 -26.190163 -26.118602 -26.279481 -26.227091 -26.271937 -26.330955 -26.389498 -26.543384 -26.645672 -26.528868 -26.518183 -26.595422 -26.655042 -26.347356 -27.089523 -28.357129 -29.437132 
-26.49424 -26.331149 -26.445905 -26.216504 -26.267934 -26.38577 -26.49949 -26.410242 -26.211117 -26.190051 -26.271284 -26.594168 -26.494999 -26.793163 -26.235479 -26.273254 -26.632641 -26.320521 -26.290301 -26.324951 -26.1722 -26.160391 -26.380566 -26.773324 -26.403855 -26.196487 -26.141701 -26.136129 -26.152967 -26.172148 -26.177328 -26.195601 -26.252752 -26.432987 -26.449099 -26.589204 -26.593543 -26.34423 -26.349562 -26.912451 -27.089523 0 
-26.555419 -26.49424 -26.997105 -26.308052 -26.38577 -26.49949 -26.517351 -26.509871 -26.168536 -26.211117 -26.190051 -26.41668 -26.594168 -26.610398 -26.298045 -26.235479 -26.463201 -26.323183 -26.306838 -26.17282 -26.166202 -26.1722 -26.486883 -26.986644 -26.328355 -26.221758 -26.182564 -26.141701 -26.136129 -26.154021 -26.195601 -26.252752 -26.239986 -26.332711 -26.4007 -26.449099 -26.316209 -26.188008 -26.34423 -27.595581 -27.06939 0 
-27.286623 -26.555419 -26.970521 -28.815756 -26.567714 -35.045967 -27.274752 -26.517351 -26.509871 -26.168536 -26.328737 -26.356801 -26.452975 -26.617073 -26.610398 -26.298045 -31.242645 -26.463201 -26.323183 -26.306838 -26.17282 -26.166202 -26.424278 -27.645606 0 -26.830218 -26.259762 -26.266416 -26.344388 -26.4548 -26.403134 -26.362649 -26.34564 -26.381595 -26.387492 -26.464153 -27.297847 -26.183067 -27.022863 0 -29.321491 -27.06939 
