var/www/cgi-bin/BAERTOOLS/ravel/working/ravel-13316.depgrd.txt
NCOLS 92
NROWS 90
XLLCORNER 452078.49
YLLCORNER 3782565.4
CELLSIZE 10
NODATA_VALUE -9999
[rows 56 to 83 of 90, columns 0 to 61 of 92]
0 0 -3.5527137e-15 0 0 0 0 0.038937369 0 0.022098687 0.018383671 0 0 0 0 0 0 0 0 0.12787527 0.17911259 0.0038174725 0.31832704 -3.5527137e-15 0.47762386 0.5787106 0.10349883 0.13205049 0.052622808 -7.1054274e-15 0 0 0.13701635 0.10281119 0.0060443453 0.10946906 0.27469559 0.06651729 0.37136983 0.021845597 0.23823016 0 0.074133366 6.8197431 11339.774 1139.9431 6.0691551 0.10008395 0 0 0 0 0 0 0 0 0 0.095413228 0.034799379 15.168132 1.0138598 0
0.032422491 -7.1054274e-15 0 0 0 0 3.5527137e-15 0 0 0.030298889 0.010059048 0 0 0 0 0 -3.5527137e-15 3.5527137e-15 0.022818407 0.031233162 0.1789349 0.13520969 0.10370721 0.047854907 0.85122113 0.0035409262 0.002679871 0.098716149 0.07902538 0 0.07612101 0.081262448 0 0.098402014 0.25111106 0.083046823 0.12441735 0.33495489 0.51487046 0.2251313 0 0.34395205 0 0.84695982 311.60684 630.29346 0.0050695122 0 0 0 0 0 0 0 0 0 0 0.093638496 0.040527463 0.81269435 2067.9223 0
0.063279432 0.019282736 0 0 3.5527137e-15 -3.5527137e-15 -7.1054274e-15 0 0 0.018159217 0 0.017352135 0.030541077 0 0 -3.5527137e-15 3.5527137e-15 0.032578751 0.0069208008 0 0.0032974056 0.16733566 0.23253131 0.20039148 1.5525764 0.62630009 0.076036127 0.098696285 0.18154423 0.24995359 0.35980423 0.074300711 0.10179133 0 0.10199196 0 0.1428222 0.18156494 0.33472291 0.18494697 0.29200788 0 0.31908762 0.57299773 0 51.335585 0 0 0 0 0 0 0 0 2.1180478 0 0 0.063218639 0.35473802 7.7876505 0.36291534 3.5527137e-15
0.011967199 0 -3.5527137e-15 0 0 -3.5527137e-15 0 0 0.048841277 0 7.1054274e-15 0.036481469 0.028912957 0 0 0.092382711 0 0 3.5527137e-15 0.042540813 0 0.16044182 0.28272942 0.087300151 2.2967155 0.99133396 0.8852091 0.30084338 0.23004964 0.70323316 0.23093503 0.13890833 0.14676522 0.12467705 0 0 0.28286178 0 1.2340937 0.61127593 0.24161131 0.2025358 0.20050589 0 -1.110223e-16 -2.220446e-15 0 0 0 0 0 0 0 0 0 0 0 0.14944848 19.554166 0.77076377 0 0.47074459
0.0070420332 0.011580211 0.042837925 0 0 0 0 0.016039127 0.021330553 0.042050978 0.052688649 0.04637549 0.032527753 3.5527137e-15 0.054436554 0 0.00043599327 0.017257047 -3.5527137e-15 0.091584876 0 0.12481755 0.098472161 0.094436111 0.064371298 3.9627169 1.0385596 2.3596343 0.528236 0.39636013 0.2805061 0.21584577 0.45381073 0.060074155 0.24152411 0 0 0.26692068 0.19222042 0.39014637 0.39791182 178.6292 22.332223 0.30131626 0.31810762 0.16440317 0.020968979 6.6613381e-16 0 0 0 0 0 0 0 37.378867 1.7763568e-15 9.5896384 14.964661 0.26260867 0.26952211 0.15760491
0.015530825 0.066599969 0.06701337 0.058858014 0.068533701 0.19398306 0.06137112 0.10372859 0.026463478 0.016521017 0.069015331 0.022854451 0.025362819 0 0.12357365 0 0.039954176 0 0.036339857 0.013120057 0.10126341 0.04459302 0.052380445 0 0.12391039 0.66043085 1.1602301 2.2024554 1.0760454 0.7349082 0.40801961 0.25641978 0.30164413 0.60683514 0.27986205 0 0 0 0.08949073 0.088164146 0.39003588 1098.7028 1409.3631 23.006173 0 0 0.029294883 0.53378621 52.427984 80.846276 69.3419 1.6092186 0 0 0 0 20.795986 1194.574 6.9221939 0.21435854 0.13945817 0.091725179
-3.5527137e-15 0.047428557 0.043224041 0.033914712 0.076632228 0.12237405 0.30371003 0.075501146 0.02976049 0.15375185 0.095883845 0.042695683 0.082912923 0.022834852 7.1054274e-15 0.048059103 0.054843915 0 0.073683463 0 0 0.01568816 0.045112491 0.061325355 0 0 1.7107975 2.3778986 2.9315951 1.8414181 0.49823649 0.51572411 0.70615219 0.16907691 0 0 0 0 0 0.13409417 0.10361633 72.075441 190.25919 0.91592483 0.028969693 0 0 0 0 0 0 0 0 0 0 0 0 8420.6304 0.17211624 0.248261 0.16979047 0.30098153
0.098805203 0.053324363 0.058246211 0.032094048 0.12193522 0.38138997 0.18079266 0.013413279 0.09665434 0.0793526 0.061576172 0.19253136 0.06265922 0.063125137 7.1054274e-15 0.060568829 0 0 0 0.020138815 0.034984274 0.075693716 0.12914306 0.10193544 0.21508876 0.17805459 1.2492231 164.34348 5417.5625 5.0168403 0.67981921 1.2179069 0.078237189 0 0 0 0 -3.5527137e-15 0 0.022410703 3.5527137e-15 0.23557126 0.41371584 0.0059406786 -3.5527137e-15 0 0 0 0 0 0 0 0 0 0 0 53.747298 408.10663 0.84986351 0.61488629 0.56289924 0.72115264
66.182337 0.02642251 0 0.094154722 0.37324996 0.67097807 0.12076413 0.088083543 0.065913918 0.027021474 0.13539103 0.19322047 0.0048877019 0.045274787 0.082365796 0.081534049 0 0 0 0 0 0.021140605 0.090729182 0.11384527 0.11706078 0.13060901 3.4006206 137.09251 2.0947759 6.2365701 0.56541179 0.26998825 0.014072792 0.00089980026 0.001400991 3.5527137e-15 7.1054274e-15 -3.5527137e-15 0 0 0.023123543 1.0311792 0.14872838 0 -1.110223e-15 39.530835 44.740348 0 0 0 0 0 0 0 0 0 13.670109 0.05226725 0.63511181 0.42746281 0.54165112 0.19207336
0 0 0.067786332 1.0001854 0.11627219 0.3871257 0.14313228 0.092463218 0.10280323 0.21927553 0.24912227 3.5527137e-15 3.5527137e-15 0.088973259 0.02340078 0.02231124 -3.5527137e-15 0 0 0 0.070876263 3.5527137e-15 0.1443228 0.087588054 0.060291647 0.063247125 0.63916281 1.9561265 5.7365039 2.5782586 0.3642144 0.10680713 0.025038678 0 0 0 6.0368377e-16 7.1054274e-15 0 3.5527137e-15 0 57.970563 215.47085 0.0020221778 0 0 0 36.527387 0 0 0 0 0 0 20.922544 0.28715417 0.63347617 2.2919447 0.51145639 0.25107096 0.20205216 0.22854418
0 0.10128294 0.041029873 0.018259469 0.56288112 0.26224982 0.12366013 0.11147819 0.067605627 0.14457426 0.12562953 0.09293526 0 0.043647222 0 0.03618354 3.5527137e-15 3.5527137e-15 0 0 0 -3.5527137e-15 0.11491809 0.14497063 0.17641674 0.17424891 0.14107707 2.3610251 1.5353537 7.0983842 3.251553 0.023747244 0 0 0 70.853488 0.072306958 0.045308123 0.034180321 7.1054274e-15 3.5527137e-15 0.0502936 0.36010611 0.024312053 0.060630572 0 0 0 0 0 0 0 0 36.969944 1165.7294 0.79329612 0.38392345 0.33094794 0.077389616 0.27136177 0 0.23350753
3.5527137e-15 0.10521465 0.20027704 0.31934474 0.64457242 0.064828712 0 0.31266535 0.37935732 0.38528109 0.13507865 0.094595543 0.13190643 0 0.12590581 0.067998823 0.05253015 0 0 0.039165377 -7.1054274e-15 0.032700073 0 0.038339607 0.043422481 0.12695911 0.25332294 0.27341567 4.1098443 3.453493 444.2551 0 7.1054274e-15 0 0.029781779 0 0.03167095 0.011168697 0.011485193 0 0.035171233 37.72276 931.88429 0.088804294 0.033521728 0 0 0 0.010848572 0 -3.5527137e-15 0.06374469 7.1054274e-15 0 0 0 0 0 0 24.494282 0.14483381 0.19570485
0 0.14030546 0.35696252 0.29912513 0.78771559 0.50201265 0.22595316 0.39046819 0.46586821 0.13058343 0.13536914 0 0.050703529 0.090274487 0.041664838 0.084691253 -3.5527137e-15 0.045824676 0.018967341 0.016709285 0 0.034927522 -3.5527137e-15 0.056398529 0.046560874 0.12463566 0.13083764 0.1138885 0.09844196 2.0249572 4.3620014 -3.5527137e-15 0 3.5527137e-15 0 -8.8817842e-16 0 0.018871127 5.3290705e-15 0.084721489 3.5527137e-15 0 2.1892396 234.61259 0.0090870042 0 0 0.1245195 0 0 0.044333728 -3.5527137e-15 -3.5527137e-15 0 -3.5527137e-15 3.5527137e-15 0 0 0 0.3768842 0 0.16545775
15.444024 0.4765411 0.30269078 0.38738911 0.79028556 0.3913066 0.19011564 0.43342372 0.21420797 0 0.047384703 0.13839376 0 0.034836836 0.1514623 0.28506837 0.041167789 0.032431578 0.052612618 0 0.012365238 0.063544585 0.082706773 0 0.081532077 0.079200916 0.16835005 0.13545386 0.07649712 51.336214 32.751418 0 0 0 0 -2.220446e-16 0 0 0.011472907 0 0 0 0 48.136307 0 0 0 0 30.73883 0 163.29264 53.942254 0 0 0 0.032054423 0 0 0.43291253 0.18847965 0.15916839 0.19043766
0 0.43348991 0.36167066 1.4781329 1.6190333 0.22359972 0.26285369 0.14825498 -3.5527137e-15 0 0 0 0.21962276 0.081375872 0.15362514 0.28047798 0 0 0 0.026302766 0 0.00072519081 0 0.026758413 0.028981728 0.1422617 0.053339409 0.21644185 0.17114688 4.0349423 4.8536549 0 3.5527137e-15 0 0.030550411 0 0 0 0 0 0 0 0.046538604 0.017334164 0.0014036364 0 0 0 0 0.027235116 236.87002 30.482694 -3.5527137e-15 0 0 0.017516383 3.5527137e-15 0.075825371 0.22671924 1279.7303 0.89212273 1.6640703
930.21715 0.29382259 0.59280197 32.009993 92.871043 0.15531222 0.033660852 0 0 0 0 0.11051096 0.010831178 0.28047713 0.36963439 0.54076934 -7.1054274e-15 0.023940974 0 0.056571113 0.043528083 0.025546454 0 0.023717166 -3.5527137e-15 1.0658141e-14 0.2092739 0.18582126 0.15515182 5.3827052 2.6800484 0.021634847 0 0 0 0 0 0 0 0 0 3.5527137e-15 110.22316 106.48222 0 0.0031627088 0 0 0.0097281852 6.4481334 0 0 0 0.036280415 0 600.72878 0.3496053 0.13324039 0 1894.8603 1.0528502 0.43845852
0 0.43418049 0.02700168 68.087733 105.97002 0.00079912655 0.0019986062 3.5527137e-15 0 0 0 0.032556243 0.019259039 0.40501848 0.41421515 0.07547377 0 0.036620624 0 0 0.057856427 0.041151554 0.019348522 0.037489921 0.037506834 0.059455547 7.1054274e-15 0.067366445 0.23897927 7.578291 5.5945967 0.018010956 0 0.087822193 0 0.024167304 0 0 0 -3.5527137e-15 0 0.017101936 143.73068 102.29877 0.0023420951 0.00095705612 0 0.013906446 0 0 0 256.90669 0.052279151 0.12378336 0.058503225 88.086037 27.062542 0.028236736 0.0054758376 0.10291478 0.10590059 0.04255456
0 0.82103997 0 51.016755 119.01941 0.020197335 0.036343044 0 0 0 0 0 0.034116204 0.5536412 0.4924702 0.12822584 0 0 0 3.5527137e-15 3.5527137e-15 0 0.041187204 0.04829154 0.044987178 -1.7763568e-15 0 0.057078118 0.12774008 5.7013044 4.9625752 0.014431138 0.042636975 0.038549501 0 0.013045741 0 0 0 0 0 0 58.953298 39.200781 0.06031843 0 100.34018 59.189006 0.0013744161 0 0 432.94976 0.29336289 0.093169544 0.080746413 0.053198317 0.041501678 0.073352091 0.034261963 0.020316526 0.030687897 0.0051497084
115.14754 0 0 737.48063 74.445575 0.020854038 0.021626247 0 0 0 0 0.0021210373 0.034910869 0.45217409 0.42380442 0.082719641 0.011579817 0.15221419 78.942163 45.773996 72.515592 71.455453 0.094402362 0.024914311 28.202832 65.661878 0 0 0.24807397 1582.445 2819.2677 -3.5527137e-15 0 0 0.031104318 0.047920948 0 0 0 0 0 -3.5527137e-15 7.5364116 0 0 102.22926 0.037002895 0 0 0 153.85561 7.1054274e-15 0.11952959 0.045241729 -1.7763568e-14 0.12218855 0.034710219 0.023607433 0.027705604 -3.5527137e-15 0.023006005 0.007081247
1427.7959 15.574766 48.894822 108.84716 0.069600483 0.024158759 0.0041970513 0 0 0 0 0 0.027581176 0.44768984 0.63113801 0.12832398 0.01726234 0.016492962 0 0 0 0 0.004739099 0.018652508 60.882818 95.41325 0 0 0 0.1531015 23.208911 9.7079709 5.962925 7.9936058e-15 7.1054274e-15 0 7.1054274e-15 0 0 0 0.006695633 0 0 0 3.5527137e-15 7.1054274e-15 -7.1054274e-15 0 0 0 82.289661 -1.4210855e-14 0.063464271 0.024978763 0.090091852 0.089214294 -1.7763568e-15 0.15051751 0.056327602 0.050814526 7.1054274e-15 0
44.320926 494.8426 949.08744 124.25919 0.065071084 0.079289541 0 0 0 0 0 0 0.030873008 1.1313629 0.88075498 0.12700711 0 0 0 0 0 0 0 0.068270746 45.782911 23.730655 86.266327 0 0 0 -3.5527137e-15 0.040286391 8.4739721 6.6935555 0.04700853 0 0 31.516157 0 0 0 0.12350358 0.025943971 0 3.5527137e-15 0.26003899 0.11919383 0 0 0 70.309937 0.031880236 0.020041974 0.032746775 0 -4.4408921e-16 0.040447795 0.023828971 3.5527137e-15 0 0.029399712 0
0.032658234 0.069436358 0.045865174 0.033214485 0.030013043 0 0 0 0 0 0 0.021385854 0.63643845 0.70923083 1.3094063 0.039817821 7.1054274e-15 0 0 0 0 0 0 0 0 6.2356722 0 0 0 0 0 -3.5527137e-15 1.1550406 716.00617 0.027281787 -1.7763568e-15 76.955197 0 0 0 0 154.48737 130.04057 17.701676 21.970091 0.17988603 0 0 0 0 52.3781 -3.5527137e-15 0 0 0 21.99581 17.230736 0 0 0 0 15.244983
27.331104 1.7763568e-15 1.7763568e-15 0 0 0 3.5527137e-15 0 0 0 3.5527137e-15 0.020507673 0.95985867 0.63339287 0.047201058 0.037691995 0.0021605043 4.3493507e-05 0 0 0 0 0 0 0 0 0 0 0 0 0 0 91.062277 0 15.846356 63.508214 0 0 0 0 0 0.067362644 0 394.87777 300.67807 0.04076861 0.0093918044 0 47.774744 17.34669 65.054452 0.0035719986 0 0 0 0 49.572253 0 0 0 0 0
0 0 0 0 50.097254 0 0 0 7.1054274e-15 0 0.019103924 3.5527137e-15 1.5742357 0.78314274 0.013668424 0.0093418243 0 0 0 0 0 0 0 0 0 0 0 0 0 0 0 0 0 0.014067507 57.578507 0.14731521 0.047483409 0 0 0.024898922 0.041680952 0.064617572 0.021386743 0 0.02489958 7.1054274e-15 7.1054274e-15 0 14.199901 0 102.21698 0.018829116 0 0 0 0 44.513374 0 0 0 0 0
-8.8817842e-16 0 0 0 37.591269 0 0 0 33.883009 0 0 3.5527137e-15 0 3016.2459 0.091541254 -3.5527137e-15 0 0 0 0 0 0 0 -3.5527137e-15 0.019739344 0 0.0010647394 0 0 0.0085485331 0 0.011189121 0.076691469 0.01720791 0.048924836 0 0 0 0 0.10518279 0.27695459 0 0 0.059524458 0.036382458 -7.1054274e-15 0 -7.1054274e-15 0 -1.7763568e-15 -2.6645353e-15 3.5527137e-15 0 0 0 0 0 0 0 0 0 0
-5.3290705e-15 0 0.011020679 0 -3.5527137e-15 0.0056490026 0 0 0 3.937013 0 0 3.5527137e-15 217.21834 0.06096266 0 0 0 0 0 0 0 0 3.5527137e-15 0.028309908 0.0022631201 0.037820731 0 -3.5527137e-15 0 0.0091529777 0.0299649 0.067314395 0.051336566 0.13397395 218.27177 0 0 15.125213 1098.5771 0.20551973 7.7323976 0.086696027 0 3.5527137e-15 -7.1054274e-15 0 0.029982018 0.029722639 0 0 0 0 0 0 0 40.146788 0 0.011534023 -3.5527137e-15 0 0
0.0062076859 0 0 0.035862502 -7.1054274e-15 0.03975771 0 -3.5527137e-15 0 0 0 -3.5527137e-15 0 0 0.30982945 0 0 -3.5527137e-15 0 0 0 0 0.0004155628 0.0016180332 0 0.0059884215 0.041044389 0.083623822 0.021423549 0 0 3.5527137e-15 0.10346567 0.044228599 0.074809638 74.968822 0 0 322.18703 0.29432361 0.074385643 0.13754324 0.039140009 0.059639193 0.052176824 0 0.0329898 0.03539169 0 -1.0658141e-14 -7.1054274e-15 -3.5527137e-15 0 0 0 16.450877 3.5527137e-15 0 0 0 0 7.1054274e-15
0.0027143849 0.0065136096 0.031836949 -3.5527137e-15 0 0.030496892 0 3.5527137e-15 0 0 0 0 0 0.29070338 0.3621665 0 -7.1054274e-15 0 0 0 0 0 0 7.1054274e-15 0.0073405133 0 -3.5527137e-15 0.017332409 0.071318554 0.37435743 0.052771907 0.059701867 0.013175039 0 0.049650746 35.218666 0 11.941093 102.43564 0.048577029 0.065788434 -7.1054274e-15 0.036901201 0.060387263 0.042077781 0.031221916 0.022883261 0 3.5527137e-15 0 0 0 0 0 2.1742471 0 -1.7763568e-15 0 0 -3.5527137e-15 0 3.5527137e-15
