var/www/cgi-bin/BAERTOOLS/ravel/working/ravel-180209.DEM
NCOLS 133
NROWS 83
XLLCORNER 275926.32
YLLCORNER 3833698.9
CELLSIZE 10
NODATA_VALUE -9999
[rows 0 to 27 of 83, columns 63 to 125 of 133]
1566.244 1565.766 1565.119 1566.007 1572.185 1575.185 1578.916 1582.665 1585.638 1588.114 1593.527 1594.534 1594.656 1594.893 1595.377 1597.431 1598.814 1600.053 1601.403 1602.279 1601.422 1601.081 1600.986 1600.946 1600.809 1600.551 1600.01 1598.629 1598.062 1598.628 1599.436 1599.78 1599.349 1599.34 1597.049 1593.976 1590.404 1588.043 1584.989 1583.762 1582.517 1581.31 1580.189 1578.155 1577.078 1576.037 1575.22 1574.571 1573.917 1572.826 1572.568 1572.47 1572.505 1572.91 1573.675 1574.495 1574.594 1575.051 1575.496 1575.155 1574.803 1572.16 1567.559
1570.621 1571.409 1571.914 1572.945 1572.713 1575.662 1579.896 1583.286 1585.581 1588.361 1589.118 1589.523 1589.345 1589.221 1589.552 1592.378 1594.552 1596.865 1599.3 1601.133 1601.689 1601.364 1601.687 1601.594 1601.169 1601.028 1600.456 1599.706 1599.142 1598.881 1598.833 1598.813 1599.349 1599.34 1598.305 1595.437 1591.687 1588.749 1585.318 1584.057 1582.921 1582.057 1581.215 1579.397 1578.47 1577.41 1576.299 1575.327 1574.249 1573.271 1572.982 1572.804 1573.032 1573.578 1574.326 1575.346 1575.562 1575.876 1575.938 1575.502 1573.698 1571.367 1567.844
1574.266 1575.544 1576.012 1575.742 1575.398 1577.717 1581.588 1583.745 1584.852 1585.742 1585.545 1585.241 1584.715 1584.423 1584.383 1586.424 1588.404 1591.193 1594.584 1597.354 1599.623 1601.579 1601.768 1601.844 1602.121 1602.041 1600.391 1599.989 1599.232 1598.314 1598.084 1598.813 1598.622 1598.502 1597.493 1594.994 1591.782 1589.056 1585.576 1584.39 1583.565 1583.148 1582.553 1581.149 1580.092 1578.823 1577.391 1575.921 1574.804 1574.109 1573.857 1573.436 1573.674 1574.593 1575.669 1575.877 1576.106 1576.2 1576.015 1575.463 1572.868 1570.965 1568.412
1576.418 1577.772 1578.74 1579.836 1580.038 1581.42 1583.336 1583.618 1583.919 1583.625 1582.76 1581.529 1580.556 1580.146 1580.083 1581.542 1583.031 1584.978 1587.485 1590.376 1596.346 1598.572 1600.439 1602.192 1602.913 1601.84 1601.013 1600.282 1599.163 1597.912 1598.084 1597.891 1597.483 1597.315 1596.688 1594.398 1590.604 1586.845 1585.584 1585.086 1584.864 1584.662 1584.373 1583.263 1582.058 1580.656 1579.007 1577.341 1576.44 1575.555 1575.283 1574.955 1575.252 1575.948 1576.163 1576.203 1576.156 1576.09 1576.075 1575.737 1573.061 1571.131 1568.784
1578.719 1580.354 1581.707 1584.16 1584.851 1585.293 1585.442 1584.814 1583.576 1581.357 1579.332 1577.249 1576.229 1575.555 1575.558 1576.667 1577.967 1579.628 1581.67 1583.746 1588.818 1592.328 1596.067 1598.854 1600.113 1600.718 1600.41 1600 1599.202 1597.912 1597.159 1596.521 1595.924 1595.603 1594.589 1592.423 1590.215 1586.298 1585.294 1585.321 1585.88 1586.191 1586.307 1584.874 1583.593 1582.117 1580.642 1579.508 1577.861 1577.38 1577.028 1576.88 1576.904 1576.799 1576.557 1576.331 1576.192 1576.07 1575.918 1576.034 1573.873 1571.492 1568.319
1581.658 1583.585 1584.894 1586.95 1587.597 1587.304 1586.607 1585.628 1583.201 1578.938 1576.44 1573.994 1572.476 1571.89 1571.873 1572.226 1573.026 1574.616 1576.699 1578.712 1583.009 1585.813 1589.335 1592.939 1595.563 1597.472 1599.64 1599.447 1599.202 1598.411 1597.584 1595.286 1594.703 1594.315 1593.639 1591.883 1589.251 1585.874 1585.869 1586.295 1586.527 1586.875 1586.878 1585.739 1584.448 1583.062 1582.007 1581.167 1579.751 1579.165 1578.672 1578.28 1577.857 1577.423 1576.719 1576.409 1576.143 1575.657 1575.164 1574.875 1572.078 1569.379 1566.209
1584.116 1585.999 1587.165 1587.547 1587.24 1586.604 1585.745 1584.318 1581.944 1577.358 1575.357 1572.924 1570.231 1568.474 1567.205 1567.747 1568.865 1570.425 1572.295 1574.269 1578.526 1581.027 1583.738 1586.688 1590.249 1593.322 1598.466 1599.447 1599.153 1598.667 1598.163 1596.125 1595.158 1594.315 1593.234 1591.954 1590.491 1586.958 1587.21 1587.736 1587.733 1587.672 1587.504 1586.241 1585.215 1584.165 1583.305 1582.491 1581.195 1580.494 1579.803 1579.144 1578.603 1578.011 1576.785 1576.156 1575.347 1574.479 1573.723 1570.392 1567.332 1564.742 1562.865
1584.885 1586.606 1587.121 1585.786 1584.829 1583.927 1582.933 1581.577 1578.079 1576.328 1574.293 1571.432 1568.167 1565.432 1562.116 1563.321 1565.032 1566.703 1568.366 1570.176 1574.032 1576.561 1579.263 1582.181 1585.327 1592.353 1598.466 1599.113 1598.886 1598.838 1598.563 1596.603 1595.323 1594.192 1593.078 1591.822 1590.894 1589.405 1588.919 1588.572 1588.37 1588.343 1587.54 1586.861 1586.12 1585.37 1584.713 1583.993 1582.417 1581.446 1580.682 1579.976 1579.231 1578.424 1576.422 1575.512 1574.496 1573.191 1571.004 1564.953 1562.339 1560.191 1558.11
1583.426 1584.695 1584.735 1582.721 1581.63 1580.642 1579.694 1578.562 1576.339 1574.934 1572.253 1568.402 1565.326 1563.197 1559.384 1559.992 1561.539 1563.077 1564.733 1566.002 1569.613 1571.911 1574.677 1577.787 1585.327 1592.353 1595.601 1597.714 1598.678 1599.012 1598.588 1596.576 1594.899 1593.413 1592.518 1591.692 1590.953 1589.87 1589.426 1589.061 1588.798 1588.606 1587.998 1587.465 1586.957 1586.465 1585.906 1585.331 1583.128 1582.311 1581.68 1580.991 1580.094 1577.435 1575.479 1573.968 1572.915 1570.857 1567.698 1560.99 1559.491 1558.244 1555.817
1581.681 1581.535 1581.44 1579.063 1577.97 1577.214 1576.703 1576.04 1574.047 1571.65 1567.443 1563.185 1561.18 1559.789 1556.834 1556.147 1557.636 1559.47 1560.906 1562.861 1564.278 1566.829 1570.155 1577.787 1581.066 1587.481 1590.918 1593.885 1595.943 1597.085 1597.093 1594.567 1593.085 1592.219 1591.717 1591.203 1590.28 1589.92 1589.582 1589.274 1588.995 1588.818 1588.055 1587.612 1587.17 1586.713 1586.171 1585.509 1583.18 1582.87 1582.934 1582.662 1581.309 1576.926 1574.702 1573.563 1572.924 1570.892 1565.829 1559.216 1557.467 1555.207 1552.262
1579.485 1578.592 1577.07 1575.48 1574.184 1573.633 1573.492 1572.876 1569.669 1566.655 1563.119 1560.008 1558.018 1556.601 1551.255 1551.726 1554.417 1556.185 1557.446 1558.733 1559.654 1561.971 1570.155 1573.46 1576.755 1582.939 1585.528 1587.993 1590.131 1591.491 1592.456 1591.31 1590.936 1590.527 1590.577 1590.496 1590.09 1589.859 1589.658 1589.421 1589.139 1588.669 1588.124 1587.632 1587.001 1586.19 1585.582 1584.828 1583.881 1584.233 1584.823 1584.973 1583.858 1578 1575.828 1574.491 1574.497 1572.981 1565.614 1559.731 1557.865 1555.182 1552.761
1576.44 1575.523 1574.214 1572.595 1571.181 1570.336 1569.582 1568.354 1564.558 1562.021 1559.537 1557.244 1555.422 1551.334 1548.906 1549.181 1551.534 1552.956 1553.908 1555.485 1556.702 1561.971 1565.494 1569.146 1572.623 1578.57 1580.988 1583.02 1584.635 1585.771 1587.286 1587.761 1588.308 1588.747 1589.163 1589.59 1589.818 1589.845 1589.706 1589.45 1589.027 1588.622 1588.111 1587.657 1586.927 1585.98 1585.592 1584.788 1585.166 1585.64 1585.991 1585.897 1584.424 1579.022 1577.063 1575.847 1573.949 1570.018 1562.743 1559.639 1557.896 1555.739 1553.979
1574.058 1572.576 1570.693 1569.328 1568.033 1566.902 1565.614 1564.196 1560.166 1557.966 1555.877 1554.062 1552.838 1549.864 1547.445 1546.871 1548.702 1550.443 1551.286 1551.622 1556.702 1558.598 1561.208 1564.723 1568.449 1574.863 1576.853 1578.269 1579.487 1580.481 1583.558 1584.882 1585.833 1586.648 1587.47 1588.317 1589.451 1589.609 1589.385 1588.949 1588.662 1588.517 1588.071 1587.704 1587.074 1586.401 1585.921 1585.58 1585.987 1586.218 1586.032 1585.414 1583.698 1578.648 1576.683 1575.179 1572.684 1567.647 1560.056 1558.748 1557.386 1556.145 1553.979
1572.466 1570.058 1566.124 1565.164 1564.416 1563.647 1562.439 1560.259 1555.635 1553.633 1552.132 1550.933 1549.987 1545.788 1542.423 1541.522 1543.802 1546.081 1547.573 1551.622 1552.752 1555.158 1557.998 1560.756 1567.573 1570.693 1572.883 1573.68 1573.594 1574.252 1578.607 1580.132 1581.412 1582.749 1584.261 1585.851 1587.627 1587.895 1587.872 1587.736 1587.9 1588.097 1587.615 1587.648 1587.778 1586.781 1586.337 1586.173 1586.445 1586.316 1585.398 1583.723 1582.19 1577.809 1575.719 1574.12 1571.257 1567.057 1560.786 1559.36 1558.175 1556.145 1554.441
1569.863 1566.847 1562.044 1561.244 1560.793 1559.683 1557.292 1552.043 1550.735 1549.628 1548.365 1546.352 1543.622 1539.447 1538.099 1537.208 1538.1 1540.303 1547.573 1547.622 1548.788 1551.78 1554.894 1557.649 1563.145 1565.669 1567.56 1568.484 1568.588 1569.221 1572.578 1574.281 1575.557 1576.52 1577.888 1579.938 1582.818 1583.707 1584.429 1585.078 1585.609 1586.561 1586.611 1586.925 1587.317 1587 1586.606 1587.07 1586.603 1585.536 1583.951 1581.849 1579.509 1576.66 1575.065 1573.239 1570.826 1567.476 1562.445 1561.024 1558.175 1556.95 1555.076
1566.145 1563.225 1558.506 1556.587 1555.644 1554.661 1552.326 1549.121 1548.146 1546.521 1545.147 1545.076 1544.846 1542.817 1540.855 1538.493 1538.1 1540.303 1543.108 1544.274 1546.439 1549.574 1552.49 1554.784 1559.584 1561.612 1563.062 1563.689 1563.7 1563.774 1564.794 1567.453 1569.593 1570.372 1571.286 1574.404 1575.864 1577.198 1578.464 1579.693 1580.875 1582.713 1583.467 1583.997 1584.361 1584.9 1585.294 1586.502 1586.12 1584.291 1581.956 1579.66 1574.418 1573.427 1572.981 1571.786 1569.893 1567.478 1563.395 1561.024 1559.676 1558.113 1556.026
1562.521 1560.73 1560.609 1560.328 1559.462 1557.435 1554.865 1551.457 1550.741 1550.888 1551.62 1552.018 1551.711 1549.542 1546.923 1538.493 1536.595 1535.95 1538.95 1539.976 1541.776 1545.438 1549.558 1551.862 1555.447 1557.224 1558.447 1558.995 1558.895 1558.432 1559.065 1561.909 1564.647 1565.292 1565.556 1568.783 1570.498 1571.611 1572.734 1573.863 1574.98 1577.192 1578.326 1579.232 1579.927 1580.829 1581.946 1583.515 1584.364 1583.661 1581.052 1577.994 1573.415 1571.346 1570.179 1569.393 1567.737 1566.573 1563.395 1561.885 1560.553 1559.083 1557.043
1570.782 1568.775 1568.478 1568.208 1567.179 1565.374 1563.009 1557.424 1556.832 1557.112 1557.384 1557.392 1556.732 1553.98 1546.923 1543.364 1539.51 1536.569 1534.599 1535.533 1535.843 1537.876 1543.23 1547.622 1551.467 1552.461 1552.91 1552.933 1552.749 1554.11 1556.471 1559.005 1560.688 1560.668 1560.308 1564.832 1566.934 1568.041 1568.898 1569.568 1570.09 1572.08 1573.172 1574.13 1575.069 1576.083 1578.508 1579.655 1580.305 1579.98 1578.751 1576.65 1572.335 1570.501 1568.595 1566.781 1565.014 1566.573 1564.354 1562.799 1561.393 1560.182 1559.089
1577.329 1575.827 1575.384 1574.91 1574.115 1572.606 1569.311 1562.708 1562.535 1562.783 1562.845 1562.583 1559.71 1553.98 1552.33 1549.568 1545.026 1540.509 1533.993 1532.464 1532.884 1534.165 1536.342 1540.05 1546.108 1547.488 1547.978 1547.681 1547.248 1550.36 1552.959 1554.694 1555.609 1555.695 1556.555 1562.257 1564.269 1565.37 1565.965 1566.133 1565.753 1565.941 1568.36 1570.137 1571.094 1572.054 1574.475 1575.614 1577.014 1577.591 1576.786 1575.583 1571.783 1569.914 1567.397 1564.241 1565.014 1564.211 1563.397 1563.478 1563.113 1561.913 1561.469
1580.732 1579.839 1579.219 1578.492 1577.435 1576.101 1574.006 1568.993 1568.327 1567.749 1567.199 1566.688 1559.71 1557.521 1555.286 1553.122 1550.185 1545.773 1538.597 1534.623 1531.502 1531.083 1532.232 1537.185 1539.862 1541.782 1542.446 1542.021 1541.744 1547.255 1549.659 1550.837 1550.971 1550.654 1551.597 1559.157 1561.648 1562.896 1563.387 1563.069 1560.527 1561.701 1564.508 1566.434 1567.563 1568.721 1571.353 1572.727 1574.16 1575.184 1575.875 1575.724 1571.901 1568.532 1567.397 1564.241 1562.031 1561.806 1562.318 1562.634 1562.769 1562.803 1562.473
1584.089 1583.514 1583.022 1582.33 1581.214 1579.433 1574.895 1574.149 1573.684 1572.89 1571.979 1566.688 1563.17 1560.587 1558.047 1555.662 1552.908 1549.494 1542.813 1539.84 1535.788 1531.294 1529.178 1531.618 1534.054 1536.065 1536.975 1536.574 1536.503 1543.281 1545.632 1546.7 1546.913 1547.528 1549.101 1555.491 1557.687 1559 1559.389 1559.021 1557.933 1559.238 1561.697 1563.531 1564.167 1564.34 1568.574 1571.382 1573.254 1574.602 1575.722 1576.184 1572.471 1568.532 1564.985 1562.36 1560.71 1558.941 1559.355 1559.863 1560.165 1560.236 1560.569
1590.352 1588.598 1587.606 1586.318 1584.538 1582.579 1579.106 1578.102 1577.438 1576.671 1571.979 1570.787 1566.157 1563.3 1560.626 1558.196 1555.386 1552.365 1546.938 1544.336 1541.188 1537.075 1531.74 1527.166 1527.451 1528.456 1530.077 1531.466 1533.488 1540.02 1541.915 1542.552 1543.057 1545.315 1551.133 1552.937 1554.046 1554.468 1554.419 1554.325 1553.989 1555.228 1557.299 1558.902 1559.682 1560.429 1566.528 1569.926 1572.934 1575.435 1576.937 1575.639 1572.471 1568.757 1564.535 1561.354 1560.514 1556.245 1554.404 1554.537 1554.715 1555.176 1555.657
1598.417 1597.074 1594.349 1590.873 1587.767 1585.175 1582.165 1581.275 1577.438 1576.671 1575.889 1574.769 1569.68 1566.696 1563.924 1561.2 1558.56 1553.711 1551.612 1549.019 1545.446 1541.164 1536.565 1528.399 1525.769 1524.275 1524.432 1526.398 1529.016 1536.487 1538.477 1538.728 1539.143 1542.026 1548.291 1550.2 1550.737 1550.61 1550.317 1550.08 1549.786 1551.144 1552.604 1552.584 1552.672 1557.074 1565.988 1569.419 1573.072 1575.94 1576.76 1575.639 1573.987 1571.06 1566.958 1563.557 1561.133 1555.744 1552.071 1549.301 1548.757 1549.138 1549.736
1603.467 1602.228 1599.549 1595.711 1591.796 1588.301 1584.327 1581.275 1580.55 1579.628 1578.54 1577.169 1572.708 1570.229 1567.826 1564.709 1561.736 1558.019 1555.879 1553.381 1549.972 1545.295 1539.918 1532.154 1529.129 1526.264 1524.035 1523.303 1527.78 1531.064 1533.355 1534.791 1536.924 1539.969 1544.2 1545.464 1545.92 1546.145 1545.95 1545.558 1545.763 1546.827 1548.087 1548.715 1549.604 1559.737 1564.449 1568.585 1573.255 1576.616 1576.76 1576.838 1575.877 1573.683 1570.479 1566.995 1563.95 1557.131 1553.521 1550.574 1548.539 1547.992 1544.935
1607.266 1606.291 1603.727 1599.839 1596.251 1592.68 1584.327 1583.727 1582.984 1581.957 1580.797 1577.278 1575.538 1574.279 1572.319 1569.091 1566.082 1562.194 1559.901 1557.207 1553.972 1549.83 1543.946 1535.625 1533.639 1531.009 1527.757 1524.535 1523.566 1525.928 1527.961 1530.574 1534.274 1537.888 1540.686 1540.753 1540.848 1541.038 1541.004 1540.582 1539.856 1543.162 1547.635 1548.042 1549.819 1557.339 1561.753 1566.916 1572.858 1576.616 1577.392 1577.302 1576.767 1576.004 1573.971 1570.236 1566.59 1560.976 1557.873 1554.522 1551.51 1550.071 1541.163
1610.432 1609.851 1607.703 1603.741 1599.812 1592.68 1587.437 1586.307 1584.971 1583.575 1582.318 1579.55 1578.179 1576.753 1575.09 1572.954 1570.661 1566.194 1563.525 1560.393 1556.976 1553.032 1548.039 1540.206 1538.723 1536.556 1533.245 1529.162 1521.024 1521.661 1524.475 1527.384 1530.735 1533.472 1536.039 1536.383 1536.855 1537.044 1537.573 1537.983 1539.136 1544.043 1549.35 1549.645 1549.718 1554.584 1559.034 1563.738 1572.858 1577.15 1578.061 1577.746 1576.839 1576.123 1575.093 1572.538 1565.781 1563.825 1561.933 1559.052 1555.432 1552.463 1543.371
1612.743 1611.323 1609.279 1606.584 1599.812 1594.005 1591.443 1589.26 1587.169 1585.185 1583.526 1581.223 1579.883 1578.333 1576.713 1575.095 1573.947 1569.807 1566.908 1563.162 1559.291 1555.306 1547.703 1545.368 1543.276 1540.967 1538.002 1534.038 1522.082 1518.977 1520.483 1524.106 1527.231 1529.166 1529.674 1529.737 1531.827 1535.124 1535.91 1540.538 1545.344 1550.087 1552.752 1553.539 1555.278 1559.65 1559.034 1563.738 1570.154 1576.336 1579.786 1577.207 1576.369 1575.766 1574.749 1572.888 1567.261 1565.262 1564.076 1562.286 1559.099 1555.31 1549.033
1613.453 1611.098 1608.912 1606.584 1602.867 1596.854 1594.481 1592.067 1589.558 1587.197 1585.062 1582.336 1580.988 1579.466 1577.84 1576.313 1576.088 1572.529 1569.654 1565.612 1561.53 1558.07 1551.79 1549.326 1546.821 1544.189 1541.315 1537.961 1525.02 1518.725 1516.502 1519.165 1522.361 1524.461 1524.438 1526.055 1530.493 1535.065 1536.028 1541.611 1547.478 1552.07 1555.386 1558.615 1561.618 1559.65 1560.881 1562.661 1567.477 1574.235 1577.767 1576.651 1575.674 1574.75 1573.678 1571.836 1567.435 1565.58 1564.271 1562.943 1560.689 1556.523 1550.334
