var/www/cgi-bin/BAERTOOLS/ravel/working/ravel-27920.prodgrd.txt
NCOLS 42
NROWS 41
XLLCORNER 277086.32
YLLCORNER 3844468.9
CELLSIZE 10
NODATA_VALUE -9999
0 0 0 0 0 0 0 0 0 0 0 0 0 0 0 -31.058951 0 0 -28.017447 -34.350085 -32.04083 -31.336676 -39.575446 0 -29.301984 -29.524909 0 0 0 0 0 0 0 0 0 0 0 -26.831285 -28.597723 -28.002821 -29.16114 -26.782061 
0 0 0 0 0 0 0 0 0 -28.89541 0 0 0 0 0 0 -31.058951 -35.569208 -28.777914 -28.017447 -26.968727 -27.45517 -27.354699 -28.865781 -32.224243 -27.096286 -29.524909 -27.89928 -27.555074 -28.29729 -27.958447 -27.908694 -26.986725 0 0 -28.238852 -27.560589 -26.397074 -26.472834 -26.622831 -26.693657 -29.16114 
0 0 0 0 0 0 0 0 0 0 -28.89541 0 0 0 0 0 -28.800644 -28.28536 -28.554467 -28.777914 -28.154303 -27.354699 -27.17355 -27.369758 -38.786552 -27.233711 -27.096286 -27.555074 -27.774551 -27.958447 -27.908694 -26.986725 -26.685934 -29.093106 0 0 0 -26.472834 -26.860007 -26.693657 -26.607598 -27.3796 
0 0 0 0 0 0 0 0 0 0 0 0 -27.464161 0 0 -31.472356 0 -28.281974 -26.667937 -27.032359 -27.592044 -27.17355 -27.369758 -27.244175 -27.658025 -27.21378 -27.233711 -27.774551 -28.7981 -31.169313 -28.488435 -26.685934 -26.771291 -27.780706 -28.091411 -28.575827 -30.037764 -29.065404 0 0 -27.297633 -28.382578 
0 0 0 0 0 0 0 0 0 0 0 -28.232362 0 -27.464161 -30.710812 0 -31.472356 -27.709554 -28.281974 -26.667937 -27.298727 -28.008241 -27.244175 -27.564552 -26.984832 -27.658025 -27.21378 -27.371588 -27.143492 -29.111854 -29.757061 -26.771291 -26.888021 -28.091411 -28.575827 -30.037764 -34.957073 -41.026137 -29.065404 0 0 0 
-31.275547 -33.050505 -27.798379 -27.094728 -26.743731 -27.100594 -28.855156 -27.253286 -26.99469 -41.024731 -33.741531 0 -28.232362 -27.254307 -29.734289 -28.48042 -29.615937 -32.541459 -27.709554 -29.603248 0 -40.201289 -27.596169 -27.071872 -27.030287 -26.984832 -27.371588 -27.143492 -27.757342 -27.678808 -29.323358 -26.888021 -28.149793 -28.760489 -30.308863 -38.947785 0 0 0 0 0 0 
-27.263049 -27.798379 -27.214258 -26.738206 -26.763075 -26.743731 -27.100594 -26.99469 -26.828548 -27.055709 0 -33.741531 -26.664766 -26.447553 -27.254307 -28.208357 -28.48042 -29.615937 -27.914626 -26.726027 -29.603248 0 0 0 0 0 -28.988094 -27.757342 -27.678808 -29.323358 -30.197313 -27.377107 -28.760489 -30.61207 -34.905285 0 0 -37.851844 -41.069007 0 0 0 
-26.84283 -27.263049 -27.056071 -27.008035 -26.738206 -26.763075 -27.25125 -26.828548 -26.897072 -26.654456 -34.3956 -27.033398 -26.602842 -26.426309 -26.447553 -30.867116 -28.721468 -29.685148 -36.409989 -27.536459 -26.726027 0 0 0 0 -28.988094 -28.948059 -38.131903 -31.195468 -30.197313 -27.377107 -27.551941 -31.913577 -34.905285 0 -36.374928 -31.257539 -28.030747 -31.348829 -41.093598 0 0 
-26.926202 -26.84283 -27.153339 -27.056071 -27.008035 -27.090851 -27.047809 -26.897072 -26.654456 -26.654456 -29.430693 -27.155936 -26.739269 -26.334691 -26.426309 -28.097106 -27.75634 -27.549599 -29.09933 -27.131313 -27.536459 0 0 0 0 -28.948059 0 0 0 -41.132229 -27.551941 -27.772509 -30.646857 -30.426504 -34.879615 -35.844436 -28.030747 -27.55429 -30.10229 -41.104838 0 0 
-27.022083 -26.926202 -26.843291 -27.153339 -27.127174 -27.701057 -27.420937 -26.932088 -26.654456 -26.781664 -27.440876 -28.460607 -27.155936 -26.404531 -26.334691 -27.515297 -27.549599 -27.15898 -27.022083 -27.23569 -27.131313 0 0 0 0 -31.025935 0 -33.066679 -28.59974 -27.758345 -27.647385 -26.968727 -29.549277 -34.260519 -28.889978 -30.465001 -27.55429 -27.490371 -27.155936 -27.558221 -28.860458 0 
-26.522298 -26.565336 -26.509008 -26.843291 -27.734582 -29.038194 -27.627369 -26.932088 -26.575906 -26.663049 -26.72912 -27.197734 -28.460607 -26.504837 -26.404531 -27.491815 -27.15898 -27.022083 -27.23569 -28.450818 -28.288756 0 0 0 -31.025935 -29.008522 -33.066679 -28.59974 -27.758345 -27.567737 -26.968727 -26.575475 -26.896811 -27.086618 -28.237226 -28.889978 -27.345233 -27.155936 -27.09824 -27.029254 -27.165558 0 
-27.095117 -26.522298 -26.565336 -26.509008 -27.753341 -28.278598 -27.627369 -26.575906 -26.663049 -26.72912 -26.735035 -26.933217 -27.388278 -27.029942 -26.65767 -40.536359 0 0 0 0 0 0 0 0 -29.008522 -28.45277 -34.129716 -28.942427 -27.567737 -27.044966 -26.575475 -26.896811 -27.086618 -27.452425 -27.537226 -27.345233 -27.416364 -27.09824 -27.029254 -27.086235 -27.253286 -29.562153 
0 -27.095117 -32.55538 0 0 -28.278598 -27.530353 -26.874161 -26.833254 -26.735035 -26.933217 -26.900218 -26.743013 -26.571101 -27.029942 -31.18672 0 0 0 0 0 0 0 -33.165303 -28.45277 -27.439529 -27.848007 -28.573675 -28.903598 -27.82935 -27.06373 -27.586305 -27.807878 -28.533459 -30.048377 -27.517537 -27.440202 -27.132145 -27.086235 -27.253286 -27.300921 -30.130119 
0 0 0 0 0 0 0 0 -30.363799 -27.327838 -26.900218 -26.743013 -26.571101 -26.75374 -26.699484 -26.843753 -28.399279 0 0 0 -33.232596 -27.180748 -28.662659 -41.10554 -27.439529 -27.848007 -28.514844 -28.906337 -28.934019 -27.06373 -26.689311 -26.675258 -26.800556 -27.27139 -28.178682 -29.111854 -28.348072 -27.718135 -27.519033 -27.495436 -27.205704 -28.567241 
0 0 0 -41.114672 -41.097813 0 0 0 0 0 0 0 -26.912214 -26.699484 -26.932934 -26.757633 -26.843753 -28.399279 0 0 0 -33.232596 -27.180748 -28.662659 -41.104838 -29.146821 -29.334149 -29.573984 -28.42573 -26.689311 -26.675258 -26.800556 -26.772839 -26.610246 -26.5955 -26.689311 -26.706544 -27.405379 -27.615421 -27.640367 -28.418113 0 
0 0 -41.114672 -30.953203 -28.873801 -28.293869 -27.555074 -27.254818 -27.96344 -28.441108 -30.401207 0 0 0 0 0 0 0 0 0 0 0 0 0 0 0 0 0 0 0 -27.33764 -26.772839 -26.610246 -26.5955 -26.689311 -26.592066 -26.459024 -26.662621 -28.94524 -29.205768 -26.788264 -29.783697 
-41.026137 0 -30.953203 -28.873801 -28.293869 -27.555074 -27.254818 -26.795593 -28.360668 -29.185875 -29.637284 -32.611659 0 0 0 0 0 0 -41.083763 -27.054625 -27.642992 0 0 0 0 0 0 -31.160653 -29.053251 0 0 0 -27.705767 -26.819729 -26.592066 -26.459024 -26.662621 -26.410132 -26.453951 -27.499804 -27.049952 -41.063899 
-27.143917 -27.56694 -27.443577 -28.070327 -29.093106 -27.98367 -26.795593 -27.171765 -27.996526 -28.437245 -30.226104 -32.3526 0 0 0 0 0 -41.083763 -27.054625 -27.125526 -26.76119 -27.00018 -28.54392 -40.267061 -28.948059 0 -31.160653 -29.053251 -28.326789 -27.89811 -28.248658 -33.982254 -28.733543 -29.008522 -31.386239 -27.271915 -26.410132 -26.453951 -26.587549 -26.521856 -27.112117 -27.112117 
-30.174561 -27.294361 -28.070327 -27.672428 -28.198899 -30.591447 -27.171765 -27.728741 -28.437245 -28.344498 -28.214708 -28.793026 -29.784757 -28.726285 -38.57772 -33.92068 -31.868514 -30.524017 -27.125526 -26.76119 -26.908716 -26.9335 -27.24518 -27.862532 -26.882172 -27.33532 -29.355943 -28.326789 -27.89811 -28.248658 -33.496615 -28.733543 -29.008522 -28.458643 -27.862532 -26.599556 -30.308863 -26.587549 -26.521856 -27.184379 -27.112117 -32.061877 
-27.185747 -26.80306 -27.079006 -26.84607 -26.716736 -26.879151 -27.24922 -26.904979 -28.344498 -27.560589 -27.194483 -27.180748 -27.943619 -26.919841 -26.786252 -26.868003 -26.910327 -26.899692 -26.969642 -26.908716 -26.9335 -27.207594 -27.135484 -26.882172 -26.687772 -26.73085 -26.599673 -26.761943 -28.518957 -30.382423 -34.606713 -29.465428 -28.458643 -27.862532 -26.599556 -26.502859 -27.42554 -40.959923 -27.364299 -27.184379 -27.07524 -37.46789 
-26.623542 -26.495817 -26.440073 -26.449775 -26.45671 -26.493672 -26.563784 -26.44827 -27.267206 -27.194483 -26.892912 -26.666348 -26.825218 -26.718575 -26.807904 -26.786252 -26.868003 -26.969642 -26.808116 -27.136741 -27.207594 -27.135484 -27.102959 -26.687772 -26.73085 -26.599673 -26.761943 -26.590477 -26.72912 -26.854757 -27.437514 -27.845792 -28.084335 -27.967202 -26.502859 -26.447878 -27.439529 -29.599038 -27.364299 -27.527318 -27.767424 0 
-29.153264 -26.440073 -26.449775 -26.45671 -26.493672 -26.497338 -26.44827 -26.543014 -26.731718 -26.892912 -26.666348 -26.768597 -26.555749 -26.758006 -26.718575 -26.807904 -27.054986 -26.808116 -26.667214 -27.446288 -27.334742 -27.183015 -26.940626 -26.499354 -26.608919 -26.704443 -26.590477 -26.72912 -26.854757 -26.951375 -27.5334 -27.246188 -27.193095 -27.38267 -26.447878 -26.889817 -27.326123 -29.599038 0 -27.767424 -31.705474 0 
-27.431502 -27.112117 -26.769941 -26.59458 -26.497338 -26.470307 -26.440828 -26.558875 -26.61945 -26.748429 -26.767257 -26.821039 -26.770905 -26.555749 -26.758006 -27.358882 -27.563758 -26.667214 -26.554249 -27.421593 -27.115339 -27.074864 -26.499354 -26.503681 -26.500164 -26.536115 -26.678232 -26.835968 -26.951375 -27.49471 -27.246188 -27.193095 -27.38267 -27.224394 -26.466744 -27.196339 -27.326123 -27.822855 -35.225317 -31.705474 0 0 
-26.56721 -27.431502 -27.048166 -26.797654 -26.864835 -26.440828 -26.558875 -26.61945 -26.748429 -26.767257 -26.821039 -26.77381 -27.110113 -26.770905 -27.125115 -28.052395 -27.570134 -26.554249 -27.021744 -28.371572 -27.452425 -27.115339 -26.503681 -26.500164 -26.536115 -26.478563 -26.59504 -26.80939 -26.90818 -26.889817 -27.628229 -27.262532 -27.144767 -26.466744 -26.742834 -27.196339 -27.194946 -27.294361 -27.372199 -27.506405 -26.962673 0 
-26.294559 -26.56721 -26.457117 -26.37119 -26.40986 -26.580463 -26.441018 -26.896289 -26.931242 -26.869473 -26.887254 -26.711768 -26.77381 -27.110113 -27.331281 -27.570134 -27.135065 -26.484281 -27.355295 -27.757342 -27.717177 -27.452425 -26.77381 -26.548916 -26.478563 -26.59504 -26.624473 -26.739269 -26.889817 -27.080141 -26.938334 -26.823674 -26.749522 -26.742834 -26.445418 -26.998883 -26.933783 -26.982633 -26.778306 -26.67853 -26.382196 0 
-26.411502 -26.294559 -26.37119 -26.311476 -26.300068 -26.355921 -26.306243 -26.727055 -26.782856 -26.874658 -27.080899 -26.613405 -26.711768 -26.599907 -26.740869 -26.874658 -26.484281 -26.331415 -26.721098 -27.030977 -27.29545 -27.717177 -27.00018 -26.923703 -26.714409 -26.624473 -26.739269 -26.898119 -26.822355 -26.938334 -26.823674 -26.749522 -26.749522 -26.445418 -26.293716 -26.534441 -26.523897 -26.567001 -26.67853 -26.382196 -26.492882 -27.178508 
-26.708657 -26.411502 -26.311476 -26.300068 -26.355921 -26.306243 -26.246341 -26.439382 -26.520181 -26.73033 -26.515654 -26.475534 -26.448857 -26.498304 -26.599907 -26.576337 -26.331415 -26.333893 -26.835741 -27.038974 -27.030977 -27.29545 -26.923703 -26.836422 -26.601429 -26.668082 -26.828325 -26.80558 -26.747884 -28.082926 -27.028567 -26.749522 -26.598624 -26.293716 -26.277422 -26.523897 -26.567001 -26.812164 -27.309214 -27.113726 -26.517386 -27.337538 
-26.896289 -26.708657 -26.58465 -26.358656 -26.336042 -26.246341 -26.409969 -26.383815 -26.419687 -26.60355 -26.468947 -26.515654 -26.475534 -26.448857 -26.498304 -26.534533 -26.333893 -26.526854 -27.038974 -27.069639 -27.042138 -27.179843 -26.59458 -26.601429 -26.668082 -26.611822 -26.80558 -26.747884 -26.787458 -30.080553 -27.028567 -26.699484 -26.598508 -26.277422 -26.480055 -26.864593 -27.568535 -32.445647 -26.351294 -26.829664 -28.263529 -34.828716 
-27.025485 -26.896289 -27.68616 -26.425778 -26.353349 -26.234525 -26.383815 -26.419687 -26.414939 -26.505665 -26.429698 -26.436147 -26.409424 -26.58288 -26.762131 -26.576337 -26.526854 -26.580245 -26.863139 -26.950787 -27.125526 -26.59458 -26.710782 -26.696322 -26.611822 -26.953731 -28.048301 -26.787458 -27.09824 -30.080553 -40.267061 -29.166228 -26.358865 -26.332955 -26.641242 -27.317614 -26.860247 -26.651825 -26.325119 -26.351294 -27.339967 -28.263529 
-27.123884 -27.025485 -27.463465 -26.657389 -26.234525 -26.25221 -26.424897 -26.414939 -26.461569 -26.487731 -26.307189 -26.303916 -26.436147 -26.409424 -26.576337 -26.576229 -26.580245 -26.786855 -26.912214 -26.863139 -26.950787 -26.89943 -26.868738 -26.848634 -26.761754 -26.85452 0 -26.774588 -27.09824 -27.038974 -27.148608 -27.007376 -26.283212 -26.358865 -26.332955 -27.005732 -26.655292 -26.860247 -26.651825 -26.325119 -28.114379 0 
-26.868738 -26.785451 -27.133395 -27.228299 -26.25221 -26.258171 -26.459572 -26.461569 -26.487731 -26.507498 -26.386706 -26.307189 -26.303916 -26.471675 -26.636209 -26.502449 -26.499273 -26.792319 -26.786855 -26.95521 -27.275074 -26.359746 -26.58277 -26.56721 -26.848634 -26.761754 -26.85452 -26.310284 -26.575153 -26.640708 -26.7787 -26.652792 -26.276277 -26.283212 -26.757446 -27.364299 -26.912755 -26.655292 -27.109713 -27.194483 -26.523096 -28.993902 
-26.803689 -26.868738 -26.785451 -27.326694 -26.258171 -26.289466 -26.492567 -26.596538 -26.700439 -26.6595 -26.781664 -26.386706 -26.661057 -26.761566 -26.502449 -26.499273 -26.534163 -26.894727 -26.95521 -27.275074 -28.261867 -26.321052 -26.359746 -26.607718 -26.56721 -26.718575 -26.284362 -26.468804 -26.310284 -26.575153 -26.543685 -26.423903 -26.303677 -26.276277 -27.391413 -29.607468 -27.478923 -26.912755 -27.924194 -27.440202 -26.716903 -26.523096 
-27.016685 -26.803689 -26.883691 -29.77548 -26.289466 -26.337959 -26.593778 -26.600843 -26.870702 -27.693576 -27.279842 -26.892136 -41.131527 -26.901536 -26.528753 -26.534163 -26.611457 -27.334742 -28.619637 -28.261867 -29.385449 -26.317021 -26.317021 -26.966903 -27.79106 -26.847467 -26.241475 -26.284362 -26.468804 -26.454822 -26.381015 -26.417187 -26.423903 -26.303677 -27.838083 -36.305511 0 -26.85642 -26.965085 -27.220029 -28.328548 -28.375229 
-26.955803 -26.781267 -27.118173 -28.823749 -26.337959 -26.331343 -26.600843 -26.719414 -26.702676 -26.762886 -27.071872 -27.432167 -27.587941 -27.484625 -26.952846 -26.611457 -27.272966 -28.152798 -27.043903 -27.79733 -26.300126 -26.320185 -26.323956 -27.407948 -27.831526 -26.687005 -26.241191 -26.241475 -26.431564 -26.422276 -26.454822 -26.381015 -26.417187 -26.449906 0 0 -26.952551 -26.48835 -26.79334 -26.965085 -27.220029 -41.052845 
-26.649352 -26.569096 -26.781267 -27.017021 -26.331343 -26.529207 -26.719414 -26.702676 -26.762886 -26.93862 -27.043196 -27.216176 -27.452425 -28.261867 0 -26.767066 -27.488211 -27.092398 -26.861209 -27.043903 -26.3592 -26.300126 -26.32726 -26.897595 -26.596885 -26.318365 -26.193195 -26.241191 -26.535928 -26.431564 -26.422276 -26.671578 -26.808328 -27.431502 -26.608919 -26.426781 -26.455225 -26.554948 -26.48835 -26.79334 -28.685875 0 
-26.704927 -26.649352 -26.569096 -26.821916 -26.404744 -26.463653 -26.513847 -26.517908 -26.599323 -27.055709 -28.595359 -29.770858 0 -29.062357 -26.505831 -26.558267 -26.767066 -26.870702 -26.705411 -26.861209 -26.298758 -26.3592 -26.383863 -26.402575 -26.375854 -26.253039 -26.214325 -26.193195 -26.465193 -26.535928 0 -27.436174 -26.504589 -26.487269 -26.468519 -26.576337 -26.426781 -26.455225 -26.554948 0 -29.508848 0 
-26.502859 -26.527576 -26.770134 -26.404744 -26.365638 -26.513847 -26.517908 -26.587437 -26.450696 -26.474582 -26.601899 -28.382578 -27.449691 -27.170429 -26.456642 -26.505831 -26.558267 -27.647385 -26.870702 -26.705411 -26.215932 -26.298758 -26.409587 -26.383863 -26.31663 -26.170588 -26.253039 -26.214325 -27.305884 -27.1982 -27.447647 -26.804738 -26.55595 -26.504589 -26.487269 -26.468519 -26.576337 -26.930961 -28.427641 0 -33.820142 -29.508848 
-26.527124 -26.502859 -26.527576 -26.365638 -26.325875 -26.41338 -26.587437 -26.450696 -26.474582 -26.601899 -26.493672 -26.858568 -27.643869 -27.449691 -26.422682 -26.456642 -27.493261 -26.960571 -26.515654 -26.683954 -26.235152 -26.215932 -26.382576 -26.409587 -26.483597 -26.282692 -26.170588 -26.43363 -26.343537 -26.420375 -26.526764 -26.638715 -26.968118 -27.220513 -26.934633 -26.910327 -27.092786 -27.24518 -26.557459 -28.800644 0 0 
-26.856897 -26.527124 -26.753187 -26.325875 -26.41338 -26.631384 -26.868493 -26.680028 -26.316956 -26.28251 -26.419231 -27.089693 -26.858568 -27.643869 -26.357657 -26.422682 -27.186661 -26.507498 -26.452816 -26.515654 -26.253852 -26.235152 -26.621198 -27.582232 -26.667214 -26.292962 -26.20597 -26.197366 -26.223499 -26.253768 -26.262036 -26.29152 -26.387095 -26.726369 -26.759875 -27.077496 -27.088154 -26.55157 -26.561626 -28.051028 -28.800644 0 
-26.996299 -26.856897 -28.384422 -26.484738 -26.631384 -26.868493 -26.908448 -26.89162 -26.248027 -26.316956 -26.28251 -26.693032 -27.089693 -27.130068 -26.466673 -26.357657 -26.789679 -26.512394 -26.482536 -26.254839 -26.244328 -26.253852 -26.840759 -28.340934 -26.521944 -26.334619 -26.270432 -26.20597 -26.197366 -26.225149 -26.29152 -26.387095 -26.365291 -26.530027 -26.660915 -26.759875 -26.499597 -26.279207 -26.55157 -32.954994 -28.704741 0 
-29.936303 -26.996299 -28.275232 0 -27.025485 0 -29.855818 -26.908448 -26.89162 -26.248027 -26.522653 -26.575368 -26.768022 -27.146898 -27.130068 -26.466673 0 -26.789679 -26.512394 -26.482536 -26.254839 -26.244328 -26.708494 -33.702815 0 -27.763377 -26.399184 -26.410734 -26.551866 -26.771871 -26.665772 -26.586542 -26.554223 -26.623208 -26.634767 -26.791708 -30.014118 -26.271242 -28.49448 0 0 -28.704741 
