var/www/cgi-bin/BAERTOOLS/ravel/working/ravel-22671.prodgrd.txt
NCOLS 83
NROWS 85
XLLCORNER 361207.98
YLLCORNER 3876671.5
CELLSIZE 10
NODATA_VALUE -9999
[rows 26 to 51 of 85, columns 0 to 57 of 83]
-27.624107 -26.492407 -26.275489 -26.275489 -26.72559 -26.815518 -26.873939 -26.947302 -26.320748 -26.247567 -26.435242 -26.384324 -26.371605 -26.272331 -26.200966 -26.41054 -26.554328 -26.41745 -26.33911 -26.173218 -26.16841 -26.689039 -26.944527 -27.143627 -26.590128 -26.539746 -36.62105 -27.178255 -26.782711 -26.706953 -26.512302 -26.386364 -27.546385 -27.371588 -27.592204 -26.81083 -26.754453 -28.25808 -28.906571 -28.04712 -27.360017 -26.751689 -26.863242 -26.771474 -26.636926 -26.773589 -27.293751 -27.63725 -28.235711 -27.376608 -26.800762 -26.431085 -26.536793 -26.721415 -27.84316 -27.297469 -27.482396 -26.358615
-26.734086 -26.734086 -26.275489 -26.313399 -26.815518 -26.873939 -26.84768 -26.712308 -26.247567 -26.226135 -26.571306 -26.42604 -26.356126 -26.200966 -26.246998 -26.557339 -26.69498 -26.809377 -26.445552 -26.16841 -26.181375 -26.639271 -26.87124 -27.180721 -26.539746 -26.696266 -39.500267 -27.419018 -26.876995 -26.730522 -26.45343 -26.627017 -27.527546 -27.550635 -27.911859 -26.754453 -26.709397 -28.822954 -35.7074 0 0 -39.525534 -39.008527 -31.354588 -27.743491 -27.293751 -28.744014 -29.518245 -27.550635 -26.884557 -26.70784 -26.562339 -26.431085 -26.536793 -28.07918 -27.858336 -28.764179 -26.349724
-27.634822 -26.522986 -26.313399 -26.286324 -26.64328 -26.84768 -26.863903 -26.751689 -26.226135 -26.248111 -26.451796 -26.51605 -26.472214 -26.246998 -26.261781 -26.942555 -27.114267 -27.165478 -26.566147 -26.181375 -26.191811 -26.565013 -26.664687 -27.231622 -26.696266 -26.733608 0 -27.011404 -26.694552 -26.345336 -26.513701 -26.45343 -27.550635 -27.235668 -27.266881 -26.709397 -26.63567 -27.357563 -27.770851 -27.900589 -30.21467 -29.427416 -27.519319 -31.607353 -29.854748 -27.684919 -27.929842 -28.537326 -27.755698 -27.365778 -26.884557 -26.70784 -26.562339 -30.152632 -27.514222 -28.110285 -29.496443 -26.350702
-27.703525 -26.502269 -26.286324 -26.350648 -26.67201 -26.662736 -26.642364 -26.696481 -26.248111 -26.299429 -26.499933 -26.486568 -26.619275 -26.261781 -26.271186 -26.72887 -27.522394 -27.1583 -26.678067 -26.191811 -26.294583 -26.437944 -26.430345 -26.568572 -26.733608 -26.54417 -27.078074 -26.652957 -26.69907 -26.314403 -26.345336 -26.513701 -27.235668 -26.887339 -26.904407 -26.63567 -26.580117 -27.222284 -27.384206 -27.040787 -26.919139 -26.854742 -26.824757 -27.519319 -27.435261 -27.01413 -27.153564 -29.874601 -28.537326 -27.755698 -27.365778 -27.296724 -26.81083 -27.514222 -26.818773 -27.357563 -28.592707 -26.361545
-27.239953 -26.562619 -26.350648 -26.380823 -26.535519 -26.591831 -26.576119 -26.539875 -26.299429 -26.499933 -26.486568 -26.54078 -26.637826 -26.271186 -26.297103 -26.568858 -26.955726 -27.149451 -26.409944 -26.270958 -26.437944 -26.414232 -26.420249 -26.461213 -26.54417 -26.604998 -27.296724 -26.80247 -26.652957 -26.320657 -26.314403 -26.77866 -26.887339 -26.904407 -26.984062 -26.580117 -26.558581 -26.976399 -27.040787 -26.919139 -27.009142 -27.062343 -26.854742 -26.824757 -26.994031 -26.728165 -26.793721 -27.137288 -26.77412 -26.535774 -26.47761 -26.787902 -27.296724 -26.818773 -26.875974 -27.024256 -27.521367 -26.405233
-26.750585 -26.467809 -26.380823 -26.34334 -26.469952 -26.576119 -26.539875 -26.522502 -26.270763 -26.561499 -26.54078 -26.637826 -26.741807 -26.297103 -26.300946 -26.603381 -26.624587 -26.745482 -26.270958 -26.323832 -26.414232 -26.420249 -26.448742 -26.45971 -26.576413 -26.648455 -27.161878 -26.674622 -26.613217 -26.29466 -26.320657 -28.173279 -27.459391 -27.104452 -27.078074 -26.558581 -26.750439 -27.201463 -27.624288 -28.148453 -27.400526 -27.013675 -27.072949 -26.945714 -26.728165 -26.736722 -26.732894 -26.782439 -26.660022 -26.732656 -26.535774 -26.47761 -26.813168 -26.875974 -26.99887 -27.041748 -26.698421 -26.417296
-26.514704 -26.391457 -26.34334 -26.217736 -26.322352 -26.383345 -26.48396 -26.270763 -26.263955 -26.541429 -26.831135 -26.741807 -26.74205 -26.300946 -26.29393 -26.624587 -26.649574 -26.648455 -26.323832 -26.279931 -26.546013 -26.448742 -26.45971 -26.47005 -26.648455 -26.712083 -26.835442 -26.695408 -26.66157 -26.278997 -26.29466 -26.877336 -27.386758 -26.833899 -27.225603 -26.750439 -27.201463 -27.624288 -28.260341 -28.707801 -26.850555 -26.783798 -27.013675 -27.072949 -26.736722 -26.732894 -27.044158 -26.963889 -26.782439 -26.660022 -26.732656 -26.813168 -26.595108 -26.99887 -27.041748 -26.941768 -26.417296 -26.482511
-26.822694 -26.361661 -26.217736 -26.219451 -26.253718 -26.354336 -26.502381 -26.263955 -26.312056 -26.822053 -26.831135 -26.74205 -26.708284 -26.29393 -26.273188 -26.649574 -26.648455 -26.545485 -26.279931 -26.263616 -26.639452 -26.539487 -26.47005 -26.663125 -26.712083 -27.887871 -27.141314 -26.756476 -26.668824 -26.251681 -26.278997 -26.822652 -26.833899 -26.538073 -26.639452 -26.678679 -28.833587 -29.637315 -30.16797 -29.491035 -26.973451 -26.850555 -26.783798 -27.052926 -27.007791 -27.044158 -28.142335 -27.724837 -26.963889 -26.849914 -27.573335 -26.595108 -26.440853 -27.388464 -26.941768 -27.312561 -26.482511 -27.216356
-28.449214 -26.570873 -26.219451 -26.253718 -26.354336 -26.559828 -26.896503 -26.312056 -26.237161 -26.65258 -26.826872 -26.708284 -26.600971 -26.273188 -26.265789 -26.798495 -26.663125 -26.654852 -26.263616 -26.406693 -26.676441 -26.907315 -26.717288 -26.865892 -27.594453 -28.520325 -26.889437 -26.763643 -26.729341 -26.254461 -26.251681 -26.611224 -26.538073 -26.568142 -26.54247 -26.497947 -28.801927 -30.933241 0 0 -28.169102 -26.973451 -27.648009 -27.951535 -27.572239 -27.642014 -27.315621 -29.056131 -27.883145 -28.675698 -29.136835 -26.440853 -26.42969 -29.585312 -27.312561 -27.181339 -27.181339 -26.647339
0 -27.011404 -26.406987 -26.416295 -26.734086 -26.63052 -26.732181 -26.237161 -26.230406 -26.579075 -26.575091 -27.063344 -26.523107 -26.265789 -26.43583 -27.793365 -26.995346 -27.361658 -26.406693 -26.687989 -27.744839 -27.677405 -27.923263 -27.190059 -26.614888 -27.667491 -27.150037 -26.889437 -26.763643 -26.238616 -26.254461 -26.673414 -26.568142 -26.54247 -26.497947 -26.439394 -29.17657 -39.479669 0 0 -29.149969 -28.169102 -30.554908 -30.27859 -27.642014 -27.350253 -27.975448 -27.315621 -28.936828 -32.912597 0 -26.42969 -26.475096 0 0 -27.181339 -26.647339 -27.191316
0 -27.020089 -26.416295 -26.611556 -26.63052 -26.732181 -27.088998 -26.230406 -26.327307 -26.575091 -27.063344 -28.465266 -26.254691 -26.36791 -26.474298 -27.114267 -26.856039 -26.95411 -26.415605 -26.438199 -27.819387 -37.036548 -37.544632 -26.614888 -28.975547 -39.466118 -27.667491 -27.150037 -26.813754 -26.210526 -26.238616 -26.517945 -26.644566 -26.575972 -26.439394 -26.385836 -27.455626 -28.78121 -31.621319 -33.153609 -26.656566 -26.667834 -27.046579 -27.606941 -27.169706 -26.929741 -27.092688 -28.211612 -32.912597 0 -26.537048 -26.505305 -26.535774 0 -38.166993 -33.535775 -27.191316 -30.976754
-28.659931 -26.309658 -26.498277 -26.607604 -26.592919 -26.578927 -26.703208 -26.228748 -26.295392 -27.554908 -26.559134 -26.379542 -26.209277 -26.254691 -26.758 -26.684234 -26.690726 -26.856039 -26.673816 -26.415605 -39.448425 0 0 -28.975547 0 0 -27.750251 -27.065352 -26.544959 -26.199139 -26.210526 -26.763643 -27.195101 -26.659829 -26.385836 -26.408386 -27.153564 -27.735447 -27.791941 -26.571017 -26.432075 -26.656566 -26.667834 -27.046579 -26.929741 -27.092688 -26.773324 0 0 0 -26.582062 -26.537048 -26.574506 -38.166993 0 -34.312953 -39.23742 -31.565868
-26.964713 -26.265009 -26.309658 -26.547072 -26.566289 -26.592919 -26.578927 -26.257863 -26.228748 -26.648268 -26.365113 -26.419156 -26.240369 -26.209277 -26.67766 -26.630344 -26.684234 -26.690726 -27.441679 -26.673816 0 0 0 0 0 -29.039667 -27.535862 -26.717972 -26.200715 -26.212288 -26.199139 -26.696266 -27.163675 -26.810539 -26.408386 -26.442669 -26.785161 -26.913559 -26.962246 -26.50082 -26.571017 -26.432075 -26.702551 -27.565695 -26.994907 -26.773324 -26.667439 0 0 0 -26.582062 -26.631579 0 0 -34.312953 0 0 0
-27.58438 -26.282242 -26.265009 -26.482614 -26.547072 -26.566289 -26.626494 -26.278721 -26.257863 -26.509296 -26.461874 -26.365113 -26.26886 -26.240369 -26.651449 -26.715923 -26.630344 -27.107704 0 -27.734114 0 0 0 0 0 0 -27.315621 -26.545485 -26.22314 -26.200715 -26.212288 -27.083248 -29.110893 -27.017789 -26.442669 -26.549737 -26.913559 -26.978092 -27.091631 -26.724425 -26.50082 -26.600811 -26.773854 -26.994907 -29.828592 -26.55583 -26.521174 -39.524946 -39.460222 0 -26.724425 -26.864565 0 0 0 0 0 -39.160232
-28.026897 -26.287601 -26.282242 -26.614051 -26.482614 -26.635312 -26.318935 -26.265664 -26.278721 -26.523836 -26.509296 -26.461874 -26.263216 -26.26886 -26.691572 -26.990106 -27.181957 0 -31.649461 0 0 0 0 0 0 -39.540202 -26.738167 -26.524322 -26.265914 -26.22314 -26.837923 -28.704556 0 -27.163675 -26.549737 -26.717288 -27.085332 -27.170312 -27.259809 -27.021474 -26.724425 -27.199547 -39.455504 -32.313179 0 -26.387558 -26.521174 -38.787416 -39.524946 -39.460222 -27.353492 -34.192256 0 0 0 0 -39.160232 -37.427723
-28.451875 -26.291765 -26.287601 -26.676847 -26.614051 -26.909143 -26.314842 -26.318935 -26.265664 -26.608916 -26.523836 -26.647524 -26.260662 -26.263216 -26.924031 -27.445372 -38.504034 0 0 0 -30.518432 -27.355117 -27.247277 -28.764179 0 -27.672433 -26.714563 -26.738167 -26.33414 -26.265914 -27.292269 -28.698089 -28.704556 -27.404885 -26.717288 -26.942161 -29.841625 -33.199247 -34.017641 -28.283207 -27.021474 -27.636063 -31.565868 0 -28.560353 -26.33563 -26.387558 -27.500132 0 0 0 0 0 0 0 0 -37.427723 0
-28.142335 -26.259613 -26.291765 -26.686315 -26.736241 -26.882137 -26.272397 -26.314842 -26.552293 -26.570729 -26.618087 -26.818476 -26.270568 -26.260662 -27.11924 -27.466027 0 0 0 -30.518432 -27.355117 -27.247277 -27.264042 -27.206601 -28.798453 -30.175681 -27.672433 -26.714563 -26.380245 -26.33414 -27.319467 -27.71958 -28.698089 -29.072774 -26.942161 -26.611224 -27.335077 -28.666216 -31.538551 -39.480847 -28.283207 -31.565868 -31.565868 -28.175374 -26.326928 -26.385638 -26.33563 -34.97403 0 0 -34.2221 0 0 0 0 0 -26.985782 0
-26.866224 -26.232879 -26.259613 -26.615055 -26.859626 -27.165478 -26.236169 -26.272397 -26.463486 -26.633885 -26.807061 -27.017789 -26.30256 -26.270568 -27.17092 -27.652837 0 -27.274032 -29.591017 0 -29.432629 -27.264042 -27.206601 -28.798453 -31.032236 0 -30.175681 -27.819387 -26.350213 -26.380245 -27.150037 -27.319467 -27.84316 -29.302053 -26.611224 -27.335077 -27.500132 -28.269432 -29.921729 -34.799096 0 -31.565868 -27.554908 -27.235668 -26.389902 -26.326928 -26.385638 0 0 -34.2221 -39.457864 -30.033879 -39.494385 -34.868245 -39.502032 -26.985782 -26.714789 0
-26.320976 -26.212889 -26.232879 -26.765456 -27.066358 -27.124258 -26.221323 -26.236169 -26.605973 -26.837612 -27.1583 -27.644407 -26.346396 -26.30256 -27.4426 0 -27.95661 -26.539101 -27.274032 -29.591017 -29.854748 -28.181682 -28.777787 -31.032236 0 0 -35.79163 -30.352857 -26.293091 -26.350213 -26.804186 -27.224273 -27.742145 -27.138435 -27.661354 -27.500132 -28.269432 -28.484261 -29.921729 -39.446064 -27.466027 -28.531633 -27.127628 -27.554908 -26.473999 -26.389902 0 0 0 -39.457864 -30.033879 -30.746493 -29.119493 -28.269432 -27.780631 -26.714789 -26.424437 0
-26.347036 -26.252215 -26.212889 -26.67161 -26.709397 -26.746468 -26.220093 -26.221323 -26.805908 -26.999755 -27.965128 -26.340183 -26.414156 -26.346396 0 -27.810629 -27.057366 -26.730049 -26.539101 -28.82649 -28.181682 -28.777787 -35.230958 -27.394469 0 0 0 -35.79163 -26.25261 -26.293091 -26.78653 -27.35838 -26.787078 -26.540262 -27.138435 -28.376989 -28.484261 -28.484261 -28.607685 -27.466027 -26.617411 -27.72352 -27.559205 -27.127628 -26.533368 -26.596366 0 0 -39.491443 -27.396194 -26.626668 -26.617749 -26.569864 -26.459991 -26.626494 -26.424437 -26.317947 0
-26.291012 -26.291125 -26.252215 -26.558857 -26.519615 -26.599057 -26.242357 -26.220093 -26.93436 -27.119795 -28.449214 -26.409646 -26.340183 -26.521174 0 -30.04835 -27.470804 -26.770947 -26.730049 0 0 -29.660915 -27.394469 -27.61499 0 0 0 -30.145006 -26.237711 -26.25261 -26.928976 -26.978516 -27.35838 -26.787078 -26.540262 -39.506147 -28.484261 -28.607685 -27.866019 -26.593855 -26.333596 -27.87221 -27.72352 -27.559205 -26.696266 -26.642181 0 0 -28.207286 -26.926687 -27.254906 -26.577889 -26.459991 -26.626494 -26.717744 -26.317947 -26.35103 0
-26.330083 -26.291012 -26.291125 -26.556241 -26.564872 -26.519615 -26.282489 -26.242357 -26.986212 -27.435261 -29.60824 -26.46511 -26.621149 -29.568307 -39.510262 -27.911859 -27.199547 -26.759531 -26.770947 0 -29.660915 -27.383358 -26.987075 -26.696696 0 0 0 -26.820559 -26.235233 -26.237711 -27.09534 -27.374093 -26.978516 -26.564448 -39.506147 -39.444293 -30.796934 -27.866019 -26.432489 -26.317902 -26.321296 -31.962908 -27.87221 -33.108547 -26.642181 -26.632286 -28.202977 -27.39879 -27.217668 -26.948496 -26.926687 -27.560283 -27.949849 -26.717744 -27.039828 -26.35103 -26.503726 0
-26.389565 -26.330083 -26.629114 -26.630168 -26.562059 -26.564872 -26.423561 -26.282489 -27.136143 -30.107289 0 -26.688828 -26.821156 -28.572024 -32.532452 -28.340022 -27.600105 -26.835751 -26.759531 -30.500412 -27.383358 -26.836371 -26.696696 -26.429281 0 0 -27.511181 -26.236589 -26.414232 -26.235233 -27.304217 -26.735042 -26.701024 -26.38063 -26.564448 0 -39.160232 -28.948338 -26.251961 -26.208292 -26.317902 -27.295236 -29.085376 -28.503551 -26.632286 -27.611531 -28.16494 -28.094617 -27.39879 -27.217668 -26.948496 -36.098307 -27.819387 -27.376608 -26.967609 -26.503726 -26.666061 0
-26.481276 -26.389565 -26.905132 -26.910978 -27.100145 -27.16608 -27.082209 -26.423561 -31.066124 0 -30.145006 -26.821156 -26.540004 -26.732656 -26.836061 -27.361658 -26.726524 -26.74499 -26.835751 -27.402267 -26.836371 -26.641816 -26.429281 -26.374504 -31.17058 -30.848459 -27.072949 -26.431415 -26.236589 -26.414232 -26.692634 -26.641816 -26.622177 -26.338754 -26.38063 -39.489089 -28.948338 -30.858897 -26.208292 -26.217778 -26.944132 -27.085854 -27.831196 -27.642014 -27.604656 -30.152632 -31.607353 -28.16494 -28.094617 -28.682058 -39.008527 -27.819387 -29.292419 -26.967609 -26.86789 -26.666061 -27.067367 0
-26.61139 -26.481276 -27.705288 -32.278057 0 -39.465529 0 -28.313635 -28.229087 -27.103372 -27.020089 -26.540004 -26.608587 -26.789004 -26.754453 -27.086377 -27.071421 -26.726524 -26.74499 -28.25808 -26.641816 -26.539616 -26.374504 -26.293281 -34.43726 0 -30.848459 -26.441284 -26.431415 -26.723264 -26.645672 -26.643646 -26.605485 -26.260632 -26.338754 -39.453145 -28.175374 -29.828592 -26.217778 -26.233457 -26.785435 -26.942161 -27.321011 -27.604656 -30.152632 0 -39.449015 -29.282841 -28.294815 -28.264878 -30.447205 -26.91282 -28.438629 -27.529616 -27.08481 -27.067367 -27.340628 -27.044158
-26.77042 -26.61139 0 0 0 0 -30.610739 -28.229087 -27.103372 -27.020089 -26.908411 -26.608587 -26.746468 -26.754453 -27.086377 -27.834173 -27.062343 -27.071421 -28.311265 -39.394543 -27.462228 -26.531484 -26.293281 -26.260602 -26.87124 0 -28.959938 -26.243061 -26.441284 -26.703208 -26.674218 -26.645672 -26.475597 -26.238213 -26.260632 -28.175374 -27.026585 -27.139585 -26.233457 -26.254289 -26.769895 -27.063845 -26.986212 -27.221623 -30.998799 0 -28.415143 -27.572239 -29.282841 -28.294815 -26.91282 -26.993156 -28.306541 -31.809421 -28.936828 -27.340628 -26.768061 -26.631932
