var/www/cgi-bin/BAERTOOLS/ravel/working/ravel-13157.DEM
NCOLS 92
NROWS 90
XLLCORNER 452038.49
YLLCORNER 3773695.4
CELLSIZE 10
NODATA_VALUE -9999
[rows 0 to 27 of 90, columns 0 to 62 of 92]
374.568 374.7017 374.8223 374.9057 375.0264 375.2181 375.3022 375.3644 375.3811 375.3774 375.3767 375.2917 375.252 375.2201 375.1371 374.9959 374.9137 374.873 374.8672 374.9081 374.999 375.0863 375.1713 375.289 375.3449 375.3863 375.4179 375.4096 375.4067 375.4053 375.4042 375.403 375.4018 375.4003 375.4037 375.4087 375.37 375.3435 375.3391 375.2422 374.7728 374.33 373.7679 373.1636 372.6662 372.4311 372.1796 372.0671 372.0486 372.0259 371.9208 371.8451 371.7744 371.6844 371.595 371.5201 371.5073 371.5081 371.3945 371.3766 371.3876 371.3831 371.3056
374.4518 374.5316 374.6047 374.7096 374.8385 374.9368 375.0312 375.1006 375.1489 375.1711 375.1256 375.0365 374.9567 374.9146 374.9203 374.8698 374.7715 374.6623 374.6627 374.7018 374.8009 374.8716 374.8896 374.9694 375.075 375.1137 375.111 375.1557 375.1483 375.1481 375.1474 375.1468 375.1456 375.1479 375.0999 375.0876 375.081 375.0179 374.9107 374.7572 374.0456 373.6395 373.1561 372.6777 372.3787 372.2225 372.0286 371.9095 371.7978 371.7603 371.7239 371.6515 371.5497 371.4406 371.3422 371.3365 371.33 371.2557 371.2771 371.3199 371.2873 371.1967 371.1181
374.2043 374.2938 374.4135 374.4919 374.5674 374.7501 374.807 374.8408 374.8895 374.9166 374.8708 374.8006 374.6974 374.631 374.5907 374.5654 374.5674 374.4231 374.4063 374.4558 374.5345 374.5601 374.6425 374.692 374.7132 374.78 374.8662 374.9023 374.9599 374.9513 374.9478 374.947 374.9513 374.9478 374.8555 374.8087 374.769 374.674 374.4785 374.2325 373.4977 373.1576 372.7716 372.4423 372.2746 372.0967 371.8 371.6924 371.5861 371.547 371.511 371.3142 371.3534 371.1853 371.0745 371.122 371.0574 371.092 371.1318 371.0859 371.024 371.005 370.9904
373.9771 374.0599 374.1478 374.2475 374.3738 374.5071 374.5432 374.5888 374.6158 374.6149 374.6148 374.5334 374.4975 374.4283 374.321 374.2458 374.2526 374.1411 374.0631 374.087 374.1477 374.1542 374.3334 374.3808 374.4176 374.5108 374.6189 374.6549 374.683 374.7232 374.7473 374.7497 374.7368 374.6775 374.6006 374.524 374.4018 374.2467 374.0529 373.7857 373.2169 372.8379 372.4909 372.2356 372.0353 371.9337 371.5891 371.4279 371.3206 371.2707 371.1535 370.898 370.8467 370.8369 370.803 370.7689 370.8441 370.8546 370.823 370.8654 370.8949 370.8887 370.8992
373.7532 373.8658 373.9161 373.975 374.1065 374.2494 374.2877 374.3369 374.3447 374.3015 374.2918 374.1488 374.1471 374.1319 374.0927 374.0373 373.9009 373.7687 373.6646 373.6639 373.7358 373.7431 373.9016 374.0414 374.1177 374.1505 374.2538 374.3917 374.4344 374.5092 374.5554 374.5171 374.4637 374.4298 374.2963 374.2162 374.0806 373.903 373.6999 373.4431 373.0161 372.6758 372.3119 372.0456 371.8647 371.6602 371.3169 371.1443 370.9344 370.7613 370.6798 370.5657 370.4763 370.4396 370.5287 370.5841 370.5396 370.6775 370.6858 370.6884 370.7456 370.7766 370.704
373.5627 373.6741 373.7762 373.821 373.9029 373.9821 374.0256 374.0776 374.0869 374.0502 374.0429 373.8639 373.7874 373.8052 373.8492 373.762 373.5487 373.4379 373.3152 373.2899 373.3125 373.3334 373.5597 373.6655 373.7357 373.819 373.9521 374.0778 374.2354 374.2416 374.3055 374.3 374.2238 374.2256 373.9907 373.8877 373.7541 373.6041 373.4804 373.2812 372.8003 372.4854 372.1798 371.9007 371.6071 371.3455 370.98 370.8404 370.6505 370.4323 370.2388 370.1662 370.1122 370.1146 370.1967 370.3435 370.3948 370.5697 370.5898 370.5817 370.5896 370.5948 370.585
373.4543 373.5612 373.6437 373.725 373.756 373.7842 373.8306 373.8422 373.8398 373.852 373.8434 373.7171 373.6436 373.5806 373.5742 373.513 373.2863 373.1412 373.0047 372.9669 372.9628 372.9867 373.2507 373.3672 373.4592 373.6177 373.8297 373.9125 374.092 374.1013 374.1143 374.1287 374.0964 374.0236 373.8283 373.7414 373.5988 373.4573 373.3708 373.19 372.6825 372.3247 371.9586 371.6371 371.3144 371.0524 370.6709 370.5267 370.3851 370.2374 369.9662 369.7424 369.8437 369.9464 370.0618 370.22 370.3018 370.4805 370.4969 370.4875 370.4872 370.4903 370.4774
373.2879 373.396 373.4829 373.5465 373.5453 373.631 373.6823 373.7153 373.6875 373.636 373.6338 373.5581 373.5251 373.4641 373.3796 373.3257 373.0598 372.8849 372.7681 372.6929 372.663 372.7383 372.9797 373.2036 373.3962 373.5307 373.6461 373.7298 373.9108 373.9279 373.9262 373.8986 373.8397 373.8152 373.6381 373.5539 373.4657 373.3445 373.1785 373.0072 372.547 372.1039 371.6436 371.2305 370.8347 370.5836 370.2993 370.2281 370.1961 370.0362 369.763 369.5792 369.6412 369.793 369.9287 370.0131 370.1054 370.2012 370.2663 370.2988 370.2875 370.2918 370.2761
373.1636 373.2418 373.3362 373.4039 373.4066 373.5045 373.5185 373.5455 373.5339 373.5064 373.5013 373.4068 373.3595 373.328 373.2653 373.1167 372.9296 372.7653 372.5919 372.5011 372.4949 372.5327 372.847 373.039 373.2236 373.3896 373.5261 373.5978 373.6871 373.7775 373.7627 373.7046 373.678 373.6125 373.5182 373.4309 373.3055 373.1726 373.0602 372.8934 372.2776 371.6794 371.1235 370.6599 370.3323 370.1504 369.9597 369.8638 369.8251 369.7862 369.6698 369.5607 369.6215 369.7131 369.8531 369.9737 369.99 370.0786 370.0746 370.1343 370.1838 370.1795 370.1678
373.0694 373.1522 373.2197 373.2458 373.2977 373.3881 373.4154 373.372 373.3237 373.3314 373.309 373.3086 373.2545 373.173 373.0928 372.9858 372.7577 372.6453 372.4907 372.3471 372.3223 372.4046 372.7487 372.9229 373.1019 373.2433 373.3342 373.4149 373.5724 373.6164 373.6131 373.5656 373.5045 373.4861 373.3972 373.3466 373.2042 373.0213 372.8952 372.7845 371.7392 371.0319 370.4503 370.0611 369.8227 369.7202 369.6005 369.5971 369.601 369.5681 369.4835 369.5472 369.6343 369.7187 369.8143 369.8755 369.8864 369.9771 369.9718 369.9681 370.0188 370.0585 369.9779
372.941 373.0259 373.0448 373.1128 373.2004 373.22 373.2303 373.2161 373.204 373.1904 373.1193 373.1345 373.0733 373.0104 372.9833 372.8835 372.6214 372.4783 372.3468 372.2408 372.1977 372.3022 372.6553 372.7674 372.9055 373.0834 373.2166 373.3016 373.4128 373.4064 373.4016 373.4035 373.3748 373.3041 373.2267 373.1389 373.0558 372.9323 372.7701 372.5205 370.9534 370.2523 369.7802 369.5693 369.4922 369.4846 369.487 369.4282 369.378 369.3811 369.3714 369.4517 369.5404 369.6245 369.718 369.775 369.7833 369.8782 369.8705 369.8683 369.8699 369.8711 369.8672
372.7717 372.8568 372.9263 373.0094 373.0237 373.0772 373.1109 373.0681 373.0167 373.0157 373.0005 372.9418 372.9044 372.8745 372.8008 372.7119 372.4485 372.3251 372.2365 372.1411 372.0961 372.2018 372.481 372.6232 372.7444 372.8688 373.0238 373.1088 373.1981 373.2532 373.3016 373.2602 373.195 373.1802 373.089 373.0399 372.8963 372.7989 372.6229 371.8926 370.0895 369.5966 369.4744 369.4459 369.3758 369.3684 369.2763 369.2762 369.2716 369.2718 369.2686 369.3476 369.4362 369.53 369.5733 369.5948 369.67 369.6657 369.7337 369.7747 369.767 369.7658 369.764
372.663 372.748 372.8088 372.8318 372.894 372.9171 372.9283 372.9134 372.9001 372.8863 372.8164 372.8088 372.7602 372.6806 372.5919 372.5064 372.3186 372.2282 372.1452 372.0441 371.9968 372.0878 372.3468 372.4572 372.5828 372.7607 372.9087 372.989 373.0857 373.0867 373.0929 373.0944 373.0686 372.9945 372.9182 372.8257 372.7857 372.5813 371.9385 370.9756 369.5069 369.4083 369.3714 369.3459 369.2747 369.1891 369.1641 369.1719 369.1734 369.1714 369.1655 369.2442 369.339 369.3672 369.4033 369.4653 369.4774 369.5686 369.5641 369.5635 369.5563 369.5813 369.6582
372.483 372.5675 372.6472 372.7022 372.7217 372.7124 372.7127 372.7177 372.718 372.7173 372.6297 372.6206 372.5718 372.4725 372.3872 372.3008 372.1293 372.0439 371.9477 371.8797 371.8993 371.993 372.1705 372.3168 372.4359 372.5511 372.7328 372.88 372.9598 372.989 372.9879 372.9552 372.8901 372.8739 372.7929 372.7925 372.4842 371.8272 370.9966 370.0583 369.3756 369.3044 369.2667 369.2484 369.1551 369.0645 369.0733 369.0137 368.9534 368.989 369.0619 369.1401 369.2361 369.2628 369.2977 369.366 369.3622 369.3592 369.3521 369.4064 369.4637 369.4527 369.4615
372.2735 372.3574 372.4505 372.5259 372.5113 372.5797 372.5596 372.5048 372.5138 372.5007 372.411 372.3506 372.3191 372.2789 372.1839 372.1023 371.9231 371.8264 371.7825 371.7856 371.7848 371.8036 371.961 372.1087 372.282 372.4528 372.6097 372.6955 372.7843 372.7848 372.7951 372.7621 372.6964 372.6993 372.4231 372.0785 371.5721 370.8806 370.1171 369.5986 369.3949 369.3089 369.2248 369.1351 369.0649 368.9825 368.9584 368.9628 368.9611 368.9617 368.959 369.0398 369.0587 369.1086 369.1643 369.1573 369.1537 369.2321 369.2596 369.2515 369.2435 369.2633 369.3512
372.0662 372.1613 372.2234 372.2397 372.3112 372.3205 372.3161 372.3043 372.3093 372.2924 372.2018 372.1405 372.049 372.0161 371.9638 371.8145 371.7195 371.6918 371.6435 371.5874 371.5881 371.5948 371.833 371.9477 372.085 372.2263 372.3283 372.5006 372.7068 372.6424 372.5606 372.4473 372.2745 372.1143 371.6521 371.1856 370.6619 370.0796 369.5533 369.4563 369.2954 369.2096 369.1172 369.0619 369.0513 368.876 368.8549 368.86 368.8593 368.8589 368.8557 368.9345 368.9617 368.9479 368.9871 369.0554 369.0522 369.0464 369.0445 369.0437 369.043 369.0411 369.0375
371.8821 371.919 371.9378 372.0167 372.1068 372.1012 372.1006 372.0996 372.1055 372.0935 372.0016 371.9389 371.8458 371.7685 371.6859 371.5892 371.4961 371.4374 371.3912 371.392 371.3861 371.3881 371.6451 371.6906 371.7765 371.9302 372.0083 372.1004 372.1384 372.0411 371.9618 371.8502 371.6543 371.3972 370.8162 370.4093 369.9492 369.593 369.4463 369.2785 369.1924 369.1068 369.0143 368.9587 368.9486 368.7729 368.7515 368.7569 368.7548 368.752 368.752 368.7473 368.8166 368.8604 368.8509 368.8477 368.8473 368.8407 368.8378 368.8373 368.8362 368.8394 368.8266
371.5718 371.6484 371.7234 371.812 371.9009 371.896 371.8951 371.8997 371.8737 371.8045 371.719 371.7037 371.6031 371.4543 371.3695 371.2955 371.2209 371.125 371.0848 371.087 371.1057 371.187 371.2867 371.3393 371.4306 371.5165 371.609 371.677 371.5904 371.4796 371.2931 371.1245 370.9339 370.6754 370.0876 369.7171 369.4973 369.432 369.3463 369.174 369.0877 369.0016 368.91 368.8555 368.8457 368.6701 368.6484 368.658 368.6126 368.5398 368.5569 368.6512 368.7098 368.7493 368.7418 368.7411 368.7426 368.6649 368.636 368.6363 368.6292 368.6321 368.622
371.3488 371.4337 371.5179 371.6064 371.6965 371.6897 371.6891 371.6944 371.665 371.5902 371.515 371.4286 371.3437 371.2554 371.1676 371.0782 370.9123 370.8168 370.784 370.7416 370.7152 370.8696 370.9488 370.9731 371.0174 371.0785 371.0762 371.0662 370.8981 370.7463 370.6209 370.4819 370.2126 369.951 369.4986 369.3905 369.3127 369.2258 369.1392 368.9663 368.8827 368.791 368.7445 368.756 368.7386 368.5668 368.5477 368.4934 368.4402 368.4451 368.4572 368.5502 368.5439 368.5404 368.5412 368.538 368.5288 368.5322 368.5399 368.4886 368.4308 368.4357 368.4369
371.1489 371.233 371.3218 371.391 371.4666 371.4891 371.485 371.4929 371.4671 371.3748 371.2053 371.1272 370.9872 370.8363 370.781 370.7763 370.5215 370.4706 370.4289 370.3605 370.383 370.4696 370.6424 370.6681 370.6672 370.6303 370.5583 370.5489 370.3832 370.2405 370.0598 369.89 369.6967 369.4523 369.2753 369.1887 369.1037 369.0203 368.9336 368.7575 368.7406 368.6897 368.6407 368.6171 368.5276 368.4406 368.3752 368.3374 368.347 368.3464 368.3427 368.4113 368.447 368.4388 368.4358 368.4128 368.339 368.3243 368.3183 368.3221 368.3254 368.3279 368.3189
370.8433 370.9273 371.0116 371.0947 371.2622 371.2923 371.2306 371.1732 371.1823 371.1692 370.9983 370.8464 370.7156 370.6404 370.5298 370.3661 370.1906 370.0973 370.056 370.0555 370.0727 370.156 370.4068 370.4671 370.4602 370.43 370.3373 370.248 369.9989 369.8893 369.7173 369.4726 369.3052 369.1422 368.9644 368.8702 368.828 368.8056 368.7156 368.5475 368.45 368.4222 368.3887 368.3227 368.3327 368.2595 368.2368 368.2448 368.2435 368.243 368.2428 368.2321 368.2984 368.2893 368.2277 368.2313 368.2264 368.1547 368.1256 368.1312 368.1315 368.1265 368.1136
370.6257 370.7102 370.7957 370.8824 371.0616 371.0135 370.9616 370.9737 370.9481 370.8729 370.7972 370.6385 370.5078 370.4285 370.346 370.2506 369.9023 369.7825 369.7468 369.7454 369.7588 369.856 370.1251 370.2112 370.2606 370.2289 370.117 369.949 369.695 369.5157 369.2869 369.0855 368.9891 368.7259 368.6337 368.5482 368.463 368.3683 368.3042 368.2351 368.1476 368.1154 368.1229 368.126 368.1246 368.1272 368.1378 368.1429 368.1412 368.1401 368.1397 368.1392 368.1337 368.1354 368.1385 368.1032 368.033 368.0203 368.1256 368.1312 368.1315 368.1265 368.1136
370.5193 370.6106 370.667 370.6777 370.7661 370.8282 370.8766 370.834 370.7377 370.6637 370.5863 370.4965 370.4178 370.2921 370.1384 370.043 369.6995 369.586 369.4966 369.4281 369.4691 369.6455 369.9184 370.0066 370.0517 370.0162 369.9091 369.7376 369.3036 369.0311 368.8157 368.6378 368.4708 368.2042 368.024 367.9648 367.9309 367.8738 367.8885 367.9009 367.909 367.908 367.9121 367.9201 367.9207 367.9294 367.99 368.0274 368.0267 368.038 368.0374 368.0385 368.0245 368.1354 368.1385 368.1032 368.033 368.0203 368.0155 368.0151 368.0196 368.0019 367.9314
370.3146 370.399 370.4879 370.5586 370.6381 370.6651 370.6573 370.663 370.6424 370.5537 370.3738 370.3605 370.2663 370.1187 370.0188 369.8443 369.5754 369.4269 369.2846 369.225 369.268 369.4311 369.6734 369.8052 369.8003 369.7055 369.5969 369.4052 368.8004 368.5599 368.3492 368.0728 367.8233 367.4835 367.4578 367.4146 367.3627 367.4073 367.4752 367.5732 367.6112 367.6024 367.6453 367.7138 367.7237 367.8231 367.824 367.8207 368.0267 368.038 368.0374 368.0385 368.0245 368.0205 367.9891 367.9229 367.9145 367.8476 367.8198 367.8277 367.8176 367.8038 367.8039
370.216 370.3005 370.3586 370.3661 370.5388 370.562 370.5551 370.5606 370.5393 370.4511 370.2782 370.1896 370.1078 369.984 369.8316 369.7423 369.4001 369.2208 369.0872 369.0276 369.068 369.227 369.3913 369.4709 369.5212 369.4599 369.2338 368.886 368.245 367.9245 367.6137 367.3502 367.1167 366.9757 366.9605 366.968 367.0253 367.0931 367.1083 367.2853 367.3672 367.4004 367.6453 367.7138 367.7237 367.8231 367.824 367.8207 367.8625 367.9405 367.9357 367.9157 367.8586 367.8198 367.8256 367.794 367.726 367.7321 367.7169 367.708 367.6825 367.6168 367.5937
370.0529 370.195 370.2808 370.3542 370.4304 370.4592 370.4519 370.4573 370.4365 370.3484 370.1754 370.0967 369.9556 369.8078 369.7333 369.6335 369.2922 369.1144 368.9795 368.9252 368.9429 369.0163 369.1169 369.0962 369.0417 368.8802 368.6087 368.0164 367.5959 367.2476 366.9988 366.767 366.5682 366.5735 366.594 366.6432 366.7395 367.0931 367.1083 367.2853 367.3672 367.4004 367.4442 367.5135 367.5355 367.621 367.6957 367.7368 367.759 367.8173 367.8055 367.72 367.7323 367.7287 367.6797 367.6233 367.628 367.6067 367.5557 367.5171 367.5187 367.4861 367.4225
369.8929 370.018 370.1796 370.2501 370.3286 370.3554 370.3487 370.3541 370.3338 370.2459 370.0728 369.9938 369.856 369.7148 369.6151 369.4383 369.0937 368.9154 368.7809 368.7272 368.7174 368.7185 368.7962 368.6624 368.4663 368.257 367.9777 367.3722 367.0676 366.6786 366.4254 366.4041 366.5682 366.5735 366.594 366.6432 366.7395 366.8254 366.9168 367.0717 367.0892 367.1424 367.2379 367.3298 367.4069 367.477 367.5757 367.6133 367.6024 367.5952 367.5952 367.6056 367.5912 367.5336 367.4889 367.5047 367.494 367.3811 367.391 367.4008 367.3769 367.3132 367.2913
369.7951 369.9221 370.0712 370.1572 370.2525 370.2521 370.2517 370.2505 370.2311 370.1435 369.9704 369.8913 369.7551 369.6082 369.5005 369.3286 368.983 368.8154 368.6869 368.5885 368.5146 368.5162 368.3327 368.1425 367.9164 367.6515 367.9777 367.3722 367.0676 366.6786 366.4254 366.4041 366.4275 366.4279 366.4214 366.4598 366.5385 366.6241 366.7109 366.8107 366.8789 366.9756 367.0489 367.1178 367.1939 367.2924 367.3874 367.4261 367.4189 367.4186 367.4188 367.3996 367.338 367.3087 367.3078 367.2862 367.2793 367.2141 367.2213 367.2015 367.1834 367.1732 367.121
