var/www/cgi-bin/BAERTOOLS/ravel/working/ravel-17765.DEM
NCOLS 43
NROWS 186
XLLCORNER 364825.66
YLLCORNER 3984981.5
CELLSIZE 10
NODATA_VALUE -9999
[rows 123 to 163 of 186, columns 0 to 42 of 43]
1355.062 1354.571 1354.468 1354.742 1355.324 1356.067 1356.865 1358.377 1359.56 1360.318 1361.059 1361.795 1363.189 1363.95 1364.648 1365.314 1365.943 1366.931 1367.171 1367.331 1367.492 1367.615 1367.761 1367.756 1367.754 1367.695 1367.552 1367.363 1367.103 1366.935 1366.821 1366.679 1366.546 1366.63 1366.776 1367.001 1367.246 1367.482 1367.968 1368.207 1368.503 1368.878 1369.319
1354.716 1354.279 1354.226 1354.499 1354.976 1355.646 1356.389 1358.377 1359.127 1359.897 1360.605 1361.312 1362.77 1363.443 1364.034 1364.68 1365.278 1366.252 1366.573 1366.819 1367.001 1367.117 1367.151 1367.138 1367.059 1366.961 1366.873 1366.57 1366.394 1366.29 1366.2 1366.108 1365.946 1366.019 1366.169 1366.39 1366.581 1366.79 1367.339 1367.575 1367.869 1368.237 1368.675
1354.397 1353.995 1354.031 1354.363 1354.776 1355.646 1356.389 1357.852 1358.534 1359.157 1359.788 1360.529 1362.169 1362.834 1363.488 1364.116 1364.62 1365.43 1365.759 1366.006 1366.251 1366.411 1366.533 1366.523 1366.44 1366.347 1366.213 1365.86 1365.768 1365.682 1365.522 1365.419 1365.435 1365.511 1365.651 1365.808 1366.016 1366.397 1366.621 1366.861 1367.139 1367.501 1368.587
1354.088 1353.655 1353.747 1354.363 1354.776 1355.385 1356.113 1357.476 1358.141 1358.747 1359.324 1360.004 1361.54 1362.208 1362.815 1363.345 1363.793 1364.592 1364.841 1365.148 1365.377 1365.479 1365.615 1365.683 1365.613 1365.576 1365.492 1365.248 1365.153 1365.059 1364.97 1364.87 1364.919 1364.996 1365.056 1365.254 1365.466 1365.884 1366.042 1366.267 1366.507 1366.852 1367.982
1353.866 1353.655 1353.747 1354.173 1354.577 1355.161 1355.899 1357.243 1357.916 1358.462 1359.019 1359.574 1360.906 1361.509 1362.011 1362.567 1363.04 1363.669 1363.991 1364.252 1364.431 1364.581 1364.776 1364.767 1364.755 1364.746 1364.737 1364.717 1364.559 1364.448 1364.354 1364.297 1364.404 1364.481 1364.56 1364.749 1364.95 1365.368 1365.55 1365.773 1366.098 1366.434 1367.512
1353.866 1353.386 1353.334 1353.856 1354.399 1354.993 1355.668 1357.027 1357.628 1358.148 1358.656 1359.165 1360.184 1360.688 1361.182 1361.68 1362.141 1362.833 1363.075 1363.236 1363.447 1363.615 1363.842 1363.928 1364.005 1364.031 1364.02 1364.008 1364 1363.933 1363.85 1363.806 1363.886 1363.961 1364.112 1364.275 1364.433 1364.881 1365.154 1365.415 1365.778 1366.208 1367.358
1353.447 1353.029 1353.008 1353.507 1354.214 1354.895 1355.512 1356.716 1357.304 1357.836 1358.29 1358.709 1359.546 1359.883 1360.268 1360.745 1361.173 1361.801 1362.124 1362.233 1362.451 1362.69 1362.916 1363.076 1363.171 1363.249 1363.337 1363.391 1363.308 1363.279 1363.335 1363.389 1363.397 1363.485 1363.62 1363.785 1363.989 1364.504 1364.835 1365.187 1365.593 1366.071 1367.37
1352.965 1352.644 1352.704 1353.26 1354.077 1354.81 1355.377 1356.492 1357.008 1357.52 1357.985 1358.371 1358.936 1359.256 1359.443 1359.727 1360.157 1360.859 1361.101 1361.265 1361.456 1361.714 1361.993 1362.134 1362.295 1362.469 1362.607 1362.76 1362.776 1362.769 1362.758 1362.794 1362.97 1363.132 1363.232 1363.42 1363.645 1364.191 1364.548 1364.975 1365.458 1366.002 1367.178
1352.456 1352.27 1352.26 1352.82 1353.727 1354.523 1355.082 1356.096 1356.595 1357.041 1357.463 1357.863 1358.314 1358.542 1358.779 1359.079 1359.338 1359.82 1360.074 1360.24 1360.423 1360.707 1361.065 1361.205 1361.348 1361.542 1361.769 1362.038 1362.135 1362.159 1362.204 1362.289 1362.469 1362.624 1362.809 1363.032 1363.292 1363.916 1364.325 1364.811 1365.335 1365.895 1367.021
1351.681 1351.651 1352.339 1352.946 1353.565 1354.203 1355.28 1355.682 1356.168 1356.625 1357.003 1357.303 1357.781 1357.95 1358.079 1358.384 1358.726 1359.013 1359.238 1359.419 1359.559 1359.737 1360.113 1360.268 1360.361 1360.456 1360.674 1361.265 1361.456 1361.589 1361.691 1361.781 1362.058 1362.217 1362.443 1362.712 1363.011 1363.716 1364.154 1364.641 1365.172 1365.742 1366.857
1351.414 1351.413 1352.076 1352.661 1352.878 1353.369 1354.868 1355.267 1355.751 1356.144 1356.473 1357.021 1357.259 1357.433 1357.514 1357.658 1358.123 1358.203 1358.331 1358.486 1358.644 1358.792 1359.1 1359.244 1359.411 1359.573 1359.748 1360.309 1360.583 1360.863 1361.093 1361.274 1361.65 1361.838 1362.063 1362.339 1362.664 1363.466 1363.961 1364.461 1364.978 1365.52 1366.606
1350.296 1350.851 1351.614 1351.547 1351.895 1352.727 1354.36 1354.841 1355.257 1355.615 1355.949 1356.486 1356.644 1356.803 1356.899 1357.006 1357.301 1357.45 1357.535 1357.653 1357.814 1358.039 1358.26 1358.359 1358.552 1358.77 1359.203 1359.441 1359.76 1360.103 1360.404 1360.677 1361.206 1361.456 1361.726 1361.995 1362.304 1363.106 1363.597 1364.091 1364.618 1365.151 1366.132
1348.682 1349.663 1349.897 1350.465 1351.257 1351.891 1353.358 1354.245 1354.755 1355.098 1355.388 1355.859 1356.021 1356.175 1356.269 1356.384 1356.478 1356.542 1356.675 1356.771 1356.883 1357.209 1357.358 1357.531 1357.754 1358.004 1358.486 1358.727 1359.039 1359.365 1359.714 1360.353 1360.594 1360.83 1361.134 1361.471 1361.803 1362.627 1363.077 1363.6 1364.1 1364.558 1365.507
1346.71 1347.698 1348.669 1349.103 1349.692 1350.632 1352.401 1353.2 1354.053 1354.583 1354.856 1355.235 1355.39 1355.475 1355.542 1355.613 1355.764 1355.824 1355.817 1355.908 1356.062 1356.382 1356.537 1356.788 1357.044 1357.294 1357.828 1358.099 1358.42 1358.745 1359.113 1359.738 1359.979 1360.22 1360.526 1360.862 1361.65 1362.109 1362.565 1363.056 1363.507 1364.368 1364.733
1344.681 1346.268 1347.127 1347.948 1348.839 1349.755 1351.445 1352.167 1352.827 1353.448 1353.975 1354.478 1354.638 1354.738 1354.809 1354.881 1355.022 1355.025 1355.073 1355.142 1355.207 1355.556 1355.761 1356.052 1356.333 1356.623 1357.335 1357.668 1357.99 1358.346 1358.675 1359.306 1359.595 1359.844 1360.118 1360.398 1361.137 1361.55 1362.004 1362.43 1362.842 1363.593 1363.861
1343.391 1345.089 1345.973 1346.802 1347.632 1348.531 1350.291 1351.014 1351.683 1352.304 1352.766 1353.407 1353.657 1353.836 1353.945 1354.017 1354.159 1354.238 1354.25 1354.28 1354.392 1354.776 1355.105 1355.376 1355.695 1356.048 1356.772 1357.133 1357.491 1357.877 1358.214 1358.778 1359.072 1359.33 1359.566 1359.819 1360.51 1360.875 1361.237 1361.601 1361.975 1362.578 1362.858
1342.752 1344.225 1345.044 1345.858 1346.715 1347.54 1349.147 1349.878 1350.547 1351.11 1351.572 1352.264 1352.506 1352.674 1352.844 1352.98 1353.111 1353.181 1353.254 1353.353 1353.48 1354.021 1354.373 1354.752 1355.167 1355.543 1356.226 1356.642 1357.07 1357.43 1357.758 1358.311 1358.555 1358.765 1358.991 1359.263 1359.827 1360.152 1360.447 1360.729 1360.971 1361.444 1361.818
1342.296 1343.393 1344.193 1345.028 1345.885 1346.683 1348.115 1348.831 1349.432 1350.002 1350.53 1351.151 1351.388 1351.541 1351.746 1351.94 1352.11 1352.182 1352.261 1352.44 1352.651 1353.188 1353.624 1354.119 1354.62 1355.042 1355.816 1356.231 1356.649 1357.012 1357.343 1357.908 1358.112 1358.273 1358.448 1358.668 1359.168 1359.437 1359.589 1359.735 1359.948 1360.295 1360.697
1341.799 1342.711 1343.46 1344.308 1345.061 1345.785 1347.112 1347.71 1348.302 1348.817 1349.303 1350.125 1350.374 1350.465 1350.605 1350.825 1351.159 1351.26 1351.401 1351.568 1351.782 1352.402 1352.884 1353.407 1353.98 1354.531 1355.445 1355.863 1356.281 1356.654 1356.973 1357.439 1357.598 1357.762 1357.927 1358.101 1358.478 1358.773 1358.943 1359.086 1359.213 1359.366 1359.646
1342.036 1342.562 1342.946 1343.581 1344.336 1345.04 1346.304 1346.773 1347.297 1347.76 1348.164 1349.035 1349.339 1349.475 1349.56 1349.733 1350.159 1350.32 1350.491 1350.703 1350.983 1351.683 1352.159 1352.718 1353.315 1353.979 1355.139 1355.556 1355.981 1356.333 1356.579 1356.922 1357.096 1357.219 1357.306 1357.45 1357.893 1358.163 1358.355 1358.523 1358.611 1359.366 1359.646
1342.534 1342.084 1342.293 1342.914 1343.608 1345 1345.589 1346.074 1346.492 1346.848 1347.155 1347.83 1348.21 1348.483 1348.611 1348.728 1349.204 1349.399 1349.647 1349.924 1350.208 1350.954 1351.433 1352.015 1352.651 1353.392 1354.822 1355.252 1355.628 1355.944 1356.134 1356.409 1356.476 1356.577 1356.707 1356.856 1357.307 1357.553 1357.734 1357.895 1358.611 1358.615 1358.78
1341.054 1341.545 1342.067 1342.448 1342.986 1344.377 1344.896 1345.37 1345.786 1346.146 1346.681 1346.86 1347.102 1347.368 1347.619 1347.893 1348.126 1348.344 1348.66 1349.041 1349.395 1350.238 1350.713 1351.323 1352.016 1352.759 1354.452 1354.952 1355.308 1355.543 1355.646 1355.833 1355.83 1355.941 1356.123 1356.274 1356.684 1356.933 1357.734 1357.895 1358.026 1357.978 1358.122
1340.755 1341.21 1341.707 1342.099 1342.509 1343.731 1344.258 1344.736 1345.12 1345.442 1345.929 1346.027 1346.284 1346.405 1346.547 1346.804 1347.002 1347.118 1347.403 1347.785 1348.748 1349.37 1350 1350.599 1351.256 1352.942 1353.807 1354.557 1354.972 1355.106 1355.161 1355.235 1355.224 1355.287 1355.417 1355.592 1356.684 1356.933 1357.11 1357.266 1357.404 1357.438 1357.526
1340.486 1340.907 1341.609 1342.088 1342.269 1343.022 1343.523 1343.999 1344.429 1344.75 1345.109 1345.243 1345.359 1345.474 1345.536 1345.679 1345.797 1345.896 1346.109 1346.41 1347.475 1348.128 1348.819 1349.52 1350.265 1351.955 1352.841 1353.681 1354.144 1354.312 1354.557 1354.599 1354.585 1354.61 1355.417 1355.822 1356.064 1356.302 1356.541 1356.743 1356.875 1356.928 1356.927
1340.588 1340.992 1341.986 1342.472 1342.164 1342.403 1342.845 1343.291 1343.645 1343.908 1344.286 1344.358 1344.419 1344.542 1344.618 1344.519 1344.508 1344.611 1344.789 1345.126 1346.285 1346.985 1347.682 1348.438 1349.268 1350.875 1351.68 1352.36 1352.784 1353.039 1353.293 1353.417 1354.585 1354.61 1354.755 1355.207 1355.438 1355.75 1355.971 1356.13 1356.323 1356.321 1356.389
1341.785 1342.167 1341.134 1340.853 1341.242 1341.769 1342.211 1342.584 1342.83 1343.039 1343.427 1343.505 1343.578 1343.631 1343.65 1343.507 1343.354 1343.238 1343.393 1343.903 1345.324 1346.073 1346.881 1347.61 1348.302 1349.715 1350.398 1350.949 1351.33 1351.602 1351.922 1353.417 1353.468 1353.546 1353.753 1354.552 1354.919 1355.171 1355.397 1355.604 1355.801 1355.792 1355.803
1339.115 1339.201 1339.968 1340.61 1340.766 1341.015 1341.423 1341.743 1341.959 1342.146 1342.501 1342.581 1342.666 1342.655 1342.606 1342.477 1342.338 1342.15 1342.279 1342.857 1344.399 1345.085 1345.792 1346.518 1347.188 1348.3 1348.898 1349.436 1349.816 1351.602 1351.922 1352.065 1352.19 1352.37 1352.627 1353.504 1354.052 1354.6 1354.941 1355.069 1355.199 1355.271 1355.217
1338.876 1338.877 1339.248 1339.903 1340.071 1340.109 1340.461 1340.765 1341.01 1341.181 1341.529 1341.621 1341.653 1341.649 1341.635 1341.563 1341.469 1341.426 1341.603 1342.052 1343.386 1344.104 1344.767 1345.451 1346.071 1347.046 1347.503 1349.436 1349.816 1350.13 1350.507 1350.719 1350.938 1351.146 1351.448 1352.284 1352.851 1353.437 1353.949 1354.337 1354.706 1354.702 1354.632
1338.168 1337.976 1338.203 1338.914 1339.217 1339.076 1339.391 1339.742 1339.944 1340.041 1340.508 1340.55 1340.593 1340.678 1340.743 1340.755 1340.703 1340.771 1341.013 1341.413 1342.472 1343.16 1343.833 1344.506 1345.097 1347.046 1347.503 1347.822 1348.139 1348.399 1349.141 1349.322 1349.589 1349.907 1350.213 1350.951 1351.441 1351.933 1352.431 1352.834 1353.424 1353.499 1353.426
1337.588 1336.904 1336.925 1337.608 1337.973 1338.03 1338.289 1338.511 1338.687 1338.923 1339.328 1339.433 1339.586 1339.73 1339.835 1339.942 1339.97 1340.13 1340.403 1340.798 1341.796 1342.317 1342.96 1343.603 1345.097 1346.069 1346.419 1346.736 1346.939 1347.008 1347.547 1347.862 1348.042 1348.29 1348.65 1349.525 1349.928 1350.382 1350.874 1351.324 1351.887 1352.036 1352.056
1337.395 1336.552 1335.886 1335.994 1336.364 1336.71 1337.11 1337.19 1337.365 1337.769 1338.152 1338.377 1338.611 1338.794 1338.91 1339.041 1339.212 1339.43 1339.751 1340.163 1341.095 1341.648 1342.96 1343.603 1344.191 1345.07 1345.461 1345.767 1345.906 1345.961 1346.062 1346.221 1346.47 1346.599 1346.783 1347.694 1348.164 1348.638 1349.111 1349.588 1350.425 1350.59 1350.67
1337.172 1336.512 1335.444 1334.78 1334.894 1335.191 1335.66 1335.923 1336.102 1336.764 1337.077 1337.372 1337.572 1337.79 1338.015 1338.245 1338.474 1338.761 1339.085 1339.476 1341.095 1341.648 1342.188 1342.747 1343.321 1344.126 1344.461 1344.743 1344.879 1344.943 1344.904 1344.978 1344.877 1344.865 1345.094 1345.917 1346.389 1346.858 1347.387 1347.928 1348.77 1349.013 1349.182
1337.008 1336.289 1335.139 1334.084 1333.66 1333.858 1334.27 1334.588 1334.789 1335.529 1335.8 1336.1 1336.416 1336.742 1337.319 1337.525 1337.755 1338.059 1339.085 1339.956 1340.451 1340.97 1341.467 1341.974 1342.471 1343.117 1343.435 1343.651 1343.801 1343.899 1343.776 1343.613 1343.425 1343.209 1343.188 1344.23 1344.884 1345.474 1345.999 1346.402 1347.204 1347.466 1347.623
1337.066 1335.645 1334.581 1333.588 1332.605 1332.824 1333.103 1333.343 1333.612 1334.272 1334.61 1334.986 1335.403 1335.777 1336.429 1336.791 1337.755 1338.059 1338.374 1339.259 1339.755 1340.18 1340.652 1341.126 1341.842 1342.081 1342.326 1342.506 1342.672 1342.752 1342.443 1342.329 1342.175 1341.944 1341.905 1342.962 1343.549 1344.116 1344.645 1345.101 1345.798 1346.04 1346.282
1337.995 1335.728 1333.959 1332.645 1331.57 1331.738 1331.939 1332.223 1332.582 1333.318 1333.792 1334.164 1334.553 1334.935 1335.576 1336.791 1337.044 1337.321 1337.682 1338.521 1338.951 1339.428 1339.878 1340.261 1340.802 1341.042 1341.288 1341.474 1341.588 1341.591 1341.489 1341.389 1341.219 1341.088 1341.539 1341.947 1342.496 1343.073 1343.656 1344.173 1344.979 1345.247 1345.486
1339.276 1336.991 1334.477 1332.559 1330.619 1330.513 1330.786 1331.16 1331.572 1332.498 1332.936 1333.33 1333.683 1334.935 1335.576 1335.988 1336.306 1336.663 1337.035 1337.8 1338.134 1338.54 1338.974 1339.299 1339.855 1340.022 1340.175 1340.337 1340.456 1340.467 1340.448 1340.431 1340.408 1340.423 1340.812 1341.214 1341.688 1342.241 1342.78 1343.753 1344.159 1344.502 1344.77
1340.255 1338.273 1335.873 1333.639 1330.329 1329.867 1330.036 1330.297 1330.686 1331.663 1332.068 1333.33 1333.683 1334.006 1334.731 1335.075 1335.452 1335.87 1336.244 1336.902 1337.299 1337.645 1337.975 1338.307 1338.832 1338.986 1339.143 1339.243 1339.305 1339.43 1339.415 1339.387 1339.483 1339.646 1340.081 1340.479 1340.878 1341.391 1341.983 1343.02 1343.437 1343.786 1344.062
1341.245 1339.373 1337.044 1334.639 1330.535 1329.662 1329.599 1329.802 1330.054 1331.663 1332.068 1332.484 1332.889 1333.243 1333.989 1334.313 1334.704 1335.076 1335.401 1336.046 1336.383 1336.72 1336.996 1337.227 1337.8 1337.959 1338.037 1338.099 1338.167 1338.297 1338.365 1338.51 1338.604 1338.744 1339.246 1339.641 1340.043 1340.558 1341.097 1342.173 1342.683 1343.127 1343.497
1342.226 1340.267 1337.978 1335.561 1331.282 1329.89 1329.43 1329.45 1330.054 1330.894 1331.323 1331.68 1332.072 1332.448 1333.177 1333.573 1333.984 1334.342 1334.661 1335.316 1335.565 1335.738 1335.951 1336.156 1336.569 1336.807 1336.982 1337.016 1337.016 1337.262 1337.415 1337.57 1337.722 1337.917 1338.415 1338.802 1339.206 1339.654 1340.186 1341.238 1341.798 1342.33 1342.758
1342.98 1340.981 1338.692 1336.304 1332.158 1330.37 1329.43 1329.45 1329.634 1330.251 1330.606 1330.894 1331.193 1331.548 1332.436 1332.852 1333.267 1333.635 1333.922 1334.409 1334.725 1334.918 1335.061 1335.222 1335.423 1335.484 1335.682 1335.884 1335.995 1336.118 1336.254 1336.469 1336.708 1336.94 1337.533 1337.856 1338.237 1338.689 1339.163 1340.24 1340.727 1341.279 1341.904
1343.326 1341.421 1339.366 1337.108 1332.158 1330.37 1329.373 1329.182 1329.358 1329.809 1330.012 1330.107 1330.313 1330.727 1331.723 1332.142 1332.489 1332.816 1333.107 1333.577 1333.817 1334.06 1334.255 1334.37 1334.497 1334.486 1334.511 1334.687 1334.866 1334.982 1335.041 1335.158 1335.352 1335.622 1336.374 1336.783 1337.185 1337.585 1338.023 1339.087 1339.578 1340.095 1340.656
