var/www/cgi-bin/BAERTOOLS/ravel/working/ravel-14124.prodgrd.txt
NCOLS 48
NROWS 55
XLLCORNER 276696.32
YLLCORNER 3831378.9
CELLSIZE 10
NODATA_VALUE -9999
[rows 0 to 39 of 55, columns 0 to 47 of 48]
0 0 0 0 -26.41629 0 -30.766541 -27.613835 -26.628588 -26.33603 -27.209187 -26.885598 -26.498167 -28.096563 0 -26.344178 -27.028456 0 0 -27.490227 -26.301912 -26.51747 -31.218401 -28.045265 -27.37493 -27.75297 -26.575678 -27.123698 -27.04755 -27.061344 -29.908147 0 0 0 0 -27.13443 -27.539003 -27.040787 -26.776517 -26.849914 -26.666848 -26.622864 -26.502381 -26.258217 -27.191316 -27.259809 -26.912451 -35.186879
0 -36.62105 -28.198685 -26.43158 -26.354503 -26.379414 -32.808334 -27.624288 -27.075505 -26.489099 -26.33603 -26.789004 -26.885598 -26.498167 -28.096563 -26.479029 -26.344178 -27.028456 -26.471129 -27.132153 -26.660989 -26.301912 -26.51747 -27.820855 -27.514222 -27.37493 -26.872925 -26.575678 -27.028456 -27.04755 -27.061344 -32.912597 0 0 0 -29.12381 -27.13443 -26.971357 -27.040787 -26.474098 -26.528373 -26.666848 -26.601451 -26.288741 -26.258217 -27.191316 -27.259809 -26.912451
0 0 -28.384523 -26.327973 -26.271284 -26.354503 -34.133212 -27.668724 -26.995785 -26.509066 -26.26445 -26.733847 -26.661376 -26.682992 0 -26.992283 -26.456363 0 -39.527295 -26.471129 -27.132153 -26.660989 -36.671268 -28.747355 -27.820855 -27.100145 -26.65714 -26.872925 -27.128756 -27.028456 -27.397059 -27.600105 0 0 0 -28.023263 -27.651627 -26.79094 -26.625106 -27.125379 -26.474098 -26.528373 -26.774651 -26.319251 -26.288741 -27.084289 -27.126502 -27.825272
0 0 -33.796081 -26.271284 -26.295392 -26.593075 -26.645672 -26.7284 -26.494023 -26.26445 -26.212428 -26.471129 -26.48396 -26.529613 -26.843561 -26.456363 -26.456363 -27.620789 -27.624288 -26.932045 -27.2157 -26.451705 -28.142335 -36.671268 -39.473779 -26.997987 -26.904044 -26.65714 -26.896859 -27.128756 -28.318388 -28.895385 -27.600105 0 0 -27.651627 -28.644349 -26.625106 -26.404579 -26.69498 -26.618426 -27.420805 -29.67283 -26.526401 -26.319251 -26.903321 -27.084289 -27.126502
0 0 0 -26.295392 -26.418612 -26.645672 -26.7284 -26.494023 -26.404507 -26.212428 -26.211473 -26.45971 -26.529613 -26.741319 -26.487725 -26.487725 -26.900797 -26.980642 -26.932045 -26.981922 -26.451705 -26.320839 -26.578927 -26.941375 0 0 -26.997987 -26.904044 -39.522598 0 -32.091662 -29.231143 -28.895385 -29.254439 -26.961836 -27.791941 -33.153609 -26.404579 -26.69498 -26.57715 -26.474797 -26.502717 -26.918765 -26.682372 -26.526401 -29.076964 -29.894659 -27.2459
0 0 0 -26.418612 -26.757238 -26.868558 -27.181339 -26.684234 -26.548801 -26.211473 -26.423323 -26.390982 -26.661764 -26.975134 -26.487725 -26.507122 -26.980642 -27.183197 -26.981922 -26.785161 -26.320839 -26.34757 -26.874616 -26.89049 -29.469568 -30.27859 -26.70277 0 0 0 0 0 -27.980649 -26.918765 -27.216356 -26.961836 -27.791941 -26.727461 -26.57715 -26.474797 -26.502717 -26.474597 -26.449994 -26.285744 -26.759276 -26.757238 -26.757492 0
0 -39.529055 -27.295236 -26.421268 -26.647339 -30.601339 0 -29.491035 -27.114267 -26.514286 -26.390982 -26.661764 -27.193836 -26.975134 -26.507122 -26.494132 -27.716964 -29.047877 -29.401588 -27.080138 -26.34757 -26.621149 -26.89049 -29.469568 -35.624607 -26.70277 -27.651627 0 0 0 0 0 -32.933834 -27.980649 -26.918765 -27.216356 -29.321491 -26.989238 -27.867563 -27.924904 -26.474597 -26.503277 -26.285744 -26.289037 -26.757238 -26.757492 -26.488252 -27.41698
-27.921626 -27.078074 -26.451164 -26.37469 -26.421268 -27.215046 -27.182577 -27.087423 -26.502269 -27.114267 -27.049011 -27.049011 -27.085854 -27.6925 -26.494132 -26.674017 -37.973351 0 0 -26.454525 -26.382112 -26.615895 -27.18818 -26.838235 -26.518302 -26.516168 -26.92441 0 0 0 0 0 0 -32.933834 -26.792885 -26.816108 -27.648009 -27.949849 -26.989238 -28.255823 -26.759276 -26.455718 -26.289037 -26.562619 -26.931276 -26.828693 -26.839794 -36.703115
-27.081691 -27.921626 -26.483752 -26.451164 -26.37469 -26.747705 -26.563462 -26.719804 -27.087423 -26.502269 -27.049011 -27.085854 -30.254394 0 -26.674017 -27.020089 0 -27.369923 -26.942555 -26.32272 -26.454525 -26.382112 -26.449009 -26.370447 -26.541689 -26.518302 -26.516168 0 0 0 0 -32.108149 -27.905403 -27.188806 -26.894017 -26.792885 -26.635849 -27.26617 -27.336659 -26.97979 -26.766756 -26.759276 -26.498938 -26.757238 -31.218401 -26.888037 -26.838858 -30.077607
0 -26.983634 -26.404724 -26.483752 -26.711185 -26.649574 -26.729813 -26.563462 -26.719804 -26.768584 -26.731469 -26.622177 -26.641999 -26.355229 -26.327402 -26.734086 -26.685898 -26.514286 -26.676847 -26.319025 -26.32272 -26.56972 -26.458124 -26.449009 -26.370447 -26.541689 0 0 0 -28.744014 -26.522502 -26.441197 -26.847043 -27.338244 -27.177026 -26.684442 -26.347036 -26.635849 -26.576855 -26.47842 -26.451796 -26.654472 -26.837612 -26.498938 -26.650698 -26.574213 -26.651261 -26.838858
0 -28.545912 -26.559134 -26.404724 -26.85734 -26.787353 -26.649574 -26.729813 -26.344703 -26.585687 -26.432738 -26.350539 -26.382501 -26.261903 -26.355229 -26.327402 -26.735761 -26.685898 -26.514286 -26.31034 -26.319025 -26.760555 -26.56972 -26.458124 -26.616905 0 0 0 -27.15949 -26.56558 -26.373265 -26.522502 -26.441197 -26.847043 -27.338244 -26.743028 -26.254634 -26.347036 -26.726524 -26.576855 -26.47842 -26.451796 -26.654472 -26.625453 -26.554056 -26.531734 -26.455443 -26.651261
0 0 -26.428629 -26.559134 -26.752943 -27.178255 -26.843876 -26.293129 -26.28391 -26.344703 -26.364288 -26.36039 -26.350539 -26.257716 -26.261903 -26.504627 -26.69136 -26.764937 -26.697989 -26.34116 -26.31034 -26.635849 -26.760555 -27.571144 0 -27.127628 -27.683662 -27.625458 -26.751189 -26.513467 -26.37308 -26.373265 -26.743517 -27.030805 -27.548507 -26.70277 -26.277761 -26.254634 -26.623036 -26.726524 -26.726524 -26.659636 -26.690937 -26.753949 -26.625453 -26.483131 -26.404579 -26.455443
0 -39.500855 -26.397455 -26.371973 -26.982777 -26.752943 -26.647524 -26.243402 -26.293129 -26.28391 -26.435746 -26.364288 -26.36039 -26.27955 -26.257716 -26.467519 -26.537048 -26.585839 -26.764937 -26.406474 -26.34116 -27.113168 -28.054574 0 -26.450803 -26.41219 -26.544301 -26.529365 -26.507236 -26.751189 -26.369839 -26.37308 -26.745482 -26.938635 -26.919889 -26.913559 -26.289445 -26.277761 -26.81083 -26.77042 -26.857014 -26.423085 -26.479742 -26.529737 -26.564025 -26.695622 -26.483131 -26.404579
0 -26.587976 -26.371973 -26.455626 -27.91348 -26.68736 -27.176413 -26.312272 -26.243402 -26.461025 -26.470148 -26.368933 -26.389902 -26.390982 -26.27955 -26.43307 -26.467519 -26.537048 -26.492729 -26.569864 -26.406474 -28.563261 -29.935405 -28.054574 -26.172477 -26.360275 -26.41219 -26.459055 -26.529365 -26.507236 -26.327022 -26.369839 -26.713659 -26.660989 -26.656566 -26.3699 -26.227411 -26.289445 -26.506553 -26.6258 -26.826872 -26.634776 -26.423085 -26.479742 -26.529737 -26.693272 -26.886294 -35.7074
0 -26.385968 -26.270926 -26.455626 -26.933973 -27.03601 -26.68736 -26.605648 -26.312272 -26.943343 -26.785982 -26.742539 -26.368933 -26.587364 -26.390982 -26.67181 -27.084289 -27.70015 -26.947302 -26.492729 -26.569864 0 -35.503032 -26.970104 -26.186486 -26.172477 -26.360275 -26.415835 -26.459055 -26.576266 -26.365823 -26.327022 -26.79205 -26.555146 -26.568572 -26.33583 -26.312402 -26.227411 -26.424278 -26.506553 -26.6258 -26.826872 -26.634776 -26.654852 -26.938635 -26.723264 -26.703208 -29.908147
0 -26.270926 -26.270926 -26.803613 -26.70277 -26.547205 -26.637826 -26.529365 -26.408534 -26.669022 -26.501488 -26.474797 -26.353172 -26.345442 -26.617073 -26.622005 -26.610398 -26.670214 -26.591831 -26.547072 0 0 0 -31.054777 -26.235356 -26.186486 -26.555693 -26.585535 -26.500154 -26.375376 -26.384063 -26.365823 -26.496742 -26.439223 -26.489417 -26.447407 -26.33583 -26.312402 -26.390441 -26.551618 -26.753949 -26.596366 -26.671211 -26.909876 -26.654852 -26.651449 -26.399283 -26.703208
0 -26.270926 -26.372833 -26.675834 -26.497399 -26.37469 -26.317366 -26.327973 -26.279308 -26.501488 -26.474797 -26.353172 -26.345442 -26.245841 -26.407943 -26.486988 -26.468586 -26.396129 -26.391389 -26.273553 0 0 0 0 -26.220459 -26.235356 -26.547337 -26.507692 -26.577741 -26.404434 -26.375376 -26.384063 -26.441456 -26.496742 -26.439223 -26.489417 -26.447407 -26.529737 -26.661376 -26.91504 -26.498277 -26.333104 -26.596366 -26.671211 -26.383085 -26.430509 -26.489311 -26.399283
0 -26.372833 -26.674823 -26.497399 -26.37469 -26.317366 -26.327973 -26.279308 -26.73865 -26.715923 -26.767799 -26.719116 -26.245841 -26.407943 -26.486988 -26.468586 -26.396129 -26.391389 -26.273553 -26.256719 0 0 0 -26.267807 -26.232112 -26.220459 -26.513001 -26.547337 -26.507692 -26.43752 -26.404434 -26.615727 -26.484167 -26.441456 -26.574213 -26.691784 -26.615223 -26.484271 -26.544959 -26.772795 -26.965952 -26.498277 -26.333104 -26.68382 -26.491763 -26.383085 -26.430509 -26.498277
0 -26.412642 -26.77253 -27.608086 -28.084942 0 -26.405816 -26.625626 -27.132721 -26.995346 -27.975448 -27.545326 -26.420484 -27.036486 -26.938244 -27.377448 -27.315621 -26.719116 -26.256719 -26.272858 0 0 0 -26.234597 -26.267807 -26.232112 -26.638006 -26.513001 -26.706068 -26.450263 -26.43752 -26.868558 -26.697989 -26.598421 -26.733132 -26.432904 -26.448652 -26.535265 -26.484271 -26.544959 -26.772795 -26.549336 -26.568286 -26.542079 -26.655042 -26.491763 -26.528002 -26.818421
0 -26.419078 -26.412642 -27.268305 -26.905495 -26.777855 -26.249897 -26.405816 -26.640905 -26.745482 -27.46698 -27.137288 -26.437774 -27.451881 -26.835442 -26.762611 -27.101219 -26.294199 -26.273984 -26.289371 0 0 -28.005286 -26.269406 -26.234597 -26.93166 -26.666061 -26.638006 -27.270446 -26.437265 -26.450263 -27.039349 -26.868558 -26.726758 -26.621663 -26.579521 -26.432904 -26.448652 -26.535265 -26.79205 -26.329794 -26.75521 -26.549336 -26.568286 -26.542079 -26.655042 -26.75219 -28.124188
0 -27.7891 -26.419078 -27.397059 -27.58105 -26.905495 -26.251176 -26.249897 -26.581462 -26.470148 -26.494132 -26.43541 -26.308727 -26.437774 -26.467712 -26.420405 -26.451977 -26.267775 -26.294199 -26.304807 0 0 -27.30121 -26.292104 -26.269406 -26.779467 -26.82026 -26.763385 -27.220962 -26.346822 -26.437265 -26.916155 -27.039349 -26.75902 -26.445025 -26.621663 -26.579521 -26.676036 -26.698205 -27.113168 -26.573484 -26.329794 -26.75521 -27.758433 -29.854748 -27.193205 -26.504627 -26.75219
0 -27.290791 -27.319467 -27.786268 -29.145579 -27.283451 -26.432158 -26.251176 -26.552564 -26.596051 -26.470148 -26.315811 -26.349021 -26.308727 -26.4738 -26.467712 -26.420405 -26.271447 -26.267775 -26.752943 0 -26.852482 -26.413095 -26.222655 -26.292104 -26.369355 -26.541429 -26.82026 -26.330761 -26.34859 -26.346822 -26.709843 -26.596366 -26.42725 -26.387891 -26.445025 -26.802755 -26.616568 -27.880008 -28.311265 -26.922521 -26.573484 -29.302053 -30.573367 -27.757064 -26.393642 -26.441111 -26.504627
0 -27.319467 -27.786268 -28.16494 -27.608086 -26.779198 -26.36773 -26.266322 -26.865228 -26.68967 -26.588743 -26.716377 -26.315811 -26.349021 -26.510679 -26.4738 -26.720264 -26.527016 -26.271447 -26.414461 -26.347196 -26.347623 -26.276739 -26.215821 -26.222655 -26.400132 -26.369355 -26.541429 -26.307507 -26.330761 -26.34859 -26.53186 -26.415376 -26.596366 -26.42725 -26.387891 -28.071547 -27.461281 -29.643187 -27.880008 -26.943737 -26.922521 -27.4426 -27.161878 -26.965539 -26.463296 -26.393642 -26.441111
0 -28.025078 -28.16494 -30.933241 -27.625458 -26.681137 -26.266322 -26.464918 -26.60516 -26.588743 -26.560941 -26.450263 -26.271284 -26.651073 -26.672411 -27.542158 0 -26.494565 -26.481482 -26.331538 -26.375563 -26.347196 -26.262207 -26.276739 -26.215821 -26.405233 -26.630344 -27.105534 -26.238087 -26.307507 -26.471228 -26.342402 -26.53186 -26.415376 -26.658866 -26.612718 -28.021451 -27.62312 -27.461281 -26.795961 -26.742295 -26.943737 -27.160086 -27.228271 -27.161878 -26.796523 -26.463296 0
-30.092394 -28.192278 -28.025078 -39.443703 -27.577734 -26.549603 -26.506894 -26.60516 -26.627714 -26.560941 -26.568858 -26.271284 -26.33855 -26.672411 -26.553105 -26.757238 0 0 -26.775183 -26.453065 -26.331538 -26.375563 -26.3078 -26.262207 -26.356013 -26.484063 -26.577889 -26.580565 -26.182756 -26.238087 -26.47761 -26.470442 -26.342402 -26.612718 -28.116221 -39.461991 -34.938489 -28.021451 -27.62312 -26.656566 -26.795961 -26.742295 -27.320239 -27.160086 -27.228271 -27.310275 -26.796523 0
-38.933979 -28.369502 -27.535862 -26.681137 -26.926307 -26.308136 -26.804472 -26.965952 -27.271162 -28.224692 -26.879387 -26.33855 -26.518898 -26.553105 -26.757238 -27.289316 0 0 -26.642547 -26.560941 -26.453065 -26.480764 -26.250396 -26.305302 -26.368391 -26.493268 -26.484063 -26.577889 -26.219195 -26.182756 -26.475998 -26.47761 -26.470442 -26.640541 -27.457506 0 -39.461991 -28.999272 -28.35467 -26.784343 -26.656566 -27.63725 -27.645606 -27.816458 -28.384523 -28.929205 -27.310275 0
0 -34.597972 -26.847998 -26.655422 -26.490587 -26.235307 -26.308136 -26.472016 -26.495978 -26.503502 -26.695622 -26.259523 -26.438966 -26.567001 -26.823553 -27.043193 0 -26.632641 -26.474797 -26.642547 -26.560941 -26.525054 -26.323739 -26.250396 -26.305302 -26.368391 -26.493268 -26.514638 -26.218961 -26.219195 -26.841673 -26.653335 -27.330355 -27.298963 -26.640541 -27.457506 0 0 -28.999272 -27.249348 -26.784343 -29.427416 -28.364537 -28.470663 -30.933241 -39.458453 0 0
0 -38.166993 -34.597972 -26.847998 -26.655422 -26.331295 -26.235307 -26.436251 -26.472016 -26.495978 -26.266008 -26.258365 -26.259523 -26.493268 -26.567001 -26.823553 -26.577889 -26.407943 -26.43407 -26.474797 -26.692846 -26.736241 -26.420014 -26.323739 -26.645303 -26.442669 -26.405306 -26.306879 -26.303251 -26.218961 -26.502269 0 0 -27.971996 -27.298963 0 0 0 0 -30.336131 -27.249348 -35.193357 -30.807151 0 0 0 0 0
0 0 -38.166993 -39.447244 -29.894659 -26.539487 -26.331295 -26.880416 -26.839794 -26.498497 -26.492514 -26.266008 -26.258365 -26.603865 -26.493268 -28.545912 -26.284125 -26.577889 -26.407943 -26.43407 -26.488358 -26.692846 -26.736241 -26.420014 -28.392105 -28.098512 -27.943134 -26.807928 -26.306879 -26.303251 -31.17058 0 0 -28.586764 -28.098512 0 0 0 0 -30.620178 -27.104452 0 0 0 0 0 0 0
0 0 0 -39.536683 -27.178871 -26.360506 -26.354559 -26.905132 -27.000642 -26.763643 -26.469073 -26.375625 -28.005286 -26.768584 -28.887975 -26.357309 -26.285094 -26.284125 -26.608095 -26.990541 -27.50916 -26.974292 -27.640821 -26.833283 0 0 0 -28.037878 -26.915411 0 0 0 0 -28.098512 -28.226887 0 0 0 -31.471416 -27.104452 -27.918359 -29.485643 0 0 0 0 0 0
0 0 0 -33.412034 -26.75521 -26.354559 -26.886294 -27.000642 -26.763643 -28.798453 -26.375625 -26.43092 -28.569097 -28.005286 -26.761068 -26.590901 -26.357309 -26.285094 -26.682579 -26.984062 -27.992892 -27.829712 -26.974292 -27.640821 0 0 0 -27.070912 -27.070912 -33.108547 -29.34116 0 0 -28.226887 -28.235711 0 0 -31.471416 -28.51191 -26.608751 -28.737358 -27.907013 -39.456094 0 0 0 0 0
0 0 -36.098307 0 -26.409572 -26.599057 -26.538201 -26.535519 -26.538586 -26.942555 -26.346025 -26.379989 -27.73812 -27.657693 -26.560384 -26.761068 -26.590901 -26.437689 -27.66626 -39.470244 0 -28.500777 -28.138276 0 0 0 0 -27.070912 -27.076531 -29.34116 -31.978703 -39.483202 0 -28.235711 0 0 0 -28.51191 -26.608751 -26.559273 -27.907013 -28.625889 -31.043482 0 0 -39.536097 0 0
0 -36.098307 -28.470663 -26.664492 -26.513351 -26.385506 -26.84768 -26.538201 -26.535519 -26.538586 -26.673213 -26.346025 -27.657693 -26.914669 -27.040787 -26.560384 -26.701024 -26.618426 0 0 0 0 -28.500777 0 0 0 0 -27.076531 -28.100465 -31.978703 -39.483202 0 0 -27.161878 0 0 0 -39.505559 -26.559273 -26.583567 -28.625889 -29.292419 -28.394643 0 -39.536097 -39.484969 0 0
0 -28.995292 -26.664492 -26.842301 -26.385506 -26.252497 -26.707174 -26.681754 -26.634241 -26.821754 -26.800478 -26.555966 -26.914669 -27.414571 -33.199247 -26.820559 -26.653714 -26.825662 0 0 0 0 0 0 0 0 0 -28.100465 0 0 0 0 -27.161878 -26.762869 0 0 0 0 -26.583567 -26.638728 -28.921621 -28.394643 -27.652837 -27.880008 -39.484969 0 0 0
0 0 -26.842301 -26.663905 -26.252497 -26.278721 -26.681754 -26.634241 -26.821754 -26.970521 -26.555966 -27.043193 0 0 0 -26.973451 -27.061344 0 0 0 0 0 -37.910166 0 0 0 0 0 0 0 -39.493208 -39.452555 -26.762869 -26.763126 0 0 0 0 -26.638728 -26.763901 -28.724142 -27.652837 -27.559205 -27.082728 -26.583416 0 0 0
0 0 0 -28.517514 -26.278721 -26.309956 -27.645606 -27.195101 -27.436175 -26.950093 -26.467035 -27.793365 0 0 0 -28.278597 -28.209447 0 0 0 0 -37.910166 -37.910166 0 0 0 0 0 0 -39.493208 -29.093835 -30.536596 -26.763126 -27.825272 0 0 0 0 -26.763901 -27.929842 -28.956061 -27.559205 -27.082728 -26.583416 -26.333547 -32.66754 0 0
0 0 0 -26.439137 -26.283411 -26.31111 -27.846175 -32.420944 -27.065855 -26.467035 -26.332809 -27.234992 -28.387045 0 0 -38.03721 -29.406722 0 0 0 -36.143693 -37.910166 0 0 0 0 0 0 0 -29.093835 -30.536596 0 -27.825272 -28.235711 0 0 0 0 -26.808507 -28.678874 -28.012439 -27.4289 -26.961836 -26.333547 -26.31898 -27.039828 -33.436456 0
0 0 0 -26.465782 -26.439137 -26.283411 -26.847043 -26.800762 -26.596051 -26.332809 -26.338094 -28.387045 -28.607685 0 0 -29.406722 0 -28.081097 -27.706578 0 -36.143693 -29.356065 0 0 0 0 0 0 0 0 0 0 -28.235711 -26.685898 0 0 -32.124724 -26.808507 -26.645672 -27.7891 -27.271162 -27.216356 -27.293751 -26.31898 -26.366953 -26.906951 -27.427093 0
0 -30.848459 -38.504034 -26.531234 -26.356238 -26.719804 -26.655994 -26.596051 -26.827175 -26.338094 -26.279896 -27.364127 -28.635086 -39.445474 0 0 -28.081097 -27.706578 -27.706578 0 -29.356065 -27.399658 0 0 0 0 0 0 0 -28.005286 -27.218983 -29.081164 -26.685898 -27.01322 -27.357563 -32.124724 -28.12619 -26.645672 -26.501599 -27.271162 -27.216356 -26.887339 -27.487281 -26.366953 -26.401699 -26.971775 -26.803041 0
0 -29.67283 -27.887871 -26.356238 -26.357309 -26.655994 -26.92441 -26.827175 -26.937855 -26.279896 -26.286505 -27.172745 -28.583802 -27.880008 0 0 0 -27.706578 -27.065352 0 -27.399658 -27.393608 -29.678817 -29.336221 -32.589671 -34.630852 0 0 -28.005286 -27.218983 -29.081164 -36.008742 -27.01322 -27.357563 -28.572024 0 -27.814997 -26.501599 -26.800478 -27.311798 -26.887339 -27.487281 -28.438629 -26.401699 -26.971775 -26.803041 -27.107704 0
