var/www/cgi-bin/BAERTOOLS/ravel/working/ravel-18054.DEM
NCOLS 44
NROWS 94
XLLCORNER 364845.66
YLLCORNER 3986831.5
CELLSIZE 10
NODATA_VALUE -9999
[rows 0 to 39 of 94, columns 0 to 43 of 44]
1492.62 1493.933 1495.238 1496.144 1496.513 1495.904 1495.062 1494.133 1492.982 1491.69 1489.089 1488.129 1487.483 1486.978 1487.034 1489.584 1492.287 1495.27 1497.929 1500.067 1503.301 1505.048 1507.352 1509.865 1512.298 1516.158 1517.992 1520.042 1522.055 1523.835 1527.405 1529.341 1531.124 1532.732 1534.2 1537.057 1538.151 1539.013 1539.451 1539.501 1539.418 1539.772 1540.144 1541.615
1489.695 1490.958 1492.068 1492.699 1492.929 1492.826 1492.261 1491.457 1490.38 1489.195 1487.279 1486.678 1486.366 1486.723 1487.528 1490.747 1493.474 1496.348 1499.049 1501.152 1504.297 1506.012 1508.39 1510.839 1513.028 1517.003 1519.223 1521.651 1523.835 1525.802 1529.7 1531.868 1533.893 1535.735 1537.524 1541.316 1542.691 1543.518 1543.929 1543.8 1542.523 1542.563 1543.131 1544.576
1487.082 1488.609 1489.595 1490.245 1490.669 1490.565 1490.007 1489.054 1487.928 1487.014 1485.581 1485.663 1486.374 1487.373 1488.478 1492.018 1494.586 1497.328 1499.912 1501.926 1504.944 1506.864 1509.113 1511.394 1513.514 1517.619 1520.182 1522.822 1525.266 1527.517 1531.876 1534.333 1536.711 1539.219 1542.085 1546.751 1547.832 1548.251 1548.465 1547.999 1545.222 1544.49 1545.024 1546.052
1483.966 1485.564 1486.918 1487.874 1488.437 1488.26 1487.36 1486.073 1485.012 1484.158 1483.984 1485.245 1486.513 1487.718 1489.226 1493.068 1495.596 1498.131 1500.425 1502.301 1505.368 1507.245 1509.342 1511.395 1513.434 1517.809 1520.491 1523.259 1525.905 1528.442 1533.814 1536.581 1539.828 1543.395 1546.92 1551.117 1551.672 1551.651 1551.333 1550.495 1547.422 1546.186 1545.905 1546.771
1480.805 1482.24 1483.577 1484.467 1484.77 1483.904 1482.727 1481.471 1480.375 1479.785 1482.93 1485.497 1487.148 1488.41 1489.953 1493.765 1496.131 1498.477 1500.596 1502.399 1505.572 1507.31 1509.253 1511.103 1513.021 1517.598 1520.248 1522.943 1525.779 1528.69 1535.139 1538.635 1542.698 1546.969 1550.325 1553.339 1553.487 1552.842 1551.925 1551.048 1549.061 1548.711 1548.323 1547.953
1478.227 1479.504 1480.193 1480.534 1480.575 1479.425 1478.23 1477.161 1476.819 1477.423 1482.907 1485.665 1487.609 1489.141 1490.657 1494.2 1496.451 1498.587 1500.549 1502.356 1505.542 1507.163 1508.92 1510.639 1512.378 1517.079 1519.852 1522.504 1525.141 1528.202 1535.688 1539.776 1544.518 1548.947 1552.066 1554.429 1554.097 1552.84 1551.752 1551.043 1549.646 1549.15 1548.523 1548.459
1475.971 1477.332 1478.238 1478.368 1477.884 1476.091 1475.491 1475.32 1475.723 1477.162 1482.537 1485.198 1487.54 1489.44 1491.082 1494.494 1496.494 1498.495 1500.377 1502.126 1505.292 1507.142 1508.714 1510.18 1511.601 1516.302 1519.709 1522.38 1524.748 1527.932 1535.388 1539.667 1545.259 1549.803 1552.625 1554.693 1553.989 1552.755 1551.881 1551.245 1549.709 1548.881 1547.775 1547.725
1474.479 1475.583 1476.186 1476.079 1475.62 1474.871 1474.57 1475.403 1476.744 1478.228 1483.114 1485.493 1487.676 1489.567 1491.214 1494.538 1496.413 1498.179 1499.858 1501.555 1505.07 1507.061 1508.793 1510.242 1511.503 1516.447 1520.003 1522.859 1525.533 1528.697 1535.212 1539.48 1545.896 1550.637 1552.927 1554.193 1553.56 1552.667 1551.892 1551.235 1549.803 1548.775 1547.498 1547.089
1471.719 1473.677 1474.609 1474.656 1474.113 1473.991 1474.956 1475.954 1477.418 1479.349 1483.44 1485.635 1487.663 1489.517 1491.227 1494.662 1496.362 1497.816 1499.226 1500.842 1504.88 1507.267 1509.258 1510.766 1512.294 1517.578 1520.868 1523.807 1526.68 1529.739 1535.833 1540.475 1546.826 1551.501 1553.316 1553.463 1553.039 1552.331 1551.615 1550.981 1549.712 1548.484 1547.498 1547.089
1469.281 1470.4 1471.66 1472.531 1473.169 1473.988 1474.923 1476.04 1477.809 1481.845 1483.927 1485.693 1487.47 1489.318 1492.96 1494.852 1496.266 1497.586 1498.927 1500.434 1504.957 1507.744 1509.811 1511.405 1513.379 1518.964 1522.069 1525 1527.877 1530.819 1536.847 1542.045 1547.831 1551.734 1553.07 1552.922 1552.486 1551.811 1551.188 1550.648 1549.712 1548.484 1547.187 1546.534
1467.395 1468.923 1470.408 1471.602 1473.465 1474.465 1475.431 1476.626 1478.464 1482.75 1484.404 1485.856 1487.355 1489.172 1493.242 1495.083 1496.564 1497.81 1498.978 1502.756 1505.711 1508.561 1510.702 1512.484 1517.321 1520.256 1523.161 1526.005 1528.891 1531.807 1538.324 1543.443 1548.61 1551.607 1552.447 1552.275 1551.783 1551.239 1550.703 1550.648 1549.323 1547.993 1546.483 1545.665
1468.418 1469.984 1471.423 1472.657 1474.808 1475.851 1476.965 1478.417 1480.193 1483.848 1485.21 1486.557 1487.987 1489.73 1494.085 1495.866 1497.24 1498.445 1499.43 1503.739 1507.01 1509.776 1511.993 1513.909 1518.433 1521.281 1523.992 1526.748 1529.653 1535.846 1539.826 1544.696 1549.257 1551.767 1552.308 1551.829 1551.189 1551.239 1550.703 1550.225 1548.63 1547.229 1545.774 1544.686
1470.167 1471.565 1472.785 1474.032 1476.393 1477.709 1479.2 1480.793 1482.403 1485.219 1486.592 1487.921 1489.467 1491.32 1495.523 1497.036 1498.348 1499.535 1500.728 1505.653 1508.751 1511.467 1513.479 1515.14 1519.446 1521.962 1524.394 1527.152 1530.213 1536.678 1540.92 1545.655 1549.813 1551.888 1551.712 1551.829 1551.189 1550.621 1550.187 1548.936 1547.765 1546.405 1545.111 1543.78
1471.953 1473.295 1474.532 1475.703 1478.571 1480.11 1481.579 1483.117 1484.549 1487.025 1488.426 1489.962 1491.715 1493.623 1497.181 1498.586 1499.95 1501.225 1502.783 1507.979 1510.774 1513.034 1514.717 1516.064 1520.177 1522.367 1524.518 1527.201 1530.394 1537.015 1541.326 1546.329 1550.241 1551.888 1551.712 1551.13 1550.498 1550.033 1549.5 1547.868 1546.759 1545.506 1544.14 1542.66
1474.025 1475.253 1476.561 1478.032 1481.08 1482.566 1483.975 1485.384 1486.743 1489.117 1490.576 1492.395 1494.258 1496.077 1499.127 1500.434 1501.751 1503.07 1504.764 1509.9 1512.46 1514.085 1515.435 1516.79 1520.448 1522.538 1524.668 1527.13 1530.148 1536.729 1540.968 1546.329 1550.241 1551.849 1550.835 1550.302 1549.754 1549.13 1548.465 1546.856 1545.826 1544.602 1543.219 1541.736
1476.281 1477.584 1479.044 1480.595 1483.628 1485.068 1486.505 1487.784 1488.867 1491.449 1492.724 1494.701 1496.807 1498.627 1501.007 1501.857 1502.882 1504.406 1506.407 1511.046 1513.135 1514.546 1515.694 1516.857 1520.275 1522.32 1524.298 1526.534 1529.191 1536.045 1540.968 1545.803 1549.768 1551.392 1550.151 1549.425 1548.608 1547.965 1547.343 1545.763 1544.885 1543.768 1542.391 1540.976
1478.607 1479.976 1481.501 1483.088 1486.21 1487.522 1488.74 1489.702 1490.46 1493.156 1494.817 1496.824 1499.011 1500.747 1502.383 1502.977 1503.697 1505.189 1507.338 1511.309 1513.067 1514.392 1515.44 1516.431 1519.543 1521.43 1523.202 1525.262 1529.191 1536.045 1539.365 1543.007 1546.89 1549.494 1548.807 1547.846 1547.042 1546.486 1545.943 1544.63 1544.084 1543.026 1541.798 1540.594
1480.928 1482.367 1483.972 1485.61 1488.392 1489.286 1489.924 1490.513 1491.341 1494.449 1496.616 1498.359 1500.109 1501.574 1503.174 1503.832 1504.375 1505.499 1507.328 1510.737 1512.147 1513.472 1514.526 1515.436 1518.179 1519.956 1523.202 1525.262 1527.698 1533.372 1536.043 1538.807 1541.533 1543.601 1544.871 1544.781 1544.414 1544.148 1544.125 1544.081 1543.745 1543.069 1542.032 1540.806
1483.172 1484.743 1486.337 1487.789 1489.577 1490.309 1490.94 1491.294 1492.028 1495.359 1497.227 1498.841 1500.288 1501.498 1503.1 1503.776 1504.471 1505.297 1506.539 1509.514 1510.527 1511.723 1512.871 1513.855 1518.179 1519.956 1521.596 1523.391 1525.37 1529.909 1532.154 1534.344 1536.542 1538.419 1540.221 1540.533 1540.92 1541.58 1542.266 1543.07 1543.068 1542.7 1541.827 1540.666
1485.274 1486.88 1488.213 1489.838 1490.487 1491.184 1491.897 1492.476 1492.983 1495.31 1496.966 1498.418 1499.713 1500.838 1502.359 1503.025 1503.747 1504.391 1505.276 1507.594 1508.482 1509.502 1510.622 1513.855 1516.361 1517.78 1519.147 1520.862 1522.786 1525.896 1527.708 1529.771 1531.989 1534.188 1537.198 1538.061 1538.711 1539.3 1540.096 1542.206 1543.107 1542.626 1541.542 1540.509
1486.781 1488.198 1489.151 1490.426 1491.042 1491.52 1491.948 1492.387 1493.174 1494.411 1495.905 1497.223 1498.348 1500.53 1501.343 1501.849 1502.365 1502.993 1504.522 1505.22 1505.992 1509.502 1510.622 1511.757 1513.75 1514.863 1516.204 1518.063 1520.117 1523.103 1524.327 1525.31 1527.1 1530.12 1534.901 1536.065 1537.268 1538.125 1538.907 1542.471 1542.983 1542.354 1541.41 1540.469
1487.292 1488.366 1489.179 1490.154 1490.518 1490.807 1491.01 1491.194 1492.088 1492.837 1494.138 1495.403 1496.486 1498.587 1499.493 1500.103 1500.703 1501.225 1501.9 1505.22 1505.992 1507.073 1508.255 1510.521 1511.254 1512.231 1513.376 1515.083 1519.716 1521.416 1522.618 1523.659 1525.043 1527.574 1533.68 1534.916 1536.031 1537.209 1538.499 1541.671 1542.179 1542.156 1541.641 1540.636
1486.704 1487.751 1488.496 1489.272 1489.418 1489.537 1489.683 1489.872 1490.612 1491.336 1492.386 1493.51 1494.566 1496.456 1497.293 1497.972 1498.626 1501.225 1501.9 1502.524 1503.427 1504.532 1505.742 1508.5 1509.312 1510.495 1511.695 1513.29 1518.315 1521.029 1522.541 1523.842 1525.528 1530.12 1532.765 1534.437 1535.836 1537.078 1539.353 1540.659 1541.522 1541.835 1541.464 1540.594
1485.537 1486.47 1487.152 1487.71 1487.816 1487.886 1488.003 1488.184 1488.934 1489.564 1490.512 1491.534 1492.568 1494.378 1495.191 1497.972 1498.626 1499.176 1499.744 1500.275 1501.017 1501.991 1503.212 1506.514 1508.38 1509.763 1511.086 1512.793 1518.101 1520.857 1522.889 1524.693 1526.524 1530.459 1532.389 1534.175 1535.851 1537.186 1539.338 1540.477 1541.091 1541.152 1540.879 1539.598
1484.296 1484.877 1485.255 1485.557 1485.613 1485.713 1485.884 1486.125 1487.029 1487.734 1488.707 1489.661 1490.602 1492.467 1495.191 1495.874 1496.5 1497.168 1497.959 1498.735 1499.38 1500.063 1501.144 1504.854 1507.406 1509.484 1511.07 1512.954 1518.531 1521.458 1523.712 1525.598 1527.449 1530.932 1532.681 1534.367 1536.163 1537.523 1539.5 1540.413 1540.831 1540.747 1540.43 1539.283
1482.787 1483.145 1483.435 1483.276 1483.202 1483.333 1483.567 1483.896 1485.163 1485.791 1486.771 1487.851 1490.602 1492.467 1493.229 1493.819 1494.484 1495.434 1496.506 1497.582 1498.242 1499.053 1500.042 1503.949 1506.98 1509.577 1511.505 1513.58 1519.368 1522.237 1524.723 1526.623 1528.254 1531.615 1533.286 1534.971 1536.708 1537.998 1539.599 1540.465 1540.522 1540.531 1540.215 1538.83
1481.198 1481.442 1481.567 1480.795 1480.56 1480.494 1480.746 1481.318 1482.843 1483.699 1486.771 1487.851 1488.856 1490.53 1491.197 1491.815 1492.528 1493.42 1495.885 1496.647 1497.644 1498.774 1499.725 1504.011 1507.361 1509.797 1511.947 1514.461 1520.37 1523.485 1525.77 1527.324 1528.856 1532.29 1533.887 1535.726 1537.285 1538.404 1539.763 1540.111 1540.074 1539.825 1539.391 1537.969
1479.7 1479.749 1479.657 1478.502 1477.818 1477.442 1477.741 1478.676 1482.843 1483.699 1484.704 1485.728 1486.776 1488.544 1489.11 1489.709 1490.461 1491.495 1494.915 1496.805 1497.917 1498.95 1500.193 1504.613 1507.574 1510.323 1512.872 1515.422 1521.238 1524.282 1526.331 1527.849 1529.363 1532.751 1534.446 1536.38 1537.752 1538.649 1539.923 1539.897 1539.489 1539.012 1538.45 1536.45
1478.188 1477.99 1477.62 1476.336 1475.815 1475.587 1475.852 1478.676 1480.599 1481.346 1482.243 1483.692 1484.921 1486.666 1487.423 1488.027 1488.741 1489.94 1494.271 1496.619 1498.292 1499.576 1501.088 1505.512 1508.254 1510.985 1513.56 1516.059 1521.883 1524.867 1526.693 1528.095 1529.579 1533.001 1534.778 1536.654 1537.964 1538.728 1539.787 1539.507 1538.934 1538.203 1537.257 1533.699
1476.75 1476.383 1475.644 1474.554 1474.098 1475.587 1475.852 1476.646 1478.243 1478.789 1479.617 1480.936 1482.632 1485.3 1486.253 1487.143 1487.915 1489.282 1493.992 1496.588 1498.581 1500.13 1501.886 1506.117 1508.734 1511.38 1513.915 1516.412 1522.191 1525.023 1526.762 1528.08 1529.503 1532.998 1534.783 1536.665 1537.964 1538.594 1538.927 1538.24 1537.395 1536.161 1534.456 1530.744
1473.927 1473.681 1472.632 1474.554 1474.098 1474.009 1474.692 1475.87 1476.18 1476.339 1477.286 1478.863 1480.943 1485.057 1486.186 1487.276 1488.427 1489.858 1494.21 1496.44 1498.44 1500.221 1502.102 1506.47 1508.934 1511.522 1514.027 1516.398 1521.792 1524.524 1526.335 1527.698 1529.113 1532.491 1534.36 1536.223 1537.474 1538.03 1537.403 1536.356 1534.77 1532.92 1531.088 1527.539
1470.3 1473.681 1472.632 1472.638 1472.437 1473.134 1473.852 1474.634 1475.296 1475.944 1477.02 1478.72 1483.929 1485.47 1486.678 1487.892 1489.231 1492.28 1494.302 1496.579 1498.377 1499.901 1501.795 1506.42 1508.97 1511.45 1513.856 1516.22 1521.224 1523.744 1525.606 1526.992 1528.374 1531.726 1533.69 1535.321 1536.3 1536.521 1534.86 1533.253 1531.471 1529.576 1527.768 1524.797
1470.3 1470.021 1470.042 1470.59 1471.969 1472.934 1473.423 1475.017 1476.029 1477.158 1478.341 1479.754 1483.445 1485.275 1487.27 1488.828 1490.113 1492.972 1494.877 1496.527 1498.232 1499.761 1503.821 1506.332 1508.842 1511.298 1513.619 1518.194 1520.573 1522.735 1524.674 1526.286 1527.678 1531.02 1532.778 1534.307 1535.339 1535.132 1531.732 1530.008 1528.22 1526.469 1525.022 1523.073
1466.969 1466.853 1468.036 1469.719 1470.941 1472.396 1473.549 1475.431 1476.254 1477.664 1479.316 1480.918 1484.152 1485.923 1487.498 1489.059 1490.57 1493.533 1495.199 1496.821 1498.214 1499.543 1503.573 1506.076 1508.586 1511.029 1513.366 1517.633 1519.912 1521.87 1523.702 1525.367 1528.452 1530.473 1532.166 1533.139 1533.539 1530.552 1528.636 1527.057 1525.503 1524.282 1523.353 1521.368
1464.049 1464.378 1467.17 1469.193 1471.268 1473.065 1474.065 1475.385 1476.121 1477.982 1480.06 1481.944 1485.102 1486.378 1487.768 1489.324 1490.888 1494.016 1495.599 1497.052 1498.283 1499.44 1503.351 1505.921 1508.385 1510.662 1512.889 1517.185 1519.324 1521.214 1522.966 1524.607 1527.817 1529.494 1530.778 1531.363 1531.164 1527.889 1526.772 1525.218 1523.943 1522.951 1520.75 1519.702
1463.269 1464.151 1467.615 1470.546 1472.727 1473.911 1474.771 1476.327 1477.756 1479.617 1481.661 1483.576 1486.525 1487.882 1488.955 1490.081 1491.464 1494.589 1495.932 1497.111 1498.318 1499.545 1503.427 1505.856 1508.28 1510.435 1512.491 1516.873 1519.07 1520.969 1522.671 1524.284 1527.112 1528.589 1529.7 1529.867 1529.054 1526.485 1525.453 1524.204 1522.883 1521.69 1519.242 1518.057
1464.074 1465.433 1469.113 1470.963 1472.699 1474.489 1475.85 1478.365 1479.989 1481.854 1483.73 1485.439 1488.424 1489.392 1490.299 1491.259 1492.413 1495.096 1496.341 1497.519 1498.687 1499.774 1503.754 1506.282 1508.512 1510.408 1512.292 1516.825 1519.205 1521.102 1522.776 1524.448 1527.049 1528.224 1529.165 1528.943 1527.786 1525.697 1524.536 1523.152 1521.799 1520.54 1517.679 1516.39
1465.495 1467.064 1470.831 1472.636 1474.419 1475.891 1477.226 1480.319 1482.087 1484.073 1485.93 1487.581 1489.675 1490.493 1491.397 1492.436 1493.536 1495.891 1496.916 1497.962 1499.082 1500.28 1504.494 1506.955 1509.041 1510.903 1512.788 1517.236 1519.636 1521.629 1523.425 1524.949 1527.122 1528.183 1528.79 1528.349 1527.22 1525.264 1523.848 1522.272 1520.855 1519.398 1516.099 1514.772
1467.064 1468.629 1472.501 1474.464 1476.162 1477.535 1478.773 1482.031 1484.146 1486.228 1488.065 1489.301 1490.855 1491.539 1492.388 1493.374 1494.474 1496.632 1497.722 1498.752 1499.747 1501.109 1505.584 1508.027 1510.106 1511.962 1513.827 1518.046 1520.324 1522.369 1524.26 1525.707 1527.516 1528.48 1528.592 1527.937 1526.941 1524.923 1523.329 1521.714 1520.088 1518.251 1514.684 1513.245
1469.088 1470.424 1473.477 1475.323 1476.988 1478.438 1479.839 1483.611 1485.842 1487.905 1489.255 1490.057 1491.734 1492.364 1493.173 1494.216 1495.383 1497.563 1498.652 1499.671 1500.751 1502.326 1507.01 1509.384 1511.609 1513.477 1515.105 1518.895 1521.213 1523.423 1525.099 1526.255 1527.997 1528.792 1528.623 1527.765 1526.76 1524.644 1523.066 1521.384 1519.397 1517.203 1513.422 1512.151
