var/www/cgi-bin/BAERTOOLS/ravel/working/ravel-5155.DEM
NCOLS 88
NROWS 114
XLLCORNER 772875.31
YLLCORNER 3877126.5
CELLSIZE 10
NODATA_VALUE -9999
[rows 0 to 27 of 114, columns 0 to 62 of 88]
1415.749 1419.276 1423.017 1425.909 1430.162 1430.483 1429.6 1428.111 1426.055 1421.564 1422.793 1419.61 1414.855 1408.026 1400.264 1386.646 1380.977 1375.991 1371.683 1367.799 1359.75 1355.516 1350.744 1345.448 1339.831 1334.116 1323.484 1317.882 1310.958 1303.548 1296.653 1285.354 1281.278 1277.639 1273.288 1268.009 1262.169 1249.996 1246.268 1247.287 1251.787 1256.784 1265.48 1270.234 1277.861 1283.811 1289.855 1300.457 1305.236 1307.945 1309.044 1309.227 1308.853 1307.378 1306.146 1305.248 1304.637 1304.027 1301.97 1300.484 1298.873 1296.984 1295.081
1414.528 1418.687 1423.473 1427.617 1434.724 1436.131 1435.689 1433.875 1431.162 1425.71 1422.793 1421.861 1417.703 1411.947 1404.695 1391.049 1385.274 1380.418 1375.95 1371.656 1363.281 1358.797 1354.231 1348.666 1342.524 1336.858 1325.373 1319.108 1311.995 1305.107 1299.207 1290.766 1287.618 1283.911 1279.546 1273.689 1266.193 1253.497 1251.012 1251.572 1254.64 1258.917 1267.371 1272.346 1277.861 1285.482 1291.36 1296.836 1306.288 1309.375 1311.216 1312.126 1312.584 1312.385 1311.931 1311.453 1310.967 1310.37 1309.429 1306.448 1304.838 1302.811 1300.605
1412.971 1417.672 1423.644 1429.078 1438.172 1440.911 1440.98 1438.914 1435.587 1428.8 1425.531 1421.861 1419.246 1414.244 1408.048 1394.589 1388.689 1383.737 1379.059 1374.457 1365.568 1360.824 1356.342 1350.715 1344.366 1338.277 1325.972 1319.265 1313.5 1308.555 1304.447 1297.554 1294.493 1290.609 1285.047 1277.744 1269.997 1258.671 1255.489 1254.47 1256.627 1261.083 1269.947 1274.886 1279.88 1285.482 1292.881 1298.189 1307.084 1310.476 1313.055 1314.845 1316.043 1317.568 1317.927 1317.799 1317.417 1316.558 1315.126 1311.802 1309.933 1307.871 1305.634
1411.244 1415.887 1422.712 1429.388 1439.053 1442.154 1442.887 1441.518 1438.408 1434.446 1427.273 1423.323 1419.246 1415.282 1409.832 1397.193 1391.188 1386.053 1381.361 1376.543 1371.456 1361.873 1357.315 1351.612 1344.936 1338.024 1326.151 1320.544 1316.438 1313.613 1310.967 1308.024 1299.497 1294.799 1288.579 1281.466 1275.285 1266.295 1261.495 1258.458 1259.737 1263.943 1268.464 1278.239 1282.909 1287.708 1292.881 1300.383 1308.529 1312.102 1314.835 1317.163 1319.283 1321.075 1323.575 1324.068 1324.066 1323.162 1321.317 1316.777 1314.803 1312.876 1310.746
1409.422 1413.318 1420.427 1428.366 1437.269 1440.563 1442.528 1442.073 1439.342 1435.616 1428.069 1424.171 1420.014 1415.282 1410.523 1399.177 1393.354 1388.118 1383.404 1378.384 1372.5 1361.87 1357.145 1350.866 1343.556 1336.01 1326.421 1324.318 1322.131 1320.032 1317.477 1313.301 1302.353 1297.263 1291.698 1286.029 1280.921 1272.057 1267.385 1263.591 1263.696 1267.195 1271.888 1282.301 1286.872 1291.126 1295.642 1300.383 1311.155 1314.364 1317.237 1320.36 1323.322 1325.648 1329.595 1330.719 1331.108 1330.469 1328.586 1323.084 1320.401 1318.037 1315.839
1406.893 1411 1417.86 1425.637 1430.857 1438.311 1440.916 1441.19 1439.187 1435.855 1428.242 1424.288 1420.145 1415.559 1410.523 1405.663 1394.806 1389.431 1384.281 1378.931 1372.891 1361.601 1356.557 1349.629 1342.092 1335.034 1329.124 1329.613 1330.098 1328.004 1323.665 1318.024 1304.738 1300.347 1296.271 1291.801 1286.903 1277.122 1272.035 1267.599 1266.743 1270.139 1275.765 1286.355 1290.923 1295.635 1300.339 1304.257 1311.155 1317.454 1321.42 1325.243 1328.219 1330.59 1334.715 1335.764 1336.065 1335.595 1334.337 1329.964 1327.03 1324.019 1321.166
1404.348 1408.948 1414.64 1421.695 1428.208 1435.377 1437.927 1438.987 1438.06 1435.317 1428.204 1424.224 1419.911 1415.318 1410.57 1405.663 1395.372 1389.969 1384.51 1378.818 1372.832 1361.246 1355.288 1347.954 1341.895 1338.669 1337.494 1337.989 1336.423 1333.369 1327.921 1320.657 1308.75 1304.533 1300.595 1296.645 1292.225 1287.068 1276.524 1271.892 1270.783 1274.046 1279.6 1290.601 1295.754 1301.102 1305.583 1308.807 1311.534 1317.454 1327.939 1331.298 1333.84 1336.163 1340.132 1341.057 1341.288 1340.881 1339.97 1338.438 1333.003 1329.804 1326.729
1402.373 1407.038 1412.027 1418.114 1424.546 1432.034 1434.631 1436.316 1436.378 1434.474 1428.209 1424.331 1419.62 1414.828 1410.37 1405.868 1395.791 1390.483 1384.669 1378.717 1372.921 1361.223 1355.346 1349.826 1346.135 1345.284 1346.107 1345.278 1342.475 1337.432 1330.967 1323.546 1312.598 1308.543 1304.252 1300.146 1295.964 1291.08 1281.276 1277.853 1276.026 1277.922 1283.028 1294.886 1301.353 1306.496 1310.189 1313.02 1315.733 1323.523 1327.939 1337.148 1339.682 1342.063 1346.052 1347.023 1347.238 1346.75 1345.874 1344.452 1339.092 1335.959 1332.512
1400.755 1405.239 1410.079 1415.348 1420.719 1428.857 1431.849 1434.009 1434.832 1433.874 1431.535 1425.27 1420.153 1414.966 1410.362 1405.792 1395.791 1391.088 1385.02 1378.925 1373.365 1368.029 1358.079 1355.227 1354.567 1354.936 1354.771 1349.969 1345.022 1339.262 1332.979 1326.706 1321.231 1312.416 1307.896 1303.513 1298.826 1293.849 1285.533 1281.955 1279.629 1281.214 1286.341 1292.635 1305.966 1310.617 1314.257 1317.696 1321.54 1331.126 1334.517 1337.148 1345.612 1348.14 1350.286 1353.265 1353.498 1352.997 1351.731 1349.915 1345.369 1342.591 1339.368
1399.176 1403.53 1407.996 1412.381 1416.735 1425.558 1428.914 1431.513 1433.296 1433.673 1432.429 1427.133 1421.765 1416.022 1410.849 1405.882 1396.167 1391.088 1386.436 1380.49 1375.319 1370.733 1364.444 1363.109 1362.521 1362.177 1361.002 1353.83 1347.581 1341.421 1335.429 1329.858 1325.184 1316.801 1311.8 1306.783 1301.93 1297.302 1289.979 1286.578 1284.299 1285.132 1289.37 1295.953 1309.507 1314.555 1318.717 1322.832 1327.657 1336.863 1340.063 1342.862 1345.612 1354.139 1356.104 1358.62 1358.753 1358.319 1357.296 1355.763 1351.783 1349.348 1346.539
1397.611 1401.837 1405.689 1409.322 1412.755 1416.386 1425.695 1428.837 1431.097 1432.833 1433.204 1428.85 1423.916 1417.869 1411.888 1406.199 1396.752 1392.123 1386.436 1384.182 1379.613 1376.267 1372.493 1371.571 1370.527 1369.339 1366.9 1356.663 1350.41 1343.689 1337.939 1333.098 1328.543 1320.021 1314.927 1309.369 1304.442 1300.79 1294.908 1291.889 1289.694 1288.855 1291.738 1298.761 1312.502 1317.893 1322.986 1327.822 1332.71 1342.2 1345.873 1349.162 1351.903 1354.139 1361.305 1363.257 1363.338 1363.069 1362.496 1361.614 1358.558 1356.487 1354.165
1395.82 1399.461 1403.107 1406.61 1409.834 1413.084 1422.351 1426.344 1429.012 1431.135 1432.83 1430.489 1426.35 1420.156 1413.48 1407.192 1401.742 1394.04 1389.425 1384.182 1386.126 1383.511 1381.095 1379.364 1377.375 1374.56 1370.792 1366.019 1353.347 1346.055 1340.085 1335.572 1331.303 1321.688 1316.7 1311.669 1307.238 1304.666 1303.688 1297.968 1293.47 1290.666 1293.7 1301.71 1315.537 1321.166 1326.736 1332.345 1337.804 1342.982 1351.725 1355.054 1357.63 1359.649 1366.536 1368.235 1368.355 1368.257 1368.077 1367.891 1367.231 1363.605 1361.465
1393.696 1397.387 1400.797 1404.334 1407.968 1411.566 1419.818 1423.892 1427.147 1429.563 1431.459 1431.832 1428.641 1422.606 1415.672 1409.162 1403.76 1396.758 1393.161 1389.569 1386.126 1391.037 1387.061 1384.689 1382.336 1379.044 1374.447 1369.048 1356.52 1348.965 1342.244 1337.361 1333.359 1323.684 1318.545 1314.793 1312.401 1310.62 1309.246 1305.568 1300.066 1294.284 1296.017 1304.149 1317.829 1324.323 1330.332 1336.086 1341.838 1347.571 1356.593 1359.588 1362.208 1364.617 1366.536 1373.816 1374.238 1374.47 1374.451 1374.25 1373.686 1371.011 1369.03
1387.842 1395.814 1399.535 1403.178 1406.865 1410.485 1417.96 1421.887 1425.373 1428.012 1429.997 1431.608 1430.172 1425.383 1418.746 1412.349 1407.319 1400.239 1397.39 1394.881 1392.845 1391.037 1394.084 1388.946 1385.604 1381.94 1377.297 1371.495 1359.4 1352.515 1344.939 1339.325 1335.396 1331.059 1321.978 1318.521 1316.977 1316.287 1315.042 1310.229 1306.755 1302.675 1301.518 1305.551 1312.556 1326.833 1333.117 1338.945 1344.77 1350.562 1359.961 1363.382 1366.391 1369.141 1371.448 1372.963 1380.285 1381.015 1381.28 1381.19 1380.77 1378.938 1377.053
1386.68 1394.66 1398.664 1402.669 1406.141 1409.312 1416.247 1419.968 1423.465 1426.402 1428.675 1430.41 1431.57 1428.774 1423.065 1416.796 1411.847 1404.762 1402.195 1399.987 1397.958 1396.023 1394.084 1392.125 1388.66 1384.414 1379.524 1373.817 1361.91 1356.206 1348.589 1342.161 1337.97 1334.246 1327.747 1325.002 1322.797 1321.334 1320.001 1314.575 1310.695 1306.544 1303.938 1306.278 1313.305 1327.878 1334.577 1340.813 1346.757 1352.359 1362.495 1366.577 1370.08 1373.511 1376.33 1378.089 1380.285 1388.005 1388.857 1389.021 1388.58 1386.932 1385.254
1385.167 1392.967 1397.274 1401.505 1405.054 1408.14 1414.799 1418.258 1421.667 1424.751 1427.194 1429.102 1431.666 1430.808 1427.495 1422.321 1416.939 1410.115 1407.593 1405.035 1402.436 1399.84 1397.307 1392.125 1391.29 1386.942 1381.801 1376.155 1364.645 1359.423 1353.497 1347.127 1342.331 1339.279 1333.112 1330.516 1328.161 1326.04 1324.026 1319.074 1315.749 1311.24 1306.855 1307.756 1314.265 1328.524 1335.396 1341.661 1347.482 1352.981 1363.892 1368.681 1372.883 1376.999 1380.271 1382.42 1386.528 1388.005 1395.587 1396.177 1396.165 1395.298 1393.51
1383.544 1390.787 1395.213 1399.591 1403.41 1406.773 1410.031 1416.721 1420.027 1423.038 1425.682 1427.942 1431.379 1432.203 1430.598 1427.464 1423.339 1418.888 1413.622 1410.831 1407.067 1403.204 1400.119 1394.654 1391.29 1389.678 1384.546 1379.067 1373.746 1363.75 1358.543 1353.308 1348.711 1344.82 1338.255 1335.432 1332.909 1330.534 1328.236 1325.974 1320.508 1317.244 1313.977 1312.625 1315.146 1328.545 1335.62 1341.963 1347.517 1352.761 1358.475 1369.523 1374.09 1378.454 1382.26 1385.607 1391.665 1394.073 1395.587 1402.107 1402.549 1403.08 1400.955
1382.223 1389.631 1393.734 1397.805 1401.645 1405.212 1408.628 1415.385 1418.672 1421.691 1424.453 1426.902 1431.096 1432.948 1432.647 1430.809 1428.233 1424.974 1419.084 1416.392 1412.681 1407.755 1403.137 1397.087 1393.802 1389.678 1388.014 1382.936 1377.946 1368.747 1363.991 1359.541 1355.459 1351.467 1343.518 1340.433 1337.73 1335.387 1333.112 1330.642 1325.312 1321.866 1318.405 1315.793 1316.168 1328.2 1335.178 1341.569 1347.041 1352.161 1358.011 1369.637 1374.313 1378.747 1383.006 1387.105 1394.882 1398.739 1401.173 1402.107 1406.858 1407.241 1406.092
1381.048 1384.635 1392.151 1395.898 1399.78 1403.555 1407.124 1414.048 1417.327 1420.568 1423.608 1426.358 1428.834 1433.556 1434.618 1433.688 1431.535 1428.997 1423.33 1420.621 1417.464 1412.829 1407.452 1403.061 1396.453 1392.586 1388.014 1387.333 1382.7 1373.95 1369.804 1366.014 1362.21 1358.314 1354.376 1346.132 1342.74 1340.729 1339.164 1336.858 1330.904 1327.92 1324.692 1321.062 1319.39 1322.108 1334.488 1340.918 1346.45 1351.57 1357.387 1369.207 1374.048 1378.628 1383.209 1387.64 1396.923 1401.823 1404.923 1406.303 1406.858 1410.567 1410.381
1379.611 1382.982 1389.675 1393.629 1397.764 1401.746 1405.521 1412.704 1416.06 1419.578 1422.991 1426.001 1428.715 1434.031 1436.491 1436.636 1434.988 1432.795 1427.171 1424.23 1420.985 1417.052 1412.27 1407.224 1399.455 1395.789 1391.807 1387.333 1387.161 1379.206 1375.479 1371.971 1368.524 1364.934 1361.139 1353.396 1350.071 1347.623 1345.782 1343.828 1338.147 1334.725 1331.445 1328.414 1326.165 1325.727 1333.86 1340.272 1345.956 1351.125 1356.779 1368.641 1373.643 1378.468 1383.307 1388.111 1392.989 1402.921 1406.374 1408.693 1409.95 1410.567 1415.043
1377.912 1381.17 1387.964 1391.618 1395.735 1399.869 1403.777 1411.493 1415.179 1418.769 1422.314 1425.6 1428.528 1434.562 1437.135 1438.759 1438.951 1437.353 1431.29 1428.12 1424.785 1421.022 1416.652 1411.896 1402.917 1399.248 1395.65 1391.495 1387.161 1384.483 1380.819 1377.221 1373.86 1370.736 1367.484 1360.27 1357.256 1354.686 1352.486 1350.396 1345.233 1341.944 1338.446 1334.943 1331.646 1329.125 1334.27 1339.677 1345.546 1351.116 1356.507 1368.041 1373.246 1378.234 1383.26 1388.335 1393.564 1403.631 1407.221 1410.048 1412.164 1413.805 1415.043
1376.221 1379.351 1386.283 1389.68 1393.837 1398.183 1402.29 1406.432 1414.548 1418.247 1421.911 1425.403 1428.601 1434.945 1438.368 1440.499 1441.136 1440.553 1438.6 1432.142 1428.988 1425.267 1421.029 1416.809 1407.743 1403.565 1399.788 1395.739 1391.688 1388.091 1386.15 1382.439 1378.896 1375.811 1373.007 1366.923 1364.341 1361.835 1359.479 1357.446 1355.094 1348.186 1344.977 1341.827 1338.726 1336.359 1338.52 1342.245 1347.19 1352.238 1357.208 1362.458 1372.763 1377.98 1383.161 1388.376 1393.924 1404.518 1408.08 1411.117 1413.815 1416.244 1418.146
1374.81 1377.953 1385.04 1388.55 1392.429 1396.79 1401.227 1405.455 1413.888 1417.655 1421.412 1425.198 1428.641 1434.996 1438.204 1441.039 1442.607 1442.648 1441.443 1435.94 1432.745 1429.261 1425.375 1421.434 1413.425 1409.014 1404.803 1400.797 1396.923 1393.246 1386.15 1387.985 1384.614 1381.568 1378.838 1373.549 1371.129 1368.879 1366.525 1364.058 1361.213 1353.759 1350.397 1347.432 1345.145 1343.843 1344.353 1348.007 1352.088 1355.467 1359.025 1363.244 1373.002 1378.231 1383.319 1388.488 1394.389 1405.508 1409.25 1412.532 1415.672 1418.784 1421.308
1373.921 1377.305 1380.698 1387.433 1391.189 1395.584 1400.235 1404.58 1412.589 1416.441 1420.591 1424.947 1428.626 1431.475 1437.705 1440.872 1443.813 1444.914 1443.859 1439.483 1436.318 1432.907 1429.249 1425.478 1421.844 1414.715 1410.91 1406.675 1402.316 1398.377 1391.452 1393.672 1390.911 1388.107 1385.288 1379.953 1377.638 1375.42 1373.212 1370.848 1367.843 1359.39 1355.361 1352.493 1351.659 1352.137 1352.526 1355.301 1358.569 1361.472 1363.778 1365.997 1374.035 1378.903 1383.704 1388.708 1394.969 1406.484 1410.353 1413.926 1417.709 1421.643 1424.905
1373.131 1376.564 1379.881 1386.258 1389.845 1394.22 1399.124 1403.666 1411.212 1414.926 1419.268 1423.8 1427.593 1430.543 1436.622 1439.711 1443.212 1446.521 1447.383 1442.866 1439.964 1436.617 1433.025 1429.25 1425.603 1419.943 1417.079 1413.67 1409.202 1404.074 1396.518 1393.672 1396.476 1394.115 1391.7 1389.383 1384.877 1382.497 1380.072 1377.465 1374.113 1365.095 1360.874 1358.126 1357.606 1358.596 1359.782 1362.783 1365.891 1368.273 1369.51 1370.93 1375.742 1379.809 1384.611 1389.562 1395.987 1403.134 1411.45 1415.429 1420.047 1424.608 1428.049
1372.216 1375.426 1378.548 1385.155 1388.658 1392.968 1397.942 1402.62 1410.126 1413.622 1417.76 1422.047 1425.873 1429.142 1435.219 1438.214 1441.765 1445.779 1448.783 1447.318 1444.155 1440.522 1436.911 1433.302 1429.832 1424.622 1422.36 1419.984 1416.757 1412.146 1402.036 1398.873 1396.476 1399.361 1397.667 1395.994 1392.452 1390.259 1387.247 1384.005 1380.444 1370.713 1366.322 1363.951 1363.591 1364.951 1367.209 1370.883 1373.801 1375.826 1376.354 1376.37 1378.708 1382.214 1386.526 1391.645 1397.935 1404.315 1412.988 1417.711 1423.153 1427.615 1430.554
1371.272 1374.295 1377.292 1384.034 1387.728 1391.935 1396.815 1401.626 1405.599 1412.78 1416.649 1420.53 1424.255 1427.606 1433.503 1436.434 1439.355 1443.27 1448.277 1452.133 1449.446 1445.425 1441.315 1437.775 1434.758 1429.628 1427.48 1425.328 1422.956 1420.035 1416.017 1405.914 1401.888 1399.361 1404.446 1402.351 1398.754 1396.439 1393.287 1389.701 1385.945 1381.76 1372.308 1369.49 1369.206 1371.008 1373.992 1379.788 1382.266 1384.158 1384.735 1384.406 1384.169 1387.064 1390.214 1395.095 1400.979 1406.33 1415.208 1420.792 1426.255 1430.237 1432.999
1371.272 1373.293 1376.148 1382.946 1386.859 1390.973 1395.567 1400.336 1404.384 1411.437 1415.089 1418.733 1422.374 1425.851 1431.677 1434.424 1437.063 1439.736 1443.961 1449.814 1453.637 1451.361 1446.809 1442.242 1439.4 1434.992 1432.878 1430.803 1428.607 1426.285 1423.688 1415.734 1410.773 1406.998 1404.446 1409.672 1404.926 1401.994 1398.747 1395.321 1391.602 1387.462 1379.588 1377.259 1376.342 1377.437 1380.673 1388.359 1390.799 1392.821 1393.793 1393.434 1392.403 1392.453 1395.405 1399.785 1404.514 1408.987 1418.308 1424.135 1428.896 1432.486 1435.453
