var/www/cgi-bin/BAERTOOLS/ravel/working/ravel-17989.DEM
NCOLS 44
NROWS 94
XLLCORNER 366555.66
YLLCORNER 4096836.8
CELLSIZE 10
NODATA_VALUE -9999
[rows 40 to 79 of 94, columns 0 to 43 of 44]
3645.097 3633.735 3620.601 3609.392 3600.16 3592.376 3587.612 3587.936 3586.515 3583.252 3574.243 3565.258 3560.426 3557.854 3556.503 3556.504 3557.7 3557.804 3556.75 3554.756 3548.635 3544.958 3541.215 3537.826 3533.824 3532.087 3528.812 3523.495 3518.685 3515.11 3514.808 3513.046 3509.844 3505.669 3495.626 3489.564 3482.675 3475.68 3463.591 3460.412 3458.978 3457.201 3455.562 3453.187
3643.131 3642.321 3631.993 3617.984 3606.5 3597.208 3598.54 3599.427 3596.511 3591.199 3577.028 3569.981 3564.596 3561.867 3561.034 3563.06 3565.224 3564.882 3564.142 3562.025 3555.344 3551.5 3547.59 3543.677 3541.009 3540.557 3537.264 3530.873 3524.209 3522.22 3523.164 3520.906 3517.287 3512.617 3502.42 3495.251 3486.373 3478.915 3466.498 3462.591 3460.514 3459.092 3457.487 3454.712
3642.074 3645.543 3641.651 3630.213 3618.895 3606.937 3609.521 3609.496 3606.513 3599.56 3583.759 3578.347 3573.691 3571.003 3569.607 3571.686 3574.752 3575.143 3573.232 3566.257 3562.024 3558.075 3554.275 3550.715 3548.165 3547.508 3545.127 3540.027 3533.556 3529.526 3529.162 3527.064 3524.04 3514.526 3508.259 3500.111 3489.883 3481.066 3470.365 3466.39 3463.236 3460.768 3459.179 3456.516
3639.755 3643.294 3643.939 3639.682 3628.408 3622.118 3622.994 3622.521 3618.89 3610.34 3592.972 3586.784 3583.455 3582.719 3582.44 3584.548 3586.29 3586.12 3583.524 3574.615 3569.665 3564.841 3560.46 3557.571 3555.384 3553.858 3551.19 3546.927 3542.352 3535.709 3534.17 3532.316 3529.369 3520.21 3512.535 3503.064 3492.605 3482.742 3474.709 3470.474 3465.846 3461.988 3460.212 3457.958
3636.354 3640.566 3641.338 3640.688 3636.73 3634.749 3637.654 3636.818 3629.742 3622.286 3600.62 3595.364 3593.159 3592.35 3593.011 3597.786 3597.173 3594.825 3591.556 3583.562 3578.914 3573.604 3568.039 3563.902 3562.898 3561.383 3558.617 3554.685 3549.439 3540.481 3539.357 3538.329 3535.073 3524.566 3516.395 3506.391 3497.208 3489.406 3480.444 3476.143 3470.677 3464.838 3461.337 3459.503
3634.406 3636.385 3637.65 3637.776 3638.389 3642.286 3644.75 3644.525 3637.712 3630.078 3609.44 3602.336 3602.05 3602.235 3608.273 3611.642 3609.786 3604.472 3599.733 3590.995 3586.789 3581.812 3576.558 3572.506 3570.536 3569.168 3566.762 3562.763 3557.128 3547.842 3545.936 3544.553 3541.195 3529.3 3521.233 3512.545 3504.583 3498.658 3487.912 3483.243 3477.653 3471.161 3465.605 3461.098
3629.906 3632.3 3634.137 3635.737 3638.354 3642.106 3643.748 3643.756 3640.51 3635.696 3621.1 3614.533 3614.099 3614.643 3617.965 3623.102 3622.519 3614.895 3608.513 3597.61 3592.713 3588.12 3583.18 3579.001 3578.573 3578.659 3576.524 3570.557 3558.723 3554.923 3552.423 3550.168 3546.715 3534.665 3525.941 3518.04 3511.876 3506.783 3496.075 3490.283 3484.343 3478.576 3467.996 3464.977
3625.901 3628.389 3630.647 3633.137 3635.789 3640.92 3642.661 3644.116 3644.61 3642.539 3630.586 3626.49 3628.051 3628.455 3629.145 3633.266 3634.352 3627.098 3617.771 3604.891 3599.27 3594.536 3590.091 3586.297 3587.025 3587.575 3584.836 3578.899 3565.538 3561.142 3558.632 3555.907 3551.739 3540.094 3532.005 3524.1 3518.599 3514.293 3504.202 3498.099 3490.237 3482.431 3473.207 3470.067
3622.44 3625.146 3627.533 3629.803 3633.482 3638.3 3640.304 3642.406 3644.508 3645.7 3641.343 3639.327 3639.649 3639.566 3642.054 3645.301 3646.787 3641.149 3632.084 3613.944 3607.211 3601.184 3596.626 3594.814 3596.636 3595.958 3593.325 3586.709 3573.916 3568.913 3565.253 3561.815 3556.925 3545.368 3538.656 3531.524 3525.851 3522.471 3510.734 3504.081 3496.197 3487.824 3478.738 3475.425
3619.178 3621.662 3624.35 3627.386 3630.392 3635.303 3637.538 3640.069 3642.509 3645.734 3645.89 3645.89 3646.656 3647.932 3652.216 3654.011 3654.764 3653.394 3650.104 3629.393 3618.853 3610.351 3604.902 3610.1 3612.049 3608.26 3603.145 3595.597 3581.392 3576.133 3571.447 3566.971 3562.386 3548.786 3541.315 3535.544 3531.315 3527.239 3515.113 3507.796 3500.459 3494.059 3484.636 3481.125
3615.403 3618.197 3621.195 3624.107 3626.862 3631.776 3634.125 3636.812 3639.598 3644.451 3646.385 3648.097 3650.502 3653.647 3660.416 3661.858 3662.195 3663.633 3667.661 3652.045 3640.28 3629.6 3622.606 3625.768 3625.561 3619.696 3611.974 3602.653 3587.446 3581.322 3575.775 3571.101 3566.635 3552.67 3544.495 3539.399 3535.304 3525.551 3519.015 3511.259 3503.869 3498.719 3490.728 3487.043
3610.944 3613.907 3617.148 3620.307 3623.022 3627.753 3630.078 3632.884 3635.811 3641.759 3644.646 3647.65 3651.103 3655.009 3662.76 3665.489 3667.887 3671.985 3679.267 3673.042 3663.586 3654.552 3645.103 3638.653 3634.791 3627.9 3619.512 3608.756 3591.765 3584.37 3578.104 3573.323 3568.534 3556.087 3550.026 3544.494 3539.792 3529.39 3523.214 3516.558 3510.085 3505.023 3496.806 3492.015
3605.874 3608.926 3612.238 3615.532 3621.349 3623.705 3626.024 3628.665 3631.773 3638.067 3641.006 3643.8 3646.993 3651.201 3659.689 3663.351 3667.442 3672.779 3678.209 3682.841 3677.475 3669.267 3661.62 3649.057 3643.756 3636.56 3625.855 3615.414 3595.759 3586.967 3580.01 3575.81 3570.978 3560.621 3555.416 3549.967 3545.248 3533.717 3527.038 3520.902 3515.525 3510.903 3503.416 3492.015
3600.878 3603.712 3606.906 3610.384 3616.657 3619.227 3621.632 3624.271 3627.44 3634.103 3637.303 3640.263 3643.309 3647.286 3655.557 3659.412 3663.259 3667.924 3678.26 3681.778 3680.177 3674.407 3669.83 3655.336 3647.369 3639.066 3630.004 3620.797 3598.567 3590.889 3584.032 3579.572 3570.615 3565.585 3560.802 3555.416 3549.601 3537.247 3530.674 3524.408 3519.189 3510.903 3503.416 3497.856
3596.674 3599.018 3601.86 3605.081 3611.644 3614.394 3616.966 3619.852 3623.146 3629.916 3633.17 3636.138 3639.347 3642.84 3650.906 3654.983 3659.007 3663.16 3671.999 3676.125 3679.213 3680.141 3679.573 3658.149 3649.127 3639.626 3632.076 3621.813 3601.477 3595.705 3590.365 3585.26 3576.049 3570.633 3564.986 3558.979 3552.515 3540.715 3535.403 3524.408 3519.189 3515.981 3508.079 3502.025
3592.805 3595.039 3597.537 3600.312 3606.518 3609.487 3612.307 3615.355 3618.727 3625.458 3628.662 3631.745 3635.098 3638.488 3645.883 3650.142 3654.476 3658.791 3667.774 3673.016 3678.725 3683.048 3682.592 3664.275 3655.471 3645.827 3636.715 3625.874 3608.824 3601.859 3596.458 3591.1 3581.242 3574.734 3567.613 3561.11 3555.77 3545.422 3535.403 3529.851 3524.688 3523.248 3512.747 3506.241
3588.955 3591.103 3593.479 3596.172 3601.582 3604.376 3607.288 3610.436 3613.846 3620.898 3624.301 3627.524 3630.845 3637.665 3641.344 3645.564 3650.39 3655.275 3663.382 3668.491 3674.594 3679.128 3680.51 3670.016 3662.287 3654.141 3644.47 3634.415 3616.894 3609.269 3602.846 3596.579 3583.987 3577.275 3570.373 3564.327 3555.77 3545.422 3540.775 3536.337 3532.363 3529.068 3519.064 3512.571
3585.08 3587.212 3589.511 3592.056 3597.177 3599.633 3602.23 3605.165 3608.586 3615.902 3619.653 3623.167 3626.552 3633.669 3637.458 3641.608 3646.341 3651.343 3659.817 3664.047 3669.049 3673.362 3674.646 3671.274 3667.17 3660.561 3651.717 3633.462 3623.859 3615.184 3607.282 3599.689 3585.545 3579.685 3570.373 3564.327 3559.951 3553.031 3547.623 3542.488 3538.234 3532.093 3525.563 3519.545
3581.094 3583.208 3585.497 3587.929 3592.882 3595.245 3597.613 3600.168 3603.098 3610.227 3614.165 3618.076 3621.885 3629.613 3633.777 3637.837 3642.234 3647.141 3656.124 3660.214 3664.234 3668.198 3670.537 3671.844 3670.073 3664.673 3657.713 3641.449 3631.534 3621.382 3612.018 3602.715 3585.545 3579.685 3574.961 3570.638 3567.738 3561.954 3556.55 3550.467 3545.697 3542.618 3535.492 3528.293
3577.158 3579.171 3581.366 3583.801 3588.655 3590.916 3593.168 3595.578 3598.18 3604.266 3608.117 3612.476 3616.863 3625.871 3630.252 3634.507 3638.918 3643.535 3652.793 3657.095 3660.798 3664.501 3668.247 3671.916 3671.383 3668.723 3663.844 3649.129 3639.702 3629.136 3618.399 3602.715 3587.471 3581.568 3579.037 3579.585 3579.337 3569.778 3563.381 3558.008 3554.195 3548.955 3544.733 3540.891
3573.201 3575.167 3577.267 3579.576 3584.363 3586.626 3588.787 3591.052 3596.292 3599.061 3602.297 3606.555 3611.988 3622.394 3627.042 3631.444 3635.879 3640.503 3649.561 3653.905 3658.04 3661.991 3669.282 3674.638 3678.037 3675.631 3670.382 3656.156 3646.876 3629.136 3618.399 3606.425 3593.232 3588.029 3585.986 3587.634 3588.099 3578.636 3571.19 3564.486 3559.874 3556.959 3554.545 3551.597
3569.252 3570.878 3572.918 3575.159 3579.815 3582.145 3584.378 3586.675 3592.014 3594.935 3597.989 3601.877 3607.442 3618.918 3623.847 3628.228 3632.733 3637.327 3646.041 3650.418 3654.884 3659.296 3667.93 3673.4 3678.677 3681.336 3680.34 3656.156 3646.876 3635.711 3623.051 3611.342 3598.373 3596.496 3596.767 3599.589 3591.696 3585.945 3580.119 3573.781 3569.485 3566.631 3564.726 3561.438
3565.162 3566.585 3568.244 3570.249 3574.857 3577.208 3579.539 3582.123 3587.964 3591.191 3594.774 3598.691 3603.497 3615.108 3620.368 3625.069 3629.405 3633.742 3642.411 3646.862 3651.455 3656.131 3666.002 3672.151 3678.454 3681.336 3680.34 3664.08 3654.177 3643.139 3631.777 3620.746 3604.535 3602.668 3605.436 3606.692 3599.02 3592.933 3587.089 3583.086 3583.671 3577.65 3573.549 3568.808
3561.074 3562.078 3563.314 3566.927 3569.079 3571.55 3574.344 3577.362 3583.926 3587.686 3591.654 3595.724 3600.146 3611.053 3616.589 3621.594 3625.768 3629.986 3638.626 3643.099 3647.802 3652.745 3662.907 3669.019 3678.454 3683.497 3686.092 3674.493 3664.283 3655.551 3646.256 3634.024 3617.282 3614.243 3612.432 3610.905 3604.178 3599.575 3595.933 3594.494 3593.216 3586.905 3582.032 3575.763
3557.577 3558.486 3559.736 3561.875 3563.237 3565.427 3568.594 3572.33 3580.817 3585.095 3589.072 3593.038 3597.296 3606.838 3612.148 3617.292 3621.975 3630.372 3634.734 3639.159 3643.809 3648.923 3662.907 3669.019 3675.867 3681.605 3685.496 3684.246 3677.046 3668.37 3659.742 3636.779 3627.684 3623.086 3620.765 3616.399 3608.616 3604.875 3603.64 3604.689 3601.942 3593.42 3586.989 3580.647
3555.22 3556.303 3557.361 3559.181 3559.414 3559.982 3562.849 3567.365 3577.828 3582.582 3586.54 3590.23 3594.163 3602.523 3607.43 3612.584 3617.503 3626.509 3630.835 3635.235 3643.809 3648.923 3659.688 3665.565 3671.947 3677.804 3682.741 3687.841 3685.031 3678.72 3669.743 3648.307 3639.902 3633.266 3626.81 3620.848 3614.583 3613.223 3612.66 3611.486 3608.402 3599.732 3591.967 3584.473
3553.329 3554.356 3555.226 3556.769 3556.376 3556.31 3558.872 3562.293 3573.918 3579.485 3583.778 3587.203 3590.846 3598.61 3602.875 3607.847 3612.944 3622.406 3630.835 3635.235 3639.766 3644.709 3655.937 3661.864 3667.915 3674.088 3679.653 3688.016 3689.243 3686.263 3679.968 3661.241 3652.504 3643.474 3634.919 3625.771 3619.945 3621.638 3621.496 3618.118 3613.393 3602.864 3596.364 3590.149
3551.661 3552.751 3553.737 3555.054 3555.385 3556.38 3558.142 3560.313 3569.248 3575.28 3580.129 3584.116 3587.639 3595.109 3598.951 3603.152 3608.184 3622.406 3626.795 3631.154 3635.702 3640.32 3651.906 3658.099 3664.151 3670.145 3675.84 3685.842 3690.6 3692.474 3689.197 3674.264 3665.843 3655.962 3645.054 3635.558 3628.121 3629.604 3627.992 3623.823 3618.661 3604.6 3599.278 3595.379
3550.563 3551.796 3553.021 3554.544 3555.371 3556.276 3557.762 3559.586 3565.502 3571.364 3576.513 3580.754 3588.12 3591.731 3595.43 3603.152 3608.184 3618.054 3622.676 3627.131 3631.702 3636.481 3647.755 3654.187 3660.402 3666.073 3677.603 3681.81 3688.523 3698.167 3699.819 3684.715 3675.095 3665.18 3654.274 3645.41 3639.781 3637.813 3633.633 3628.237 3622.873 3609.359 3603.543 3599.051
3550.134 3551.33 3552.709 3554.382 3555.294 3556.193 3557.561 3558.909 3563.514 3568.224 3573.263 3577.534 3584.916 3591.731 3595.43 3599.318 3603.622 3613.451 3618.254 3622.947 3627.686 3632.636 3643.678 3649.804 3655.788 3661.388 3672.982 3679.053 3686.461 3695.844 3703.887 3697.622 3686.242 3675.162 3664.273 3656.228 3648.208 3644.537 3639.618 3633.701 3620.981 3614.432 3607.957 3602.596
3550.311 3551.72 3552.864 3554.487 3555.561 3556.562 3557.558 3558.996 3562.754 3566.273 3570.544 3574.914 3584.916 3588.48 3592.028 3595.784 3599.667 3608.928 3613.861 3618.633 3623.469 3628.654 3639.691 3645.479 3651.285 3656.868 3668.624 3675.146 3682.367 3690.89 3698.949 3704.111 3696.741 3685.592 3676.256 3665.548 3653.819 3648.758 3643.982 3637.865 3624.311 3618.054 3611.625 3605.724
3551.417 3552.588 3553.613 3555.03 3555.955 3556.841 3557.725 3560.376 3562.425 3565.273 3570.544 3574.914 3581.779 3585.23 3588.819 3592.408 3596.116 3604.579 3609.58 3614.448 3619.353 3624.59 3635.776 3641.539 3647.205 3652.604 3663.862 3670.858 3678.153 3685.317 3692.529 3699.799 3696.793 3690.706 3684.573 3673.561 3657.008 3650.698 3645.13 3638.987 3625.491 3619.362 3613.661 3608.022
3552.749 3553.748 3554.626 3555.974 3556.677 3557.356 3557.842 3560.029 3562.425 3565.273 3568.698 3572.594 3579.052 3582.158 3585.64 3589.231 3592.873 3600.955 3605.552 3610.457 3615.328 3625.832 3631.713 3637.656 3643.404 3648.726 3659.728 3666.71 3674.43 3681.44 3687.598 3691.982 3692.38 3691.036 3685.228 3665.799 3657.685 3651.569 3645.286 3639.592 3626.129 3619.849 3614.484 3609.293
3554.728 3555.507 3556.15 3557.228 3557.526 3557.663 3557.842 3560.029 3561.859 3564.603 3567.511 3570.659 3576.552 3579.369 3582.419 3586.136 3589.729 3597.514 3601.803 3606.519 3611.347 3621.674 3627.535 3633.699 3639.619 3645.228 3656.643 3663.109 3670.467 3677.762 3683.074 3688.951 3689.907 3688.997 3683.638 3664.607 3657.29 3651.383 3644.562 3639.284 3627.367 3621.758 3617.203 3612.316
3557.715 3558.241 3558.567 3558.674 3558.732 3557.663 3558.182 3559.86 3561.679 3564.071 3566.664 3569.26 3574.549 3577.184 3579.948 3582.941 3586.524 3594.343 3598.33 3602.595 3607.524 3618.07 3623.858 3629.902 3635.895 3641.823 3653.869 3660.034 3666.821 3674.104 3680.079 3687.175 3688.311 3687.815 3682.395 3663.614 3656.767 3651.163 3644.947 3639.901 3629.981 3624.944 3620.585 3616.277
3560.672 3561.24 3561.258 3558.674 3558.732 3558.817 3558.928 3559.867 3561.571 3563.531 3565.545 3568.279 3573.188 3575.437 3577.677 3580.278 3587.118 3591.044 3595.045 3599.224 3603.668 3614.637 3620.326 3626.19 3632.474 3638.888 3651.548 3658.028 3664.775 3671.92 3678.313 3686.063 3687.708 3687.548 3682.414 3664.71 3658.112 3653.134 3647.81 3642.72 3632.815 3627.428 3622.245 3618.34
3562.974 3561.24 3561.258 3561.008 3560.529 3560.213 3560.098 3560.696 3561.888 3563.698 3565.519 3568.033 3572.437 3574.237 3575.985 3578.291 3583.992 3588.087 3592.195 3596.216 3600.224 3611.154 3616.743 3622.511 3629.013 3635.769 3649.545 3656.901 3663.932 3670.79 3682.308 3685.857 3688.372 3688.748 3683.717 3668.227 3661.167 3655.836 3650.846 3645.898 3635.308 3629.028 3623.111 3619.571
3562.974 3563.65 3563.657 3562.956 3562.129 3561.814 3562.032 3562.838 3563.482 3564.74 3566.888 3568.613 3572.327 3574.127 3575.927 3577.424 3582.003 3585.663 3589.76 3593.864 3598.085 3607.799 3613.529 3619.298 3625.569 3632.68 3647.585 3656.278 3664.02 3670.884 3682.734 3687.118 3690.455 3691.184 3686.138 3672.072 3664.546 3658.546 3653.469 3648.421 3637.99 3631.77 3625.864 3622.168
3565.051 3565.84 3565.848 3565.031 3564.5 3564.333 3564.63 3565.386 3566.101 3567.145 3568.308 3569.789 3572.913 3574.257 3575.863 3577.377 3580.643 3583.69 3587.875 3592.119 3596.321 3604.975 3610.941 3616.791 3622.992 3630.356 3646.607 3656.263 3664.789 3671.837 3684.939 3691.19 3695.14 3695.193 3689.787 3675.709 3667.96 3661.277 3655.693 3650.418 3639.103 3635.071 3631.76 3628.306
3566.895 3567.531 3567.931 3567.801 3567.538 3567.354 3567.624 3568.297 3568.817 3569.458 3570.317 3572.539 3573.695 3574.82 3576.163 3577.465 3579.851 3582.415 3586.539 3591.004 3594.934 3603.605 3609.385 3615.368 3621.337 3637.396 3646.819 3656.661 3665.745 3673.7 3691.213 3699.309 3702.082 3700.286 3694.177 3679.134 3671.115 3663.776 3658.391 3655.749 3651.405 3645.227 3640.885 3635.483
