var/www/cgi-bin/BAERTOOLS/ravel/working/ravel-26931.DEM
NCOLS 47
NROWS 172
XLLCORNER 276896.32
YLLCORNER 3833168.9
CELLSIZE 10
NODATA_VALUE -9999
[rows 76 to 113 of 172, columns 0 to 46 of 47]
1515.201 1520.186 1524.486 1532.686 1535.014 1536.213 1538.087 1542.652 1546.337 1551.927 1551.932 1550.19 1548.217 1548.298 1557.346 1562.618 1566.692 1570.245 1573.558 1575.317 1574.219 1572.333 1569.548 1566.375 1562.984 1560.305 1555.358 1553.153 1550.607 1548.101 1544.986 1538.715 1538.925 1540.582 1542.298 1544.803 1547.494 1553.85 1557.632 1556.823 1558.291 1558.746 1558.863 1560.238 1560.569 1560.41 1560.043
1507.946 1512.946 1517.753 1524.372 1526.584 1529.687 1534.18 1538.238 1541.945 1545.086 1544.027 1541.567 1540.456 1545.06 1557.32 1562.531 1566.304 1569.777 1573.849 1576.379 1576.455 1574.269 1571.484 1567.724 1563.539 1558.256 1556.559 1554.277 1551.88 1549.686 1546.959 1541.66 1541.736 1544.129 1546.51 1548.854 1551.167 1556.799 1557.632 1560.765 1562.534 1562.786 1563.039 1563.814 1564.434 1564.682 1564.537
1502.077 1505.478 1509.066 1516.224 1520.681 1525.868 1530.957 1534.776 1539.422 1538.851 1536.964 1535.958 1538.184 1543.568 1554.656 1559.704 1564.147 1567.711 1571.862 1575.028 1577.176 1575.656 1573.302 1569.761 1565.264 1559.716 1557.947 1555.911 1553.628 1550.834 1548.362 1545.051 1545.546 1547.826 1550.15 1552.629 1555.038 1556.799 1559.851 1562.774 1564.939 1565.913 1566.623 1567.406 1568.143 1568.767 1568.892
1500.476 1501.127 1502.743 1509.53 1515.664 1522.348 1526.963 1529.143 1532.07 1530.921 1530.123 1532.955 1538.326 1542.678 1550.512 1555.005 1559.881 1564.145 1568.42 1572.637 1576.672 1576.397 1575.352 1572.699 1568.567 1562.231 1559.963 1557.718 1554.927 1551.704 1549.276 1547.517 1548.217 1550.628 1553.399 1552.629 1557.773 1560.384 1562.923 1565.482 1567.618 1568.76 1569.837 1570.913 1572.045 1572.73 1572.74
1500.548 1500.625 1501.392 1504.702 1509.581 1515.339 1520.569 1522.454 1522.785 1523.493 1526.344 1531.103 1536.145 1540.011 1546.444 1550.562 1555.162 1560.851 1565.118 1575.315 1577.356 1577.411 1576.208 1574.712 1571.904 1564.371 1561.923 1559.409 1556.448 1553.211 1551.09 1550.413 1551.047 1553.168 1553.399 1556.038 1561.224 1563.751 1566.273 1568.715 1570.712 1572.119 1573.302 1574.194 1575.54 1576.603 1576.409
1500.487 1500.57 1500.407 1501.128 1503.75 1508.225 1512.563 1514.381 1514.911 1517.894 1523.237 1527.432 1531.204 1535.836 1545.027 1550.257 1554.751 1560.297 1565.445 1574.823 1576.315 1575.415 1574.105 1573.945 1572.268 1565.613 1562.906 1559.816 1557.27 1555.696 1554.076 1554.475 1554.915 1553.168 1555.909 1558.631 1563.944 1566.553 1569.16 1571.622 1573.748 1575.647 1577.271 1577.923 1579.092 1580.205 1579.663
1500.344 1499.916 1499.663 1499.593 1500.634 1503.424 1505.729 1505.808 1510.235 1514.376 1519.468 1524.272 1528.99 1540.361 1545.96 1551.432 1556.337 1561.11 1565.159 1572.998 1573.266 1571.54 1570.35 1570.5 1570.914 1566.554 1563.268 1560.353 1558.739 1558.094 1557.471 1558.175 1554.915 1556.064 1557.748 1560.546 1566.094 1568.803 1571.257 1573.679 1576.576 1579.115 1581.058 1582.311 1583.028 1583 1582.214
1500.463 1498.63 1495.121 1495.781 1498.07 1499.727 1500.3 1499.581 1507.667 1513.013 1518.074 1523.756 1529.624 1541.434 1547.028 1553.649 1559.274 1561.911 1563.979 1568.833 1567.746 1565.6 1566.28 1569.098 1571.044 1569.063 1566.172 1562.481 1559.246 1559.041 1559.396 1558.175 1558.167 1558.022 1559.111 1561.513 1568.042 1570.792 1572.682 1575.028 1579.401 1583.318 1583.909 1584.761 1585.242 1585.074 1583.955
1501.179 1498.399 1489.456 1488.939 1491.811 1493.784 1495.105 1501.699 1507.309 1512.692 1517.456 1523.09 1529.276 1541.597 1547.955 1555.334 1561.115 1563.114 1563.772 1562.134 1560.086 1558.422 1560.93 1565.752 1571.747 1571.55 1568.426 1563.845 1561.345 1560.04 1559.396 1559.85 1559.782 1559.368 1559.498 1560.04 1569.334 1572.234 1574.743 1577.56 1580.115 1584.586 1585.221 1585.522 1585.744 1585.564 1584.892
1501.624 1499.601 1490.228 1486.809 1487.222 1488.38 1491.374 1501.927 1506.879 1511.66 1515.884 1520.49 1526.068 1539.935 1546.532 1554.26 1560.29 1561.526 1561.849 1559.43 1556.435 1555.614 1558.111 1561.626 1568.654 1569.669 1568.675 1564.677 1560.582 1560.04 1559.978 1560.067 1559.964 1559.774 1559.955 1565.068 1568.693 1571.615 1573.673 1575.846 1578.354 1583.065 1584.257 1584.846 1585.325 1585.702 1585.433
1501.374 1497.845 1493.796 1489.399 1486.992 1487.304 1490.626 1501.582 1505.314 1509.031 1513.034 1517.273 1522.475 1536.776 1544.021 1550.701 1555.37 1558.421 1558.384 1554.097 1549.868 1550.332 1555.229 1558.83 1562.147 1563.448 1563.624 1564.677 1560.582 1560.141 1560.56 1560.819 1560.499 1559.543 1559.134 1563.818 1566.795 1569.199 1571.392 1573.789 1575.924 1580.02 1581.68 1582.978 1584.165 1585.701 1585.875
1501.006 1497.283 1495.043 1491.132 1487.289 1487.505 1489.402 1499.342 1502.83 1506.309 1510.924 1515.609 1520.793 1534.053 1540.549 1545.366 1548.335 1549.978 1550.11 1547.571 1545.764 1547.11 1550.599 1553.248 1556.837 1558.511 1563.624 1562.306 1561.373 1559.935 1558.861 1558.451 1558.086 1557.928 1557.959 1560.584 1563.604 1566.509 1569.268 1571.938 1573.91 1576.692 1578.433 1580.652 1582.833 1584.798 1585.899
1501.094 1496.974 1494.604 1491.224 1488.131 1487.586 1488.104 1495.103 1499.095 1503.621 1509.864 1515.029 1525.245 1531.093 1536.255 1539.605 1541.423 1542.521 1542.831 1541.223 1540.669 1542.731 1545.711 1547.381 1550.346 1558.511 1559.163 1558.812 1558.504 1556.769 1555.864 1555.106 1554.363 1553.961 1555.125 1558.674 1560.955 1563.613 1566.306 1568.828 1571.235 1573.136 1574.955 1578.003 1581.082 1583.497 1586.787
1500.702 1497.214 1494.502 1491.753 1489.213 1487.971 1487.618 1491.559 1496.919 1502.506 1508.768 1514.257 1522.465 1525.908 1529.112 1531.913 1533.711 1534.815 1535.747 1534.801 1535.044 1537.402 1539.51 1541.411 1550.346 1552.787 1554.691 1555.687 1555.165 1553.316 1551.932 1550.016 1548.444 1549.116 1552.499 1556.522 1558.27 1560.493 1562.774 1564.701 1569.172 1570.967 1573.426 1576.625 1579.656 1582.296 1587.186
1501.534 1497.462 1494.24 1491.394 1489.103 1487.9 1487.543 1490.541 1495.817 1501.649 1507.622 1512.948 1518.585 1520.906 1522.621 1524.021 1525.463 1526.426 1527.252 1527.113 1528.596 1531.948 1534.293 1543.543 1546.053 1548.807 1550.931 1551.68 1551.634 1549.49 1547.413 1545.772 1545.749 1547.789 1550.676 1552.783 1554.107 1556.237 1558.52 1560.394 1566.254 1569.746 1572.842 1575.751 1578.345 1580.815 1586
1502.029 1497.43 1493.352 1489.641 1487.669 1487.216 1487.449 1490.228 1494.86 1500.051 1505.071 1509.732 1514.818 1515.74 1516.453 1517.41 1518.94 1520.375 1521.105 1521.745 1523.625 1526.515 1534.293 1538.667 1541.499 1544.75 1547.341 1548.226 1548.014 1544.778 1541.844 1540.778 1542.486 1545.118 1547.585 1548.609 1549.383 1551.032 1553.841 1557.701 1565.029 1568.482 1571.629 1574.382 1576.486 1578.482 1583.448
1500.698 1497.422 1492.699 1488.639 1486.528 1486.442 1487.186 1489.585 1493.672 1498.115 1501.906 1505.228 1510.246 1510.884 1511.126 1512.014 1514.04 1515.677 1515.761 1516.945 1519.573 1526.515 1529.473 1535.101 1537.771 1541.012 1543.743 1544.553 1544.236 1540.162 1536.947 1536.457 1538.644 1539.784 1542.095 1543.537 1545.537 1547.99 1551.888 1556.862 1564.443 1566.967 1569.514 1572.137 1574.28 1575.405 1579.839
1500.098 1496.909 1492.962 1489.307 1486.3 1485.845 1486.815 1488.427 1491.288 1495.042 1498.515 1501.13 1505.26 1506.498 1507.489 1508.428 1510.045 1511.427 1511.53 1516.945 1519.573 1522.628 1525.016 1531.985 1535.536 1538.542 1540.676 1541.207 1540.529 1537.246 1534.977 1534.357 1535.262 1535.84 1536.681 1539.369 1542.992 1546.904 1551.242 1555.696 1563.08 1564.767 1566.342 1568.411 1570.673 1573.102 1576.039
1497.895 1494.926 1492.461 1490.319 1487.671 1485.402 1486.089 1487.095 1489.125 1492.261 1495.533 1500.261 1502.008 1503.194 1504.049 1504.791 1505.683 1508.44 1511.53 1512.616 1515.024 1518.617 1522.139 1529.595 1533.975 1537.149 1538.621 1538.787 1537.021 1534.643 1532.537 1531.511 1531.541 1532.297 1534.475 1536.736 1539.497 1543.464 1548.204 1552.519 1560.986 1562.848 1563.133 1563.224 1564.605 1570.661 1573.458
1492.957 1491.428 1491.127 1490.459 1488.199 1484.853 1485.013 1486.047 1488.058 1490.028 1492.743 1497.199 1498.578 1499.676 1500.581 1500.979 1501.697 1508.44 1509.32 1510.624 1513.139 1517.593 1522.038 1527.866 1530.952 1534.162 1535.692 1535.681 1533.976 1531.984 1529.79 1527.942 1527.315 1528.289 1532.039 1533.73 1535.755 1538.985 1543.916 1548.526 1556.866 1559.036 1559.121 1559.292 1561.767 1568.083 1571.115
1489.467 1488.6 1489.183 1489.126 1486.936 1484.371 1483.408 1483.417 1486.384 1488.896 1491.041 1494.04 1495.033 1496.309 1497.611 1498.113 1501.697 1506.006 1508.344 1510.445 1513.644 1518.211 1525.747 1527.771 1528.851 1529.802 1530.907 1530.98 1530.006 1528.682 1526.963 1525.018 1524.064 1525.743 1529.332 1531.092 1533.256 1535.407 1539.243 1550.119 1552.913 1553.69 1553.636 1555.276 1559.241 1564.316 1567.487
1489.155 1488.035 1487.425 1486.912 1485.224 1479.06 1476.749 1478.69 1483.071 1486.661 1488.953 1491.273 1491.636 1492.484 1494.423 1498.113 1499.651 1504.837 1507.655 1510.59 1513.716 1517.56 1523.742 1525.059 1525.497 1525.981 1526.501 1526.504 1526.249 1525.231 1523.839 1522.599 1522.507 1524.179 1527.205 1528.686 1531.11 1534.069 1537.262 1546.344 1548.474 1548.422 1548.397 1550.554 1554.346 1560.175 1562.777
1490.645 1488.953 1487.385 1485.875 1484.009 1478.309 1475.637 1476.397 1479.555 1483.158 1486.069 1488.143 1487.944 1488.499 1494.423 1496.851 1502.148 1505.338 1508.638 1511.438 1513.633 1515.462 1519.899 1521.265 1521.726 1522.216 1522.581 1522.853 1522.32 1521.227 1520.375 1520.219 1520.343 1523.628 1524.586 1526.148 1529.11 1532.659 1535.832 1540.478 1541.224 1542.177 1544.565 1547.39 1549.52 1556.766 1560.523
1491.292 1489.547 1487.71 1485.691 1483.621 1478.245 1475.798 1475.875 1477.877 1480.628 1483.293 1485.553 1486.012 1488.499 1491.504 1496.146 1502.067 1505.213 1508.124 1510.678 1512.849 1514.338 1516.093 1516.949 1517.27 1517.722 1518.1 1518.251 1517.849 1516.532 1515.568 1516.433 1517.935 1521.592 1522.862 1524.942 1527.582 1530.098 1532.759 1535.167 1535.888 1538.379 1541.971 1545.245 1548.393 1554.098 1557.9
1491.18 1489.838 1487.895 1485.72 1483.396 1477.382 1475.26 1475.55 1476.492 1478.859 1483.248 1485.553 1486.012 1487.644 1491.407 1496.668 1502.37 1504.39 1506.244 1508.165 1510.205 1511.563 1512.378 1512.512 1512.664 1513.129 1513.564 1513.789 1513.737 1512.728 1512.088 1513.608 1515.806 1519.555 1521.818 1524.223 1526.423 1527.996 1529.205 1532.81 1535.278 1538.22 1542 1546.394 1551.797 1552.96 1554.202
1490.717 1489.4 1487.964 1485.805 1483.362 1478.749 1476.287 1475.329 1475.87 1477.752 1483.248 1484.983 1486.251 1488.502 1492.96 1497.745 1502.245 1502.963 1503.371 1504.393 1506.35 1506.996 1507.69 1508.001 1508.566 1509.403 1509.649 1510.338 1510.618 1510.422 1510.725 1512.188 1513.333 1517.154 1519.424 1521.92 1524.076 1524.882 1525.488 1531.161 1534.881 1537.98 1540.391 1543.916 1549.72 1549.57 1550.043
1488.895 1488.145 1486.939 1485.198 1482.99 1479.57 1477.226 1475.29 1475.616 1477.752 1482.105 1484.754 1486.811 1489.426 1493.589 1497.649 1501.356 1501.587 1501.53 1501.567 1501.814 1501.821 1502.399 1503.15 1503.9 1505.046 1506.288 1507.075 1507.86 1508.665 1509.234 1510.359 1511.976 1515.56 1516.891 1518.141 1519.992 1522.293 1525.531 1528.345 1532.575 1536.224 1537.611 1539.167 1545.062 1547.148 1549.084
1487.181 1486.914 1485.853 1484.252 1480.601 1479.065 1477.145 1475.553 1475.616 1476.948 1481.189 1484.287 1487.212 1489.167 1491.478 1494.133 1498.277 1498.315 1497.883 1497.475 1497.225 1497.954 1498.676 1499.371 1500.114 1501.38 1503.429 1504.104 1505.229 1506.223 1507.121 1509.319 1510.885 1513.45 1513.43 1514.98 1519.227 1521.377 1523.767 1525.64 1529.054 1532.827 1534.739 1536.037 1543.591 1547.478 1551.007
1485.782 1485.708 1484.751 1483.281 1480.374 1478.9 1477.215 1475.553 1475.488 1475.969 1480.278 1483.268 1486.358 1488.816 1490.494 1492.602 1493.416 1492.812 1491.776 1491.516 1492.483 1494.813 1496.025 1497.21 1498.585 1500.599 1501.195 1501.52 1502.389 1503.694 1506.004 1507.986 1509.886 1511.149 1512.197 1515.09 1520.31 1522.885 1526.158 1528.223 1531.911 1535.893 1537.233 1538.666 1545.439 1549.348 1553.291
1485.601 1485.013 1484.071 1482.796 1480.164 1478.827 1477.215 1475.852 1475.478 1475.454 1478.703 1481.478 1484.369 1486.952 1488.242 1488.819 1488.724 1487.927 1487.088 1487.479 1489.27 1491.903 1493.972 1495.72 1497.179 1498.348 1498.487 1499.752 1500.898 1502.81 1505.356 1507.11 1510.895 1513.46 1516.226 1519.823 1523.796 1525.668 1529.745 1532.493 1535.542 1538.331 1540.195 1542.333 1548.576 1552.16 1556.685
1485.129 1484.717 1483.702 1482.419 1480.164 1478.827 1477.306 1475.961 1475.565 1475.437 1476.836 1478.763 1481.287 1483.93 1485.207 1485.943 1485.835 1485.189 1485.469 1486.834 1487.886 1490.808 1493.055 1494.265 1495.316 1496.502 1499.439 1500.779 1502.226 1503.949 1505.751 1507.358 1513.246 1517.043 1521.326 1524.641 1526.57 1528.384 1532.295 1535.166 1538.077 1540.784 1543.326 1548.661 1552.047 1555.828 1559.697
1485.839 1484.864 1483.527 1482.419 1479.77 1478.52 1477.225 1475.931 1475.216 1475.181 1475.781 1477.116 1479.138 1481.085 1482.167 1482.263 1482.915 1483.64 1485.253 1487.286 1488.653 1490.47 1491.703 1492.771 1494.452 1497.458 1501.101 1501.749 1502.016 1502.766 1505.218 1509.579 1514.538 1519.415 1524.637 1527.133 1528.363 1529.46 1533.694 1536.275 1539.03 1542.125 1545.516 1551.688 1554.799 1558.142 1559.697
1486.782 1485.412 1483.527 1482.067 1479.335 1478.177 1477.09 1475.85 1474.757 1474.821 1475.248 1476.133 1477.584 1479.234 1479.268 1477.679 1479.722 1482.576 1485.229 1487.707 1488.987 1488.948 1489.808 1490.924 1492.386 1495.844 1500.088 1500.409 1499.925 1500.846 1505.179 1510.742 1517.7 1521.779 1525.007 1526.682 1527.683 1531.165 1533.895 1536.4 1539.106 1542.262 1546.464 1552.684 1556.095 1558.142 1561.275
1487.716 1485.412 1483.52 1480.269 1478.873 1477.855 1476.989 1475.569 1474.281 1474.868 1475.296 1475.871 1476.821 1477.694 1476.631 1476.739 1478.346 1480.344 1483.216 1485.412 1486.142 1486.813 1488.187 1489.149 1489.774 1492.179 1498.146 1499.248 1500.578 1503.458 1508.029 1512.346 1518.365 1521.423 1523.425 1524.949 1525.942 1529.525 1532.819 1535.919 1538.706 1541.981 1545.884 1551.841 1556.095 1559.809 1562.27
1487.716 1486.215 1484.143 1479.171 1478.183 1477.303 1476.432 1474.848 1473.751 1474.645 1475.31 1476.083 1476.576 1476.272 1475.601 1476.819 1478.313 1479.778 1481.115 1482.547 1483.844 1485.299 1486.762 1487.313 1488.397 1492.214 1498.845 1501.576 1505.495 1510.176 1513.005 1515.676 1517.611 1519.175 1520.345 1521.469 1522.969 1526.959 1530.636 1534.419 1537.574 1540.308 1543.57 1551.841 1555.869 1560.197 1562.28
1487.958 1486.183 1483.874 1477.853 1476.263 1476.12 1475.386 1473.704 1473.166 1474.536 1475.417 1476.165 1476.535 1476.149 1475.521 1476.357 1477.593 1478.462 1478.63 1479.604 1483.053 1484.817 1486.458 1487.974 1490.657 1495.11 1502.768 1506.743 1510.905 1513.579 1513.956 1513.95 1514.115 1514.468 1515.077 1516.349 1518.596 1524.654 1528.041 1531.335 1534.045 1540.308 1543.57 1548.683 1551.974 1556.091 1559.32
1487.911 1485.569 1482.461 1477.938 1476.26 1475.326 1474.484 1473.155 1472.635 1474.354 1475.536 1476.292 1476.538 1476.206 1474.972 1475.456 1476.217 1476.436 1476.296 1477.043 1482.716 1484.689 1486.432 1489.999 1495.402 1499.753 1504.194 1507.59 1511.022 1512.408 1512.355 1511.157 1510.96 1511.075 1511.199 1511.807 1514.388 1522.732 1525.929 1527.949 1534.045 1536.658 1541.387 1544.534 1547.641 1550.031 1551.787
1487.709 1485.494 1483.35 1478.218 1476.733 1475.378 1474.188 1472.927 1472.548 1473.902 1475.268 1476.26 1476.634 1476.249 1474.402 1474.489 1474.648 1474.889 1475.72 1477.388 1484.716 1485.967 1487.918 1492.942 1499.528 1502.371 1504.022 1506.299 1507.708 1508.047 1508.155 1507.594 1507.626 1507.949 1508.524 1509.567 1512.122 1518.688 1521.872 1527.949 1529.837 1531.946 1536.077 1538.782 1542.266 1545.531 1547.613
