var/www/cgi-bin/BAERTOOLS/ravel/working/ravel-14090.depgrd.txt
NCOLS 6
NROWS 56
XLLCORNER 277106.32
YLLCORNER 3831368.9
CELLSIZE 10
NODATA_VALUE -9999
0.084715954 0.092183561 0.032477757 0.032808569 0.021485744 0 
-3.5527137e-15 0.075907881 0.028848078 0 0.035064727 0 
0.034001395 0.009322222 0.040620052 0 0 0 
32.099414 7.1054274e-15 3.5527137e-15 -3.5527137e-15 0 0 
-1.7763568e-15 0 -3.5527137e-15 0 0 0 
-7.1054274e-15 3.5527137e-15 -3.5527137e-15 0 0 0 
0 -3.5527137e-15 0 0 0 0 
0.75976215 0.72609151 0.048526006 0.021885348 0.020003622 0 
1.0014854 0.67582729 0.43341548 -3.5527137e-15 0 0 
0.19646683 0.30567193 0.4483137 1.3086942 0.0096414615 0 
0.20955791 0.44999886 0.34284107 0.92811313 0.43199829 0.028318918 
0.060939147 0.16235902 0.48897675 0.092087661 1.3750342 0.16194756 
0.061722044 0.10139258 0.40584374 0.21528005 0.52840299 0.83191108 
0 0.026944308 1.7763568e-14 0.36662399 0 0 
0.10167976 0.058831804 1.4210855e-14 -3.5527137e-15 0.36269985 0.037790035 
0.063397781 0.035133912 0 0.14173224 0.02552104 0 
0.1725022 -7.1054274e-15 -3.5527137e-15 0.012743399 0.025902493 0.050740178 
0.014598675 0.044041184 0 3.5527137e-15 0.0917038 3.5527137e-15 
-1.0658141e-14 0.022212642 7.1054274e-15 -1.7763568e-14 0.058759103 0 
-2.8421709e-14 0 -7.1054274e-15 0 0.19609032 0.028331084 
1.7763568e-14 7.1054274e-15 1.4210855e-14 -3.5527137e-15 0.033841379 0.050743743 
7.1054274e-15 0 3.5527137e-15 -7.1054274e-15 7.1054274e-15 0 
-3.5527137e-15 3.5527137e-15 -7.1054274e-15 0 0 0 
0 3.5527137e-15 1.0658141e-14 0 3.5527137e-15 8.3597373e-05 
3.5527137e-15 -1.0658141e-14 -3.5527137e-15 0 3.5527137e-15 0 
0 3.5527137e-15 3.5527137e-15 -3.5527137e-15 0 0 
0 0 0 -3.5527137e-15 0 0 
0 0 0 0 0 0 
0 0 0 0 0 0 
0 0 0 0 0 0 
23.710553 0 0 0 0 0 
0 0 32.141077 1.7763568e-15 0 0 
5.3290705e-15 3.5527137e-15 -8.8817842e-16 0 0 0 
-7.1054274e-15 0 -3.5527137e-15 0 0 0 
0 0 0 0 0 0 
0.053878907 0 0.037376558 0 0 0 
0.0072016121 0.024876244 0.03482378 0 0 0 
0.017473391 0.038413549 3.5527137e-15 0.034944178 0.0024589342 0 
0.089306057 0.024339271 7.1054274e-15 0.0026446915 0.0020094669 0 
323.22656 0.00030746412 0.029530364 0.0090447535 -3.5527137e-15 0 
202.35164 0.13068097 0.031697626 7.1054274e-15 0 1.6098234e-15 
0.10777991 0.13796218 0.0084769067 0.0016442227 0 11.771394 
0 3.5527137e-15 0.033232016 0 -3.5527137e-15 0 
0 -7.1054274e-15 -3.5527137e-15 3.5527137e-15 0 0 
0 0 0 0 0 0 
62.205778 3.5527137e-15 0 0.016336533 0 0 
3.5527137e-15 -3.5527137e-15 3.5527137e-15 0 0 0 
0 0 0 0 0 0 
0 0 0 0 0 0 
0 0 0 0 0 0 
3.5527137e-15 7.1054274e-15 0 0 0 0 
0.082589375 0.027934564 0 0 0 0 
0.073917021 0.033589031 0.0087277952 3.5527137e-15 0 0 
0.074390025 0.05663467 0.030910695 -7.1054274e-15 0 0 
0 -8.8817842e-16 -3.5527137e-15 3.5527137e-15 0 0 
0 0 0.029052748 0 0 0 
