var/www/cgi-bin/BAERTOOLS/ravel/working/ravel-22208.depgrd.txt
NCOLS 88
NROWS 54
XLLCORNER 677881.89
YLLCORNER 4378214.9
CELLSIZE 10
NODATA_VALUE -9999
[rows 0 to 26 of 54, columns 0 to 60 of 88]
0 0 0 0 1.7763568e-15 0 0 0 0 0 -3.5527137e-15 0 0 3.5527137e-15 0 0.046842213 0 0 0 0 0 0 0 0 0 0 0 0.033283744 0 0.0095611426 0.020478907 0.018067618 0 -3.5527137e-15 0 0 0 0 0 0 0 0 0 0 0 0 0.019315107 0.021180242 0 0 0 0 0.02691799 0.048690856 0 0 0 0 0 0 0.0334717
0 0 0 0 -7.1054274e-15 -3.5527137e-15 0 0.05388929 0.026421806 0.039875632 0.030300273 0 3.5527137e-15 0.095127077 0.065901905 -1.0658141e-14 0.165581 0 3.5527137e-15 0 0 -3.5527137e-15 0 3.5527137e-15 0 -3.5527137e-15 0 0.0018329817 0.052167501 0.032804116 0.018760304 0.04739769 0.0077593002 0 3.5527137e-15 0 0 3.5527137e-15 0 0.031262373 0 0 0 0 3.5527137e-15 0 3.5527137e-15 0.023451292 0.00099003567 0.0091504941 -3.5527137e-15 0.054177011 0 3.5527137e-15 0.042191889 -3.5527137e-15 0 0 0 3.5527137e-15 0
0 -3.5527137e-15 0 0 0 0.039675517 0.035955505 0.058158917 0.060097644 0.029421834 0.07278286 0 0 0.045466216 0.076406387 0.053508779 0.038167049 0.25050808 0 0 0 0 3.5527137e-15 -3.5527137e-15 7.1054274e-15 0 3.5527137e-15 0.047724077 0.0086896169 0.035846618 0.082389469 0.04279022 0.009875733 -3.5527137e-15 7.1054274e-15 0 3.5527137e-15 0 0 0 -3.5527137e-15 0 0 0 0 3.5527137e-15 0.027609775 -7.1054274e-15 0.013349712 0.0033509736 0 0.076603999 3.5527137e-15 0.031936735 0.031788533 0.074155808 0 0 1.0658141e-14 7.1054274e-15 0
0 0 7.1054274e-15 0 0.035475655 0.044608679 0 0.053570441 0.033527848 0.020007878 0.014294424 0.11916435 0.11069696 0.13664322 0.17440797 0 3.5527137e-15 0.038424362 0.20178067 0.17657025 7.1054274e-15 0 0 0.034158344 0 3.5527137e-15 0.0028156266 -3.5527137e-15 3.5527137e-15 -3.5527137e-15 0.0068975647 0.060067155 0.1782854 0.039025076 0 7.1054274e-15 0.061730438 0 0.041827462 -3.5527137e-15 0 3.5527137e-15 -3.5527137e-15 -7.1054274e-15 0.028294207 0.022378216 0.0092241189 7.1054274e-15 0.10296915 0.0075432507 0.015248292 7.1054274e-15 0.023040058 0.069570475 0.23377871 0.17673348 0 0.042803223 0.030477042 3.5527137e-15 0
0 -3.5527137e-15 -3.5527137e-15 -3.5527137e-15 -7.1054274e-15 3.5527137e-15 0 0.3114558 0.28040203 0.2829556 0.28592838 0.61673198 0.059350776 0.004788155 1.0231774 1.005 1.3613444 1.1890815 1.0115782 0.93551695 2.1158061 0.97342857 0.053286651 0 0 0.069727212 0.038635246 0.014012513 0.01661772 0.13023921 0.0050809202 0 0.22747593 0.11776306 0.062754243 0.03910476 -3.5527137e-15 0.048693096 0.07353078 0 -7.1054274e-15 0 0.014544904 -3.5527137e-15 0.042517614 0 0.020600242 0.024053557 0.028815841 0.012765261 0.13792812 0.047677994 0.060264142 0.14837431 0.055696073 0.26180275 0.29339599 0.02434129 0.045690267 0.026713347 0
0 0 0 0.0029977386 0.035164951 0.13280363 0.098300524 0.051056013 0.22794461 0.62374403 0.60475929 0.46585838 0.35799706 0.49432781 0.4178554 0.6061344 0.77121085 0.97657805 0.8500774 1.1699326 0.26761212 0.89340189 2.3605404 0.94574361 1.5951515 1.470052 0.015425521 7.1054274e-15 0 0.034638562 0 0.045201918 0.19310858 0.14401149 0.11780859 -7.1054274e-15 0 0 -3.5527137e-15 -3.5527137e-15 -7.1054274e-15 3.5527137e-15 0.0081396743 3.5527137e-15 0.035285959 0.050434852 0.014117114 0.022067099 0 0.10366462 -3.5527137e-15 0.025337411 0.029020519 0.076615813 0.12772357 0.092164333 0.31469655 0 0.019585436 0.060377766 0.053888146
0 0.018311957 0.00013275913 0.03124837 0.026732646 0.072163007 0.021375802 0.080420498 0.057164928 0.077037215 0.085904409 0.11008659 0.060239492 0.094642808 0.24514692 0.19067125 0.31296906 0.23842206 0.25067269 0.19574443 0.43573592 0.42619717 1256.4645 1.0768159 0.98362091 5.6652853 2.5488838 4.0707457 0.098208067 -7.1054274e-15 0.020095334 0.055279408 -3.5527137e-15 0.59270231 0.33070365 0.089320866 0.049288655 0 0 -3.5527137e-15 0 0 0.0056919112 -3.5527137e-15 0.091341617 0.079509989 0 0.074800503 0.02890194 0.026726263 -3.5527137e-15 0.080009284 0.044239978 0.27929634 0.11437546 0.30576599 0.2494281 0.091874614 0.041541396 0.062239666 0.12482694
0 0 8.8817842e-16 3.5527137e-15 3.5527137e-15 0 3.5527137e-15 -7.1054274e-15 -1.4210855e-14 1.0658141e-14 0 0.14075248 0.12806853 0.053602793 0.032065147 0.075296464 0.075534269 0.11716409 0.10615779 0.1673715 0.41301958 0.30017213 128.69858 0.41805869 3.8160021 2.2356405 1.706125 2.2945028 2.3654647 4.262204 7.1054274e-15 0 0.10173556 0.49359031 0.47092488 0.18546497 0 7.1054274e-15 0 0 0 -7.1054274e-15 0 3.5527137e-15 0.073329987 0.038069373 0.11066281 0.05300094 0.093542327 0.013785291 0.091710876 0.037298404 0.1802563 0.346175 0.14835415 0.14007814 0.29764694 0.16184805 0.087668647 0.13425449 0.036196674
0 -3.5527137e-15 0 0.06073379 0.062485985 0 1.0658141e-14 0.096949307 0.089218495 0.067951881 3.5527137e-15 0.050083472 0.024587192 0.079865691 0.12955221 0.14971344 0.11730135 0.1424877 0.11391654 0.042924401 0.38273424 0.31296959 0.77951311 0.4294589 0.35902114 1.9642854 5.6306054 4.4502655 1.8805478 2.6960188 12.137439 4.0840998 8.9253005 3.0232608 0.43381008 0.61234842 0 0.036010372 0.098149738 0 0 0.018625174 0.0051552934 0 0.10687808 0.04865701 0 0.072557152 0.12580623 0.047205435 0.1396135 0.12297382 0.069884963 0.29555367 0.082340393 0.27147365 0.20012285 -7.1054274e-15 0.090788775 0.1232764 0.10527499
0 7.1054274e-15 0 0 3.5527137e-15 3.5527137e-15 1.6098234e-15 0.02822213 7.1054274e-15 0.072017656 0.075685239 0.078888988 0.047699761 0.030612908 0.11737397 0.13024519 0.13063854 0.1321813 0.097010643 0.292657 0.52325736 0.14671404 0.44175728 0.24839321 0.69965634 0.55859154 0.38079913 0.40918825 0.45232249 0.40260901 4.5938255 1.9789997 1.434415 4.3673776 7.6011754 0.36179497 0.077369923 0.2711889 0.20204192 3.5527137e-15 -7.1054274e-15 0.080062187 0.026829603 0.12991131 0.081652991 0.053877973 0.097122348 0.12218485 0.11314007 0.2324423 0.15997531 0.25030891 0.5023498 0.22745189 0.046493602 0.53762614 0.38441516 0.18126769 0.13066479 0.14249819 0.074703538
0 -3.5527137e-15 19.377854 0 3.5527137e-15 -7.1054274e-15 3.5527137e-15 -3.5527137e-15 -7.1054274e-15 0 -7.1054274e-15 -7.1054274e-15 0.06950861 0 0.05117005 0.06419641 0.13420387 0.28283169 0.68480026 0.32391161 0.28155208 0.12110921 0.25193779 0.5715293 0.23822535 0.30649649 0.44684071 0.36026099 0.21449291 0.3380472 0.39085677 2.8621117 5.5939769 2.3801759 3.1518435 17.711381 0.35830027 0 0.12195806 0 0.064855491 1.0658141e-14 0.10643766 0.062578053 0.16848768 0.026944983 0.041308683 0.049447713 0.12191254 0.15402022 0.15770671 3.5527137e-15 0.19244948 0.44637174 0.020699199 1.4284564 0.63768328 0.89004939 0.1918863 0.13514747 0.20876109
0 0.033012341 76.263106 0 0 0 0 0 0 0 95.67132 0 0 0 0 0 0.062262244 0.26760088 0.068460274 0.077728921 0.29152406 0.39885134 0.43692594 0.1162968 0.22014064 0.51848246 0.80344952 0.27697982 0.31173629 0.41665347 0.38050324 0.79607855 0.47346557 0.93037902 6.7822244 2.3321538 10.636013 0.02420675 0.049555107 0.16930041 1.0658141e-14 0.16283206 0.14488072 0 0 0.080253074 0.073693137 0.10639434 0.14727681 0.12513491 0.14960444 0.020205997 0.37562734 0.35390608 0 0.15363804 1.2911523 1.8252164 0.14950708 0.12515942 0.15950262
0 0 25.511503 0 0 0 0 0 0.015976525 0 131.38533 0 0.0091909445 0 0 0 0.21276944 0.20963061 0.26001306 0.36010584 0.63614307 0.27947979 0.55435294 0.70827048 0.37046294 0.43591802 0.69988234 0.53946266 0.59831318 0.40971898 0.46407759 0.47517885 0.73493638 0.63050775 0.59116616 2.3567164 5.662747 10.714702 0.14784553 0.46854199 0.11812886 0.059015255 0.064525428 0 0.13078477 0 0.15451458 0.11631792 0.17863404 0.16836801 0.083205979 0.16627867 -3.5527137e-15 0.69517862 0.41685131 0.010170719 0.57278908 1.3628373 0.15937381 0.16563078 0.17021382
0 0 0 0 0 -3.5527137e-15 3.5527137e-15 0 0 3.5527137e-15 140.93426 0 0 -3.5527137e-15 0 0.21274247 0.13170785 0.036243332 0 0.19913118 0.21543134 0.42875924 0.46128351 0.30766274 0.72982616 0.53931835 0.76675273 0.36691834 0.29158686 0.70480897 0.60831579 1.1353772 0.33842849 0.26630816 0.088322925 0.22229151 0.346838 10989.294 8.9649429 0 0.1538519 0.14537295 0.14833701 0.05864983 0.10260432 0.10017312 0 0.075566831 0.099671048 0.19941181 0.2598387 0.2210289 0.40339911 0.2944343 0.38791411 0.29303537 1.5257599 1.2452632 0.10927856 0.30646163 0.37980965
0 0 0 0 0 0 -3.5527137e-15 0 3.5527137e-15 0.032021608 0.0085649058 0.0095888985 0.010435932 0 0.04776601 0.02006983 0.031909531 0.24163401 0.23223141 0.2443692 0.28824123 0.50259685 0.58038979 0.79394256 0.78094157 0.68419892 0.58908819 0.766053 0.49936602 0.93732154 0.55552383 0.38648074 0.27351055 0.36624734 0.34009714 0.58315159 0.59102167 2.1316282e-14 0 14.381621 0.038865887 0.099370523 0.24975176 0.11994359 0.57012614 0.11552596 0.42120051 0.16933032 0.16306565 0.048591406 0.12632564 0.25225269 0.26551179 0.15232287 0.13741977 0.24527622 1.8740517 1.3347305 0.12063847 0.36171953 0.30353717
0 0 0 0 0 0.029348631 0.036385706 0 0.18435576 0.026003214 0.059579127 0.035668745 0 0.047150414 0.062245884 0 0.090075792 0.23128685 0.042832858 0.021723759 0.39638063 0.27197345 0.30248246 0.29629594 0.30342821 0.77119372 0.67914757 0.526997 0.57247848 0.39667131 0.46243035 0.52841694 0.4977026 0.16889338 0.69176511 0.8537911 0.48705442 0.21451967 2747.7778 1.8037625 37.201598 0.0063485928 0.059533841 0.38383357 0.24968303 0.1004764 0.42697334 0.24944439 0.06624226 0.27191989 0.14669445 0.2501582 0.25310776 0.15694691 0.2630886 0.20649952 2.1197337 1.5550699 0.18885826 0.17858823 0.24950546
0 0 -3.5527137e-15 0.030627012 0.017408827 -3.5527137e-15 0.016902078 0.20375752 0.077700215 0.11776483 0.10498775 0.10606244 0.021703448 0.14688339 0.033286437 0.042951179 0.30596905 0 0 0.22546134 0.20727746 0.24207871 0.20146205 0.22640662 0.21541715 0.23727819 0.41238638 0.39533489 0.47672715 0.33506304 0.1790561 0.32834686 0.21474354 0.45512431 0.46517452 0.60618691 0.29104304 0.3665405 0.086585003 0.26886711 0.51409701 33.873648 0.28428819 0.49997373 0.30351267 0.2277348 0.18173105 0.50835738 0.22325118 0.041207707 0.16121023 0.24388055 0.3370275 0.23817852 0.19118082 0.1584269 3.7672103 0.27421017 0.10435786 0.32996066 0.24582917
0 0 0 0.027945242 0.014539809 0.059377803 7.1054274e-15 0.11194916 0.080339156 0.1017478 0.11253321 0.33866396 0.19249374 0.091962379 0.17111543 0.18404896 0.18402567 0.25850827 48.101348 0.13369352 0.039000679 0 0 0.056039511 0.028031675 0.032347765 0.067455812 0.063011252 0.017842325 0.054044654 0.13413956 0 0.1034943 0.035411938 0.047350976 3.5527137e-15 -3.5527137e-15 0.07535505 0.16533544 0.047009688 0.24183738 0.63884545 19.41137 0 0.32319129 0.40586215 0.14143659 0 0.32965337 0.15133404 0.13377932 0.2999404 0.40071059 0.32132879 0.34244334 0.22918113 2.3457362 1.7374757 0.25221988 0.30077427 0.31227273
0 0 0 3.5527137e-15 0.041588628 0.11254624 0.036230453 0.13994728 0.028014504 3.5527137e-15 0.065011782 0.14599728 0.17974644 0.29082695 0.35251487 0.24376511 0.16863571 0.24063403 0.059371479 0.29262191 0.28663945 0.47954927 0.58752693 0.38391934 0.3663259 0.28483724 0.19690115 0.12573485 0.18003003 0 0 0.11986976 0.14514391 0.15153805 0.24961235 0.069442195 0.24034627 0.090590033 0.20490323 0.41798536 0.36023923 0.50329745 274.22975 18.104286 0.68909012 0 0.17883438 0.43014653 0.36994737 0.28908356 0.10159703 0.4391026 0.33593087 0.30674298 0.24829899 0.33038182 3.2118965 1.0325356 3.1057691 0.2492628 0.18912355
0 -3.5527137e-15 -3.5527137e-15 3.5527137e-15 0.027708523 0 0.049356869 0.14119156 0.028622555 0.039843762 0.11321565 0.1547654 0.22082674 0.24536661 0.17879239 0.10017947 0.3897018 0.42140864 0.50966687 0.30797207 0.22401313 0.093599659 0.57089542 0.25084312 0.047388374 0.36813136 0.11137736 0.16384835 0.023199353 0.10319484 55.462304 0.067957601 0 0.05690242 0.13438695 0.066980775 0.1809911 0.28999964 0.5999153 0.43025341 0.57979387 0.65471029 56.872081 6.560456 21.802672 3.7007587 0.019483826 0 0.51769826 0.27419947 0.29700107 0.32253627 0.21735775 0.26729811 0.14913531 0.16246248 2.8954075 1.6742694 2.8246278 0.28674402 0.54270077
0 0 -3.5527137e-15 0 7.1054274e-15 0.043506515 0.096148157 0.055948609 0.11251311 -3.5527137e-15 0.10683951 0.14581997 0.077295406 0.30868987 0.28051586 0.29668125 0.28689893 0.085001271 0.41385405 0.78106684 0.42731133 0.26842668 0.38722373 0.26113574 0.19944194 0.17229727 0.085245352 0.14202158 0.13809968 0.020731981 0.044125484 40.446106 0 0 -3.5527137e-15 0.33393529 0.21552063 0.29832966 0.30973747 0.49364782 0.58713681 0.73318825 0.40272167 0.50633136 3.9472904 10.564963 12.548316 0.22051387 0.25873755 0.40496195 0.29636579 0.22699724 0.16027436 0.32693861 0.36070698 0.28914472 0.70760675 2.5509334 1.7055726 0.57140252 0.74447473
0 0 7.1054274e-15 0 -3.5527137e-15 0.033860328 0.040442518 0.068925592 0.0747877 0.030436185 0.1053978 0.099208723 0.14649257 0.14859456 0.27385284 0.15696192 0.20142265 0.19692398 0.2295581 1.0509901 0 0.48637553 0.37013162 0.37856878 0.17680625 0.29684955 0.25916852 0.12795352 0.084318722 0.12092399 3.5527137e-15 0.14021966 0.136833 0 0.23111625 0.21941241 0.56324635 0.70262552 0.7279027 0.44244439 0.45697539 0.33247245 0.20595843 0.2932866 0.23993389 0.18572593 11.746664 11.698399 6.3517613 1.6806656 0.33579842 0.60133535 0.51441222 0.36859048 0.16029642 0.1775432 0.3598096 2.8163728 1.7611411 0.74146417 0.871872
0.018819257 7.1054274e-15 -7.1054274e-15 0 -1.7763568e-15 0.051396936 0 0.11578471 0.03184219 0.0689301 0.23262215 0.17142304 0.17778091 0.18587141 0.30273774 0.24133445 0.34210726 0.20903842 0.24323829 0.82268109 0.010499945 0.64724429 0.36091319 0.58462235 0.025203968 0.29940552 0.2337206 0.10583752 0.11778526 0.13952727 0.074299896 7.1054274e-15 0.12707773 0.24322737 0.0017780961 0.1745553 0.57552971 0.39871536 0.35159812 0.3908212 0.38022723 0.43830713 0.34873152 0.22575017 0.4226875 0.41809823 0.5913305 9.828639 2.4409091 7.1454096 6.3110613 8.2302065 0.47515672 0.52470762 0.3587125 0.12610495 0.10905102 2.6483347 2.5006662 0.89871997 1.0234872
0 0 0 0 0.032328863 3.5527137e-15 0 0.10794267 0.043768175 0.070846376 0.22709884 0.1216424 0.16008685 0.19977864 0.29367156 0.14939157 0.28076231 0.39014635 0.26499131 0.60122594 1.7069804 0.50672948 0.64871899 0.69295224 0.33641457 -3.5527137e-15 0.21982638 0.11306009 0.23043859 0.087479018 0.068635706 0.016658597 0.049221656 0 0.037844974 0.21339306 0.25973441 0.24258983 0.15487572 0.24767189 0.16632797 0.29774916 0.2084334 0.24456062 0.35674493 0.52015187 0.31890997 0.28718899 0.3696283 0.42003781 222.96132 2.4032113 9.1128206 0.23982324 0.32060421 0.32034816 0.1241441 4.2764158 2.736794 0.56455788 0.81765714
0.0045307839 -3.5527137e-15 0 0 3.5527137e-15 0.033000731 0.045229178 0.033503343 0.055404579 0.13047812 0.079995827 0.066154018 0.17496227 0.22476093 0.094173638 0.21509241 0.25982053 0.19403473 0.1637088 0.33410786 0.60196765 0.6560426 0.61249571 1.1964404 0.4033716 0.28181197 0.026254317 0.2716299 0.11518644 0 0.066936142 0.18448101 0.023029194 0.17847043 0.19846073 27.683387 0 0 0 3.5527137e-15 3.5527137e-15 3.5527137e-15 7.1054274e-15 0 -3.5527137e-15 -7.1054274e-15 1.7763568e-14 0.13762047 0.03769926 0.16994577 0.21675941 0.44232574 2.668595 7.7260753 0.41040931 0.43099695 0.33989222 5.1468964 2.5766491 0.64046794 0.73118998
0.025495049 0 0.0101946 -7.1054274e-15 0.062301246 0.017737888 0.02058693 0.037761942 0.091621074 0.076748697 0 0.20844671 0.20972662 0.14302711 0.097462686 0.2877438 0.34121671 0.36699787 0.30664937 0.26444793 0.23028371 0.54942142 0.69470049 1.7305322 0.50869556 0.55057343 0.32169791 0.43317604 0.16529067 3.5527137e-15 0.039395694 0.17879995 0.16374505 0.13041223 -3.5527137e-15 163.07104 0 0 7.1054274e-15 0 0 7.1054274e-15 0.19265368 -3.5527137e-15 3.5527137e-15 1.0658141e-14 -3.5527137e-15 0.034647811 0.25756103 0.13245826 0.20221873 0.21378188 0.2822157 5.0718976 7.0929265 9.5492102 0.63686546 3.0011522 2.128763 0.57419108 0.70535021
-3.5527137e-15 0.036864761 0.0059447873 0.006662491 0.0097143132 0.064792357 -3.5527137e-15 0 -5.3290705e-15 0.18090784 0.044229506 0.038647697 0.2271774 0.15517321 0.28431383 0.21820377 0.192059 0.24677033 0.40679602 0.29557364 0.33166582 0.42366071 0.48614687 0.5485387 2.5217455 0.48016399 0.36687142 0.27393503 0.21257779 0.17236412 0.24344248 0.092528845 0.13420633 -1.4210855e-14 0.14164618 0.29116895 0.25223282 0.38664483 0.44938175 23.666947 0.33402186 0.47712519 0.35828646 0.20438968 -3.5527137e-15 3.5527137e-15 -1.4210855e-14 0.035772763 -1.4210855e-14 0.13180068 0.14954477 0.024016118 0.11180222 0.21981194 53.878986 837.20134 2.1020322 6.5721202 4.0068593 0.79004995 0.47072376
