var/www/cgi-bin/BAERTOOLS/ravel/working/ravel-177237.DEM
NCOLS 46
NROWS 35
XLLCORNER 276846.32
YLLCORNER 3833358.9
CELLSIZE 10
NODATA_VALUE -9999
1489.357 1488.523 1488.771 1488.973 1488.896 1487.679 1484.822 1481.223 1480.303 1478.997 1477.671 1477.316 1477.158 1472.895 1470.201 1469.298 1467.84 1464.146 1464.59 1467.24 1470.754 1473.148 1474.863 1476.646 1483.361 1486.077 1487.162 1488.226 1489.366 1490.997 1493.01 1492.448 1491.578 1491.276 1490.972 1491.48 1491.668 1491.494 1494.669 1495.71 1496.68 1499.033 1500.322 1502.084 1504.242 1505.908 
1489.215 1489.422 1489.662 1489.834 1489.917 1489.027 1486.343 1480.638 1479.59 1478.881 1478.66 1477.638 1475.304 1472.885 1470.416 1468.995 1467.715 1464.881 1463.776 1466.096 1469.578 1472.266 1473.398 1475.482 1481.141 1483.856 1485.355 1486.697 1488.507 1491.469 1491.423 1490.099 1488.533 1488.102 1488.151 1489.276 1489.408 1491.494 1491.547 1492.446 1493.66 1496.824 1498.149 1499.583 1501.418 1502.844 
1488.25 1487.856 1487.549 1487.376 1487.17 1485.863 1483.174 1479.455 1478.645 1478.21 1478.096 1477.131 1474.325 1472.239 1470.214 1468.857 1467.469 1465.256 1463.921 1466.204 1469.197 1472.172 1474.961 1477.093 1481.001 1483.018 1484.57 1486.276 1488.166 1489.447 1489.274 1488.383 1486.89 1486.047 1486.066 1487.16 1489.408 1488.909 1488.522 1489.237 1491.069 1494.591 1496.218 1497.632 1499.186 1500.034 
1483.97 1482.032 1481.271 1480.718 1480.186 1479.101 1477.663 1477.669 1477.422 1477.212 1477.136 1476.535 1472.874 1470.916 1469.683 1468.626 1467.059 1464.572 1463.949 1466.251 1469.305 1472.344 1475.305 1477.882 1479.045 1480.567 1482.327 1484.515 1486.319 1487.063 1486.979 1486.069 1484.54 1484 1484.018 1487.16 1487.423 1487.099 1486.932 1487.589 1490.409 1492.006 1493.674 1495.432 1497.026 1497.98 
1478.33 1476.455 1475.681 1474.942 1474.522 1474.157 1473.434 1473.361 1473.735 1474.262 1474.251 1473.64 1469.759 1468.491 1467.929 1467.46 1466.426 1464.156 1463.775 1465.47 1467.998 1470.885 1473.808 1476.35 1477.402 1479.056 1480.696 1482.136 1483.374 1484.212 1484.143 1483.939 1483.208 1482.454 1484.018 1485.202 1485.666 1485.574 1485.8 1486.437 1488.745 1490.239 1491.962 1493.662 1495.104 1496.294 
1478.699 1475.866 1475.04 1474.357 1473.916 1473.322 1471.421 1470.363 1469.874 1469.827 1469.217 1467.565 1466.352 1466.397 1466.556 1466.466 1465.768 1463.335 1463.556 1465.065 1467.113 1468.798 1471.033 1474.516 1476.008 1477.63 1478.896 1479.816 1480.756 1481.266 1481.4 1481.118 1480.72 1482.454 1482.485 1483.021 1483.73 1484.455 1484.975 1485.438 1487.758 1489.051 1490.736 1492.373 1493.655 1494.705 
1482.357 1479.955 1478.226 1477.426 1477.264 1476.321 1474.123 1473.027 1471.086 1468.838 1466.97 1464.153 1464.397 1464.854 1465.284 1465.439 1465.085 1463.409 1463.448 1464.219 1465.015 1465.858 1468.023 1472.736 1474.221 1475.727 1476.907 1477.675 1478.305 1479.148 1479.118 1481.118 1480.72 1480.321 1480.297 1481.029 1481.867 1483.047 1484.45 1485.777 1488.36 1489.29 1490.386 1491.653 1492.663 1493.541 
1488.258 1485.963 1484.69 1484.057 1483.673 1482.797 1479.193 1477.252 1475.076 1472.245 1468.943 1463.808 1463.689 1464.046 1464.393 1464.698 1464.693 1463.848 1463.467 1463.256 1463.304 1463.911 1465.788 1470.188 1471.957 1473.504 1474.641 1475.58 1476.758 1476.832 1479.118 1478.841 1478.378 1478.065 1478.027 1478.729 1479.744 1481.527 1484.509 1486.672 1488.937 1489.685 1490.417 1491.152 1491.865 1493.097 
1493.197 1491.701 1491.266 1491.08 1490.689 1489.699 1486.328 1482.972 1479.595 1476.395 1472.627 1465.478 1464.039 1463.759 1463.98 1464.266 1464.42 1463.683 1463.111 1462.903 1462.909 1463.399 1464.449 1467.839 1469.237 1470.775 1472.24 1473.176 1474.097 1476.832 1476.642 1476.434 1476.213 1475.735 1476.052 1476.535 1478.153 1481.615 1484.886 1486.887 1489.363 1489.911 1490.249 1490.567 1490.948 1491.933 
1498.002 1496.949 1496.582 1496.586 1496.327 1494.926 1490.622 1487.873 1483.951 1479.443 1475.557 1467.683 1464.894 1463.618 1463.576 1463.693 1463.882 1463.099 1462.515 1462.401 1462.503 1462.799 1464.731 1465.806 1466.947 1468.415 1469.858 1470.845 1474.097 1474.074 1473.753 1473.723 1473.995 1473.653 1474.601 1475.944 1478.498 1482.055 1485.291 1488.864 1489.498 1489.68 1489.472 1489.348 1489.776 1490.62 
1501.656 1500.784 1500.999 1501.091 1500.913 1496.307 1492.882 1489.927 1485.898 1480.71 1476.439 1468.007 1464.896 1463.286 1463.091 1462.903 1462.809 1462.296 1461.823 1461.7 1461.777 1461.881 1463.008 1463.48 1464.5 1466.159 1467.548 1470.845 1470.572 1470.468 1470.285 1470.327 1471.159 1472.021 1475.14 1477.29 1480.186 1483.451 1486.731 1489.158 1489.109 1488.612 1487.972 1487.775 1488.286 1489.199 
1505.797 1504.467 1504.448 1503.801 1502.546 1497.001 1493.161 1489.407 1484.895 1479.727 1475.737 1469.184 1466.249 1465.672 1465.579 1463.751 1461.757 1461.538 1461.236 1460.987 1460.881 1461.122 1461.965 1462.568 1463.584 1464.943 1467.548 1468.338 1467.701 1466.424 1465.925 1466.294 1467.909 1473.407 1475.31 1477.325 1479.653 1482.529 1485.866 1488.382 1488.003 1487.151 1486.291 1486.169 1486.766 1487.645 
1508.287 1506.641 1505.82 1504.572 1502.366 1496.143 1492.019 1487.958 1484.003 1479.561 1476.013 1472.476 1471.675 1471.292 1470.929 1467.655 1462.699 1461.449 1460.658 1460.347 1460.089 1459.922 1460.932 1461.674 1462.581 1464.943 1466.037 1466.392 1465.814 1464.481 1463.317 1464.244 1467.035 1472.103 1474.612 1476.385 1478.069 1480.626 1483.685 1486.479 1486.06 1485.256 1484.673 1484.747 1485.276 1486.693 
1508.958 1507.402 1505.683 1503.628 1501.462 1495.66 1492.247 1488.679 1484.712 1480.103 1476.153 1475.573 1476.446 1477.033 1476.373 1473.065 1465.291 1464.494 1463.122 1460.172 1459.531 1459.124 1459.544 1461.674 1462.581 1463.489 1464.028 1463.767 1463.328 1462.716 1462.8 1464.242 1466.241 1471.286 1473.572 1475.696 1477.796 1479.632 1481.142 1483.629 1483.679 1483.38 1483.088 1483.27 1485.017 1486.41 
1510.372 1508.153 1504.615 1501.4 1499.483 1494.872 1492.337 1489.563 1486.511 1483.201 1478.672 1479.663 1480.694 1480.668 1478.732 1475.573 1469.005 1467.43 1466.143 1463.151 1459.628 1458.771 1459.544 1460.108 1460.798 1461.596 1462.132 1461.566 1461.482 1461.555 1462.148 1463.266 1464.843 1469.609 1472.117 1474.55 1476.779 1478.219 1478.959 1481.396 1481.605 1481.38 1480.869 1480.779 1483.667 1485.529 
1512.147 1509.989 1506.156 1501.755 1499.432 1495.127 1492.314 1489.325 1487.073 1485.803 1483.469 1484.297 1485.27 1484.669 1481.403 1477.568 1471.792 1469.705 1467.664 1464.949 1462 1458.402 1458.531 1458.881 1459.198 1459.741 1460.2 1459.597 1459.951 1460.19 1460.858 1462.044 1463.337 1467.479 1470.377 1473.248 1475.545 1476.978 1479.182 1479.54 1479.213 1479.004 1478.465 1477.95 1481.271 1483.518 
1513.382 1511.51 1507.943 1504.096 1498.868 1497.233 1495.053 1492.041 1489.675 1488.78 1487.937 1488.958 1489.545 1488.736 1485.51 1480.42 1473.593 1471.424 1469.097 1466.51 1462 1457.964 1457.565 1457.365 1457.531 1457.984 1458.248 1457.592 1457.866 1458.705 1459.74 1460.904 1462.123 1465.353 1468.382 1471.6 1474.203 1475.887 1477.83 1477.369 1476.736 1476.72 1476.382 1475.859 1479.011 1480.69 
1513.824 1511.752 1508.703 1505.282 1500.411 1499.58 1498.282 1495.748 1493.147 1491.989 1492.12 1492.741 1492.32 1490.796 1488.293 1483.809 1476.029 1473.72 1471.418 1466.51 1463.757 1459.468 1458.208 1457.005 1456.18 1456.249 1456.32 1454.967 1455.871 1457.187 1458.306 1459.714 1462.318 1464.144 1467.066 1470.588 1473.618 1475.736 1476.673 1475.605 1474.817 1474.764 1474.469 1474.537 1477.635 1478.502 
1511.986 1510.766 1508.907 1505.673 1501.907 1501.08 1500.339 1498.766 1496.656 1495.846 1495.881 1496.09 1495.154 1492.895 1490.322 1483.161 1479.538 1476.571 1471.418 1468.595 1465.771 1461.641 1459.691 1457.916 1456.674 1455.283 1452.956 1452.975 1454.502 1455.558 1456.741 1458.325 1461.668 1463.841 1466.806 1470.204 1473.401 1475.964 1475.496 1473.944 1473.231 1473.104 1473.104 1473.541 1475.829 1476.067 
1507.552 1506.669 1506.392 1505.395 1502.406 1502.319 1501.985 1500.843 1500.054 1499.48 1499.432 1500.103 1499.16 1495.701 1491.049 1486.785 1483.585 1476.571 1474.047 1471.417 1468.437 1463.803 1461.988 1459.809 1457.582 1455.594 1453.408 1451.783 1452.975 1454.074 1455.087 1456.729 1461.402 1463.603 1465.977 1468.626 1471.487 1473.731 1473.098 1471.675 1471.332 1471.498 1471.99 1473.658 1474.874 1476.171 
1502.472 1502.083 1502.092 1502.234 1502.376 1502.787 1502.473 1501.957 1502.035 1501.662 1501.96 1502.038 1500.861 1498.285 1495.233 1486.785 1483.585 1480.28 1477.152 1474.49 1471.636 1466.098 1463.905 1461.539 1458.836 1456.643 1452.221 1451.206 1451.521 1452.391 1453.379 1455.29 1460.835 1463.004 1465.064 1466.925 1468.506 1469.724 1468.961 1468.051 1468.73 1469.966 1470.93 1473.637 1475.229 1476.922 
1497.836 1497.602 1497.668 1497.953 1499.163 1499.679 1500.303 1500.906 1501.299 1500.881 1500.596 1499.92 1498.4 1496.181 1495.233 1490.213 1487.944 1484.568 1480.53 1477.102 1474.219 1467.461 1465.044 1462.803 1460.21 1457.531 1452.799 1451.457 1450.929 1450.939 1451.732 1454.05 1459.295 1461.618 1463.646 1465.07 1465.752 1465.535 1465.104 1465.762 1467.134 1468.571 1469.919 1473.005 1474.779 1476.664 
1496.907 1494.424 1491.419 1492.269 1493.668 1494.661 1495.357 1495.823 1496.092 1495.343 1494.563 1493.486 1492.077 1496.181 1493.839 1491.402 1490.27 1486.979 1481.762 1477.961 1471.224 1468.265 1465.833 1463.508 1461.171 1458.627 1453.518 1451.915 1451.109 1450.749 1451.195 1452.87 1457.048 1459.371 1461.757 1463.272 1463.714 1462.797 1463.276 1464.727 1466.261 1467.491 1468.246 1471.844 1473.589 1475.476 
1494.444 1490.971 1489.047 1487.118 1488.425 1489.581 1489.989 1489.884 1489.817 1488.584 1487.655 1486.332 1492.077 1490.398 1489.133 1488.9 1487.801 1484.747 1480.285 1476.488 1471.975 1469.525 1467.033 1464.77 1462.697 1460.176 1454.352 1452.346 1451.197 1450.718 1450.877 1451.762 1455.176 1457.478 1459.968 1461.331 1461.559 1461.545 1462.604 1464.318 1465.772 1466.669 1466.978 1470.525 1472.579 1474.61 
1492.167 1490.343 1488.164 1486.496 1486.292 1486.188 1486.385 1486.139 1484.019 1480.371 1479.446 1486.332 1484.69 1482.751 1481.631 1481.471 1480.247 1478.105 1475.978 1474.358 1471.553 1469.934 1467.858 1465.81 1464.04 1461.393 1454.922 1452.835 1451.29 1450.728 1450.72 1452.582 1454.394 1456.291 1457.987 1459.067 1459.619 1460.754 1462.262 1463.935 1465.061 1465.24 1464.758 1469.388 1472.514 1474.573 
1495.596 1492.18 1490.448 1489.331 1488.014 1486.297 1484.837 1482.627 1478.531 1474.084 1479.446 1477.706 1475.454 1474.08 1474.424 1474.116 1473.556 1472.886 1472.345 1471.41 1469.365 1468.272 1467.085 1465.644 1464.103 1461.601 1454.663 1453.012 1451.399 1450.737 1450.726 1452.257 1453.766 1455.154 1456.349 1457.331 1458.019 1459.734 1461.381 1462.833 1463.365 1463.262 1465.262 1468.259 1471.25 1474.094 
1497.107 1495.417 1494.554 1493.666 1492.042 1490.157 1488.934 1487.753 1475.336 1474.084 1473.61 1473.099 1472.875 1473.018 1471.281 1470 1469.454 1468.923 1468.692 1468.096 1467.293 1466.658 1465.659 1464.513 1463.053 1455.954 1453.433 1452.14 1451.115 1450.73 1450.724 1451.909 1453.086 1454.237 1455.269 1456.031 1456.728 1458.291 1459.393 1460.553 1461.393 1461.735 1465.325 1467.968 1470.722 1473.325 
1498.287 1498.442 1499.223 1499.265 1497.596 1495.073 1493.088 1487.753 1479.375 1476.298 1474.554 1473.806 1473.62 1473.371 1470.375 1467.58 1465.356 1465.005 1464.895 1464.888 1465.209 1465.001 1464.16 1462.523 1460.187 1453.351 1451.858 1451.187 1450.732 1450.714 1450.717 1451.506 1452.551 1453.639 1454.529 1454.905 1455.182 1456.237 1457.23 1458.675 1459.993 1461.22 1464.973 1467.181 1469.348 1471.349 
1499.697 1501.502 1504.175 1503.933 1502.466 1500.467 1493.088 1491.631 1485.492 1481.545 1479.013 1477.978 1476.744 1474.912 1470.757 1467.6 1464.541 1463.546 1463.165 1462.964 1463.113 1463.211 1462.4 1460.431 1457.934 1452.965 1452.117 1451.46 1450.82 1450.717 1450.713 1451.132 1451.938 1452.944 1453.867 1454.011 1453.595 1454.182 1454.734 1456.263 1458.839 1461.058 1464.251 1466.014 1467.339 1468.551 
1504.214 1506.466 1509.065 1508.672 1507.055 1500.467 1498.26 1495.92 1490.253 1487.205 1484.755 1482.988 1480.568 1477.771 1474.625 1471.381 1467.614 1465.848 1464.768 1462.429 1462.077 1461.896 1460.988 1459.785 1458.276 1455.088 1453.939 1452.557 1451.215 1450.63 1450.649 1450.787 1451.254 1452.112 1452.829 1452.751 1451.761 1451.993 1453.167 1455.596 1457.716 1459.429 1462.957 1464.414 1465.367 1465.961 
1509.676 1512.357 1514.152 1513.572 1507.055 1504.827 1502.63 1500.445 1495.51 1492.561 1490.382 1488.745 1485.432 1478.239 1475.401 1472.823 1470.326 1467.765 1466.036 1463.009 1462.159 1461.627 1461.09 1460.316 1459.476 1457.463 1455.831 1454.334 1452.824 1451.97 1450.768 1450.707 1450.96 1451.419 1451.939 1452.024 1451.249 1451.58 1452.603 1454.271 1455.614 1457.209 1460.451 1461.969 1462.839 1463.066 
1514.238 1516.601 1518.134 1513.572 1511.795 1509.465 1507.196 1505.013 1501.147 1499.159 1496.26 1492.914 1489.419 1480.891 1477.364 1474.21 1471.292 1468.482 1465.643 1463.079 1462.835 1462.525 1462.053 1461.662 1461.157 1459.992 1458.314 1456.677 1454.975 1453.995 1451.243 1450.745 1450.679 1450.802 1451.265 1451.34 1451.311 1452.198 1453.306 1454.46 1455.206 1455.078 1457.023 1458.619 1459.622 1463.066 
1518.422 1520.945 1518.134 1517.024 1515.098 1513.381 1511.297 1506.794 1505.073 1503.424 1500.43 1495.982 1491.011 1481.892 1477.894 1474.906 1472.456 1469.736 1466.63 1464.609 1464.686 1464.434 1463.976 1463.726 1463.13 1462.499 1461.377 1459.706 1457.653 1455.842 1451.99 1450.813 1450.634 1450.734 1450.5 1450.57 1451.447 1452.528 1453.334 1453.606 1453.734 1453.356 1453.74 1454.507 1459.622 1460.025 
1518.422 1520.945 1522.474 1520.255 1518.021 1516.594 1514.637 1510.783 1508.133 1504.934 1501.126 1496.537 1491.379 1482.596 1478.581 1475.651 1473.98 1472.317 1470.457 1468.006 1467.729 1467.37 1466.824 1466.502 1465.633 1465.135 1464.294 1462.437 1459.812 1457.343 1452.959 1451.452 1450.81 1450.681 1450.589 1450.311 1450.778 1451.615 1451.939 1451.904 1451.672 1451.242 1450.958 1454.507 1455.487 1456.854 
1522.948 1525.479 1525.676 1523.939 1521.71 1519.401 1517.083 1512.796 1509.362 1505.16 1500.976 1496.646 1492.017 1483.796 1479.297 1476.027 1474.76 1474.481 1473.103 1471.974 1471.538 1471.217 1470.669 1470.195 1468.402 1467.424 1466.165 1463.787 1461.242 1459.53 1455.723 1453.158 1451.642 1451.019 1450.385 1449.51 1449.642 1449.58 1449.408 1449.258 1448.874 1449.477 1450.958 1451.386 1452.914 1454.275 
