var/www/cgi-bin/BAERTOOLS/ravel/working/ravel-26877.DEM
NCOLS 40
NROWS 283
XLLCORNER 276896.32
YLLCORNER 3833168.9
CELLSIZE 10
NODATA_VALUE -9999
[rows 176 to 219 of 283, columns 0 to 39 of 40]
1528.536 1535.356 1538.86 1541.36 1544.059 1549.361 1551.976 1554.832 1557.712 1560.406 1567.47 1569.609 1572.436 1574.907 1574.904 1575.294 1576.005 1575.728 1574.651 1572.966 1571.158 1568.89 1561.752 1560.57 1559.781 1558.905 1557.224 1551.618 1548.761 1545.916 1543.082 1540.063 1535.832 1525.711 1525.54 1525.844 1525.965 1526.227 1526.052 1521.446
1532.168 1538.718 1541.829 1544.771 1547.97 1553.064 1555.391 1557.797 1557.712 1561.08 1567.768 1570.621 1573.658 1575.446 1575.141 1575.528 1575.687 1575.727 1575.235 1574.247 1572.024 1568.513 1561.704 1559.61 1557.137 1554.574 1553.47 1549.886 1546.837 1543.518 1540.646 1537.928 1534.937 1527.874 1526.171 1524.522 1523.102 1522.894 1522.829 1521.416
1534.542 1540.075 1543.518 1547.298 1553.995 1556.613 1558.924 1557.797 1560.012 1563.08 1569.014 1571.481 1572.898 1573.413 1573.945 1574.527 1575.107 1575.292 1575.708 1575.337 1573.157 1565.592 1562.588 1559.97 1555.968 1551.041 1549.756 1547.064 1544.086 1540.654 1538.754 1537.973 1535.781 1529.015 1526.379 1524.745 1524.219 1524.373 1524.33 1524.119
1534.071 1539.564 1544.608 1549.321 1556.797 1556.613 1558.924 1561.197 1563.57 1565.681 1569.208 1570.415 1571.298 1571.849 1572.462 1573.138 1574.327 1574.852 1575.337 1575.118 1572.975 1566.173 1562.997 1559.52 1555.471 1551.51 1549.18 1545.273 1542.755 1540.396 1538.559 1537.584 1534.761 1527.904 1525.572 1525.262 1526.597 1528.398 1529.462 1529.047
1534.729 1539.447 1544.738 1549.793 1556.797 1559.83 1562.3 1564.497 1566.6 1568.301 1570.272 1570.638 1571.047 1571.385 1571.758 1572.901 1573.476 1573.979 1574.24 1573.604 1571.268 1565.567 1562.763 1559.616 1556.019 1552.711 1550.034 1545.438 1542.766 1540.042 1537.542 1535.45 1529.197 1526.138 1525.222 1527.081 1530.484 1533.739 1535.013 1534.462
1533.822 1538.952 1544.167 1549.793 1558.537 1561.622 1564.146 1566.586 1568.686 1570.265 1571.231 1571.066 1571.149 1571.281 1571.34 1572.32 1572.637 1572.951 1572.812 1571.644 1569.489 1564.501 1561.975 1559.233 1556.272 1553.285 1550.451 1545.231 1542.124 1538.93 1536.506 1533.894 1528.523 1526.818 1527.568 1530.226 1533.555 1537.507 1539.802 1539.52
1532.832 1537.716 1544.167 1549.268 1558.031 1561.478 1564.204 1566.413 1568.595 1569.882 1571.013 1570.693 1570.425 1570.344 1570.394 1571.047 1571.304 1571.394 1571.029 1569.83 1568.466 1564.18 1561.67 1559.07 1556.555 1553.677 1548.604 1545.76 1542.667 1539.783 1536.947 1534.778 1531.139 1530.289 1530.904 1533.217 1536.723 1539.782 1542.615 1542.987
1530.788 1537.716 1542.861 1547.81 1556.238 1559.46 1561.935 1564.033 1566.162 1569.008 1569.311 1568.982 1568.269 1567.688 1567.828 1568.849 1569.296 1569.602 1569.421 1568.72 1568.125 1564.624 1562.079 1559.459 1557.102 1554.93 1550.064 1547.417 1544.652 1541.867 1539.021 1536.895 1533.967 1533.536 1534.17 1535.948 1538.49 1540.891 1544.433 1545.577
1530.788 1535.532 1540.591 1545.13 1553.144 1555.998 1558.129 1560.113 1562.32 1566.204 1566.804 1566.266 1565.074 1564.365 1564.824 1566.71 1567.848 1568.626 1568.522 1568.126 1567.359 1565.304 1562.628 1560.062 1557.889 1556.002 1551.741 1549.438 1546.956 1544.262 1541.448 1539.176 1536.198 1535.961 1536.676 1538.337 1540.59 1545.286 1547.135 1548.633
1526.836 1531.459 1536.287 1544.883 1548.252 1550.72 1552.72 1554.971 1557.425 1562.272 1563.03 1562.326 1560.728 1559.591 1560.322 1564.715 1566.775 1568.45 1569.315 1569.57 1568.741 1566.822 1564.133 1561.573 1559.262 1557.365 1553.158 1550.951 1548.607 1546.089 1543.175 1540.359 1537.556 1537.699 1538.572 1540.237 1542.557 1547.948 1550.424 1552.422
1521.401 1525.931 1530.47 1539.027 1542.069 1543.923 1545.709 1548.614 1551.698 1557.695 1558.398 1557.133 1554.738 1552.992 1554.454 1563.107 1566.619 1569.717 1572.073 1573.208 1571.281 1569.278 1566.523 1563.749 1561.168 1559.029 1554.332 1552.038 1549.621 1547.152 1544.108 1538.211 1537.895 1538.595 1539.743 1541.561 1544.325 1550.952 1554.213 1556.823
1515.201 1520.186 1524.486 1532.686 1535.014 1536.213 1538.087 1542.652 1546.337 1551.927 1551.932 1550.19 1548.217 1548.298 1557.346 1562.618 1566.692 1570.245 1573.558 1575.317 1574.219 1572.333 1569.548 1566.375 1562.984 1560.305 1555.358 1553.153 1550.607 1548.101 1544.986 1538.715 1538.925 1540.582 1542.298 1544.803 1547.494 1553.85 1557.632 1556.823
1507.946 1512.946 1517.753 1524.372 1526.584 1529.687 1534.18 1538.238 1541.945 1545.086 1544.027 1541.567 1540.456 1545.06 1557.32 1562.531 1566.304 1569.777 1573.849 1576.379 1576.455 1574.269 1571.484 1567.724 1563.539 1558.256 1556.559 1554.277 1551.88 1549.686 1546.959 1541.66 1541.736 1544.129 1546.51 1548.854 1551.167 1556.799 1557.632 1560.765
1502.077 1505.478 1509.066 1516.224 1520.681 1525.868 1530.957 1534.776 1539.422 1538.851 1536.964 1535.958 1538.184 1543.568 1554.656 1559.704 1564.147 1567.711 1571.862 1575.028 1577.176 1575.656 1573.302 1569.761 1565.264 1559.716 1557.947 1555.911 1553.628 1550.834 1548.362 1545.051 1545.546 1547.826 1550.15 1552.629 1555.038 1556.799 1559.851 1562.774
1500.476 1501.127 1502.743 1509.53 1515.664 1522.348 1526.963 1529.143 1532.07 1530.921 1530.123 1532.955 1538.326 1542.678 1550.512 1555.005 1559.881 1564.145 1568.42 1572.637 1576.672 1576.397 1575.352 1572.699 1568.567 1562.231 1559.963 1557.718 1554.927 1551.704 1549.276 1547.517 1548.217 1550.628 1553.399 1552.629 1557.773 1560.384 1562.923 1565.482
1500.548 1500.625 1501.392 1504.702 1509.581 1515.339 1520.569 1522.454 1522.785 1523.493 1526.344 1531.103 1536.145 1540.011 1546.444 1550.562 1555.162 1560.851 1565.118 1575.315 1577.356 1577.411 1576.208 1574.712 1571.904 1564.371 1561.923 1559.409 1556.448 1553.211 1551.09 1550.413 1551.047 1553.168 1553.399 1556.038 1561.224 1563.751 1566.273 1568.715
1500.487 1500.57 1500.407 1501.128 1503.75 1508.225 1512.563 1514.381 1514.911 1517.894 1523.237 1527.432 1531.204 1535.836 1545.027 1550.257 1554.751 1560.297 1565.445 1574.823 1576.315 1575.415 1574.105 1573.945 1572.268 1565.613 1562.906 1559.816 1557.27 1555.696 1554.076 1554.475 1554.915 1553.168 1555.909 1558.631 1563.944 1566.553 1569.16 1571.622
1500.344 1499.916 1499.663 1499.593 1500.634 1503.424 1505.729 1505.808 1510.235 1514.376 1519.468 1524.272 1528.99 1540.361 1545.96 1551.432 1556.337 1561.11 1565.159 1572.998 1573.266 1571.54 1570.35 1570.5 1570.914 1566.554 1563.268 1560.353 1558.739 1558.094 1557.471 1558.175 1554.915 1556.064 1557.748 1560.546 1566.094 1568.803 1571.257 1573.679
1500.463 1498.63 1495.121 1495.781 1498.07 1499.727 1500.3 1499.581 1507.667 1513.013 1518.074 1523.756 1529.624 1541.434 1547.028 1553.649 1559.274 1561.911 1563.979 1568.833 1567.746 1565.6 1566.28 1569.098 1571.044 1569.063 1566.172 1562.481 1559.246 1559.041 1559.396 1558.175 1558.167 1558.022 1559.111 1561.513 1568.042 1570.792 1572.682 1575.028
1501.179 1498.399 1489.456 1488.939 1491.811 1493.784 1495.105 1501.699 1507.309 1512.692 1517.456 1523.09 1529.276 1541.597 1547.955 1555.334 1561.115 1563.114 1563.772 1562.134 1560.086 1558.422 1560.93 1565.752 1571.747 1571.55 1568.426 1563.845 1561.345 1560.04 1559.396 1559.85 1559.782 1559.368 1559.498 1560.04 1569.334 1572.234 1574.743 1577.56
1501.624 1499.601 1490.228 1486.809 1487.222 1488.38 1491.374 1501.927 1506.879 1511.66 1515.884 1520.49 1526.068 1539.935 1546.532 1554.26 1560.29 1561.526 1561.849 1559.43 1556.435 1555.614 1558.111 1561.626 1568.654 1569.669 1568.675 1564.677 1560.582 1560.04 1559.978 1560.067 1559.964 1559.774 1559.955 1565.068 1568.693 1571.615 1573.673 1575.846
1501.374 1497.845 1493.796 1489.399 1486.992 1487.304 1490.626 1501.582 1505.314 1509.031 1513.034 1517.273 1522.475 1536.776 1544.021 1550.701 1555.37 1558.421 1558.384 1554.097 1549.868 1550.332 1555.229 1558.83 1562.147 1563.448 1563.624 1564.677 1560.582 1560.141 1560.56 1560.819 1560.499 1559.543 1559.134 1563.818 1566.795 1569.199 1571.392 1573.789
1501.006 1497.283 1495.043 1491.132 1487.289 1487.505 1489.402 1499.342 1502.83 1506.309 1510.924 1515.609 1520.793 1534.053 1540.549 1545.366 1548.335 1549.978 1550.11 1547.571 1545.764 1547.11 1550.599 1553.248 1556.837 1558.511 1563.624 1562.306 1561.373 1559.935 1558.861 1558.451 1558.086 1557.928 1557.959 1560.584 1563.604 1566.509 1569.268 1571.938
1501.094 1496.974 1494.604 1491.224 1488.131 1487.586 1488.104 1495.103 1499.095 1503.621 1509.864 1515.029 1525.245 1531.093 1536.255 1539.605 1541.423 1542.521 1542.831 1541.223 1540.669 1542.731 1545.711 1547.381 1550.346 1558.511 1559.163 1558.812 1558.504 1556.769 1555.864 1555.106 1554.363 1553.961 1555.125 1558.674 1560.955 1563.613 1566.306 1568.828
1500.702 1497.214 1494.502 1491.753 1489.213 1487.971 1487.618 1491.559 1496.919 1502.506 1508.768 1514.257 1522.465 1525.908 1529.112 1531.913 1533.711 1534.815 1535.747 1534.801 1535.044 1537.402 1539.51 1541.411 1550.346 1552.787 1554.691 1555.687 1555.165 1553.316 1551.932 1550.016 1548.444 1549.116 1552.499 1556.522 1558.27 1560.493 1562.774 1564.701
1501.534 1497.462 1494.24 1491.394 1489.103 1487.9 1487.543 1490.541 1495.817 1501.649 1507.622 1512.948 1518.585 1520.906 1522.621 1524.021 1525.463 1526.426 1527.252 1527.113 1528.596 1531.948 1534.293 1543.543 1546.053 1548.807 1550.931 1551.68 1551.634 1549.49 1547.413 1545.772 1545.749 1547.789 1550.676 1552.783 1554.107 1556.237 1558.52 1560.394
1502.029 1497.43 1493.352 1489.641 1487.669 1487.216 1487.449 1490.228 1494.86 1500.051 1505.071 1509.732 1514.818 1515.74 1516.453 1517.41 1518.94 1520.375 1521.105 1521.745 1523.625 1526.515 1534.293 1538.667 1541.499 1544.75 1547.341 1548.226 1548.014 1544.778 1541.844 1540.778 1542.486 1545.118 1547.585 1548.609 1549.383 1551.032 1553.841 1557.701
1500.698 1497.422 1492.699 1488.639 1486.528 1486.442 1487.186 1489.585 1493.672 1498.115 1501.906 1505.228 1510.246 1510.884 1511.126 1512.014 1514.04 1515.677 1515.761 1516.945 1519.573 1526.515 1529.473 1535.101 1537.771 1541.012 1543.743 1544.553 1544.236 1540.162 1536.947 1536.457 1538.644 1539.784 1542.095 1543.537 1545.537 1547.99 1551.888 1556.862
1500.098 1496.909 1492.962 1489.307 1486.3 1485.845 1486.815 1488.427 1491.288 1495.042 1498.515 1501.13 1505.26 1506.498 1507.489 1508.428 1510.045 1511.427 1511.53 1516.945 1519.573 1522.628 1525.016 1531.985 1535.536 1538.542 1540.676 1541.207 1540.529 1537.246 1534.977 1534.357 1535.262 1535.84 1536.681 1539.369 1542.992 1546.904 1551.242 1555.696
1497.895 1494.926 1492.461 1490.319 1487.671 1485.402 1486.089 1487.095 1489.125 1492.261 1495.533 1500.261 1502.008 1503.194 1504.049 1504.791 1505.683 1508.44 1511.53 1512.616 1515.024 1518.617 1522.139 1529.595 1533.975 1537.149 1538.621 1538.787 1537.021 1534.643 1532.537 1531.511 1531.541 1532.297 1534.475 1536.736 1539.497 1543.464 1548.204 1552.519
1492.957 1491.428 1491.127 1490.459 1488.199 1484.853 1485.013 1486.047 1488.058 1490.028 1492.743 1497.199 1498.578 1499.676 1500.581 1500.979 1501.697 1508.44 1509.32 1510.624 1513.139 1517.593 1522.038 1527.866 1530.952 1534.162 1535.692 1535.681 1533.976 1531.984 1529.79 1527.942 1527.315 1528.289 1532.039 1533.73 1535.755 1538.985 1543.916 1548.526
1489.467 1488.6 1489.183 1489.126 1486.936 1484.371 1483.408 1483.417 1486.384 1488.896 1491.041 1494.04 1495.033 1496.309 1497.611 1498.113 1501.697 1506.006 1508.344 1510.445 1513.644 1518.211 1525.747 1527.771 1528.851 1529.802 1530.907 1530.98 1530.006 1528.682 1526.963 1525.018 1524.064 1525.743 1529.332 1531.092 1533.256 1535.407 1539.243 1550.119
1489.155 1488.035 1487.425 1486.912 1485.224 1479.06 1476.749 1478.69 1483.071 1486.661 1488.953 1491.273 1491.636 1492.484 1494.423 1498.113 1499.651 1504.837 1507.655 1510.59 1513.716 1517.56 1523.742 1525.059 1525.497 1525.981 1526.501 1526.504 1526.249 1525.231 1523.839 1522.599 1522.507 1524.179 1527.205 1528.686 1531.11 1534.069 1537.262 1546.344
1490.645 1488.953 1487.385 1485.875 1484.009 1478.309 1475.637 1476.397 1479.555 1483.158 1486.069 1488.143 1487.944 1488.499 1494.423 1496.851 1502.148 1505.338 1508.638 1511.438 1513.633 1515.462 1519.899 1521.265 1521.726 1522.216 1522.581 1522.853 1522.32 1521.227 1520.375 1520.219 1520.343 1523.628 1524.586 1526.148 1529.11 1532.659 1535.832 1540.478
1491.292 1489.547 1487.71 1485.691 1483.621 1478.245 1475.798 1475.875 1477.877 1480.628 1483.293 1485.553 1486.012 1488.499 1491.504 1496.146 1502.067 1505.213 1508.124 1510.678 1512.849 1514.338 1516.093 1516.949 1517.27 1517.722 1518.1 1518.251 1517.849 1516.532 1515.568 1516.433 1517.935 1521.592 1522.862 1524.942 1527.582 1530.098 1532.759 1535.167
1491.18 1489.838 1487.895 1485.72 1483.396 1477.382 1475.26 1475.55 1476.492 1478.859 1483.248 1485.553 1486.012 1487.644 1491.407 1496.668 1502.37 1504.39 1506.244 1508.165 1510.205 1511.563 1512.378 1512.512 1512.664 1513.129 1513.564 1513.789 1513.737 1512.728 1512.088 1513.608 1515.806 1519.555 1521.818 1524.223 1526.423 1527.996 1529.205 1532.81
1490.717 1489.4 1487.964 1485.805 1483.362 1478.749 1476.287 1475.329 1475.87 1477.752 1483.248 1484.983 1486.251 1488.502 1492.96 1497.745 1502.245 1502.963 1503.371 1504.393 1506.35 1506.996 1507.69 1508.001 1508.566 1509.403 1509.649 1510.338 1510.618 1510.422 1510.725 1512.188 1513.333 1517.154 1519.424 1521.92 1524.076 1524.882 1525.488 1531.161
1488.895 1488.145 1486.939 1485.198 1482.99 1479.57 1477.226 1475.29 1475.616 1477.752 1482.105 1484.754 1486.811 1489.426 1493.589 1497.649 1501.356 1501.587 1501.53 1501.567 1501.814 1501.821 1502.399 1503.15 1503.9 1505.046 1506.288 1507.075 1507.86 1508.665 1509.234 1510.359 1511.976 1515.56 1516.891 1518.141 1519.992 1522.293 1525.531 1528.345
1487.181 1486.914 1485.853 1484.252 1480.601 1479.065 1477.145 1475.553 1475.616 1476.948 1481.189 1484.287 1487.212 1489.167 1491.478 1494.133 1498.277 1498.315 1497.883 1497.475 1497.225 1497.954 1498.676 1499.371 1500.114 1501.38 1503.429 1504.104 1505.229 1506.223 1507.121 1509.319 1510.885 1513.45 1513.43 1514.98 1519.227 1521.377 1523.767 1525.64
1485.782 1485.708 1484.751 1483.281 1480.374 1478.9 1477.215 1475.553 1475.488 1475.969 1480.278 1483.268 1486.358 1488.816 1490.494 1492.602 1493.416 1492.812 1491.776 1491.516 1492.483 1494.813 1496.025 1497.21 1498.585 1500.599 1501.195 1501.52 1502.389 1503.694 1506.004 1507.986 1509.886 1511.149 1512.197 1515.09 1520.31 1522.885 1526.158 1528.223
1485.601 1485.013 1484.071 1482.796 1480.164 1478.827 1477.215 1475.852 1475.478 1475.454 1478.703 1481.478 1484.369 1486.952 1488.242 1488.819 1488.724 1487.927 1487.088 1487.479 1489.27 1491.903 1493.972 1495.72 1497.179 1498.348 1498.487 1499.752 1500.898 1502.81 1505.356 1507.11 1510.895 1513.46 1516.226 1519.823 1523.796 1525.668 1529.745 1532.493
1485.129 1484.717 1483.702 1482.419 1480.164 1478.827 1477.306 1475.961 1475.565 1475.437 1476.836 1478.763 1481.287 1483.93 1485.207 1485.943 1485.835 1485.189 1485.469 1486.834 1487.886 1490.808 1493.055 1494.265 1495.316 1496.502 1499.439 1500.779 1502.226 1503.949 1505.751 1507.358 1513.246 1517.043 1521.326 1524.641 1526.57 1528.384 1532.295 1535.166
1485.839 1484.864 1483.527 1482.419 1479.77 1478.52 1477.225 1475.931 1475.216 1475.181 1475.781 1477.116 1479.138 1481.085 1482.167 1482.263 1482.915 1483.64 1485.253 1487.286 1488.653 1490.47 1491.703 1492.771 1494.452 1497.458 1501.101 1501.749 1502.016 1502.766 1505.218 1509.579 1514.538 1519.415 1524.637 1527.133 1528.363 1529.46 1533.694 1536.275
1486.782 1485.412 1483.527 1482.067 1479.335 1478.177 1477.09 1475.85 1474.757 1474.821 1475.248 1476.133 1477.584 1479.234 1479.268 1477.679 1479.722 1482.576 1485.229 1487.707 1488.987 1488.948 1489.808 1490.924 1492.386 1495.844 1500.088 1500.409 1499.925 1500.846 1505.179 1510.742 1517.7 1521.779 1525.007 1526.682 1527.683 1531.165 1533.895 1536.4
