var/www/cgi-bin/BAERTOOLS/ravel/working/ravel-12079.DEM
NCOLS 43
NROWS 231
XLLCORNER 616413.99
YLLCORNER 4621775.4
CELLSIZE 10
NODATA_VALUE -9999
[rows 82 to 122 of 231, columns 0 to 42 of 43]
1431.706 1431.483 1431.303 1431.15 1430.868 1430.788 1430.677 1430.447 1430.426 1430.337 1430.321 1430.389 1430.436 1430.454 1430.43 1430.424 1430.364 1430.161 1429.988 1429.785 1429.634 1429.134 1428.888 1428.502 1427.682 1427.281 1426.844 1426.438 1426.05 1425.857 1425.85 1425.956 1425.934 1426.093 1426.576 1426.837 1427.143 1427.265 1427.052 1426.586 1426.563 1424.533 1423.407
1432.303 1432.106 1431.948 1431.848 1431.564 1431.484 1431.404 1431.296 1431.161 1431.144 1431.136 1431.035 1431.018 1431.014 1430.797 1430.739 1430.599 1430.403 1430.224 1429.981 1429.789 1429.252 1428.929 1428.542 1427.679 1427.315 1426.902 1426.56 1426.215 1426.109 1426.096 1426.222 1426.357 1426.508 1427.101 1427.333 1427.598 1427.777 1427.61 1427.189 1426.563 1424.533 1423.665
1432.929 1432.65 1432.568 1432.48 1432.235 1432.183 1432.034 1432.008 1431.866 1431.812 1431.819 1431.573 1431.501 1431.449 1431.234 1431.084 1430.916 1430.764 1430.476 1430.225 1429.946 1429.355 1428.956 1428.577 1427.732 1427.359 1426.937 1426.697 1426.39 1426.346 1426.399 1426.536 1426.786 1426.99 1427.582 1427.792 1427.924 1428.043 1428.005 1427.684 1426.937 1424.862 1423.665
1433.452 1433.263 1433.178 1433.091 1433.013 1432.923 1432.827 1432.755 1432.529 1432.5 1432.376 1432.175 1432.077 1431.935 1431.644 1431.51 1431.407 1431.207 1430.781 1430.537 1430.225 1429.505 1429.096 1428.627 1427.745 1427.369 1427.032 1426.781 1426.572 1426.562 1426.722 1427.036 1427.251 1427.505 1427.978 1428.198 1428.277 1428.251 1428.078 1427.757 1427.152 1425.061 1423.905
1434.146 1433.931 1433.8 1433.79 1433.641 1433.559 1433.475 1433.394 1433.116 1433.041 1432.88 1432.712 1432.615 1432.457 1432.135 1431.967 1431.774 1431.541 1431.051 1430.767 1430.458 1429.691 1429.22 1428.67 1428.152 1427.368 1427.113 1426.941 1426.989 1427.041 1427.189 1427.529 1427.715 1427.953 1428.274 1428.53 1428.495 1428.384 1428.214 1427.85 1427.243 1425.187 1424.003
1434.871 1434.631 1434.611 1434.526 1434.444 1434.161 1434.083 1434.009 1433.798 1433.633 1433.472 1433.28 1433.1 1432.876 1432.715 1432.388 1432.143 1431.908 1431.385 1431.022 1430.722 1429.774 1429.284 1428.739 1428.174 1427.492 1427.37 1427.339 1427.43 1427.562 1427.708 1427.982 1428.301 1428.626 1428.752 1428.814 1428.737 1428.604 1428.243 1427.931 1427.403 1425.319 1424.203
1435.596 1435.31 1435.232 1435.146 1435.063 1434.895 1434.787 1434.552 1434.367 1434.255 1434.1 1433.794 1433.632 1433.457 1433.234 1432.794 1432.558 1432.325 1431.743 1431.39 1430.963 1430.025 1429.571 1429.017 1428.553 1427.915 1427.913 1427.859 1427.967 1428.125 1428.273 1428.691 1428.913 1429.055 1429.138 1428.993 1428.863 1428.794 1428.383 1427.944 1427.471 1425.497 1424.371
1436.213 1436.038 1435.954 1435.86 1435.702 1435.473 1435.338 1435.32 1434.969 1434.863 1434.629 1434.311 1434.126 1433.907 1433.743 1433.185 1432.96 1432.734 1432.098 1431.713 1431.294 1430.444 1429.991 1429.561 1429.162 1428.597 1428.534 1428.542 1428.654 1428.811 1428.96 1429.28 1429.318 1429.351 1429.405 1429.195 1429.12 1429.011 1428.53 1428.081 1427.597 1425.652 1424.434
1436.924 1436.649 1436.574 1436.477 1436.313 1436.203 1436.031 1435.873 1435.545 1435.398 1435.226 1434.816 1434.634 1434.393 1434.169 1433.686 1433.445 1433.149 1432.479 1432.094 1431.764 1431.012 1430.615 1430.157 1429.805 1429.401 1429.267 1429.298 1429.346 1429.481 1429.63 1429.711 1429.701 1429.644 1429.558 1429.42 1429.33 1429.171 1428.674 1428.242 1427.759 1426.928 1424.593
1437.542 1437.377 1437.261 1437.09 1436.922 1436.781 1436.55 1436.465 1436.182 1435.892 1435.733 1435.318 1435.14 1434.897 1434.659 1434.166 1433.852 1433.546 1432.902 1432.578 1432.266 1431.941 1431.213 1430.917 1430.593 1430.253 1430.166 1430.103 1430.016 1430.078 1430.183 1430.144 1430.031 1429.945 1429.83 1429.584 1429.466 1429.317 1428.765 1428.368 1427.853 1427.067 1424.661
1438.168 1438.081 1437.771 1437.62 1437.534 1437.369 1437.27 1437.106 1436.672 1436.52 1436.355 1436.126 1435.651 1435.416 1435.181 1434.606 1434.331 1433.954 1433.407 1433.086 1432.772 1432.451 1431.883 1431.59 1431.322 1431.047 1430.865 1430.781 1430.661 1430.664 1430.629 1430.556 1430.377 1430.247 1430.082 1429.84 1429.671 1429.436 1428.858 1428.524 1427.908 1427.095 1424.754
1438.777 1438.621 1438.401 1438.247 1438.156 1437.957 1437.788 1437.625 1437.263 1437.018 1436.783 1436.544 1436.067 1435.831 1435.598 1435.126 1434.846 1434.453 1433.92 1433.594 1433.284 1433.022 1432.517 1432.209 1432.029 1431.715 1431.548 1431.479 1431.29 1431.195 1431.109 1430.979 1430.768 1430.547 1430.357 1430.065 1429.794 1429.477 1428.992 1428.565 1427.953 1427.167 1424.841
1439.314 1439.23 1438.956 1438.862 1438.704 1438.526 1438.402 1438.16 1437.678 1437.436 1437.207 1437.044 1436.591 1436.337 1436.025 1435.542 1435.279 1434.962 1434.439 1434.104 1433.808 1433.639 1433.065 1432.824 1432.67 1432.38 1432.254 1432.057 1431.893 1431.685 1431.553 1431.396 1431.12 1430.924 1430.725 1430.315 1429.96 1429.704 1429.03 1428.564 1428.015 1427.325 1424.995
1439.935 1439.779 1439.566 1439.408 1439.321 1439.009 1438.824 1438.584 1438.105 1437.861 1437.633 1437.471 1437.01 1436.771 1436.528 1436.057 1435.799 1435.477 1434.898 1434.628 1434.315 1434.082 1433.649 1433.533 1433.297 1433.076 1432.912 1432.735 1432.612 1432.183 1432.038 1431.891 1431.502 1431.35 1431.116 1430.569 1430.249 1429.975 1429.562 1428.62 1428.061 1427.343 1425.101
1439.935 1439.779 1440.177 1440.009 1439.843 1439.526 1439.342 1439.099 1438.618 1438.372 1438.144 1437.978 1437.509 1437.291 1437.127 1436.507 1436.214 1435.978 1435.742 1435.156 1434.911 1434.667 1434.292 1434.097 1433.99 1433.597 1433.445 1433.282 1433.128 1432.766 1432.542 1432.335 1431.942 1431.682 1431.463 1430.782 1430.486 1430.123 1429.666 1428.727 1428.185 1427.561 1425.227
1440.472 1440.394 1440.177 1440.531 1440.37 1440.048 1439.856 1439.616 1439.375 1438.897 1438.658 1438.411 1438.047 1437.779 1437.465 1436.932 1436.631 1436.397 1436.167 1435.6 1435.452 1435.29 1434.813 1434.611 1434.534 1434.162 1433.98 1433.88 1433.66 1433.336 1433.138 1432.84 1432.404 1432.129 1431.775 1431.081 1430.651 1430.225 1429.821 1428.816 1428.286 1427.72 1425.474
1441.055 1440.979 1440.696 1440.531 1440.37 1440.516 1440.277 1440.041 1439.812 1439.366 1439.177 1438.864 1438.431 1438.119 1437.883 1437.354 1437.055 1436.819 1436.581 1436.094 1435.875 1435.711 1435.386 1435.221 1435.068 1434.681 1434.488 1434.409 1434.255 1433.847 1433.682 1433.436 1432.825 1432.5 1432.23 1431.373 1430.875 1430.375 1430.006 1428.962 1428.43 1427.862 1425.847
1441.362 1441.296 1441.197 1441.056 1440.909 1440.516 1440.277 1440.483 1440.315 1439.849 1439.605 1439.367 1438.881 1438.646 1438.401 1437.816 1437.55 1437.235 1436.986 1436.576 1436.297 1436.213 1435.8 1435.639 1435.48 1435.245 1435.107 1435.02 1434.796 1434.351 1434.193 1433.974 1433.202 1432.846 1432.574 1431.748 1431.252 1430.711 1430.22 1429.134 1428.609 1428.086 1426.155
1441.723 1441.726 1441.505 1441.494 1441.391 1440.883 1440.705 1440.483 1440.315 1440.28 1440.038 1439.796 1439.311 1439.068 1438.818 1438.176 1437.884 1437.648 1437.41 1436.92 1436.696 1436.539 1436.253 1436.178 1436.084 1435.927 1435.679 1435.455 1435.36 1434.961 1434.769 1434.392 1433.85 1433.463 1432.953 1432.572 1431.569 1431.02 1430.411 1429.405 1428.849 1428.209 1426.331
1442.112 1442.111 1441.968 1441.863 1441.716 1441.371 1441.16 1440.989 1440.763 1440.28 1440.557 1440.315 1439.815 1439.544 1439.22 1438.902 1438.26 1437.95 1437.708 1437.22 1436.994 1436.834 1436.665 1436.582 1436.5 1436.416 1436.167 1436.141 1435.984 1435.587 1435.28 1435.03 1434.352 1433.917 1433.504 1432.993 1431.897 1431.297 1430.732 1429.665 1429.031 1428.277 1426.474
1442.471 1442.465 1442.308 1442.223 1442.12 1441.969 1441.607 1441.388 1441.236 1440.797 1440.557 1440.315 1440.172 1439.851 1439.533 1439.207 1438.565 1438.26 1438.013 1437.452 1437.301 1437.137 1436.957 1436.898 1436.899 1436.9 1436.742 1436.677 1436.665 1436.253 1436.049 1435.734 1434.981 1434.424 1433.911 1433.449 1432.124 1431.47 1430.94 1429.729 1429.023 1428.248 1426.542
1442.97 1442.94 1442.771 1442.657 1442.513 1442.339 1441.936 1441.8 1441.608 1441.266 1441.033 1440.811 1440.172 1439.851 1439.924 1439.538 1438.866 1438.546 1438.223 1437.693 1437.595 1437.435 1437.356 1437.261 1437.186 1437.176 1437.283 1437.27 1437.258 1437.005 1436.748 1436.499 1435.581 1434.974 1434.431 1433.844 1432.436 1431.675 1431.015 1429.622 1428.874 1428.169 1426.514
1443.452 1443.336 1443.123 1442.98 1442.87 1442.637 1442.374 1442.25 1441.973 1441.571 1441.352 1441.171 1440.571 1440.247 1439.924 1439.538 1439.075 1438.752 1438.418 1437.937 1437.786 1437.706 1437.611 1437.544 1437.541 1437.532 1437.852 1437.841 1437.9 1437.791 1437.658 1437.257 1436.409 1435.649 1435.017 1434.207 1432.478 1431.776 1430.95 1429.448 1428.741 1427.987 1427.199
1443.923 1443.76 1443.515 1443.351 1443.182 1442.974 1442.74 1442.59 1442.404 1442.002 1441.724 1441.41 1440.853 1440.459 1440.136 1439.825 1439.075 1439.031 1438.612 1438.1 1437.974 1437.957 1437.93 1437.885 1437.878 1437.945 1438.265 1438.462 1438.525 1438.575 1438.392 1438.044 1437.659 1436.41 1435.561 1434.426 1432.484 1431.534 1430.708 1429.285 1428.514 1427.758 1427.037
1444.3 1444.148 1443.775 1443.638 1443.512 1443.359 1443.104 1442.977 1442.739 1442.375 1442.063 1441.761 1441.511 1440.789 1440.39 1440.057 1439.4 1439.031 1438.612 1438.329 1438.265 1438.239 1438.202 1438.249 1438.225 1438.279 1438.591 1438.82 1439.045 1439.274 1439.177 1438.897 1438.445 1436.873 1435.863 1434.551 1432.374 1431.322 1430.354 1428.838 1428.182 1427.421 1426.846
1444.639 1444.441 1444.231 1443.967 1443.848 1443.713 1443.523 1443.383 1443.231 1442.708 1442.441 1442.13 1441.808 1441.134 1440.755 1440.401 1439.662 1439.232 1438.808 1438.329 1438.265 1438.632 1438.62 1438.55 1438.521 1438.567 1438.894 1438.986 1439.225 1439.733 1439.724 1439.516 1439.05 1437.436 1436.131 1434.824 1431.934 1430.818 1429.865 1428.23 1427.588 1427.139 1426.599
1445.028 1444.833 1444.676 1444.421 1444.292 1444.207 1444.039 1443.878 1443.571 1443.109 1442.79 1442.457 1442.176 1441.423 1441.078 1440.669 1439.827 1439.442 1439.022 1438.591 1438.604 1438.632 1438.62 1438.951 1438.876 1438.988 1439.073 1439.201 1439.462 1439.988 1440.194 1440.204 1439.837 1437.765 1436.51 1434.674 1431.452 1430.036 1428.881 1427.483 1427.021 1426.313 1426.097
1445.478 1445.334 1445.182 1444.871 1444.789 1444.705 1444.441 1444.251 1444.012 1443.422 1443.149 1442.786 1442.5 1441.729 1441.321 1440.907 1440.019 1439.597 1439.231 1438.989 1439.019 1438.986 1439.028 1438.951 1439.264 1439.317 1439.307 1439.412 1439.785 1440.242 1440.593 1440.454 1440.189 1437.969 1435.991 1433.969 1430.586 1429.079 1427.739 1426.721 1426.063 1425.916 1426.048
1446.117 1445.906 1445.696 1445.39 1445.291 1445.157 1444.803 1444.583 1444.345 1443.784 1443.484 1443.154 1442.779 1441.991 1441.601 1441.213 1440.268 1439.838 1439.487 1439.4 1439.463 1439.412 1439.386 1439.323 1439.264 1439.317 1439.591 1439.82 1440.236 1440.769 1440.967 1440.729 1440.151 1437.429 1435.421 1433.236 1429.359 1428.161 1427.28 1426.619 1426.088 1425.969 1426.004
1446.791 1446.565 1446.352 1446.003 1445.846 1445.664 1445.264 1445.036 1444.769 1444.501 1443.88 1443.528 1443.159 1442.385 1442.007 1441.705 1440.724 1440.208 1439.872 1439.903 1439.628 1439.453 1439.375 1439.343 1439.339 1439.341 1439.591 1439.82 1440.781 1441.24 1441.308 1440.927 1440.101 1436.958 1434.76 1432.432 1428.761 1427.626 1426.894 1426.512 1426.185 1426.117 1426.013
1447.504 1447.313 1447.068 1446.65 1446.431 1446.187 1445.834 1445.578 1445.287 1444.982 1444.324 1443.965 1443.627 1442.854 1442.484 1442.144 1441.315 1440.885 1440.437 1440.094 1439.415 1439.329 1439.301 1439.287 1439.284 1439.281 1439.621 1440.159 1440.781 1441.232 1441.265 1440.813 1439.908 1436.441 1434.162 1431.804 1428.398 1427.331 1426.732 1426.485 1426.251 1426.174 1425.993
1448.242 1448.069 1447.812 1447.323 1447.063 1446.819 1446.438 1446.169 1445.872 1445.525 1444.83 1444.474 1444.101 1443.308 1442.921 1442.539 1441.74 1441.317 1440.863 1440.286 1439.38 1439.338 1439.339 1439.323 1439.315 1439.315 1439.686 1440.276 1440.887 1441.232 1441.265 1440.42 1439.555 1435.875 1433.641 1431.376 1428.312 1427.354 1426.798 1426.567 1426.289 1426.147 1425.98
1449.016 1448.833 1448.559 1448.046 1447.753 1447.526 1447.096 1446.822 1446.494 1446.172 1445.413 1445.055 1444.638 1443.773 1443.339 1442.915 1442.004 1441.503 1441.048 1440.451 1439.56 1439.524 1439.504 1439.481 1439.465 1439.468 1439.516 1440.208 1440.713 1440.899 1440.866 1440.42 1439.555 1435.173 1433.148 1430.888 1429.156 1427.274 1426.794 1426.623 1426.34 1426.193 1426.038
1449.895 1449.614 1449.327 1448.809 1448.533 1448.312 1447.849 1447.584 1447.271 1446.95 1446.267 1445.889 1445.394 1444.505 1444.009 1443.48 1442.949 1441.783 1441.244 1440.555 1439.646 1439.635 1439.62 1439.602 1439.591 1439.621 1439.906 1440.109 1440.353 1440.487 1440.293 1439.822 1439.057 1435.173 1433.148 1430.599 1428.907 1427.192 1426.967 1426.805 1426.555 1426.568 1426.552
1450.677 1450.338 1449.975 1449.481 1449.19 1448.977 1448.805 1448.349 1448.094 1447.873 1447.329 1446.912 1446.394 1445.393 1444.799 1444.134 1443.488 1442.212 1441.628 1440.825 1439.672 1439.717 1439.715 1439.706 1439.722 1439.824 1440.062 1440.094 1440.099 1440.115 1439.921 1439.411 1437.89 1434.205 1432.261 1430.599 1428.821 1427.289 1427.186 1427.107 1427.016 1427.065 1427.043
1451.39 1451.062 1450.673 1450.036 1449.811 1449.59 1449.434 1449.142 1448.922 1448.82 1448.228 1447.824 1447.41 1446.274 1445.595 1444.907 1444.207 1442.795 1441.997 1441.154 1439.781 1439.769 1439.777 1439.782 1439.878 1440.166 1440.24 1440.236 1440.19 1440.163 1439.307 1437.897 1436.404 1433.258 1431.69 1430.122 1428.821 1427.289 1427.49 1427.47 1427.609 1427.722 1427.773
1452.047 1451.71 1451.318 1450.58 1450.342 1450.186 1450.083 1449.946 1449.847 1449.836 1449.299 1448.92 1448.475 1447.227 1446.484 1445.768 1444.945 1443.261 1442.345 1441.407 1439.885 1439.749 1439.776 1439.838 1439.998 1440.213 1440.365 1440.441 1440.341 1440.112 1438.132 1436.885 1435.584 1432.741 1431.179 1429.747 1428.859 1427.674 1427.49 1427.47 1428.066 1428.182 1428.243
1452.54 1452.214 1451.89 1451.162 1450.866 1450.789 1450.74 1451.153 1451.018 1450.884 1450.515 1450.235 1449.738 1448.269 1447.458 1446.531 1445.577 1443.675 1442.726 1441.75 1440.101 1439.699 1439.72 1439.74 1440.123 1440.294 1440.447 1440.409 1440.164 1439.538 1437.416 1436.286 1435.125 1433.894 1431.257 1430.149 1429.192 1428.234 1428.079 1428.046 1428.066 1428.182 1428.798
1453.015 1452.679 1452.361 1451.817 1451.59 1451.53 1451.629 1451.924 1451.857 1451.733 1451.543 1451.34 1450.817 1450.163 1448.339 1447.393 1446.41 1444.311 1443.282 1442.294 1440.59 1440.172 1440.018 1440.024 1440.363 1440.52 1440.464 1440.03 1439.579 1438.854 1436.958 1435.853 1434.705 1433.605 1431.499 1430.443 1429.718 1428.747 1428.681 1428.591 1428.581 1428.671 1428.798
1453.591 1453.302 1452.969 1452.698 1452.312 1452.245 1452.368 1452.546 1452.453 1452.413 1452.175 1451.938 1451.618 1451.089 1449.216 1448.173 1447.117 1445.027 1443.977 1443.039 1441.45 1440.986 1440.726 1440.65 1440.62 1440.506 1440.265 1439.415 1438.844 1438.122 1436.402 1435.435 1434.528 1433.606 1431.759 1431.054 1430.269 1429.543 1429.32 1429.224 1429.24 1429.301 1429.366
1454.152 1453.826 1453.572 1453.373 1453.118 1453.052 1453.175 1453.245 1453.152 1453.124 1452.763 1452.498 1452.189 1451.736 1449.876 1448.782 1447.759 1445.687 1444.609 1443.718 1442.1 1441.441 1441.102 1440.82 1440.666 1440.458 1439.953 1438.915 1438.283 1437.613 1436.093 1435.296 1434.508 1433.747 1432.194 1431.558 1431.019 1430.309 1430.037 1429.914 1429.884 1429.906 1429.971
