var/www/cgi-bin/BAERTOOLS/ravel/working/ravel-13933.prodgrd.txt
NCOLS 92
NROWS 90
XLLCORNER 452078.49
YLLCORNER 3782565.4
CELLSIZE 10
NODATA_VALUE -9999
[rows 0 to 25 of 90, columns 0 to 59 of 92]
-26.907153 -30.01266 -26.371338 -28.130932 -27.473137 -27.316046 -27.555218 -26.299743 -27.116416 0 0 0 -39.517049 -26.296658 -26.832328 -26.972983 -27.775932 -30.063623 -28.380194 -26.649649 -26.764582 -26.586883 -26.555355 -26.609244 -26.638314 -26.575964 -26.544235 -26.515372 -26.497879 -26.527755 -26.750774 -26.331851 -26.98091 -27.203116 -28.026964 -29.345136 -36.205014 -39.455726 -29.047958 -28.133988 -27.650651 -27.319098 -27.053306 -27.00153 -27.54957 -31.593416 -39.485046 -34.944694 -26.400323 -28.489853 -28.048979 -28.975547 -26.917645 -26.437011 -26.69136 -29.861343 -26.818773 -26.885598 -29.282841 -39.494385
-26.595288 -26.328164 -26.256456 -26.273321 -26.685273 -26.768322 -26.683199 -26.299703 -26.295973 -27.083872 -27.287404 0 -26.95816 -26.201648 -26.220424 -26.329823 -26.294314 -26.32845 -26.389632 -26.311195 -26.236094 -26.317812 -26.324764 -26.337639 -26.369295 -26.417759 -26.387558 -26.452067 -26.32043 -26.278549 -26.340491 -26.207698 -26.208042 -26.404797 -26.46607 -26.60908 -26.786256 -26.8019 -27.631333 -27.221623 -26.988805 -26.85734 -26.712983 -26.578927 -26.54234 -26.470344 -26.665275 -26.831135 -26.285961 -26.289296 -27.217011 -27.284181 -26.610894 -26.391457 -26.437011 -26.69136 -27.077045 -26.818773 -26.885598 -29.282841
-26.634776 -26.634776 -26.273321 -26.236218 -26.754958 -26.683199 -26.618765 -26.295973 -26.231922 -26.729553 -26.555638 -26.69985 -27.378542 -26.220424 -26.249695 -26.294314 -26.301731 -26.315436 -26.372833 -26.236094 -26.276468 -26.324764 -26.325654 -26.338499 -26.385111 -26.387558 -26.451344 -26.488569 -26.43191 -26.374255 -26.388827 -26.208042 -26.209219 -26.356858 -26.371667 -26.50082 -26.68946 -26.625973 -26.774651 -26.731706 -26.687569 -26.716605 -26.578927 -26.528868 -26.470344 -26.665275 -27.451881 -27.19891 -26.217968 -26.261933 -26.933973 -26.781085 -26.491014 -26.4438 -26.359472 -26.446081 -27.578838 -27.077045 -27.516257 -30.262429
-26.988805 -26.72396 -26.236218 -26.268924 -26.601933 -26.544433 -26.567857 -26.231922 -26.211493 -26.525507 -26.445614 -26.352901 -26.459719 -26.249695 -26.360736 -26.301731 -26.315436 -26.379236 -26.434529 -26.276468 -26.342871 -26.325654 -26.338499 -26.385111 -26.445289 -26.451344 -26.448474 -26.55583 -26.444938 -26.399919 -26.386828 -26.209219 -26.201234 -26.371667 -26.373883 -26.418689 -26.582062 -26.599853 -26.651261 -26.539487 -26.580714 -26.642364 -26.528868 -26.484791 -27.132721 -27.240422 -26.957754 -26.595108 -26.194321 -26.217968 -26.730049 -26.652202 -26.504515 -26.491014 -26.330712 -26.359472 -27.748895 -27.689966 -28.240149 -30.601339
-26.510333 -26.535265 -26.268924 -26.365527 -26.544433 -26.499269 -26.526279 -26.211493 -26.254864 -26.445614 -26.352901 -26.459719 -26.35697 -26.452466 -26.474348 -26.409015 -26.379236 -26.434529 -26.461147 -26.404405 -26.337821 -26.539101 -26.48015 -26.482821 -26.525299 -26.448474 -26.340286 -26.570008 -26.515108 -26.429526 -26.355452 -26.201234 -26.204814 -26.373883 -26.418689 -26.486778 -26.574506 -26.576708 -26.85216 -26.651261 -26.539487 -26.684027 -26.432489 -26.453338 -26.970939 -26.897573 -26.670214 -26.532236 -26.18754 -26.194321 -26.622348 -26.730049 -26.569576 -26.504515 -26.316609 -26.330712 -28.82649 -28.369502 -28.503551 -29.9561
-26.409175 -26.361719 -26.447319 -26.544039 -26.499269 -26.629816 -26.60322 -26.254864 -26.302479 -26.779198 -26.509124 -26.35697 -26.452466 -26.377517 -26.519603 -26.489799 -26.446814 -26.461147 -26.491249 -26.337821 -26.364765 -26.546529 -26.619309 -26.654852 -26.550945 -26.340286 -26.302211 -26.532613 -26.659829 -26.684234 -26.502381 -26.204814 -26.229259 -26.489629 -26.486778 -26.574506 -26.576708 -26.589358 -26.73865 -26.901877 -27.364952 -27.832683 -26.250174 -26.340903 -26.856039 -26.816994 -26.632464 -26.510563 -26.197415 -26.18754 -26.642913 -26.827478 -26.657331 -26.569576 -26.323044 -26.316609 -28.873268 -28.523143 -28.369502 -30.070253
-26.47655 -26.390576 -26.254289 -26.394192 -27.535862 -26.967194 -26.777319 -26.302479 -26.416603 -27.170312 -26.856201 -26.455792 -26.377517 -26.345289 -26.203598 -27.076223 -26.644051 -26.592126 -26.617242 -26.364765 -26.520261 -26.619309 -26.806686 -26.944448 -27.291012 -26.302211 -26.280088 -26.454984 -26.488147 -26.520573 -26.585687 -26.229259 -26.489629 -26.58982 -26.685065 -26.785708 -26.589358 -26.73865 -26.744007 -28.473371 -28.25357 -26.901517 -26.222941 -26.250174 -26.710066 -26.786804 -26.651261 -26.531484 -26.222853 -26.197415 -26.878702 -26.878019 -26.807928 -26.657331 -26.325795 -26.323044 -29.167653 -28.873268 -28.523143 -37.724551
-26.69498 -26.254289 -26.343863 -26.388359 -26.592919 -29.023379 -28.720858 -26.416603 -26.696051 -27.341425 -27.120351 -26.606983 -26.352863 -26.203598 -26.159566 -26.924675 -39.520543 -27.241377 -27.083508 -26.520261 -26.824184 -26.806686 -26.944448 -26.809086 -26.928747 -26.280088 -26.266655 -26.452738 -26.413171 -26.417914 -26.436167 -26.260272 -26.58982 -26.716832 -26.781627 -26.942161 -26.930124 -26.715469 -28.822954 -27.127065 -27.050965 -26.798495 -26.220782 -26.222941 -26.784616 -26.798495 -26.67442 -26.634241 -26.247649 -26.222853 -27.140737 -27.060346 -26.878019 -26.807928 -26.340234 -26.325795 -29.619814 -29.167653 -30.998799 -27.07397
-27.543036 -26.343863 -26.388359 -26.34645 -26.382047 -26.608916 -34.46892 -26.696051 -27.562443 -28.304186 -27.588841 -26.859626 -26.416703 -26.159566 -26.159469 -26.445289 -27.157172 0 -30.009514 -26.824184 -27.483078 -27.040835 -26.809086 -26.928747 -26.864234 -26.266655 -26.27512 -26.413171 -26.417914 -26.417914 -26.260272 -26.21975 -26.613884 -26.781627 -26.942161 -26.89331 -26.624933 -26.338652 -26.970104 -26.889437 -26.792885 -26.673816 -26.22557 -26.220782 -26.995346 -26.749941 -26.768584 -26.67442 -26.257304 -26.247649 -27.281993 -27.262628 -27.060346 -27.100681 -26.37345 -26.340234 -37.145553 -39.517312 0 -26.996665
-27.141891 -26.524322 -26.34645 -26.382047 -26.284555 -26.326266 -26.505305 -27.334288 -39.466118 -39.502032 -29.263851 -27.084289 -26.563687 -26.159469 -26.162468 -26.326928 -26.479599 -27.009142 0 -27.483078 -39.470067 -30.036043 -27.318773 -26.864234 -26.730663 -26.27512 -26.283372 -26.449985 -26.417914 -26.413701 -26.21975 -26.21858 -26.565013 -26.693911 -26.766235 -26.624933 -26.338652 -26.248932 -26.640905 -26.714563 -26.64383 -26.584474 -26.241372 -26.22557 -27.081172 -26.834515 -26.749941 -26.768584 -26.258602 -26.257304 -27.419018 -27.560283 -27.325667 -27.397924 -26.400416 -26.375126 -39.489678 -39.489089 0 -26.886294
-27.250733 -26.873262 -26.40335 -26.284555 -26.311784 -26.240985 -26.283839 -26.395782 -27.242471 0 0 -27.876881 -26.625279 -26.162468 -26.178071 -26.278395 -26.317218 -26.456659 -26.815194 -29.19004 -39.455209 -30.774608 -27.289095 -26.730663 -26.563546 -26.283372 -26.21953 -26.471997 -26.42337 -26.406313 -26.21858 -26.212572 -26.432904 -26.564166 -26.63567 -26.845457 -26.207812 -26.235996 -26.629992 -26.640905 -26.639996 -26.62754 -26.276468 -26.241372 -27.162476 -27.077559 -26.834515 -27.141891 -26.293816 -26.258602 -27.640821 -28.008856 -28.122191 -29.259138 -26.385243 -26.371544 -32.260642 -35.7074 0 -26.827478
-27.380855 -26.590468 -26.69881 -26.311784 -26.240985 -26.278787 -26.273675 -26.320293 -26.382501 -29.591017 0 0 -27.276915 -26.178071 -26.278395 -26.317218 -26.310711 -26.325316 -26.40863 -26.751339 -26.531246 0 -27.756791 -26.563546 -26.357089 -26.21953 -26.235393 -26.298981 -26.406313 -26.383339 -26.212572 -26.222261 -26.468684 -26.467712 -26.814047 -27.056871 -26.185734 -26.207812 -26.564166 -26.629992 -26.681548 -26.639996 -26.348052 -26.276468 -29.194555 -27.162476 -27.077559 -28.506331 -26.283982 -26.243245 -27.235668 -28.462576 -29.259138 -29.154372 -26.371544 -26.342091 -29.406722 -34.017641 0 -26.717744
-26.677049 -26.422815 -26.590468 -26.413686 -26.278787 -26.273675 -26.316405 -26.317522 -26.290122 -26.828085 -27.231622 -27.173355 -26.973871 -26.384914 -26.410182 -26.310711 -26.325316 -26.353437 -26.348154 -26.371869 -26.326743 -28.502441 -39.454915 0 -26.815106 -26.235393 -26.298981 -26.263945 -26.260191 -26.358439 -26.222261 -26.254221 -26.467712 -26.814047 -26.770157 -27.239741 -26.195263 -26.185734 -26.574798 -26.686524 -26.803327 -26.913929 -26.370264 -26.319658 -27.961712 -27.367433 -27.221623 -27.433438 -26.243245 -26.233047 -26.826266 -27.160683 -27.58996 -27.576632 -26.342091 -26.295392 -27.400526 -28.737358 -31.524992 -26.898645
-26.57474 -26.492568 -26.422815 -26.506291 -26.35491 -26.316405 -26.317522 -26.290122 -26.252232 -26.557615 -26.687046 -26.629922 -26.704525 -26.663905 -26.47842 -26.472599 -26.353437 -26.348154 -26.371869 -26.326743 -26.228272 -28.340507 -30.631555 -30.084248 -39.106735 -26.558097 -26.263945 -26.260191 -26.358439 -26.267899 -26.254221 -26.241949 -26.709375 -26.770157 -26.796242 -26.85734 -26.198421 -26.183663 -26.496851 -26.448831 -26.476099 -26.602575 -26.319658 -26.27559 -27.115368 -27.008241 -26.863242 -26.79991 -26.233047 -26.211433 -26.67766 -26.844508 -27.152386 -26.620637 -26.295392 -26.363174 -26.866224 -27.351061 -29.278073 -27.438005
-26.568042 -26.527521 -26.492568 -26.531709 -26.411139 -26.367096 -26.326323 -26.252232 -26.226619 -26.368698 -26.428653 -26.515697 -26.629922 -26.47842 -26.243093 -26.419834 -27.047016 -26.59561 -26.428784 -26.228272 -26.255094 -27.490916 -30.084248 -39.106735 0 -30.538421 -27.499733 -26.363906 -26.267899 -26.315745 -26.241949 -26.206498 -26.461458 -26.557216 -26.652014 -26.754453 -26.183663 -26.193124 -26.448831 -26.38302 -26.34645 -26.422135 -26.27559 -26.259225 -26.713885 -26.680931 -26.684234 -26.704745 -26.211433 -26.186686 -26.455718 -26.577741 -26.877677 -26.403206 -26.300665 -26.530111 -26.773324 -26.808507 -27.438005 -26.942555
-27.264822 -26.568042 -26.582663 -26.485198 -26.473224 -26.454947 -26.352648 -26.226619 -26.329625 -26.428653 -26.429297 -26.440827 -26.518433 -26.243093 -26.262915 -26.387385 -26.560245 -28.081673 -28.516111 -26.255094 -26.371434 -28.920865 0 0 -27.038919 -26.564265 0 0 -26.616164 -26.358416 -26.206498 -26.227269 -26.436538 -26.402128 -26.419351 -26.47251 -26.193124 -26.181303 -26.38302 -26.34645 -26.344493 -26.337942 -26.259225 -26.223073 -26.603865 -26.527879 -26.554328 -26.62754 -26.186686 -26.185551 -26.366834 -26.427169 -26.630344 -26.300665 -26.322168 -26.773324 -26.808507 -27.439839 -27.763931 -26.708284
-26.700589 -27.264822 -27.190562 -26.73521 -26.67233 -26.749094 -26.634919 -26.329625 -26.444088 -26.429297 -26.440827 -26.491484 -26.534568 -26.262915 -26.273718 -26.326649 -26.375826 -26.475126 -26.904588 -26.371434 -26.630397 0 0 0 -26.564265 -26.452657 0 0 -31.677886 -27.466789 -26.227269 -26.226167 -26.402128 -26.419351 -26.362894 -26.378523 -26.181303 -26.185124 -26.390239 -26.344493 -26.337942 -26.343183 -26.223073 -26.184083 -26.527879 -26.504064 -26.446876 -26.513117 -26.185551 -26.197518 -26.32556 -26.32556 -26.439565 -26.322168 -26.389834 -26.737926 -26.928976 -28.486999 0 0
-26.489279 -26.700589 -26.539397 -26.508195 -26.817853 -26.997854 -27.009233 -26.614352 -26.847998 -27.099555 -27.022539 -26.902923 -26.726524 -26.273718 -26.326649 -26.265823 -26.2584 -26.303068 -26.370763 -26.872857 -26.734038 0 0 0 -26.452657 -26.592421 -39.52248 -31.677886 -31.157583 -27.73132 -26.226167 -26.231767 -26.42299 -26.362894 -26.378523 -26.426281 -26.185124 -26.189779 -26.392751 -26.374752 -26.343183 -26.308136 -26.184083 -26.182137 -26.504064 -26.446876 -26.487725 -26.450623 -26.197518 -26.217233 -26.32556 -26.34334 -26.349616 -26.389834 -26.566147 -26.928976 -26.807639 -27.207893 -30.070253 -39.48438
-26.533633 -26.489279 -26.508195 -26.381705 -26.370915 -26.486851 -26.732489 -26.847998 -27.07443 -28.003151 -27.326992 -27.000509 -26.990323 -26.33593 -26.265823 -26.2584 -26.237753 -26.239935 -26.287129 -26.318683 -39.488618 0 0 0 -26.581253 -26.797113 -28.964214 -31.157583 -27.73132 -28.114437 -26.209543 -26.254066 -26.770841 -26.597819 -26.467267 -26.361487 -26.189779 -26.220588 -26.422214 -26.424118 -26.421741 -26.412265 -26.182137 -26.25751 -26.611224 -26.487725 -26.450623 -26.473005 -26.217233 -26.317992 -26.34334 -26.349616 -26.45252 -26.566147 -26.844508 -26.807639 -27.207893 -27.566781 -27.457506 -27.286377
-26.634116 -26.533633 -26.381705 -26.370915 -26.472382 -26.435494 -26.495999 -26.562619 -26.551376 -27.496948 -27.647047 -27.326992 -27.000509 -26.532751 -26.311944 -26.237753 -26.239935 -26.261988 -26.231178 -26.185731 -26.543659 -27.925396 -29.418073 0 -26.402954 -26.581253 -28.333248 0 -27.553623 -26.581208 -26.187027 -26.209543 -26.885459 -27.232362 -27.160504 -26.558857 -26.220588 -26.351467 -26.53211 -26.539875 -26.610068 -26.907315 -26.25751 -26.370143 -27.00153 -26.844508 -26.64771 -26.28391 -26.282065 -26.39502 -26.516641 -26.45252 -26.476099 -26.654472 -27.354304 -27.8958 -27.566781 -27.457506 -27.343022 -26.92783
-26.611291 -26.634116 -26.638674 -26.472382 -26.435494 -26.394695 -26.355727 -26.401242 -26.381666 -27.245762 -27.562659 -27.647047 -28.170562 -28.889824 -27.021798 -26.417273 -26.261988 -26.231178 -26.185731 -26.206835 -26.478674 -27.265247 -28.944875 -29.418073 -26.356187 -26.402954 -27.790803 0 -26.613868 -26.485052 -26.177338 -26.187027 -26.589928 -26.922672 -27.230951 -27.029864 -26.235184 -26.354503 -26.446522 -26.386034 -26.395089 -26.526524 -26.237886 -26.284914 -27.370755 -27.061843 -26.627714 -26.179343 -26.274651 -26.527509 -26.610398 -26.496414 -26.545749 -26.5546 -26.823252 -28.628948 -27.58438 -27.15121 -26.888737 -26.613384
-28.024897 -26.611291 -27.124874 -26.581912 -26.394695 -26.355727 -26.401242 -26.381666 -26.283507 -26.423212 -26.650773 -27.059649 -28.137061 -28.425786 -26.928976 -26.83755 -26.769422 -26.439462 -26.206835 -26.282432 -26.43658 -26.616618 -29.042535 -27.708128 -26.399969 -26.356187 -39.445474 -30.249587 -26.469747 -26.519662 -26.186736 -26.177338 -26.692676 -27.083716 -27.044738 -27.082209 -26.221454 -26.235184 -26.404507 -26.386894 -26.386034 -26.395089 -26.232951 -26.237886 -26.973032 -26.649387 -26.440251 -26.178182 -26.179343 -26.408904 -26.527509 -26.610398 -26.5546 -26.607604 -26.428629 -26.613551 -26.570729 -26.529613 -26.512418 -26.43092
-28.256725 -28.024897 0 0 -27.940461 -26.773616 -26.504526 -26.283507 -26.423212 -26.605583 -26.843151 -27.172075 -27.461281 -27.607628 -30.973464 -28.230629 -27.053368 -26.800279 -26.282432 -26.394944 -26.616618 -27.243703 -29.239956 -29.143826 -26.700393 -26.399969 0 -26.909802 -26.459982 -26.469747 -26.201978 -26.186736 -27.02977 -27.683034 -28.23372 -26.948496 -26.222195 -26.221454 -26.435662 -26.404507 -26.386894 -26.473999 -26.245227 -26.232951 -26.828998 -26.511953 -26.462536 -26.233554 -26.178182 -26.682372 -27.225603 -27.057861 -26.607604 -26.428629 -26.613551 -26.655232 -26.602093 -26.570729 -26.529613 -26.512418
-38.030793 -28.256725 -30.890482 0 0 -36.711786 -28.14376 -26.591908 -26.684462 -26.669936 -26.667104 -27.461281 -27.607628 -30.973464 0 -30.814329 0 -27.82483 -26.394944 -26.632481 -26.948855 -27.197701 -28.908444 0 -27.026258 -26.700393 -39.468122 -26.678128 -26.502224 -26.459982 -26.224469 -26.201978 -27.11802 -27.829712 -28.118208 -26.685273 -26.222809 -26.222195 -26.49048 -26.435662 -26.466359 -26.613884 -26.281047 -26.245227 -26.631755 -26.517945 -26.511953 -26.370873 -26.233554 -30.438459 -31.146997 -27.290791 -26.841359 -26.626321 -26.68011 -26.70651 -26.655232 -26.602093 -26.624414 -26.657523
0 -38.030793 0 0 -39.190999 0 0 -27.185995 -26.669936 -26.667104 -27.827785 -39.519838 0 0 -30.814329 0 0 0 -26.632481 -26.948855 -27.197701 -28.356144 -28.152346 -29.039667 0 -27.026258 -27.05386 -26.607081 -26.5603 -26.502224 -26.247521 -26.224469 -27.268946 -28.078606 -27.210484 -26.553241 -26.22643 -26.222809 -26.507806 -26.49048 -26.599216 -26.257246 -26.305964 -26.281047 -26.644566 -26.631755 -26.517945 -26.535901 -26.410839 -31.146997 -38.367001 -29.235775 -27.443523 -27.074993 -27.074993 -26.91061 -26.853449 -26.902237 -26.925168 -26.729577
0 0 -39.522891 -39.190999 -28.060013 -27.478706 -29.097232 0 0 0 -39.519838 0 0 0 0 0 0 0 -28.789805 -30.563196 -28.356144 -28.152346 -29.039667 -39.505677 0 -36.982842 -26.955564 -26.61139 -26.607081 -26.5603 -26.264552 -26.247521 -27.275112 -27.917544 -26.867556 -26.553512 -26.222348 -26.22643 -26.519017 -26.507806 -26.671211 -26.274151 -26.257246 -26.305964 -27.049011 -26.644566 -26.901877 -26.704525 -27.436175 0 -30.677631 -35.503032 0 -27.074993 -27.369092 -27.150037 -26.91061 -26.853449 -26.902237 -26.925168
