var/www/cgi-bin/BAERTOOLS/ravel/working/ravel-27920.depgrd.txt
NCOLS 42
NROWS 41
XLLCORNER 277086.32
YLLCORNER 3844468.9
CELLSIZE 10
NODATA_VALUE -9999
0 0 0 0 0 0 0 0 0 0 0 0 0 0 0 0 16.91617 0 0 0 0 0 0 0 0 0 11.602231 0 0 0 0 0 0 0 0 0 21.084619 3.5527137e-15 0 0.016029241 0.036895784 1.0658141e-14 
0 0 0 0 0 0 0 0 0 0 0 0 0 0 0 14.142781 0 0 0 3.5527137e-15 -7.1054274e-15 0 3.5527137e-15 0 0 3.5527137e-15 0 0 0 0 0 0.004605903 0 0 0 0 0 0 0 0.0045571998 1.0658141e-14 -1.0658141e-14 
0 0 0 0 0 0 0 0 0 16.633455 0 0 0 0 0 0 0 0 0 0.024549767 0.056321211 3.5527137e-15 3.5527137e-15 0 -7.1054274e-15 0 0 0 -3.5527137e-15 0 0 0.015355359 0 0 0 0 0 0 0 0 0 -3.5527137e-15 
0 0 0 0 0 0 0 0 0 0 20.882177 16.379287 0 0 0.94041963 0 -8.8817842e-16 0 3.5527137e-15 -3.5527137e-15 0.037386561 0.022687806 0 0 0 0 0.019836891 -3.5527137e-15 1.0658141e-14 -7.1054274e-15 0 0 0.0093527856 0 0 0 0 0 0 0 0 0 
0 0 0 0 0 0 0 0 0 0 0 0 0 0 0 25.272321 0 0 -3.5527137e-15 0.052610291 0.03460953 0.033106389 3.5527137e-15 0 7.1054274e-15 0 0.013203053 0 0.031309646 0 0.023904924 0.011704993 0 0 0 0.019157584 0 0 0 11.813564 0 0 
0 0 0 0 0 0 0 0 0 0 0 11.678281 -3.5527137e-15 0.0089210721 0 0 0 0.0014470895 0.0290895 0.1751115 267.50151 20.5707 3.5527137e-15 -3.5527137e-15 0 0.049720146 0.073580735 3.5527137e-15 0.027780375 -3.5527137e-15 0.070170684 0.046138487 0.047631798 -3.5527137e-15 0 0 0 0 0 0 0 0 
0 0 0 0 0 0 0 0.02457023 0 0 25.729252 0 0 0.017601894 0.014336641 0 3.5527137e-15 0.016160953 0.036705871 0.10173532 132.74216 388.88049 0 88.581964 138.97481 0 0 0.14442118 0.0063261054 0.089479102 7.1054274e-15 0.017632346 0.029311241 0 0.039908412 -3.5527137e-15 0 0 0 0 0 0 
0 0.013611573 0.027123641 0 0 0.011171423 3.5527137e-15 0.037121313 0 0 0 0 0 0.034515755 0.045819201 0.033939187 0 0.021028213 0.01890767 0.048386674 0.2063931 0 137.22604 264.39688 48.669753 0.036090863 0.070707985 0.11460972 0.017015952 0 0.079151511 0.13746426 7.1054274e-15 0 0.017060267 0 0.0067262838 0.012696738 -7.1054274e-15 0 0 0 
0 -3.5527137e-15 0.013236127 0 3.5527137e-15 0.048178509 0.015394697 0.040793068 -7.1054274e-15 -3.5527137e-15 7.1054274e-15 0 0 0.0068835804 0.14583522 0.055152703 0 0 3.5527137e-15 0.016026928 0.42901796 127.8064 18.579664 10.171539 548.52759 0.066359011 54.619406 40.145907 7.5681694 0.073801741 0.049176629 0.051245577 0.032445875 0.0098314664 0.017933856 0 0.016764796 -7.1054274e-15 7.1054274e-15 7.1054274e-15 0 0 
0.020689326 -3.5527137e-15 0.020182083 0.017659371 0.030266582 0.091265192 0.10179973 0.084504176 3.5527137e-15 0.035795142 0 0.023458594 0.011920148 0.012281575 0.096104763 0.14636142 0.068057058 -3.5527137e-15 0 0.044980706 0.30091275 0 0.52251849 0 219.08847 0.26235618 34.386021 0.039703946 0.021231358 0.10765806 0.072015124 0 0.046386377 0.037325349 0 0.049784751 0.044618289 0 1.4210855e-14 -3.5527137e-15 0 0 
0 0 -1.0658141e-14 0.031245001 0.11729329 0.047000413 0.14691686 -3.5527137e-15 0 0 0 0 0.044178743 0.017019257 7.1054274e-15 0.45019002 0.066690008 0.076921431 0.1100159 0.23979914 0.41757073 1.7763568e-15 86.804696 7.245591 0 0.44015004 0.20727868 0.10732322 0.10499634 0.06362979 0.1712245 0.11821268 3.5527137e-15 0.022939383 0.023568508 0.01199602 0.069393838 0 0 0 0 0 
0.073703377 0.03305718 0 0.017886877 0.013450855 0.30158382 0.076172497 0.017752733 -3.5527137e-15 0.045145892 0 0 0 -3.5527137e-15 0 0 409.65752 151.36134 111.76298 57.296312 61.453476 44.175371 0 0 0.3958146 0.66660779 0.04996377 0.10323217 0.10219208 0.093700815 0.079663392 0.045158757 3.5527137e-15 0.014817396 0.0039598561 0.1852363 0.11341353 3.5527137e-15 0 -3.5527137e-15 0 0 
28.457952 0.04749433 43.059826 366.32974 893.51666 0.23920233 0.26668306 0.070418899 0.10610216 0.017787249 -3.5527137e-15 0.039380731 0 0 3.5527137e-15 0.030152553 657.37635 0 0 0 0 0 0 0 0.55363934 0.68896841 0.14732946 0.20826906 0.13428978 0.12094826 0.10978393 0.12457112 0 0.022999533 0.079632653 0.17559859 0.10114641 -3.5527137e-15 -3.5527137e-15 0 -3.5527137e-15 0 
0 94.26428 232.25629 229.30699 346.06684 382.6472 27.328927 0.023311149 0.024253471 0.017993042 0.027828412 0 0.092325522 0 0.060725335 0 0 0 0 0 0 0 0 0.023885217 0.93369358 0.29205739 0.18418268 0.092234718 0.096520738 0.16111705 0.042034418 0.12013581 -3.5527137e-15 0.28450993 0.14591029 0.17893219 0.13075611 0 3.5527137e-15 7.1054274e-15 3.5527137e-15 0 
0 0 34.404443 0.088144297 0.35076229 209.53804 183.58964 230.38023 363.90853 465.47699 498.3016 476.96722 119.19675 0.086300784 0.081030016 0.059674305 0.012516481 0.079335468 53.697459 0 29.380483 0 0 0.71295797 0.016851725 0 0.38241047 0.14037982 0.069462981 0.17322673 0.1659157 0.11043182 0.083558235 0.12476625 0.093862771 0.14830686 0.11214835 0 3.5527137e-15 0 0 57.354014 
152.99835 132.0911 0.15109132 0.26840982 0.28100895 0.1611502 0.072795134 0.12421555 0.086520581 0.098180009 0.32027632 2.1116101 746.03409 86.425481 53.201096 56.560141 71.194107 100.35087 38.297391 2.0566687 902.57079 1131.3305 48.617527 203.60133 285.27316 172.81127 407.19202 460.08812 823.4442 0 0 0.092841254 0.27980834 0.18098589 0.10465195 0.16765152 0.12240758 0.031210411 -7.1054274e-15 7.1054274e-15 0 0 
0.034474452 0.015211796 0.1823681 0.21667934 0.14631662 0.21605304 0.082943881 0.35462929 0.22050776 0.042807672 0.14637975 1.5260128 0.85871398 3328.9445 45.028218 0 0 118.89871 0.49881239 0.31521287 0.22704221 74.811545 441.28244 166.62128 6.6402673 161.78765 23.527873 0.15156893 0.14884075 991.69694 43.009617 110.68296 3.5527137e-15 0 1458.0475 0.17902494 0.043234921 7.1054274e-15 0 -7.1054274e-15 0 0 
0 0.065469988 0.19175461 0.19404776 0.17424665 0.077106784 0.14451444 0.16260687 0.11703134 0.28153956 0.38055334 1.3759396 0.48501822 186.96732 525.12392 200.77713 153.9376 0.0869973 0.38148998 0.41539284 0.12392423 0.14789407 0.70421943 1.6899799 0.24218436 0.1983204 0.11421008 0.20664086 0.077089583 0.082221937 160.64414 205.85051 0.23959207 2.5769473 662.82432 3.5527137e-15 176.72587 0.025654866 0.023295186 -1.0658141e-14 0.25372969 0 
0.077159473 0.036303755 0.096223525 0.21422022 0.12195177 0.099506745 0.045887821 0.063234185 0.094710672 0.17134437 4.2216965 1.4202668 0.061570374 1.1207029 0.21400804 7.1054274e-15 0.057908015 0.071676782 0.50620207 0.35145313 0.18258443 0.18591493 0.61060782 0.11444638 0.072603449 0.052927008 0.045568131 3.5527137e-15 1.4210855e-14 0.10147718 0.22483093 0.16964667 0.1978452 0.12318259 0.046664834 14.336436 1192.9972 873.16912 0.12679796 0.0062867169 0 0 
0.087583547 0.034456381 0.073561406 0.18800943 0.026726933 0.056815544 0.11992057 0.20694097 0.11284542 -3.5527137e-15 1.6695159 0.85576293 0.10766691 2.2423612 0.19179052 0.14589701 0.16049661 0.10346382 0.31773212 0.27895334 0.21675167 0.36505863 0.070195941 0.055955648 0.071216338 0.093407678 0.31417882 -1.0658141e-14 -2.1316282e-14 0.057716515 0.18601557 0.13921898 0.083646777 0.13606851 0.12561857 3.5527137e-15 0.031578988 568.7386 91.22389 0 0 0 
0 0.032466634 0.10818151 0.046623165 -2.8421709e-14 0.046000942 0.17338835 -1.4210855e-14 0.18370207 0.26506261 1.5847501 0.14584134 0.66910714 0.2108826 0.29798425 0.17525865 0.10156854 0.1787757 0.48963591 0.20082863 0.21346913 0.16252822 0.08616289 0.054996318 0.102382 0.11316698 0.17166169 0.063361243 0.09731495 0.10792841 0.083515517 0.071450204 0.11545915 0.011291814 -1.0658141e-14 0.017895317 7.1054274e-15 89.462483 98.29909 -3.5527137e-15 0.0025849515 25.253476 
3.5527137e-15 0 0.2830496 0.15586418 0.16626428 0.037303733 0.097439256 0.19229388 0.03287878 0.24402189 2.1169132 0.72922459 0.80407959 0.15747726 0.24487328 0.11512804 0.091068042 0.079366342 0.22196277 0.20064825 0.16184461 0 0.06809075 -3.5527137e-15 0.055699476 0.087014531 0.080521975 -3.5527137e-15 0.060193118 0.09988688 0.031930167 0.044830061 0.037139678 0.15441256 0.0023837258 0.072028562 0.1543305 0.20681015 293.77286 214.65677 0.027574659 0 
0.12852389 0.072492219 0.2727823 0.078433738 0.090412531 0.10009115 0.021159821 0.057596109 0.12211942 2.1380275 0.69849309 0.48973625 0.38008482 0.10227394 0.24568958 0 0.22698763 0.15102372 0.37868837 0.14763212 0.80972094 0.048385497 0.032032965 0.066507314 0.084827232 0.10604916 -7.1054274e-15 0.04403432 0.040961265 3.5527137e-15 -1.4210855e-14 -3.5527137e-15 0.051016897 0 1.4210855e-14 0.02287869 0.095524057 2.1316282e-14 32.263038 30.453569 913.16344 0 
0.1082533 0.11192748 0.22468515 0.19246006 -3.5527137e-15 0.039306606 0.11030509 0.19443641 0.17750298 1.842514 0.68121007 0.19915481 0.17165562 0.11732903 0.23015747 0.17680146 0.19886424 0.44679968 0.83992365 0.35772145 0.13447219 -3.5527137e-15 0.033316015 0.053926812 0.015960805 0.050955224 0.036521379 0.035598625 0.041567697 2.1316282e-14 0.035928833 0.035968244 0.023192703 0 0.076759925 -1.0658141e-14 0.0049019061 0.042774216 0.25282877 16.68514 1.3263075 89.009418 
3.5527137e-15 0.029365876 0.2269317 0.44805623 0 0.12793154 0.056508416 0.082816985 0.44726619 0.69251907 0.21441967 0.95064144 0.26093452 0.17905878 0.22106674 0.17145238 3.5527137e-15 0.21378653 0.34323562 0.075281541 0.21936247 3.5527137e-15 0 0.034458987 0.10900117 0.096993885 0.034025761 0.096052887 0.14140142 7.1054274e-15 0.0097016823 0.010179032 0.027981636 7.1054274e-15 1.0658141e-14 0.020945629 0.25967859 0.11186161 0.045453352 0 0.0048749583 71.990571 
0.24378237 0.1386134 0.070082152 0.060101698 0.1034958 0.045587249 0.10632765 0.066353768 0.86168032 0.51868076 0.58852231 0.60291454 0.27038591 0.26722787 0.11371459 0.26112693 0.25119881 0.20675636 0.061944008 0.34197238 0.0059109502 0.066276831 -1.0658141e-14 0.046550365 0.064293993 0.015107414 0.035992449 3.5527137e-15 0 0.029559492 7.1054274e-15 0.012202285 -7.1054274e-15 0.069272751 0.022320459 0.12344156 0.05117972 0.022898022 0 0 -7.1054274e-15 0.019072428 
0.21762954 0.2259234 0 0.05191229 0.036635989 0.046414743 0.013735775 0.15672508 0.1496022 0.51326645 0.26743293 0.17507535 0.16880478 0.095126068 0.13561795 0.1650819 0.12859032 0.081100137 0.11216966 0.19600347 0.0032085014 0 3.5527137e-15 0.058360162 0 0.13596354 0.035287956 0.032603806 0.024686695 3.5527137e-15 0.023053421 7.1054274e-15 0.015155019 0.016945174 0.094166555 0.045927999 3.5527137e-15 0 0 0 0 0 
0.15764138 0.023830423 0 0.036652912 0.042625377 0.0067090873 0.062037905 0.63901622 0.036636257 0.44110138 0.38631453 0.04012328 0.062542288 0.03861479 3.5527137e-15 -3.5527137e-15 0.034306956 0.21964163 0.089342236 0.16698276 -3.5527137e-15 1.0658141e-14 -3.5527137e-15 0.0068442235 0.0023818267 0 0 0 0.033527286 0.028141169 7.1054274e-15 -7.1054274e-15 -3.5527137e-15 0.11999328 0.090761039 0.018806883 0.044586853 0.035927826 0 7.1054274e-15 0 0 
0.17783555 0.032945904 0.05356929 0.026446025 0.025733738 0 0.093966733 0.088488243 7.1054274e-15 0.44934299 0.41341511 0.1795111 0.036438481 0.068541076 3.5527137e-15 0.030976827 0.050886737 3.5527137e-15 0.094743353 -3.5527137e-15 -3.5527137e-15 0.060834954 0 0.0098419196 0.0005640781 0.010516202 -3.5527137e-15 0.051196402 0.035243156 0.014591213 0.049124354 0 0 -3.5527137e-15 3.5527137e-15 3.5527137e-15 0 0 0 0.031430883 0.1951272 0.1344876 
0.078360084 0.19616711 0.14535312 0 0.00067725888 0 0.3986503 0.044199552 3.5527137e-15 0.36480492 0.3747418 1.7763568e-14 -1.0658141e-14 -3.5527137e-15 0.036446248 0.076409327 -3.5527137e-15 0.144288 -7.1054274e-15 0 -7.1054274e-15 1.0658141e-14 0.11390542 -3.5527137e-15 3.5527137e-15 -1.4210855e-14 18.781336 0 0 0 0 3.5527137e-15 0 0 0.074857388 0.017683665 0.014565191 0.027597387 0.013923549 0 0.14727908 1240.5046 
0.061833082 0.050223417 -3.5527137e-15 0 0.0031955571 0.012303911 0.20587368 0.070864828 1.7763568e-14 0.18677151 0.22853612 0.42691287 0.039238693 0.17370031 0.064067724 -3.5527137e-15 0.025906673 0.032076045 0.033198176 0.016558163 0 -7.1054274e-15 0 0.067708963 0.042272563 0.074697347 0.12290014 0.10104183 0.10289285 0.11569864 0.0063288664 0.030300984 7.1054274e-15 0 0.012049063 0.095547861 0.072503464 0.015868665 40.341028 0.39044364 -3.5527137e-15 0 
3.5527137e-15 0 0.016884741 0 0.038350435 0.0006920717 0.041720549 1.7763568e-14 0.047349401 0.2190395 0.11496301 0.18342117 0.050322864 0.14849942 0.046021015 1.0658141e-14 -7.1054274e-15 0 -3.5527137e-15 0 0.033467227 0 0.021288237 0.090399237 0.12424997 0.094976484 0.18204762 0.31430843 0.068339618 0.030097425 0.053014968 0.055730369 0.043160595 0.010542911 0.012761996 0.092416347 139.15141 0.012245685 0.43308078 11.473091 0 0 
2.1316282e-14 0 0 0.044397886 0.019115821 0.10467368 3.5527137e-15 -3.5527137e-15 0.013410083 0.11931096 0.090290159 0.11519667 0 0.080409973 0.057741422 -3.5527137e-15 0.032075664 0 0.0082720524 0.025853554 0.030653921 0 0 0.0031712107 0.0069250205 0.04111394 0.03879028 0.15193763 0.40769872 0.049107841 0.009039213 0.0090165857 0.0099484412 0.0019783137 0.04164564 157.72663 21.500068 0.065429971 0.045360568 3.5527137e-15 3.5527137e-15 0 
-3.5527137e-15 -3.5527137e-15 -3.5527137e-15 0.025389156 0.018516953 0.11145691 -7.1054274e-15 -7.1054274e-15 0.018064627 0.040279063 3.5527137e-15 0 -7.1054274e-15 3.5527137e-15 0.026076306 -3.5527137e-15 0.0443541 0.030311972 0 0 0 3.5527137e-15 0.036554274 0.0029915225 0.037998846 -3.5527137e-15 0.057295215 7.1054274e-15 0.45837345 0.3056428 0.099196783 0.040805707 0.14444251 5.8149928 720.82615 0 3292.464 0 0.025624349 -3.5527137e-15 0 0 
-7.1054274e-15 3.5527137e-15 3.5527137e-15 -7.1054274e-15 0.0100894 0.018136137 -1.4210855e-14 -3.5527137e-15 0.023643025 0 0.072971016 -3.5527137e-15 -3.5527137e-15 0 0.0042860776 0 0 0 3.5527137e-15 3.5527137e-15 0 0 0.018893833 0.042538923 0.06553933 0.0680406 0.067536686 -7.1054274e-15 0.47317656 0.41769662 368.25842 0.19317737 2.3968535 1.2523294 153.89518 -1.0658141e-14 0 3.5527137e-15 0 0 0 52.505872 
0 -3.5527137e-15 0 3.5527137e-15 0.044273073 0.061134361 3.5527137e-15 -3.5527137e-15 0 0.017577614 7.1054274e-15 -3.5527137e-15 0 0.02849345 0 0 0 0 0.041524688 0.024400282 0.035698776 0.05568121 -3.5527137e-15 0.10408047 0.029824444 0.058963787 0.25064206 0.26354967 0.11209812 41.469009 78.980859 0.75560396 0.021213395 0.0088362617 0.029002805 -3.5527137e-15 7.1054274e-15 0 0 0 0 25.531195 
0 1.0658141e-14 3.5527137e-15 0 0.041035558 3.5527137e-15 -3.5527137e-15 3.5527137e-15 0 0 0 0 0 0 0 0.032067289 0 0.014207786 0.10172129 0.061340466 0.094236323 0.10993225 0.043194292 0.042828397 0.10333925 0.13015189 0.055370264 0.75694567 0.70349827 0.31513725 273.21832 0.048206183 0.039984365 0.011690495 0.03535307 -3.5527137e-15 0 0 0 0 0 16.04403 
0 0 3.5527137e-15 -3.5527137e-15 0 -3.5527137e-15 0.048542325 0 -3.5527137e-15 0 0 0 -3.5527137e-15 0 0 0.063270518 0.055625191 0.050631239 3.5527137e-15 0 0.038454335 0.18442812 0.2150111 0.037058631 0.12969304 0.23635105 2.6435096 0.50889034 7.5165068 3.5527137e-15 0 0 0.042803042 0.062804353 0.029822247 3.5527137e-15 0 -3.5527137e-15 3.5527137e-15 3.5527137e-15 -1.7763568e-15 -8.8817842e-16 
-7.1054274e-15 -3.5527137e-15 3.5527137e-15 0 0 0 0 0 0 0 0 0 0 0 3.5527137e-15 3.5527137e-15 -7.1054274e-15 0.055670713 0 0.09607794 0.23629201 0.22609674 0.19974083 0.092087396 0.01095585 0.32596527 0.9787005 5.3055872 0.024002098 0 0 0 -3.5527137e-15 0.019933421 0.016707852 0 -3.5527137e-15 3.5527137e-15 3.5527137e-15 0.035432886 -3.5527137e-15 144.18038 
-3.5527137e-15 0 0 0 0 0.0028623801 0 0 -3.5527137e-15 0.059031976 0.024630684 0.056904428 0.038180617 0.071250462 0.06299415 0.039725143 0.027314415 0.042727805 0.019635146 0.085142317 0.1438054 0.17680613 0.22160401 0 0.090874313 0.28079337 0 3.5527137e-15 0.03608436 0 -3.5527137e-15 0 0 0.0014593154 0 0 0 -3.5527137e-15 0 0 0 33.444358 
0 0 0 0 0 0 0 0 0 0.075901848 3.5527137e-15 0.054085078 0.087814539 0.046226109 0.11102726 0.072751363 73.339785 0.038194442 3.5527137e-15 0.029081898 0.071310035 0.225343 0.15062695 0.10330461 57.430247 0 0 0 0 0 0 0 0 0 0 0 0 0 0 50.824643 0 0 
