var/www/cgi-bin/BAERTOOLS/ravel/working/ravel-27913.depgrd.txt
NCOLS 42
NROWS 41
XLLCORNER 277086.32
YLLCORNER 3844468.9
CELLSIZE 10
NODATA_VALUE -9999
0 0 0 0 18.497573 0 0 0 0 0 0 0 12.744096 0 0 0 14.856725 0 0 0 0 0 0 0 0 0 21.678887 -3.5527137e-15 0 0 0 0 0 0 20.574463 -3.5527137e-15 0 0.0059381563 0.0052745635 0.10327169 0.012339236 0.015022229 
0 0 0 17.038726 0 11.903538 0 0 0 0 0 0 -4.4408921e-16 4.7674938 1.7763568e-15 0 0 0 0 -7.1054274e-15 3.5527137e-15 0 0 0 0 -3.5527137e-15 0 0 0 0 0 0.011781682 0 0 0 0 0 0 0.00127814 0.027323327 -3.5527137e-15 0.009477782 
0 0 0 0 23.632761 0 0 0 0 0 0 -3.5527137e-15 17.283114 0 5.1954183 -5.5511151e-16 0.01965384 0 0 0.0307325 0.071415373 3.5527137e-15 0 0 0 -3.5527137e-15 0 -7.1054274e-15 -3.5527137e-15 0 -3.5527137e-15 0.023519627 0 0 0 0 0 0 0 0 0.02929462 0.020488741 
0 0 0 0 0 0 0 0 0 0 7.7715612e-16 3.5527137e-15 0 0.056439684 0 0 3.5527137e-15 0.061575144 -7.1054274e-15 0 0.044307739 0.02470694 7.1054274e-15 -3.5527137e-15 0 0 0.025533943 3.5527137e-15 3.5527137e-15 0 3.5527137e-15 3.5527137e-15 0.013086864 0 -3.5527137e-15 0 0 0 0 0 0 0 
25.852849 0 0 0 0 0 0 0 0 0 0.0008433855 0.0012274181 0.0069723469 0 0.013018175 0 0.019104562 0.0002605377 0.017829354 0.052690918 0.012460258 0.033840757 3.5527137e-15 -3.5527137e-15 0.035153829 0 0.041723101 0.027091825 0.029961475 0.03969238 0.017492783 0.017003133 0 3.5527137e-15 0 0.021180566 0 0 0 12.940401 4.9933536 0 
0 0 0.0072401361 0 0 0 0 0 0 0 0 0.02273355 0.0067034577 0.01317269 0.098084284 0.032137154 0.052467772 0.043593014 0.12445023 0.1204183 0.093670872 0.024879132 7.1054274e-15 -3.5527137e-15 0.046037644 0.068279143 3.5527137e-15 0.15564504 0.0034057781 0.066048433 0.053651544 0.011875531 0.021906852 -3.5527137e-15 0 0 0 0 0 0 0 0 
0 0 0.0076829267 0 0 0 3.5527137e-15 0.025637174 0 0 0 3.5527137e-15 0 0.061748385 0.026475018 0 0.073934173 0.048888154 0 0.28042808 0.34665743 0.023672441 0 0 0.007521448 0.23749504 0.033689664 0.22884348 0.10574145 7.1054274e-15 0.037692948 0.028641155 -3.5527137e-15 3.5527137e-15 0.059448055 -3.5527137e-15 3.5527137e-15 7.1054274e-15 0 0 0 0 
0 0.022825591 0.029512223 0 0 0.013275022 0 0.035634413 0 3.5527137e-15 0 0 0 0.071022913 0.15838262 0.080666755 0 0.11755605 0.097477172 0 0.21441455 534.12769 136.12878 449.32094 0.20233425 0.13543456 0.20999055 0.17609354 3.5527137e-15 0.064755844 0 0.069133173 0.068509238 0 0 0.031306234 0.036889184 0.054336203 3.5527137e-15 0 3.5527137e-15 0 
0 0.021759224 0.015109879 0 3.5527137e-15 0.049660258 0.017286747 0.035439324 -3.5527137e-15 0 -3.5527137e-15 0 3.5527137e-15 0.039914064 0.15282803 0.064172231 0 0 0.085628292 0.14817113 0.19844341 329.07886 154.69924 30.148046 187.38361 0.11792015 0.26952307 0.061298633 0.071944999 0.034734402 0.03321898 0.18635463 0.032446358 0.049512104 0 0 0.034439235 -3.5527137e-15 0 0 0 0 
0.046744126 0.056651054 0.053276753 0.038001294 0.029218297 0.10730014 0.084726399 0.12999579 0 0.021396924 -3.5527137e-15 0 0.0031152932 0.035949082 0.17561481 0.31235951 0.050799188 0 0 0.096079758 0.4779075 12.57763 0.18469037 494.58537 24.561268 0.3485549 0.3015396 0.052625464 0 0.070887473 0.14213409 0.11587134 0.076212266 0.10918043 0 0.048550613 0.042080459 -3.5527137e-15 0 3.5527137e-15 -3.5527137e-15 0 
0.036847118 3.5527137e-15 0.035410575 0.032211402 0.12224792 0.070377354 0.13054416 0.15020613 0.0011836682 0.031119771 0 0.085702902 0.031661421 0.090472737 3.5527137e-15 0.79192086 0.090535618 0.056272716 0.075829622 0.10482187 0.49946911 0.35057541 214.85951 0 0.23552635 0.33998594 0.046564744 0.073769675 0.047283342 0.12125765 0.036243002 7.1054274e-15 -3.5527137e-15 0.096932361 0.067266257 0.031291747 0.18678012 -3.5527137e-15 -3.5527137e-15 0 -7.1054274e-15 0 
3.5527137e-15 0.050029736 0.03566035 -3.5527137e-15 0.018349805 0.29574826 0.16962618 3.5527137e-15 0.056700721 0 -3.5527137e-15 0 0 0 0.060553506 0 0.12097402 616.76463 103.20458 54.928304 30.272475 0.56532373 0 0.13781973 0.25546189 0.83602072 0.16850945 0.081860045 0.1388097 0.11308253 0.048481041 0.15702584 0 0.035008585 0.0046062528 0.24186619 0.23408703 3.5527137e-15 -3.5527137e-15 -3.5527137e-15 -7.1054274e-15 0 
26.895906 -3.5527137e-15 0.052360288 222.51564 974.2789 0.20790134 0.26620885 0.045273153 0.031568193 0.094599735 3.5527137e-15 0 0 0.071053008 0 -3.5527137e-15 0.40680899 42.202819 0 0 0 0.45284137 0.59275799 0 0.3312441 0.54707715 0.13168306 0.2371349 0.10249684 0.15123901 0.12375326 0.1924752 0.071137597 0.042537017 0.11900106 0.31852432 0.15140336 0 -3.5527137e-15 -3.5527137e-15 0 0 
41.901273 94.667707 0.063213869 826.99138 264.96344 565.9378 240.85344 0.035424281 0.045609493 0.054502575 0.061115089 0 0.11048143 0 0.068099557 0 0.43299706 0.34111266 79.332767 2.6427147 0 0.29540477 0.62187063 1.1365833 0.71458236 0.37537482 0.22737853 0.17067193 0.15081565 0.093550787 0.096181954 0.066402022 0.072218975 0.23015674 0.17749796 0.23506061 0.10540324 0.013633717 7.1054274e-15 3.5527137e-15 0 0 
90.711155 0.11812802 0 0.13820944 0.20633561 0.12973091 21.163183 272.15581 361.32833 434.02899 172.17243 0.35485482 0.016371493 4.3571396 782.57728 0.13063526 0.24358093 34.098435 0.13623151 0 0.30803948 1.4867195 0.72701324 0.93106549 0.40384416 0 0.27913647 0.12998301 0.068059805 0.12665211 0.21915967 0.082010806 0.049015483 0.28863808 0.13838627 0.20501323 0.20366195 0.049036498 7.1054274e-15 0 0 0 
0 0.081274302 0.11396798 0.24085313 0.29987563 0.20200499 0.062002469 0.1049272 0.1192333 0.1467087 0.36342675 1.9848413 2.2096508 28.675573 2819.463 1093.8271 278.2784 6.3534453 1.7945407 0.19604494 1898.6895 1.045256 0.6011661 2680.9647 595.69217 385.9817 454.11365 0.32916403 475.99195 0 0 0.14569948 0.29540006 0.26089737 0.17805569 0.25228548 0.1683872 0.033847578 0.036343372 3.5527137e-15 0 0 
0.0283473 0.065380718 0.21865741 0.20190009 0.20536471 0.17867456 0.23034822 0.21900782 0.27738081 0.12541673 0.098826642 1.5305481 1.3126063 0.16895349 0 0 143.54279 0.05819425 0.53323862 0.30741316 0.46161237 0.18174776 1.0999377 2.2255501 1.5494982 0.78553163 58.72418 4.4777221 409.9135 1496.5472 0.22627883 0.084810193 0.37719277 1.1534291 1241.2067 0.21822066 0.078062861 1.0658141e-14 0.072872206 0 0 0.03911137 
0 0.10501762 0.18917652 0.24691308 0.21485981 0.091317933 0.12285981 0.13556417 0.11005369 0.31814279 0.37090917 1.6471927 0.538326 0.45524786 1277.7137 202.10767 0.067252834 0.05655602 0.33442881 0.39095513 0.073684222 0.11916658 0.66734885 1.8203299 0.23138023 0.28287262 0.18817119 0.25186637 0.10281712 0.19429126 0.096548657 0.45447028 0.83928327 2.8876066 1217.7628 0 224.9541 0.083494471 -3.5527137e-15 0.019405106 0.18740581 0.0046135316 
0.069346049 0.085082343 0.052464251 0.24181503 0.094389839 0.079543475 0.11191475 0.12411999 0.14290905 0.15006799 3.4031328 1.2907194 0.14431578 1.0849448 0.27241252 0 0.077365844 0.13717923 0.41753205 0.44618458 0.15069112 0.23804396 0.49753123 0.15618037 0.11835092 0.036140506 0.093733688 0.047428319 0.044594908 0.12962601 0.21160391 0.14541155 0.15487661 0.18331153 0.1433829 14.378909 1426.9867 849.00233 0.26962541 7.1054274e-15 0 0 
0.044745406 0.072215338 0.061468207 0.15093552 0.035472129 0.031031296 0.094954438 0.18612274 0.10505951 0.084240792 1.8154846 1.116142 0.21630562 2.1155308 0.21329647 0.23542115 0.1342855 0.12662002 0.39704805 0.2684101 0.19534683 0.34182454 0.14798983 0.10334869 0.048923943 0.11040528 0.1196682 -1.7763568e-14 0.026227417 0.089951169 0.15001591 0.20476307 0.12844786 0.075490232 0.12313317 -3.5527137e-15 0.045052519 686.11642 82.427368 0 0.027549407 0 
-3.5527137e-15 0.033131905 0.034066148 0.092511381 0.086646746 0.13189167 0.047984243 0.048143947 0.18909334 0.26002278 1.7819939 0.26488722 0.60646146 0.21896234 0.25217682 0.19838678 0.057928633 0.11091955 0.61101061 0.1989761 0.32973584 0.19087593 0.090727783 0.033253375 0.046826813 0.064857411 0.19965603 -2.4868996e-14 0.062860968 0.1730642 0.23952592 0.081428358 0.10021009 0.034302343 -3.5527137e-15 0.029297322 -2.1316282e-14 85.483445 92.152406 0 0.0058814222 -3.5527137e-15 
0.059717146 3.5527137e-15 0.22664179 0.030311683 0.063218787 0.069191116 0.046101227 0.23493248 0.047989794 0.21870513 2.2364069 0.88976332 0.85885205 0.13263564 0.23346796 0.13555244 0.12570911 0.079731916 0.15988689 0.20954956 0.12749645 0 0.024541754 -7.1054274e-15 0 0.15485029 0.1592295 0.19099112 0.11601235 1.0658141e-14 -1.0658141e-14 3.5527137e-15 7.1054274e-15 0.028468558 0.0077162552 0 0.16312659 0.22667245 0 385.44964 3.5527137e-15 0 
0.1020047 0.029025216 0.33945117 0.055966852 0.10663771 0.15826153 0.056493842 7.1054274e-15 0.074992225 1.942634 0.71636371 0.67142569 0.37993758 0.060171509 0.19983306 0 0.22538186 0.13442654 0.43999663 0.36017735 0.86236598 0.11772947 0.027358436 7.1054274e-15 0.14825908 0.14293812 1.0658141e-14 -1.4210855e-14 0.046072584 7.1054274e-15 3.5527137e-15 0.040567527 0.032258962 0 0.048280492 0.068057274 0.060464746 0.048736798 125.92857 3.5527137e-15 106.05329 0 
0.11207732 0.059940847 0.2143164 0.10572232 3.5527137e-15 0.07806501 0.12021914 0.09496218 0.27077662 1.6979441 0.65891099 0.176558 0.13757604 0.15085171 0.26795877 0.16904893 0.17693039 0.49129818 0.89203599 0.31460295 0.13176133 0 0.028136368 0.1023004 0.030893989 0.013984569 0.096317557 0.068121739 0.05908755 7.1054274e-15 -3.5527137e-15 0.017229365 0.038993283 0.018502172 0.051894123 0.040937728 7.1054274e-15 0.035882132 0.33845389 62.07353 861.0619 74.804621 
3.5527137e-15 0.094099413 0.2702165 0.36649483 0.061116459 0.059538197 0.091790844 0.086591789 0.36190687 1.1587376 0.16167888 1.0161127 0.2697987 0.21660253 0.25019983 0.27688328 0.086407062 0.22446502 0.52489052 0.088061085 0.15765595 0.044708 0.038952476 0.0661678 0.082345829 0.079201923 -7.1054274e-15 1.4210855e-14 0.031384995 -3.5527137e-15 0.017510635 0.014978827 0.04911584 -7.1054274e-15 3.5527137e-15 0.0055491209 0.24903105 0.21732443 0.056417291 -3.5527137e-15 0.0070581291 34.530358 
0.13552307 0.023082591 0.17876371 0.055784599 0.071610124 0.049663082 0.13343198 0.074354493 0.90536131 0.58509629 0.472748 0.45240873 0.25482338 0.20419275 0.16201408 0.27197918 0.27302191 0.22948418 0.12481114 0.37851822 0.031516282 0.075167271 1.0658141e-14 0.074852478 0.035937846 0.022230681 0.029032925 0 0.031090072 3.5527137e-15 0 0.020671911 0 0.031309378 0.020337917 0.11520124 0.015889318 0.034604929 3.5527137e-15 0 -1.0658141e-14 0.028502082 
0.1868812 0.40594964 0 0.066236679 0.089880097 0.034684652 0.016897058 0.20078842 0.16963447 0.66968511 0.24856789 0.27505268 0.18773221 0.047283979 0.18310074 0.15151245 0.24556293 0.11779178 0.16389224 0.2323278 0.017148842 -3.5527137e-15 0.043447101 0.077604116 0 0.054215002 0 -7.1054274e-15 0 0 0.038866205 3.5527137e-15 0.012966882 0.0089219262 0.12148762 0.022419842 0.0021746269 0 0 0 0 -3.5527137e-15 
0.12863437 0.039263514 0 -3.5527137e-15 0.078464748 0.0087445339 0.055855878 0.57278322 0.038983039 0.54826223 0.27481278 0 0.034712077 0.019685654 0 0.039659559 0.06099443 0.22644398 0.10162869 0.24223211 -3.5527137e-15 0.021469475 0.046135696 0.01608669 0.001133809 0 0 0 0.046336449 3.5527137e-15 0.10465804 0.027160001 0 0.057181166 0.1015851 0.021487426 0.020770653 0.047785333 0 0 0 0.060234427 
0.19372514 0.04890045 0.055205053 0.035558782 0.038849716 0 0.18463628 0.16275722 -3.5527137e-15 0.60723379 0.37629553 0.14567632 0 0.014919506 0.059807147 0.027416123 0.019433967 -1.0658141e-14 0.13619197 0 -3.5527137e-15 0.035935206 0 0.089935396 0 0.014280025 -3.5527137e-15 0.039514867 0 0.031168352 0.021545534 0.016890321 0 0.02853815 0.0263672 0.019353498 0.042230601 0 0 0.018255598 0.23367793 1.0190928 
0.021344556 0.14676143 0.097357886 -3.5527137e-15 0.00078247994 0 0.36218257 0.060377133 0.053002976 0.40235502 0.36611958 0.20980675 0 0 7.1054274e-15 0.064932774 -1.0658141e-14 0.17627204 -7.1054274e-15 0 0 -3.5527137e-15 0.050760167 0 3.5527137e-15 0 0.03407975 0.055262184 0.029206119 0.11307261 0.21012549 0.080878503 0.046202453 0.060651643 0.10318288 0.021568158 0.026626774 0.038443781 0.028544904 0 3.6449303 3584.7683 
0.10200509 0.037058693 3.5527137e-15 -3.5527137e-15 0.00090934239 0.010353465 0.14984627 -7.1054274e-15 0.071602559 0.32384 0.21893797 0.24084533 1.0658141e-14 0.13600054 0.053171711 3.5527137e-15 0.046439234 7.1054274e-15 -7.1054274e-15 0.035111402 7.1054274e-15 0 0 0.05018638 -7.1054274e-15 0.081754611 0.18965977 0.046506673 0.093249898 0.24383896 0.030927934 0.082629775 0.056475162 0.037877625 0.013795026 0.10562991 0.050016412 0.016761241 48.687901 3.6802478 3.5527137e-15 -7.1054274e-15 
-3.5527137e-15 0.035185791 0.016457798 0 0.067639373 0.016239814 0.06433906 3.5527137e-15 0.033761696 0.23334064 0.11762881 0.19247978 0.15437925 0.090452413 0.047507715 0 1.0658141e-14 -3.5527137e-15 0 0 0.080628131 3.5527137e-15 7.1054274e-15 0.059869361 0.045978317 0.049211074 0.090562709 0.25654951 0.11591642 0.049723908 0.016469297 -3.5527137e-15 0.030147178 0.093456025 0.048685137 0.028038672 0.09643432 3.0996789 2.1375464 9.5164128 -7.1054274e-15 -7.1054274e-15 
0 0 -3.5527137e-15 0.0313962 0.074951225 0.13307011 -7.1054274e-15 1.0658141e-14 0.044747294 0.086121126 0.1282367 0.11793582 -3.5527137e-15 0.03704355 0 -3.5527137e-15 0 0 0.035959956 0.021469869 0.025443295 0 -3.5527137e-15 0.0045467651 0.010450458 0.09477178 0.039282974 0.16337664 0.41960252 0.098168483 0.067721155 0.049626586 0.016871217 0.033521184 0.051798763 4.3089586 0.79824977 -1.0658141e-14 7.1054274e-15 0 3.5527137e-15 7.1054274e-15 
7.1054274e-15 -3.5527137e-15 -3.5527137e-15 0.025188169 0.053886176 0.089746896 -1.0658141e-14 0.040084472 0.060095688 0.064348311 0 0 0.10309973 -3.5527137e-15 0 0 0 0 0 0.02488307 0.019011308 0.058657554 0.055428802 0.0088653093 0.034165563 0.028641238 0.10595414 0 0.59316726 0.31501484 0.097152711 0.13368594 0.13378349 5.1542338 977.96939 7.1054274e-15 25.919745 -3.5527137e-15 3.5527137e-15 0 0 0 
1.0658141e-14 -3.5527137e-15 0 3.5527137e-15 0.016601048 0.041615272 0 0.019177609 0.032102757 0.058531448 0.077868535 3.5527137e-15 3.5527137e-15 0 -3.5527137e-15 0 0 0 0 0 -3.5527137e-15 0.043665461 0.045578778 0 0.061829646 0.066197571 0.069390247 0.030246174 0.50994412 0.32757944 0.20820003 0.28369662 2.1645498 1.2015122 828.68173 3.5527137e-15 -7.1054274e-15 0 3.5527137e-15 0 -3.5527137e-15 0.058698259 
-7.1054274e-15 0 -7.1054274e-15 -3.5527137e-15 0.012218079 0.028993851 -3.5527137e-15 0.026961655 0.038495344 0.047028646 3.5527137e-15 0.03610866 3.5527137e-15 0 0 -3.5527137e-15 0 0 -3.5527137e-15 -3.5527137e-15 0.036377776 0.062949617 0.088869452 0.051239036 0.02629326 0.090235127 0.20604119 0.26961566 0.1802113 42.02655 0.58336124 0.72316555 0.32597045 0.0081842118 0.028283462 -1.4210855e-14 0 0 0 0 3.5527137e-15 -1.3877788e-17 
-1.0658141e-14 3.5527137e-15 0 -3.5527137e-15 0.01230164 -3.5527137e-15 7.1054274e-15 3.5527137e-15 7.1054274e-15 0 0 -3.5527137e-15 0 -3.5527137e-15 -3.5527137e-15 -3.5527137e-15 0.019422512 0.021966506 0 0.13695278 0.058720485 0.085389947 0.096828884 0.068364492 0.15449305 0.18002462 0.11135784 0.74583004 1.272989 0.16352031 263.69743 0.04868828 0.043070774 0.011289667 0.035160277 -7.1054274e-15 7.1054274e-15 0 -3.5527137e-15 0.027990732 0 0 
-3.5527137e-15 0 0 -3.5527137e-15 0 0 0.11774594 0.041008909 0 0 0 0 0 0 0 -7.1054274e-15 -7.1054274e-15 0.028069942 0.096767336 3.5527137e-15 0.14563308 0.22874483 0.13355132 0.056799437 0.12404467 0.1892621 2.8238978 1.0590002 12.140307 0 0 0 0.0039139515 0.06505917 0.030872368 0 0 0 -7.1054274e-15 0 0.017954425 0.053608684 
3.5527137e-15 0 0 -3.5527137e-15 0 0 -3.5527137e-15 0 0 0 0 -3.5527137e-15 0 3.5527137e-15 0 7.1054274e-15 0.038398768 0.055692984 3.5527137e-15 0.1994221 0.17395514 0.15686587 0.17722663 0.17691876 0.011090661 0.88552731 1.3814427 5.4556815 0.023636458 0 0 0 -3.5527137e-15 0.020343652 0.017869792 0 -3.5527137e-15 0 7.1054274e-15 0.027564386 0 179.55717 
0 -3.5527137e-15 0 0 0.023189378 0.0043126898 0.021199158 0 0 0.030984596 3.5527137e-15 0.090135128 0.047887139 0.1641009 0.13006477 0.032562718 0.05933389 7.1054274e-15 0.075900824 0.12092121 0.16244117 0.13358787 0.31274188 0 0.081052 0.47521451 0.22641519 3.5527137e-15 0.036186193 0 0 -3.5527137e-15 0 0.0015129593 3.5527137e-15 0 0 0 0 0 3.5527137e-15 80.541154 
0 0 0 0 0 0 0 3.5527137e-15 0 0.05139706 0.079070708 0 0.064739468 0.025223282 0.095739223 0.17138818 0.14753295 0.12299682 0 0.12874811 0.061989923 0.28904908 0.091125296 0.2481835 0 0.27600952 0 0 0 0 0 0 0 0 0 0 0 0 0 0 0 0 
