var/www/cgi-bin/BAERTOOLS/ravel/working/ravel-22246.DEM
NCOLS 90
NROWS 113
XLLCORNER 384957.98
YLLCORNER 3868211.5
CELLSIZE 10
NODATA_VALUE -9999
[rows 28 to 55 of 113, columns 0 to 62 of 90]
887.1729 887.1272 887.0621 887.0494 886.9558 886.8944 886.8457 886.8562 886.8346 886.7532 886.7562 886.6937 886.638 886.6158 886.5412 886.445 886.3519 886.3232 886.3256 886.2933 886.2192 886.2142 886.1517 886.1005 886.1132 886.0985 885.9919 886.0078 885.9067 885.7796 885.7869 885.7873 885.7159 885.6724 885.6838 885.6568 885.5771 885.5729 885.576 885.526 885.4636 885.4665 885.4677 885.4002 885.4212 885.3704 885.3495 885.2762 885.1968 885.1144 885.0375 884.9557 884.8262 884.5325 884.3076 884.7052 884.8531 884.8708 884.9468 884.9306 885.0045 885.1165 885.2073
886.977 886.9289 886.8574 886.846 886.7523 886.691 886.6409 886.6513 886.6308 886.5505 886.4893 886.4421 886.4385 886.4157 886.327 886.2333 886.1599 886.1093 886.1205 886.1185 886.1007 886.006 886.0101 885.9632 885.8955 885.8983 885.8951 885.8387 885.7377 885.6821 885.67 885.5895 885.5771 885.5822 885.5405 885.4686 885.4701 885.4701 885.4066 885.3571 885.3658 885.3644 885.4677 885.4002 885.3654 885.3326 885.262 885.2585 885.0891 885.0676 885.0336 884.9233 884.7158 884.3632 884.0466 884.3961 884.6575 884.7486 884.8182 884.842 884.9637 885.0999 885.2167
886.6895 886.6805 886.6627 886.6433 886.5476 886.4876 886.4354 886.4487 886.4341 886.3474 886.2667 886.2231 886.2344 886.2121 886.1209 886.0162 886.017 885.9633 885.9032 885.9134 885.9069 885.7958 885.8026 885.8027 885.7732 885.6943 885.6895 885.6917 885.6484 885.5509 885.4773 885.4741 885.4786 885.4224 885.3633 885.3723 885.3582 885.2559 885.2628 885.264 885.3658 885.3644 885.364 885.2921 885.2603 885.2265 885.1567 885.1493 885.0661 885.0069 884.9183 884.8125 884.5998 884.252 883.7922 884.0797 884.3561 884.5051 884.599 884.8109 884.9275 885.0465 885.2084
886.4459 886.4208 886.3943 886.4435 886.3424 886.2837 886.236 886.2181 886.1537 886.1334 886.0635 886.0185 886.0289 886.0078 885.9167 885.8073 885.8138 885.8118 885.7758 885.7055 885.7015 885.6287 885.5861 885.5931 885.5929 885.5793 885.4757 885.4867 885.4387 885.3702 885.3743 885.3699 885.2615 885.2651 885.2676 885.2446 885.1656 885.1638 885.2628 885.264 885.2621 885.264 885.2591 885.1483 885.1631 885.1306 885.0656 885.0549 884.9899 884.8963 884.8149 884.6696 884.3904 884.0447 883.6324 883.8327 884.0685 884.2601 884.4579 884.8197 884.9277 885.0441 885.219
886.2429 886.2089 886.1365 886.1623 886.1484 886.0842 886.032 886.0071 885.928 885.9255 885.8629 885.8116 885.826 885.806 885.7196 885.6349 885.6 885.6104 885.5776 885.4957 885.4935 885.4958 885.4398 885.3785 885.3829 885.3807 885.382 885.3204 885.2712 885.2477 885.1697 885.1639 885.1708 885.1154 885.0538 885.0588 885.1656 885.1638 885.1623 885.1611 885.1603 885.1598 885.0753 885.0496 885.0532 885.0607 885.0435 884.9584 884.8878 884.8064 884.6785 884.4512 884.1624 883.5065 883.4337 883.6364 883.9229 884.1871 884.4681 884.8257 884.9466 885.0759 885.1935
886.0818 886.0324 886.0002 885.9398 885.8805 885.8373 885.8418 885.8096 885.7265 885.718 885.6165 885.6194 885.5867 885.5169 885.5081 885.4295 885.3906 885.398 885.3981 885.3791 885.298 885.285 885.2882 885.2503 885.1752 885.1729 885.1689 885.1741 885.1312 885.0625 885.066 885.0627 884.998 884.9539 885.0538 885.0588 885.0621 885.048 885.0465 885.0444 885.0459 885.0319 884.9471 884.9527 884.9514 884.9568 884.9372 884.8572 884.7643 884.6725 884.4997 884.2058 883.8886 883.3699 883.2551 883.4507 883.7962 884.0934 884.4642 884.8792 885.0011 885.1404 885.2372
885.8945 885.8348 885.8217 885.7338 885.6323 885.5791 885.5336 885.5311 885.5211 885.4391 885.4036 885.4156 885.3781 885.3019 885.2994 885.2988 885.2374 885.1825 885.1882 885.188 885.1049 885.0715 885.0754 885.0729 885.0717 885.071 884.9995 884.9579 884.9626 884.9631 884.95 885.0627 884.998 884.9539 884.9597 884.9529 884.9448 884.8454 884.8495 884.8482 884.8467 884.8467 884.8536 884.8546 884.8425 884.8315 884.8169 884.7291 884.5234 884.3925 884.174 883.9106 883.6632 883.1914 883.0923 883.2534 883.5981 883.9931 884.4152 884.9252 885.0323 885.1329 885.2448
885.6788 885.6226 885.6164 885.5286 885.4218 885.3677 885.309 885.3171 885.3052 885.2053 885.2041 885.2092 885.1718 885.0927 885.0925 885.0898 885.0927 885.0486 884.9774 884.9778 884.98 884.914 884.8613 884.8658 884.8633 884.8607 884.8587 884.8659 884.8217 884.9631 884.95 884.8527 884.8531 884.8558 884.8198 884.7368 884.7337 884.7402 884.7383 884.7363 884.7345 884.7332 884.7106 884.7084 884.6548 884.5853 884.5784 884.4875 884.2089 884.066 883.8448 883.6021 883.3546 883.0478 882.9652 883.1005 883.4489 883.8845 884.3047 884.9326 885.037 885.1158 885.1868
885.5121 885.4899 885.4116 885.3227 885.2136 885.1641 885.1043 885.1121 885.0983 884.9944 884.9993 884.9962 884.9972 884.9749 884.894 884.8835 884.8802 884.8833 884.8574 884.776 884.7728 884.7079 884.655 884.6592 884.6569 884.6544 884.6498 884.8659 884.8217 884.7448 884.745 884.7449 884.6796 884.6298 884.5976 884.532 884.5283 884.5139 884.5021 884.5004 884.497 884.4958 884.4324 884.3898 884.347 884.2954 884.2631 884.1736 883.8828 883.6984 883.4844 883.3016 883.092 882.8438 882.7443 882.9075 883.2986 883.7357 884.1961 884.8621 884.9876 885.0679 885.1274
885.3778 885.293 885.1964 885.1144 885.0478 884.9526 884.8985 884.9019 884.9017 884.8224 884.7858 884.7899 884.7872 884.7869 884.779 884.6703 884.6737 884.6764 884.6514 884.5699 884.5668 884.5028 884.4487 884.4529 884.4507 884.6544 884.6498 884.6486 884.6053 884.5397 884.5405 884.4587 884.4302 884.3892 884.3176 884.3263 884.327 884.2426 884.2038 884.2087 884.2091 884.2046 884.1844 884.1186 884.0683 884.0533 883.9589 883.871 883.5261 883.35 883.1967 883.0549 882.8948 882.6404 882.5638 882.7506 883.1196 883.5264 884.0331 884.7136 884.8947 884.9536 885.0314
885.1678 885.1042 885.09 885.0073 884.842 884.7446 884.6888 884.699 884.688 884.5833 884.5858 884.583 884.5803 884.5801 884.5739 884.4633 884.4669 884.4697 884.4459 884.3644 884.3605 884.2979 884.2426 884.4529 884.4507 884.4481 884.4512 884.3915 884.3273 884.3365 884.3351 884.2538 884.2302 884.189 884.1198 884.1203 884.0984 884.0066 884.0171 884.0051 883.9833 883.9745 883.8765 883.8285 883.784 883.7408 883.6478 883.3923 883.2268 883.07 882.9437 882.8198 882.687 882.4114 882.4266 882.6475 882.9562 883.3077 884.1705 884.4924 884.7275 884.8723 884.9299
885.0005 884.9811 884.8979 884.8105 884.6266 884.5897 884.5594 884.4874 884.4869 884.4117 884.3721 884.3763 884.3734 884.373 884.3678 884.2568 884.2604 884.2631 884.2404 884.1589 884.1545 884.2979 884.2426 884.2466 884.2446 884.2405 884.2354 884.1813 884.1279 884.1341 884.1251 884.0171 884.0177 883.9681 883.9202 883.9072 883.8051 883.8146 883.8025 883.7523 883.6959 883.6969 883.5895 883.559 883.5303 883.4352 883.3342 883.0679 882.9194 882.7891 882.6923 882.5651 882.4771 882.1827 882.2535 882.4711 882.7437 883.0991 883.8974 884.2271 884.4805 884.6554 884.7663
884.8607 884.7797 884.692 884.6042 884.4876 884.4492 884.351 884.2794 884.2799 884.2065 884.1652 884.1694 884.1669 884.1661 884.0839 884.0504 884.0539 884.0568 884.2404 884.1589 884.1545 884.0932 884.0366 884.0408 884.0383 884.0402 883.9671 883.9177 883.929 883.9252 883.9013 883.8218 883.761 883.7037 883.7108 883.679 883.6058 883.5928 883.5361 883.494 883.5009 883.463 883.3066 883.2726 883.2162 883.1295 883.0298 882.7606 882.643 882.5268 882.4468 882.3685 882.2764 881.9796 882.0391 882.2571 882.5222 882.8251 883.6524 883.9726 884.2169 884.4202 884.5704
884.6608 884.5743 884.4844 884.3846 884.3314 884.2317 884.178 884.1619 884.0817 884.0033 883.9604 883.9629 883.9604 883.9594 883.8767 883.8444 884.0539 884.0568 884.0353 883.9534 883.9487 883.8888 883.8308 883.835 883.8333 883.8198 883.7589 883.7186 883.7275 883.7056 883.6178 883.6231 883.5631 883.5098 883.4867 883.4017 883.4117 883.3391 883.2902 883.2944 883.2523 883.1922 883.0632 882.9976 882.9008 882.8174 882.7299 882.4613 882.3971 882.3462 882.2535 882.1631 882.076 881.7957 881.8586 882.1013 882.3076 882.5739 883.3117 883.6402 883.9219 884.1496 884.2947
884.4561 884.3647 884.287 884.2117 884.1201 884.0267 883.9724 883.9563 883.8771 883.8707 883.8121 883.7494 883.7574 883.7443 883.8767 883.8444 883.848 883.8502 883.8304 883.7485 883.743 883.6844 883.6252 883.6291 883.6298 883.5443 883.5103 883.5197 883.5225 883.5048 883.4219 883.3956 883.3408 883.3076 883.2879 883.2061 883.176 883.124 883.0786 883.0373 882.9859 882.948 882.8051 882.7374 882.6514 882.5529 882.425 882.2113 882.1381 882.0773 882.0046 881.9677 881.881 881.6229 881.7131 881.9269 882.0884 882.2972 882.9651 883.3076 883.612 883.8366 883.9796
884.2451 884.1813 884.1722 884.0015 883.9084 883.8703 883.8425 883.766 883.7595 883.6557 883.6051 883.5438 883.7574 883.7443 883.6397 883.6449 883.6416 883.6442 883.6255 883.5434 883.5377 883.4802 883.42 883.4244 883.4224 883.3385 883.311 883.3155 883.309 883.2742 883.2153 883.1349 883.0926 883.094 883.0518 883.0013 882.9175 882.8906 882.8564 882.7737 882.7383 882.6866 882.5551 882.4941 882.4056 882.3065 882.1772 882.0021 881.9121 881.8203 881.7477 881.6967 881.6078 881.4763 881.5676 881.7055 881.8772 882.049 882.6487 882.997 883.3044 883.5289 883.6809
884.0396 883.9752 883.9664 883.79 883.7665 883.7313 883.6306 883.5583 883.5502 883.4499 883.6051 883.5438 883.5506 883.5403 883.4398 883.4378 883.4358 883.4385 883.4207 883.3387 883.3332 883.2772 883.2145 883.2228 883.2128 883.1046 883.1115 883.1171 883.0842 882.9983 883.0007 882.9385 882.9 882.8661 882.7871 882.793 882.7099 882.6727 882.6075 882.5226 882.4789 882.4415 882.2676 882.1778 882.0911 882.0036 881.9142 881.7856 881.7198 881.6249 881.538 881.4487 881.2592 881.3403 881.4705 881.5485 881.6624 881.842 882.3603 882.6898 882.9634 883.1514 883.3689
883.8341 883.7686 883.76 883.5848 883.5577 883.5236 883.4278 883.36 883.5502 883.4499 883.4003 883.3378 883.3415 883.3406 883.2621 883.2266 883.2303 883.233 883.2175 883.1345 883.1116 883.0582 883.0126 883.012 882.9835 882.9043 882.9083 882.8967 882.8536 882.8018 882.7723 882.7197 882.6756 882.6342 882.584 882.5452 882.4566 882.381 882.3055 882.2706 882.2206 882.0402 881.9533 881.866 881.7757 881.6994 881.6582 881.515 881.4857 881.4318 881.3356 881.248 881.1159 881.1838 881.2813 881.3865 881.529 881.6386 882.0501 882.3229 882.5851 882.803 882.976
883.6293 883.5621 883.5543 883.3849 883.3558 883.3117 883.4278 883.36 883.268 883.2426 883.2023 883.1422 883.1383 883.1295 883.0272 883.0268 883.0262 883.0218 882.9926 882.9187 882.8488 882.8002 882.8171 882.7928 882.7056 882.7036 882.711 882.6631 882.5864 882.5971 882.5121 882.4876 882.4421 882.3824 882.3766 882.2888 882.2009 882.1234 882.0505 882.0154 881.9685 881.7975 881.7122 881.6229 881.5262 881.4609 881.4636 881.2858 881.2157 881.177 881.1348 881.045 880.9271 881.0342 881.1614 881.2484 881.3481 881.4316 881.8292 882.0392 882.2466 882.4891 882.6482
883.4303 883.3565 883.347 883.3849 883.3558 883.3117 883.2478 883.2417 883.069 883.0366 883.0444 883.0106 882.9286 882.9283 882.8582 882.8132 882.8265 882.7957 882.7104 882.7195 882.6519 882.6003 882.6109 882.5906 882.5093 882.5009 882.4827 882.4334 882.3923 882.3887 882.3004 882.2928 882.2489 882.1694 882.1209 882.0358 881.9391 881.9057 881.8414 881.7551 881.7073 881.5339 881.4415 881.3875 881.3415 881.2504 881.1945 881.0925 880.9929 880.9453 880.9321 880.8405 880.7825 880.8838 880.981 881.0613 881.1396 881.2249 881.5579 881.7798 882.0014 882.1675 882.33
883.225 883.3565 883.347 883.2528 883.2048 883.1006 883.0405 883.0286 882.9402 882.8764 882.8282 882.8 882.7227 882.7218 882.669 882.6229 882.6188 882.5934 882.5142 882.4889 882.4321 882.3982 882.4058 882.3869 882.3054 882.3012 882.2387 882.1779 882.1936 882.1842 882.0783 882.0583 882.0167 881.9586 881.8574 881.7762 881.7094 881.6339 881.6022 881.5558 881.4586 881.2849 881.1964 881.124 881.0828 881.0405 880.9581 880.8947 880.7899 880.7459 880.7355 880.6367 880.5884 880.6811 880.7623 880.845 880.925 881.0101 881.3438 881.511 881.7205 881.9565 882.1105
883.225 883.1509 883.1416 883.0422 882.9968 882.8969 882.8348 882.824 882.7286 882.6686 882.6219 882.6028 882.5389 882.5177 882.5264 882.4675 882.4082 882.3893 882.3116 882.2233 882.1896 882.199 882.2013 882.1832 882.1016 882.0962 882.0398 881.9819 881.9775 881.9348 881.8823 881.8212 881.7468 881.7119 881.6622 881.5781 881.483 881.4172 881.3369 881.295 881.2566 881.0861 881.0003 880.9056 880.8473 880.8388 880.756 880.6552 880.5982 880.5112 880.4548 880.4316 880.4731 880.5632 880.6465 880.7296 880.813 880.8956 881.1312 881.3023 881.4726 881.6467 881.8096
883.0121 882.9435 882.9252 882.8373 882.7924 882.6927 882.6295 882.6192 882.5234 882.4648 882.4111 882.4235 882.4108 882.3226 882.3156 882.259 882.2054 882.1883 882.1075 882.0267 881.989 881.9934 881.9977 881.9838 881.8988 881.892 881.8364 881.781 881.7617 881.6771 881.6859 881.6295 881.5232 881.4643 881.4573 881.3763 881.2881 881.2145 881.1125 881.0471 881.0492 880.8825 880.7964 880.7039 880.6448 880.6355 880.457 880.4373 880.3981 880.2985 880.2278 880.2256 880.2802 880.3686 880.4507 880.5331 880.6155 880.7745 880.915 881.0914 881.261 881.4315 881.593
882.7335 882.7241 882.6374 882.6384 882.5886 882.4887 882.4242 882.4146 882.3182 882.2612 882.2065 882.2158 882.1993 882.1176 882.1132 882.0602 881.9869 881.9513 881.9009 881.8233 881.7843 881.7919 881.7805 881.7371 881.6887 881.6874 881.6335 881.5765 881.5583 881.4742 881.4296 881.3887 881.3244 881.2588 881.2515 881.1613 881.0964 881.0346 880.9938 880.911 880.8501 880.6792 880.593 880.5003 880.4402 880.4309 880.2542 880.2385 880.199 880.0954 880.0204 880.0161 880.1624 880.2509 880.3382 880.4209 880.5042 880.6649 880.8115 880.9396 881.0519 881.2058 881.2948
882.5332 882.5201 882.4396 882.4183 882.3713 882.2864 882.2194 882.2101 882.1132 882.0576 882.0014 882.0115 881.9981 881.8982 881.8824 881.8378 881.7604 881.6848 881.6909 881.6199 881.5796 881.5912 881.5602 881.4771 881.4783 881.4828 881.4307 881.3687 881.3666 881.3329 881.2345 881.1854 881.1428 881.1097 881.0579 880.9714 880.9335 880.8956 880.8267 880.7376 880.6487 880.4756 880.3899 880.2932 880.2281 880.226 880.0547 879.9741 879.9359 879.8916 879.8277 879.897 880.0735 880.103 880.1312 880.2191 880.3026 880.4664 880.6111 880.736 880.8436 881.0023 881.0824
882.3287 882.3155 882.2224 882.1532 882.1116 882.0875 882.0152 882.0056 881.9084 881.8541 881.7989 881.7974 881.761 881.7023 881.6315 881.5871 881.5639 881.488 881.4869 881.4169 881.3751 881.3864 881.3589 881.2794 881.2736 881.2791 881.2241 881.1596 881.1599 881.1133 881.0642 881.047 881.0049 880.9352 880.8513 880.7714 880.746 880.7143 880.6151 880.524 880.4437 880.2631 880.171 880.1177 880.0984 880.0258 879.852 879.7568 879.7224 879.6914 879.617 879.6961 879.8664 879.9434 880.0238 880.1145 880.1877 880.2492 880.4006 880.5347 880.6103 880.6929 880.7706
882.1284 882.1142 882.0167 881.955 881.9133 881.8853 881.8104 881.8013 881.7036 881.6503 881.5989 881.5756 881.4919 881.4662 881.412 881.3906 881.3604 881.2838 881.2821 881.2137 881.1703 881.1816 881.1555 881.0756 881.069 881.0695 881.0554 881.0174 880.9474 880.856 880.8569 880.864 880.8215 880.7379 880.713 880.623 880.5759 880.4877 880.4301 880.3917 880.2437 880.153 880.0603 879.9827 879.9091 879.8213 879.6476 879.5602 879.4683 879.4306 879.4997 879.584 879.7508 879.8438 879.8928 879.9042 879.9873 880.1533 880.2371 880.3201 880.4017 880.4841 880.5632
881.8972 881.8872 881.8179 881.7561 881.6924 881.6556 881.6058 881.5977 881.499 881.447 881.3936 881.3737 881.2964 881.2051 881.1724 881.1912 881.157 881.08 881.0775 881.0106 880.966 880.9771 880.9522 880.8719 880.8643 880.8713 880.8461 880.7888 880.7546 880.7216 880.6442 880.6525 880.6425 880.6059 880.5493 880.4571 880.4236 880.378 880.2954 880.2213 880.113 879.9584 879.8697 879.7855 879.7034 879.6166 879.4429 879.3575 879.2488 879.2344 879.3995 879.488 879.6579 879.6894 879.7102 879.8002 879.8774 879.9421 880.0304 880.1066 880.2167 880.376 880.4602
