var/www/cgi-bin/BAERTOOLS/ravel/working/ravel-26877.DEM
NCOLS 40
NROWS 283
XLLCORNER 276896.32
YLLCORNER 3833168.9
CELLSIZE 10
NODATA_VALUE -9999
[rows 44 to 87 of 283, columns 0 to 39 of 40]
1497.666 1496.003 1494.431 1491.361 1489.205 1487.536 1487.009 1488.01 1489.961 1490.514 1487.702 1485.68 1485.132 1484.846 1484.348 1485.468 1486.406 1486.972 1487.106 1487.274 1489.749 1492.122 1494.399 1495.733 1496.126 1496.157 1495.888 1496.022 1496.324 1496.668 1497.193 1497.596 1497.652 1492.802 1492.333 1492.827 1494.31 1500.392 1503.954 1508.331
1498.411 1496.531 1494.942 1490.864 1488.856 1487.153 1487.816 1491.591 1494.759 1490.987 1487.708 1486.769 1486.937 1486.784 1486.388 1487.285 1488.668 1489.856 1490.32 1490.846 1495.108 1498.223 1500.016 1499.773 1498.917 1498.25 1497.257 1497.134 1497.397 1497.918 1498.651 1497.975 1497.652 1497.283 1497.612 1498.518 1499.99 1506.175 1509.931 1513.009
1499.523 1497.758 1495.827 1491.344 1489.192 1487.034 1489.344 1497.889 1500.153 1493.329 1490.556 1489.57 1489.754 1489.551 1489.325 1490.103 1491.469 1492.765 1493.736 1495.102 1499.569 1501.705 1502.406 1501.775 1500.773 1499.798 1498.331 1498.144 1498.465 1499.175 1498.651 1500.015 1500.457 1500.837 1501.248 1502.07 1503.907 1511.57 1513.795 1513.839
1500.755 1498.888 1496.939 1492.33 1489.988 1488.616 1492.155 1500.811 1502.071 1497.927 1496.562 1495.687 1495.491 1494.563 1494.568 1495.068 1495.549 1496.124 1497.139 1498.557 1502.191 1503.567 1504.308 1503.516 1502.279 1501.182 1499.679 1499.482 1499.799 1499.175 1500.056 1501.686 1502.317 1502.912 1503.789 1505.282 1507.813 1513.255 1514.241 1513.288
1501.781 1499.995 1498.184 1494.032 1492.189 1492.865 1496.847 1501.301 1502.649 1501.605 1501.326 1501.161 1500.809 1499.837 1500.007 1500.324 1499.777 1499.557 1500.487 1502.549 1505.906 1506.438 1506.157 1504.791 1503.554 1501.747 1501.153 1500.902 1499.799 1500.47 1501.26 1502.775 1503.276 1504.013 1505.198 1506.771 1508.893 1512.336 1513.404 1513.427
1503.081 1501.346 1499.605 1496.302 1495.717 1496.837 1499.615 1501.882 1504.345 1504.237 1504.384 1504.544 1504.321 1503.832 1504.28 1504.418 1504.168 1504.492 1505.995 1508.351 1511.286 1509.727 1507.559 1506.14 1504.832 1502.894 1502.37 1500.902 1501.047 1501.432 1501.918 1502.743 1503.294 1504.168 1505.403 1506.828 1509.919 1511.168 1512.387 1513.247
1503.346 1501.493 1498.479 1497.696 1497.657 1498.646 1500.486 1502.608 1506.774 1507.688 1507.883 1507.814 1507.642 1507.623 1509.486 1509.384 1509.041 1509.696 1511.355 1513.732 1512.946 1511.061 1508.928 1507.314 1505.915 1503.751 1502.37 1501.989 1501.761 1501.854 1501.985 1502.116 1502.322 1502.93 1504.159 1505.795 1509.079 1510.33 1511.663 1513.141
1501.877 1499.776 1498.669 1498.536 1498.745 1500.007 1502.264 1504.893 1509.993 1511.458 1511.428 1510.597 1510.238 1510.406 1513.4 1513.728 1513.005 1513.396 1514.257 1514.431 1512.935 1511.548 1510.038 1508.199 1506.667 1503.751 1502.907 1502.318 1501.943 1501.772 1501.676 1501.135 1500.576 1500.729 1502.121 1504.313 1508.412 1509.998 1511.69 1513.542
1500.134 1499.352 1498.809 1499.233 1500.422 1502.483 1504.949 1507.621 1512.552 1514.463 1514.762 1513.799 1513.16 1515.818 1517.262 1516.914 1516.425 1516.151 1515.658 1514.271 1512.968 1511.392 1509.862 1508.199 1506.667 1504.102 1503.013 1502.009 1501.339 1501.177 1500.949 1500.528 1499.951 1499.9 1501.178 1503.389 1508.132 1510.165 1512.016 1513.786
1500.987 1501.105 1499.868 1501.294 1503.406 1505.739 1507.918 1510.092 1515.052 1517.379 1518.577 1519.208 1520.07 1522.156 1522.318 1521.782 1520.573 1518.034 1516.513 1514.5 1513.114 1511.441 1509.862 1508.334 1506.809 1503.92 1502.475 1501.182 1500.374 1500.104 1499.881 1499.361 1498.821 1499.145 1500.827 1503.074 1507.747 1510.063 1512.249 1514.065
1503.611 1503.197 1503.892 1505.699 1507.603 1509.116 1510.661 1515.586 1518.526 1520.902 1522.573 1524.144 1525.847 1527.229 1525.974 1524.123 1522.103 1519.295 1516.223 1513.537 1512.566 1511.441 1509.685 1508.166 1505.143 1503.373 1501.635 1500.297 1499.473 1498.94 1498.684 1498.351 1498.271 1499.037 1500.735 1502.726 1506.404 1509.184 1512.018 1513.962
1506.316 1507.012 1509.688 1511.203 1512.424 1513.5 1515.247 1520.751 1523.055 1525.283 1527.929 1530.538 1532.602 1530.99 1527.362 1524.259 1521.429 1517.812 1514.374 1511.711 1512.566 1511.185 1509.422 1507.896 1504.845 1503.238 1501.692 1500.302 1499.084 1497.955 1497.51 1497.371 1497.686 1498.764 1500.463 1501.302 1503.822 1506.644 1509.163 1511.047
1509.654 1513.482 1515.592 1517.319 1518.873 1520.477 1522.222 1527.509 1530.455 1533.226 1535.685 1537.405 1538.568 1534.142 1528.449 1524.195 1521.06 1517.373 1511.95 1511.711 1510.979 1510.155 1509.076 1507.62 1504.323 1502.918 1501.782 1500.736 1499.61 1498.221 1496.451 1496.222 1496.326 1496.974 1498.245 1499.408 1501.079 1502.842 1503.819 1504.448
1514.316 1520.126 1522.434 1524.313 1526.126 1528.258 1530.807 1536.276 1538.063 1539.601 1540.901 1541.69 1541.651 1534.388 1528.2 1523.824 1521.45 1517.969 1511.95 1511.045 1510.315 1509.601 1508.615 1507.136 1503.736 1502.31 1501.414 1500.748 1499.666 1497.991 1495.328 1494.727 1494.471 1494.459 1494.891 1497.159 1498.466 1499.688 1499.926 1499.541
1522.408 1527.521 1529.685 1532.024 1534.333 1536.344 1538.154 1541.667 1541.634 1541.005 1541.288 1541.675 1539.968 1534.677 1528.376 1523.702 1521.5 1517.969 1513.306 1512.323 1511.4 1510.09 1508.437 1506.508 1503.008 1501.539 1500.317 1499.568 1498.674 1495.64 1494.301 1493.118 1491.894 1491.21 1491.554 1494.388 1496.036 1497.261 1497.382 1496.86
1529.935 1534.464 1536.394 1538.352 1540.057 1541.178 1542.559 1541.761 1541.638 1541.108 1540.77 1541.304 1539.588 1535.658 1529.573 1523.702 1521.5 1519.203 1515.229 1514.012 1512.866 1511.188 1508.296 1505.331 1502.498 1501.178 1499.729 1498.458 1497.291 1494.36 1493.208 1491.878 1490.119 1488.56 1488.58 1492.323 1493.805 1494.606 1494.583 1494.365
1535.905 1539.757 1541.305 1542.108 1541.531 1541.379 1541.218 1542.084 1541.87 1539.967 1538.5 1537.819 1536.655 1534.279 1529.573 1524.495 1522.033 1520.109 1516.716 1515.268 1513.517 1511.305 1507.816 1501.887 1501.147 1500.083 1498.467 1496.914 1495.255 1492.682 1491.979 1491.03 1489.659 1488.219 1487.639 1490.424 1491.544 1492.056 1492.168 1491.957
1542.431 1545.93 1546.318 1545.001 1541.782 1539.374 1539.984 1539.715 1538.579 1536.923 1534.933 1533.646 1532.473 1534.279 1529.876 1525.238 1522.584 1520.454 1516.531 1514.781 1512.77 1510.026 1506.503 1500.412 1499.516 1498.61 1496.902 1494.926 1493.124 1490.837 1490.636 1490.006 1489.046 1487.944 1487.063 1488.601 1489.31 1489.857 1490.12 1490.017
1548.447 1549.404 1546.88 1543.551 1539.641 1536.642 1535.63 1534.909 1533.614 1531.708 1529.705 1528.136 1532.473 1530.788 1528.293 1525.699 1522.846 1517.504 1515.429 1513.764 1511.522 1508.659 1505.671 1500.148 1498.455 1497.23 1495.288 1492.242 1490.293 1489.101 1489.011 1488.667 1488.023 1487.236 1486.604 1487.294 1487.996 1488.216 1488.354 1488.384
1552.389 1550.435 1547.271 1543.585 1539.53 1536.084 1528.301 1527.744 1527.042 1525.403 1524.134 1528.136 1527.05 1527.071 1526.935 1525.437 1522.489 1516.428 1514.186 1512.152 1509.947 1507.434 1504.769 1499.638 1497.471 1495.3 1493.074 1490.833 1488.715 1487.859 1487.593 1487.294 1486.954 1486.586 1486.07 1486.526 1487.065 1487.129 1487.046 1486.849
1553.152 1550.39 1546.32 1542.391 1539.176 1534.256 1523.266 1522.481 1522.025 1521.06 1524.134 1522.914 1522.729 1523.164 1524 1523.674 1521.05 1514.355 1512.315 1510.643 1508.53 1505.647 1503.122 1498.902 1497.22 1495.459 1493.645 1491.909 1488.896 1488.084 1487.461 1486.932 1486.56 1486.194 1485.628 1485.702 1485.848 1485.792 1485.598 1485.268
1551.435 1547.862 1543.245 1539.089 1535.356 1530.306 1522.368 1519.077 1516.66 1521.06 1520.533 1519.441 1519.053 1518.842 1519.145 1519.075 1517.419 1513.012 1511.017 1509.233 1507.169 1504.464 1501.919 1498.238 1496.753 1495.267 1493.623 1492.227 1490.202 1489.198 1488.387 1487.65 1486.749 1485.959 1485.122 1484.908 1484.658 1484.368 1484.033 1483.55
1546.795 1542.259 1537.589 1533.96 1530.04 1525.827 1519.119 1519.077 1516.66 1516.204 1516.591 1516.279 1514.583 1513.796 1514.381 1514.793 1514.354 1513.151 1510.944 1508.235 1506.082 1504.19 1500.424 1498.561 1496.606 1494.737 1493.192 1492.191 1490.917 1490.125 1489.081 1488.073 1486.953 1485.809 1484.441 1484.019 1483.582 1483.147 1482.655 1481.503
1540.999 1536.926 1532.606 1528.346 1524.715 1518.724 1519.119 1515.868 1513.058 1511.972 1513.329 1514.226 1512.281 1510.515 1510.166 1510.115 1510.455 1509.766 1508.385 1506.291 1504.422 1503.423 1501.421 1499.317 1496.297 1493.607 1492.142 1491.312 1490.562 1489.937 1489.014 1487.971 1486.621 1485.187 1483.423 1482.983 1482.655 1482.168 1481.504 1479.941
1536.766 1532.536 1527.685 1523.492 1520.698 1518.724 1516.121 1513.821 1511.612 1510.245 1510.491 1511.566 1510.165 1507.401 1504.841 1503.739 1505.033 1505.041 1504.186 1503.418 1503.075 1502.488 1500.933 1497.767 1493.829 1491.307 1490.212 1489.78 1489.208 1488.773 1488.08 1486.992 1485.349 1482.862 1482.302 1482.046 1481.775 1481.316 1480.394 1478.9
1533.938 1530.168 1525.959 1522.067 1520.698 1515.625 1513.335 1511.349 1509.414 1507.674 1507.28 1507.777 1506.734 1504.278 1501.563 1499.595 1500.011 1500.604 1500.77 1500.616 1500.44 1500.163 1496.339 1492.486 1489.627 1488.743 1488.384 1488.277 1487.885 1487.446 1486.67 1485.284 1483.474 1481.969 1481.477 1481.196 1480.978 1480.355 1479.688 1478.052
1532.718 1528.353 1524.252 1522.067 1517.405 1512.525 1510.338 1508.095 1506.05 1503.964 1503.725 1504.505 1504.412 1503.543 1501.877 1500.215 1497.938 1497.874 1497.979 1497.717 1496.555 1494.431 1489.585 1487.854 1487.161 1487.18 1487.215 1486.873 1486.628 1485.949 1484.702 1483.178 1481.906 1480.957 1480.595 1480.268 1480.006 1479.667 1479.05 1478.266
1532.604 1528.11 1524.252 1520.401 1515.625 1511.124 1509.703 1505.919 1501.384 1500.736 1501.1 1501.732 1502.456 1502.911 1502.551 1501.072 1497.571 1496.205 1495.616 1495.075 1493.345 1489.765 1487.42 1487.033 1486.628 1486.411 1486.235 1485.789 1485.589 1485.054 1483.851 1482.378 1481.861 1481.391 1480.997 1480.371 1479.694 1479.178 1478.968 1478.938
1532.604 1528.11 1524.389 1521.906 1518.422 1512.978 1509.858 1505.823 1502.016 1499.749 1499.713 1499.744 1500.442 1501.479 1502.137 1501.536 1498.595 1496.213 1494.358 1493.148 1491.785 1489.134 1488.416 1487.394 1486.37 1485.911 1485.645 1485.018 1484.813 1484.464 1483.63 1482.679 1482.443 1482.751 1482.297 1481.572 1480.711 1480.205 1479.881 1480.082
1533.04 1529.166 1526.559 1524.572 1520.249 1516.752 1513.717 1510.227 1505.158 1501.263 1499.783 1499.623 1499.66 1500.211 1500.763 1501.194 1499.098 1496.367 1493.606 1491.308 1490.113 1488.791 1488.016 1487.076 1486.376 1486.157 1485.952 1484.89 1484.366 1484.052 1483.488 1482.908 1483.864 1485.188 1484.614 1484.033 1483.512 1482.476 1481.829 1481.513
1534.237 1531.747 1529.212 1527.705 1523.902 1519.55 1515.706 1512.742 1508.675 1504.831 1500.761 1500.305 1499.55 1498.858 1499.109 1499.882 1497.674 1494.935 1492.049 1489.748 1488.512 1487.413 1487.148 1487.18 1487.366 1487.322 1486.917 1485.721 1485.344 1484.822 1484.587 1485.571 1488.019 1487.886 1487.47 1486.851 1485.828 1484.934 1483.695 1483.238
1533.279 1530.488 1528.498 1526.787 1523.647 1520.112 1516.553 1514.391 1511.861 1508.661 1503.283 1501.541 1499.931 1498.135 1496.81 1495.868 1494.351 1492.741 1490.868 1489.259 1488.481 1489.25 1490.121 1490.703 1490.503 1489.491 1487.924 1486.84 1486.373 1486.422 1487.327 1488.549 1490.563 1490.517 1489.955 1488.781 1487.713 1486.84 1485.327 1484.792
1530.573 1527.951 1526.12 1524.382 1521.33 1520.178 1518.307 1515.734 1513.935 1511.868 1505.807 1503.288 1501.466 1499.562 1496.578 1491.859 1490.879 1490.284 1489.634 1489.17 1490.75 1496.205 1498.134 1498.258 1496.506 1493.775 1488.526 1487.793 1487.542 1487.407 1488.358 1490.641 1494.083 1494.324 1493.653 1492.327 1490.239 1488.502 1485.327 1484.792
1527.371 1525.258 1523.452 1521.513 1519.02 1518.081 1517.058 1515.841 1514.22 1510.44 1506.827 1504.058 1502.549 1500.456 1496.805 1490.157 1489.943 1489.885 1490.227 1491.754 1495.337 1501.691 1503.212 1503.188 1501.587 1499.143 1493.312 1491.393 1489.56 1488.278 1489.42 1492.694 1497.918 1499.503 1499.515 1497.387 1493.592 1488.502 1486.683 1485.979
1524.497 1522.411 1520.293 1517.753 1515.574 1515.037 1514.318 1513.47 1512.501 1508.648 1505.338 1502.828 1501.806 1500.045 1496.228 1490.44 1491.198 1492.527 1494.155 1496.398 1499.663 1506.325 1507.582 1507.205 1505.655 1503.537 1498.693 1496.106 1494.128 1493.49 1493.923 1495.444 1500.899 1501.85 1501.981 1501.056 1493.592 1488.734 1487.584 1486.831
1522.803 1519.67 1515.636 1512.159 1511.8 1511.504 1510.989 1510.185 1509.04 1504.857 1502.284 1500.354 1499.255 1497.689 1495.042 1490.762 1492.125 1494.934 1497.237 1499.777 1507.841 1511.242 1512.365 1511.532 1509.678 1507.281 1503.002 1500.956 1498.996 1497.554 1497.451 1499.049 1502.803 1503.565 1503.425 1501.056 1498.334 1490.344 1488.439 1487.3
1521.682 1517.525 1513.255 1509.307 1507.667 1506.289 1505.727 1505.614 1504.97 1501.656 1499.042 1496.714 1495.456 1494.337 1492.725 1491.682 1494.316 1497.584 1499.952 1503.264 1512.016 1514.778 1515.788 1515.415 1513.473 1511.025 1506.565 1504.343 1502.369 1500.545 1499.537 1503.416 1504.271 1503.984 1503.425 1502.459 1500.196 1492.237 1489.438 1487.66
1522.144 1518.294 1514.819 1508.21 1503.571 1500.699 1500.482 1501.114 1501.12 1498.659 1495.445 1492.861 1492.305 1491.962 1492.59 1495.471 1498.736 1501.343 1503.93 1507.444 1515.566 1519.063 1520.627 1519.81 1517.563 1514.968 1510.378 1508.39 1506.253 1504.068 1503.036 1504.736 1505.39 1503.984 1503.831 1503.102 1500.743 1493.001 1490.257 1488.721
1522.046 1519.057 1516.295 1508.098 1503.084 1500.052 1499.016 1498.534 1498.134 1495.135 1493.093 1492.36 1492.563 1493.016 1496.996 1500.104 1502.607 1504.949 1507.741 1510.983 1519.86 1523.785 1525.526 1524.559 1522.071 1519.264 1514.069 1511.747 1510.211 1509.622 1508.636 1508.879 1505.39 1505.309 1504.34 1502.48 1500.289 1493.809 1491.246 1489.41
1520.024 1517.795 1516.055 1510.06 1505.684 1502.401 1500.089 1498.163 1495.276 1493.619 1493.011 1493.941 1495.39 1496.868 1501.315 1503.505 1505.619 1507.994 1510.724 1514.365 1523.846 1528.794 1532.085 1531.265 1527.305 1520.767 1518.113 1515.485 1513.148 1511.82 1508.636 1508.879 1508.209 1506.456 1504.072 1501.886 1499.59 1494.415 1492.207 1490.27
1515.858 1515.694 1515.038 1509.893 1505.65 1502.676 1500.542 1498.371 1494.65 1493.464 1493.514 1495.698 1498.376 1500.296 1504.087 1506.205 1508.484 1510.862 1513.759 1517.567 1527.378 1533.505 1538.032 1538.263 1534.537 1524.886 1521.902 1519.291 1516.899 1511.82 1511.931 1512.185 1510.503 1507.527 1504.171 1501.603 1497.633 1495.9 1493.852 1491.915
1512.388 1512.583 1510.285 1505.946 1502.034 1500.249 1498.818 1496.728 1493.652 1493.076 1494.568 1498.394 1501.009 1502.913 1506.578 1508.621 1510.997 1513.746 1516.866 1525.147 1530.907 1536.129 1539.627 1541.377 1539.425 1530.207 1525.627 1522.656 1516.899 1515.536 1515.773 1514.702 1512.023 1508.74 1505.244 1502.168 1498.486 1496.905 1495.527 1494.407
1507.856 1507.674 1504.321 1501.238 1499.204 1498.178 1496.69 1494.944 1494.402 1495.107 1497.328 1500.759 1503.126 1505.151 1508.839 1510.909 1513.389 1516.345 1519.679 1528.302 1534.042 1539.65 1544.233 1546.066 1543.65 1536.063 1531.101 1522.656 1521.213 1520.937 1520.701 1517.297 1513.688 1510.392 1507.432 1504.618 1500.449 1498.99 1497.862 1497.112
1501.902 1501.825 1499.679 1498.536 1497.711 1496.664 1495.411 1494.434 1497.562 1498.297 1499.316 1501.943 1504.605 1509.286 1511.075 1513.253 1515.918 1518.904 1522.145 1531.098 1536.424 1542.051 1547.458 1549.988 1547.693 1540.724 1531.101 1526.524 1524.366 1524.746 1525.708 1521.556 1515.778 1511.828 1509.846 1508.562 1503.322 1501.252 1499.974 1499.586
