var/www/cgi-bin/BAERTOOLS/ravel/working/ravel-22246.DEM
NCOLS 90
NROWS 113
XLLCORNER 384957.98
YLLCORNER 3868211.5
CELLSIZE 10
NODATA_VALUE -9999
[rows 84 to 111 of 113, columns 0 to 62 of 90]
876.558 876.5693 876.5258 876.455 876.444 876.558 876.4933 876.4508 876.423 876.3466 876.342 876.2419 876.196 876.1447 876.1199 876.0491 875.9669 875.9233 875.9266 875.9051 875.8383 875.812 875.7197 875.6728 875.6197 875.6017 875.6114 875.555 875.504 875.4976 875.4857 875.425 875.3879 875.3536 875.2997 875.2734 875.2905 875.3248 875.3967 875.4559 875.4897 875.5474 875.633 875.718 875.8486 875.8976 876.0069 876.1621 876.327 876.5158 876.6383 876.7782 876.8736 876.9456 877.0278 877.2825 877.3438 877.3664 877.432 877.4382 877.5269 877.5674 877.6174
876.3922 876.3528 876.3215 876.455 876.444 876.35 876.2927 876.2485 876.2169 876.1512 876.1323 876.0306 876.0395 875.9985 875.9252 875.9233 875.83 875.7766 875.7219 875.7169 875.7051 875.617 875.5406 875.503 875.4882 875.4244 875.3943 875.4041 875.3648 875.3071 875.2874 875.2861 875.2356 875.2027 875.1531 875.1161 875.1404 875.2257 875.2957 875.3199 875.3521 875.446 875.5326 875.6198 875.6874 875.7555 875.8505 875.9848 876.1495 876.363 876.49 876.5724 876.6762 876.8228 876.9084 877.0994 877.1383 877.1595 877.2262 877.2322 877.3199 877.3711 877.4246
876.1915 876.3528 876.3215 876.2527 876.2473 876.1797 876.1491 876.1064 876.0471 876.0287 875.9556 875.8766 875.8335 875.7965 875.7346 875.718 875.6641 875.6268 875.5851 875.5282 875.4957 875.4407 875.3574 875.3096 875.2978 875.2925 875.2324 875.1816 875.1941 875.1724 875.114 875.0771 875.0804 875.0521 874.9952 874.9837 875.0317 875.0687 875.1954 875.2209 875.2517 875.3475 875.428 875.4528 875.5787 875.6703 875.751 875.8345 875.9397 876.1954 876.3331 876.4563 876.5417 876.6433 876.7274 876.8411 876.8752 876.9587 877.0197 877.0193 877.1147 877.1708 877.1745
876.1915 876.1451 876.1516 876.1332 876.0558 876.0467 875.9803 875.9333 875.9107 875.8294 875.8285 875.7363 875.6736 875.6148 875.608 875.5407 875.5173 875.4744 875.4265 875.3939 875.3335 875.3044 875.2122 875.1682 875.1138 875.0876 875.0867 875.0295 875.0002 874.9805 874.9737 874.9295 874.9252 874.8697 874.8401 874.8463 874.92 874.9218 875.1005 875.1226 875.1519 875.2266 875.2544 875.3977 875.4355 875.4816 875.566 875.6586 875.806 876.0806 876.1678 876.2683 876.3544 876.4351 876.6115 876.6253 876.6566 876.7477 876.8301 876.8984 876.8984 876.9575 877.0104
876.0525 876.0045 875.9415 875.94 875.937 875.8352 875.7839 875.7363 875.7045 875.6405 875.6198 875.5611 875.4706 875.4354 875.4364 875.4114 875.3065 875.3107 875.2669 875.1955 875.1974 875.1046 875.0561 875.0131 874.9703 874.9298 874.9261 874.8865 874.8596 874.8022 874.7689 874.7797 874.7375 874.722 874.7166 874.7493 874.8186 874.8245 874.9435 874.9799 875.0591 875.1205 875.121 875.2372 875.2744 875.3493 875.4291 875.5334 875.7041 875.9511 876.0737 876.1165 876.1426 876.23 876.3328 876.3745 876.4604 876.5451 876.6252 876.7016 876.7697 876.7493 876.7289
875.8832 875.8484 875.8152 875.7427 875.7296 875.657 875.625 875.5988 875.5382 875.5173 875.4168 875.3655 875.3221 875.3145 875.3 875.2396 875.1571 875.1118 875.0703 875.0201 874.9903 874.949 874.9085 874.8653 874.8127 874.7841 874.7837 874.6844 874.6741 874.6647 874.6109 874.5635 874.5641 874.5571 874.5782 874.649 874.7164 874.7221 874.8113 874.8653 874.9324 874.9556 875.0104 875.0839 875.1635 875.2499 875.3323 875.417 875.5209 875.7915 875.8843 875.9213 875.9329 876.0134 876.0823 876.1748 876.2047 876.2573 876.4223 876.4971 876.5701 876.5451 876.5136
875.6924 875.6786 875.6147 875.6221 875.5517 875.4667 875.4216 875.4222 875.3993 875.314 875.2578 875.2217 875.1742 875.1293 875.1317 875.103 875.0099 874.9637 874.9177 874.8802 874.8271 874.7914 874.7231 874.6757 874.6735 874.6191 874.573 874.5481 874.4896 874.4637 874.4655 874.4193 874.3952 874.4113 874.4493 874.5503 874.6211 874.6203 874.7202 874.7204 874.7574 874.8284 874.9042 874.9729 875.0625 875.1451 875.2318 875.3193 875.3962 875.5791 875.6597 875.7482 875.8104 875.8192 875.899 875.9525 876.0466 876.0914 876.1203 876.2804 876.3248 876.326 876.3828
875.4268 875.3752 875.3547 875.4206 875.4037 875.3315 875.2803 875.2264 875.1912 875.1385 875.1191 875.0597 875.0322 875.0346 874.9916 874.9362 874.8527 874.8107 874.7689 874.7213 874.6821 874.5882 874.5471 874.4998 874.4703 874.4733 874.4284 874.3674 874.3536 874.2979 874.256 874.2579 874.2856 874.316 874.3528 874.4236 874.4521 874.5063 874.586 874.6065 874.6327 874.7275 874.8018 874.8698 874.9578 875.0507 875.108 875.1356 875.2886 875.4611 875.5651 875.5806 875.5229 875.599 875.7725 875.7925 875.8267 875.9163 875.996 876.082 876.1887 876.179 876.1714
875.2441 875.2355 875.225 875.2012 875.1395 875.1396 875.1113 875.0919 875.0308 875.0082 874.9522 874.9358 874.9279 874.8798 874.828 874.793 874.7028 874.6581 874.6157 874.5771 874.5273 874.4409 874.3963 874.3532 874.3074 874.2635 874.2689 874.1763 874.1569 874.1555 874.1059 874.0522 874.1892 874.2131 874.2514 874.3112 874.3201 874.3986 874.4695 874.5074 874.5308 874.6234 874.6987 874.7653 874.8604 874.9069 874.9279 875.0023 875.1002 875.3183 875.3048 875.3275 875.4072 875.4876 875.5546 875.649 875.6876 875.703 875.789 875.8745 875.9763 876.0184 876.0776
875.1286 875.0886 875.0356 875.0371 875.0149 874.9056 874.9014 874.894 874.8621 874.835 874.8086 874.7966 874.7712 874.7206 874.6829 874.6339 874.5487 874.5091 874.4418 874.3707 874.3759 874.291 874.2477 874.204 874.1603 874.1161 874.0604 874.0431 873.9846 873.9453 873.9385 873.9161 874.0874 874.1106 874.1475 874.2095 874.2191 874.2956 874.3665 874.405 874.4269 874.5191 874.5955 874.6608 874.7618 874.8017 874.8138 874.9045 875.0832 875.1017 875.1298 875.2212 875.287 875.2941 875.4583 875.4842 875.5115 875.6047 875.6749 875.7426 875.8372 875.8762 875.8621
874.9399 874.9287 874.9154 874.9036 874.843 874.7614 874.7154 874.664 874.6329 874.6935 874.6338 874.6349 874.6207 874.5726 874.5253 874.4846 874.3961 874.3566 874.2948 874.2076 874.1663 874.0935 874.0639 874.0262 873.9528 873.9598 873.8624 873.8506 873.841 873.8143 873.8067 873.8139 873.9836 874.0083 874.0439 874.1066 874.116 874.1965 874.2587 874.3028 874.3231 874.4147 874.4919 874.5676 874.6049 874.6354 874.6898 874.717 874.8992 874.9418 875.0286 875.1186 875.1849 875.1878 875.2802 875.3295 875.3777 875.3949 875.4683 875.5352 875.6234 875.7132 875.7665
874.8172 874.7823 874.7331 874.7325 874.6494 874.6128 874.563 874.5289 874.5324 874.4825 874.4681 874.4683 874.4313 874.4211 874.3801 874.2843 874.2449 874.1998 874.1592 874.1141 874.021 873.9342 873.8859 873.8397 873.8044 873.7495 873.7326 873.6697 873.6297 873.6593 873.7082 873.7126 873.8801 873.9058 873.9402 874.002 874.0032 874.1668 874.199 874.1897 874.2131 874.3116 874.3961 874.3887 874.4363 874.5306 874.589 874.5952 874.7599 874.8407 874.9323 874.9846 874.9952 875.0699 875.1411 875.1741 875.2001 875.2929 875.363 875.3536 875.472 875.569 875.5546
874.6373 874.623 874.6036 874.5947 874.505 874.4504 874.4294 874.4278 874.3776 874.3279 874.2985 874.2338 874.2413 874.2581 874.1777 874.1583 874.0856 874.0471 874.006 873.9575 873.9255 873.772 873.7363 873.6953 873.642 873.6124 873.5436 873.5309 873.5035 873.5328 873.6056 873.6102 873.7763 873.8035 873.8309 873.9197 873.9818 874.0724 874.0978 874.1306 874.1905 874.1922 874.1968 874.3549 874.3844 874.4203 874.4858 874.491 874.6537 874.7438 874.7809 874.7989 874.8884 874.9686 874.9651 875.011 875.113 875.1461 875.0696 875.2417 875.2509 875.569 875.5546
874.5031 874.4761 874.431 874.4291 874.3399 874.3311 874.3201 874.2646 874.2247 874.2313 874.1349 874.1268 874.113 874.0504 874.0244 873.9962 873.9363 873.8964 873.8448 873.8083 873.754 873.6287 873.5829 873.5348 873.5035 873.4417 873.3541 873.3214 873.3555 873.4354 873.502 873.4996 873.6735 873.6966 873.7203 873.8195 873.8939 873.9667 873.9937 874.033 874.0911 874.097 874.1717 874.249 874.2859 874.3156 874.3817 874.3851 874.5484 874.6393 874.6769 874.6993 874.7701 874.7739 874.8693 874.9146 874.972 874.9593 874.9679 875.2417 875.2509 875.3281 875.4636
874.3297 874.3185 874.2924 874.2845 874.234 874.2096 874.1552 874.129 874.1273 874.0782 874.0308 874.004 873.9459 873.9183 873.9164 873.8254 873.7815 873.7321 873.718 873.7142 873.6275 873.4616 873.4302 873.3914 873.3333 873.3101 873.2076 873.1956 873.2365 873.3283 873.4116 873.4777 873.5571 873.6445 873.6874 873.713 873.7883 873.863 873.8875 873.9185 874.0146 874.0799 874.0889 874.1884 874.1745 874.2043 874.2939 874.3774 874.5511 874.5753 874.6124 874.678 874.6696 874.6736 874.7652 874.8099 874.8704 874.9593 874.9679 875.1304 875.1567 875.184 875.2656
874.1917 874.1677 874.1246 874.1248 874.0801 874.0535 874.0026 873.9744 873.973 873.9293 873.8645 873.8408 873.8136 873.8246 873.8198 873.7159 873.6589 873.6094 873.6023 873.5338 873.4501 873.359 873.2718 873.2266 873.1997 873.1317 873.1056 873.0958 873.1335 873.2234 873.3098 873.3904 873.4476 873.5487 873.595 873.6089 873.684 873.7504 873.8451 873.8816 873.9047 873.98 873.9838 874.079 874.1224 874.1782 874.1888 874.2716 874.4404 874.5313 874.5784 874.5653 874.5817 874.6698 874.6622 874.8099 874.8704 874.8601 874.8663 874.9535 875.0081 875.0556 875.0648
874.0303 874.0329 874.0279 873.9782 873.9252 873.9001 873.8535 873.8083 873.7623 873.761 873.717 873.7249 873.7299 873.7148 873.653 873.6189 873.5596 873.5117 873.4929 873.4012 873.3157 873.167 873.1204 873.0902 873.0312 873.0048 872.9714 872.9948 873.0242 873.1196 873.2033 873.3656 873.3877 873.4371 873.4901 873.4972 873.5854 873.6802 873.728 873.8248 873.8795 873.8886 873.9773 874.0364 874.0768 874.1034 874.17 874.1835 874.3785 874.4204 874.4692 874.4925 874.5663 874.6698 874.6622 874.7068 874.7584 874.7574 874.7627 874.8569 874.8975 874.944 874.9702
873.8603 873.89 873.8734 873.8304 873.7911 873.7442 873.7026 873.6497 873.6163 873.6292 873.5822 873.5465 873.5517 873.5421 873.5128 873.5192 873.4535 873.403 873.3923 873.3036 873.1298 873.0424 872.9681 872.8888 872.8188 872.8204 872.8588 872.9484 872.985 873.0064 873.0975 873.2712 873.2863 873.3221 873.4188 873.48 873.4855 873.6533 873.6788 873.7076 873.8016 873.8737 873.9494 873.9734 874.0146 874.0748 874.0845 874.1658 874.3395 874.3709 874.4044 874.4925 874.5663 874.5634 874.6364 874.6173 874.5729 874.6544 874.6603 874.753 874.7435 874.7714 874.8308
873.6401 873.6761 873.6724 873.6752 873.6431 873.5908 873.5419 873.5245 873.5192 873.4553 873.4355 873.4168 873.4189 873.4172 873.4117 873.4104 873.4058 873.3672 873.2877 873.2002 873.0273 872.9449 872.8582 872.7712 872.6832 872.6166 872.7532 872.8387 872.9235 872.9783 872.9918 873.1569 873.2435 873.2776 873.3001 873.3932 873.4705 873.5358 873.6335 873.678 873.6957 873.7704 873.8502 873.8777 873.9122 874.0083 874.0758 874.0826 874.3395 874.3709 874.4044 874.4694 874.4604 874.5403 874.572 874.5145 874.4866 874.5524 874.5529 874.6194 874.655 874.6388 874.6475
873.502 873.4572 873.4601 873.4639 873.4639 873.4484 873.3951 873.3521 873.3553 873.2603 873.2368 873.2418 873.2349 873.2471 873.3111 873.3208 873.274 873.2209 873.1829 873.1008 872.9493 872.8334 872.7574 872.6749 872.582 872.4922 872.7468 872.825 872.9158 872.975 872.9849 873.1483 873.2347 873.3256 873.3775 873.3871 873.4691 873.6472 873.677 873.7088 873.7763 873.7829 873.9521 873.9792 874.0191 874.0758 874.0758 874.0826 874.2448 874.3347 874.379 874.3715 874.3893 874.4787 874.4773 874.4773 874.4773 874.4769 874.4798 874.5711 874.577 874.5767 874.5763
873.3437 873.3188 873.3121 873.2609 873.2773 873.2499 873.2495 873.2056 873.1522 873.126 873.1143 873.1158 873.1134 873.1171 873.1353 873.1258 873.1125 873.1008 873.1009 873.0815 872.9233 872.7734 872.6542 872.5425 872.4188 872.5484 872.738 872.8246 872.9149 872.9749 872.9822 873.155 873.1786 873.2107 873.3013 873.3854 873.4701 873.5723 873.6187 873.6746 873.6901 873.7652 873.8308 873.9276 874.0191 874.0758 874.0864 874.1655 874.3423 874.3751 874.3632 874.394 874.466 874.4606 874.46 874.4592 874.4582 874.4573 874.4533 874.5119 874.5612 874.5514 874.5508
873.2239 873.2115 873.1483 873.1158 873.1406 873.0784 873.0447 873.0298 872.9415 872.9429 872.941 872.9391 872.9345 872.9237 872.9232 873.0057 872.996 872.9908 872.9955 872.9939 872.826 872.7458 872.582 872.3566 872.3026 872.542 872.775 872.8099 872.9058 872.9956 873.0734 873.0711 873.1241 873.2157 873.3036 873.3727 873.3777 873.4717 873.509 873.6027 873.67 873.6781 873.8308 873.9276 873.9669 873.9853 874.0623 874.0624 874.2311 874.2542 874.2866 874.3621 874.3547 874.3507 874.3492 874.3484 874.3463 874.3484 874.3757 874.4146 874.4473 874.4405 874.4393
873.0995 873.0381 873.0133 873.0122 872.9377 872.9351 872.8911 872.8313 872.8097 872.7283 872.7352 872.7233 872.739 872.7974 872.8028 872.8987 872.9391 872.98 872.9726 872.897 872.7161 872.6699 872.3974 872.1247 872.3834 872.6449 872.8992 872.9871 872.9753 872.9724 872.9796 873.1467 873.2386 873.2864 873.2765 873.2865 873.372 873.4314 873.4722 873.4921 873.67 873.6781 873.7702 873.8177 873.8647 873.8906 873.9512 874.1124 874.1703 874.1445 874.1788 874.2532 874.2504 874.239 874.2483 874.2458 874.2402 874.2529 874.3558 874.3439 874.3394 874.3381 874.3368
872.9337 872.9094 872.9158 872.9189 872.8112 872.7809 872.726 872.7019 872.6407 872.5486 872.5079 872.5449 872.6328 872.7035 872.7726 872.8016 872.7999 872.8059 872.8014 872.7928 872.7404 872.5081 872.1376 872.0608 872.4719 872.8287 872.9473 872.9741 873.0334 873.181 873.1835 873.2458 873.2743 873.308 873.3838 873.3674 873.3469 873.3776 873.4722 873.4921 873.5786 873.6605 873.7309 873.7612 873.7941 873.8653 873.8535 874.0073 874.0616 874.0542 874.0939 874.1526 874.1453 874.1028 874.152 874.1432 874.1384 874.1489 874.2444 874.2383 874.2377 874.2361 874.2345
872.8132 872.8235 872.8122 872.7214 872.6652 872.6207 872.5955 872.5162 872.4274 872.4145 872.4043 872.4053 872.4365 872.5192 872.6846 872.7084 872.6973 872.6942 872.6888 872.6909 872.5986 872.2365 871.9277 872.0587 872.4837 872.8535 872.9925 873.1345 873.1775 873.1931 873.2682 873.2147 873.1623 873.203 873.2656 873.2805 873.3469 873.3776 873.4122 873.4688 873.4832 873.5512 873.6281 873.6533 873.6868 873.7521 873.7592 873.9319 873.9493 873.9813 874.0404 874.0452 874.0173 874.0038 874.0489 874.0408 874.0361 874.0457 874.142 874.1359 874.1353 874.1334 874.1321
872.6893 872.6338 872.6388 872.5557 872.5212 872.4829 872.3968 872.318 872.3029 872.2119 872.2194 872.2071 872.2214 872.3143 872.4132 872.4673 872.506 872.5272 872.6045 872.5999 872.2185 871.8475 871.7637 872.149 872.4856 872.9323 873.0401 873.1241 873.1765 873.1912 873.2636 873.28 873.2299 873.203 873.2656 873.2805 873.3737 873.3727 873.3759 873.3981 873.4599 873.4599 873.5615 873.5548 873.598 873.649 873.6553 873.8055 873.8408 873.836 873.8674 873.9327 873.845 873.9051 873.9465 873.9386 873.9332 873.939 874.0402 874.0338 874.0331 874.0314 874.0299
872.5352 872.4974 872.4377 872.3503 872.3241 872.2864 872.2173 872.1948 872.1266 872.0396 871.9916 872.0333 872.1016 872.1038 872.1761 872.21 872.2034 872.2079 872.1974 872.1054 871.753 871.5779 871.7336 872.2743 872.6787 872.9529 873.0291 873.1177 873.1766 873.1711 873.1649 873.28 873.2299 873.1608 873.1794 873.2622 873.2517 873.317 873.3715 873.3602 873.3536 873.3702 873.4482 873.5012 873.5613 873.5442 873.5521 873.6372 873.694 873.7456 873.7609 873.8017 873.7468 873.8008 873.8441 873.8339 873.8402 873.8795 873.9353 873.9315 873.9308 873.929 873.9275
872.3383 872.314 872.2325 872.2167 872.1652 872.0704 872.0111 872.0023 871.916 871.9022 871.8953 871.8974 871.9004 871.8979 871.9017 871.9063 871.8638 871.7643 871.6918 871.6784 871.3799 871.4694 871.8608 872.3549 872.676 872.9533 872.9714 873.0073 873.068 873.1711 873.1649 873.1619 873.1708 873.1331 873.0825 873.1514 873.1486 873.2083 873.2605 873.2476 873.2623 873.3475 873.3403 873.3928 873.4523 873.4421 873.4492 873.5422 873.5958 873.6512 873.6399 873.631 873.6322 873.697 873.7419 873.7304 873.7415 873.7946 873.8343 873.829 873.8285 873.8267 873.8253
