var/www/cgi-bin/BAERTOOLS/ravel/working/ravel-12176.DEM
NCOLS 39
NROWS 160
XLLCORNER 617273.99
YLLCORNER 4620205.4
CELLSIZE 10
NODATA_VALUE -9999
[rows 0 to 45 of 160, columns 0 to 38 of 39]
1473.61 1472.266 1469.338 1467.909 1466.537 1465.479 1464.133 1463.999 1463.828 1463.492 1463.267 1463.07 1462.783 1462.61 1462.453 1462.238 1462.013 1461.857 1461.684 1461.439 1461.369 1461.291 1461.182 1461.196 1461.198 1461.197 1461.189 1461.202 1461.277 1461.431 1461.505 1461.577 1461.722 1461.79 1461.87 1462.012 1462.057 1462.113 1462.106
1473.81 1472.372 1469.497 1468.065 1466.829 1465.8 1464.34 1464.066 1463.857 1463.506 1463.304 1463.032 1462.76 1462.55 1462.399 1462.234 1461.908 1461.768 1461.684 1461.439 1461.366 1461.288 1461.246 1461.286 1461.29 1461.297 1461.332 1461.411 1461.486 1461.634 1461.734 1461.881 1462.084 1462.208 1462.284 1462.428 1462.655 1462.631 1462.623
1474.055 1472.672 1469.633 1468.271 1467.074 1466.019 1464.463 1464.061 1463.912 1463.449 1463.244 1463.131 1462.793 1462.643 1462.461 1462.244 1461.92 1461.761 1461.601 1461.445 1461.366 1461.288 1461.346 1461.293 1461.315 1461.383 1461.509 1461.515 1461.59 1461.901 1462.03 1462.099 1462.165 1462.42 1462.496 1462.64 1463.095 1463.258 1463.24
1474.276 1472.84 1469.712 1468.383 1467.145 1466.05 1464.355 1464.056 1463.905 1463.465 1463.302 1463.198 1462.771 1462.568 1462.338 1462.19 1461.898 1461.759 1461.606 1461.441 1461.361 1461.309 1461.366 1461.293 1461.498 1461.503 1461.657 1461.732 1461.807 1462.101 1462.258 1462.403 1462.483 1462.731 1462.808 1462.952 1463.435 1463.743 1463.946
1474.425 1472.906 1471.376 1468.478 1467.155 1466.07 1464.278 1464.053 1463.903 1463.473 1463.307 1463.149 1462.927 1462.502 1462.299 1462.118 1461.842 1461.757 1461.603 1461.445 1461.404 1461.389 1461.312 1461.443 1461.498 1461.606 1461.859 1461.927 1462.014 1462.316 1462.472 1462.623 1462.774 1462.967 1463.108 1463.178 1463.651 1463.955 1464.169
1474.531 1472.984 1471.477 1468.561 1467.288 1466.145 1464.419 1464.038 1463.894 1463.458 1463.269 1463.081 1462.849 1462.492 1462.331 1462.094 1461.85 1461.763 1461.63 1461.485 1461.465 1461.392 1461.387 1461.503 1461.528 1461.606 1461.859 1462.057 1462.216 1462.579 1462.788 1462.926 1463.006 1463.173 1463.309 1463.387 1463.866 1464.145 1464.275
1474.567 1473.016 1471.463 1468.616 1467.42 1466.389 1464.623 1464.059 1463.884 1463.53 1463.311 1463.037 1462.844 1462.41 1462.256 1462.055 1461.803 1461.738 1461.663 1461.484 1461.466 1461.41 1461.401 1461.578 1461.735 1461.81 1461.95 1462.057 1462.216 1462.873 1463.004 1463.147 1463.299 1463.332 1463.424 1463.578 1463.913 1464.231 1464.287
1474.228 1472.738 1471.238 1468.657 1467.601 1466.675 1464.915 1464.189 1463.94 1463.524 1463.26 1463.03 1462.802 1462.403 1462.221 1462.075 1461.746 1461.665 1461.616 1461.49 1461.521 1461.522 1461.518 1461.675 1461.807 1461.903 1462.103 1462.272 1462.43 1462.684 1463.004 1463.474 1463.53 1463.506 1463.532 1463.688 1464.111 1464.217 1464.288
1473.42 1472.032 1470.688 1468.455 1467.573 1466.725 1465.163 1464.402 1464.071 1463.458 1463.165 1462.978 1462.7 1462.353 1462.153 1461.997 1461.803 1461.672 1461.645 1461.548 1461.587 1461.585 1461.588 1461.764 1461.86 1461.973 1462.255 1462.487 1462.665 1463.032 1463.416 1463.474 1463.864 1463.723 1463.756 1463.896 1464.263 1464.287 1464.292
1472.377 1470.976 1469.624 1467.797 1467.156 1466.658 1465.078 1464.343 1463.994 1463.694 1462.962 1462.753 1462.565 1462.253 1462.113 1461.998 1461.762 1461.661 1461.62 1461.593 1461.586 1461.583 1461.603 1461.903 1462.006 1462.037 1462.411 1462.708 1462.977 1463.269 1463.814 1463.873 1463.864 1463.723 1464.03 1464.023 1464.252 1464.288 1464.3
1471.232 1469.521 1468.08 1466.664 1466.42 1466.027 1464.733 1464.131 1463.708 1463.388 1462.874 1462.614 1462.51 1462.198 1462.065 1461.995 1461.745 1461.723 1461.691 1461.643 1461.585 1461.628 1461.708 1461.938 1462.05 1462.215 1462.541 1462.851 1463.29 1463.629 1464.044 1464.157 1464.156 1464.048 1464.03 1464.023 1464.313 1464.33 1464.398
1469.57 1467.563 1466.016 1464.692 1464.658 1464.523 1464.097 1463.747 1463.393 1463.123 1462.708 1462.509 1462.383 1462.171 1462.058 1461.938 1461.785 1461.763 1461.69 1461.685 1461.651 1461.745 1461.817 1461.993 1462.16 1462.316 1462.673 1463.029 1463.586 1463.998 1464.27 1464.29 1464.285 1464.272 1464.213 1464.219 1464.286 1464.465 1464.409
1467.974 1465.858 1464.534 1463.615 1463.773 1463.69 1463.475 1463.322 1463.076 1462.893 1462.541 1462.398 1462.292 1462.147 1462.045 1461.892 1461.809 1461.765 1461.737 1461.729 1461.741 1461.798 1461.918 1462.161 1462.303 1462.424 1462.616 1463.225 1463.767 1464.145 1464.286 1464.286 1464.286 1464.286 1464.285 1464.293 1464.366 1464.465 1464.409
1466.807 1464.941 1464.151 1463.663 1463.512 1463.516 1463.223 1463.048 1462.828 1462.735 1462.464 1462.368 1462.294 1462.152 1462.045 1461.895 1461.886 1461.814 1461.788 1461.827 1461.853 1461.893 1461.969 1462.286 1462.425 1462.53 1462.696 1463.283 1463.791 1464.11 1464.275 1464.285 1464.26 1464.258 1464.264 1464.288 1464.348 1464.404 1464.485
1466.006 1464.337 1464.071 1463.718 1463.412 1463.245 1463.22 1462.945 1462.778 1462.637 1462.386 1462.373 1462.296 1462.103 1461.992 1461.946 1461.887 1461.919 1461.855 1461.931 1461.911 1461.997 1462.074 1462.344 1462.464 1462.638 1462.876 1463.286 1463.719 1464.005 1464.221 1464.243 1464.19 1464.184 1464.208 1464.28 1464.286 1464.336 1464.439
1465.55 1464.107 1464.058 1463.661 1463.41 1463.19 1463.124 1462.833 1462.686 1462.591 1462.429 1462.368 1462.285 1462.116 1462.029 1461.979 1461.953 1461.951 1461.885 1461.959 1461.98 1462.116 1462.236 1462.521 1462.617 1462.736 1462.929 1463.366 1463.673 1463.905 1464.174 1464.183 1464.186 1464.184 1464.203 1464.255 1464.26 1464.255 1464.246
1465.167 1464.093 1463.981 1463.555 1463.342 1463.18 1463.034 1462.839 1462.759 1462.689 1462.428 1462.382 1462.37 1462.165 1462.065 1462.041 1461.99 1461.983 1462.02 1462.099 1462.157 1462.264 1462.33 1462.614 1462.798 1462.899 1462.998 1463.406 1463.658 1463.849 1464.135 1464.186 1464.186 1464.186 1464.186 1464.186 1464.186 1464.186 1464.186
1464.511 1464.029 1463.893 1463.379 1463.264 1463.178 1463.02 1462.925 1462.76 1462.614 1462.491 1462.355 1462.302 1462.208 1462.139 1462.151 1462.13 1462.071 1462.156 1462.174 1462.28 1462.378 1462.497 1462.57 1462.845 1462.998 1463.112 1463.445 1463.718 1463.908 1464.166 1464.184 1464.186 1464.186 1464.186 1464.186 1464.186 1464.186 1464.186
1464.04 1463.938 1463.705 1463.461 1463.23 1463.082 1462.995 1462.859 1462.768 1462.676 1462.537 1462.44 1462.362 1462.36 1462.32 1462.264 1462.256 1462.229 1462.259 1462.31 1462.423 1462.487 1462.644 1462.736 1462.89 1463.04 1463.19 1463.648 1463.827 1464.024 1464.224 1464.224 1464.189 1464.185 1464.186 1464.186 1464.186 1464.186 1464.186
1463.851 1463.638 1463.488 1463.325 1463.261 1463.175 1463.098 1462.828 1462.781 1462.775 1462.52 1462.474 1462.459 1462.399 1462.343 1462.278 1462.342 1462.344 1462.367 1462.447 1462.541 1462.586 1462.74 1462.766 1463.027 1463.237 1463.428 1463.796 1463.975 1464.078 1464.251 1464.272 1464.193 1464.185 1464.186 1464.186 1464.186 1464.186 1464.186
1463.627 1463.533 1463.393 1463.383 1463.253 1463.176 1463.1 1462.939 1462.862 1462.786 1462.613 1462.566 1462.56 1462.485 1462.45 1462.441 1462.448 1462.502 1462.458 1462.539 1462.687 1462.756 1462.85 1462.894 1463.103 1463.313 1463.608 1463.897 1464.07 1464.139 1464.242 1464.265 1464.19 1464.185 1464.186 1464.186 1464.186 1464.186 1464.186
1463.575 1463.479 1463.481 1463.411 1463.252 1463.174 1463.096 1462.935 1462.88 1462.873 1462.716 1462.67 1462.661 1462.577 1462.623 1462.567 1462.634 1462.643 1462.657 1462.729 1462.793 1462.871 1462.955 1463.093 1463.306 1463.52 1463.713 1464.096 1464.161 1464.184 1464.234 1464.273 1464.235 1464.238 1464.185 1464.186 1464.186 1464.186 1464.186
1463.648 1463.56 1463.49 1463.485 1463.311 1463.184 1463.182 1463.032 1462.979 1462.976 1462.815 1462.765 1462.771 1462.759 1462.761 1462.753 1462.758 1462.812 1462.769 1462.856 1462.92 1463.063 1463.141 1463.243 1463.424 1463.636 1463.897 1464.138 1464.208 1464.246 1464.231 1464.31 1464.346 1464.305 1464.183 1464.186 1464.186 1464.186 1464.186
1463.69 1463.643 1463.501 1463.494 1463.346 1463.289 1463.286 1463.134 1463.082 1463.078 1463.003 1462.94 1462.881 1462.95 1462.922 1462.878 1462.947 1462.895 1462.947 1462.959 1463.028 1463.197 1463.259 1463.273 1463.522 1463.706 1463.965 1464.172 1464.217 1464.287 1464.204 1464.336 1464.38 1464.302 1464.261 1464.187 1464.185 1464.186 1464.186
1463.819 1463.783 1463.716 1463.708 1463.453 1463.375 1463.3 1463.243 1463.186 1463.18 1463.105 1463.08 1463.076 1463.077 1463.07 1463.059 1463.066 1463.153 1463.144 1463.145 1463.227 1463.295 1463.356 1463.348 1463.642 1463.804 1463.975 1464.189 1464.194 1464.213 1464.191 1464.284 1464.384 1464.303 1464.265 1464.182 1464.186 1464.186 1464.186
1464.032 1463.998 1463.911 1463.827 1463.61 1463.493 1463.496 1463.339 1463.291 1463.281 1463.208 1463.184 1463.183 1463.179 1463.212 1463.268 1463.263 1463.354 1463.378 1463.436 1463.379 1463.394 1463.474 1463.543 1463.717 1463.831 1463.987 1464.19 1464.186 1464.186 1464.186 1464.234 1464.323 1464.293 1464.348 1464.283 1464.195 1464.185 1464.186
1464.032 1464.188 1464.106 1464.017 1463.64 1463.607 1463.596 1463.505 1463.442 1463.303 1463.369 1463.35 1463.295 1463.369 1463.477 1463.487 1463.561 1463.661 1463.658 1463.655 1463.582 1463.496 1463.568 1463.579 1463.684 1463.729 1463.899 1464.069 1464.186 1464.186 1464.186 1464.19 1464.223 1464.286 1464.37 1464.351 1464.197 1464.184 1464.186
1464.219 1464.188 1464.169 1464.007 1463.802 1463.792 1463.705 1463.603 1463.574 1463.506 1463.493 1463.494 1463.489 1463.488 1463.737 1463.801 1463.876 1463.954 1463.947 1463.852 1463.701 1463.598 1463.673 1463.67 1463.71 1463.789 1463.883 1463.97 1464.189 1464.186 1464.186 1464.185 1464.187 1464.21 1464.344 1464.359 1464.251 1464.241 1464.184
1464.286 1464.27 1464.169 1464.007 1463.906 1463.887 1463.822 1463.822 1463.71 1463.704 1463.621 1463.631 1463.691 1463.698 1463.998 1464.096 1464.092 1464.162 1464.159 1464.058 1463.902 1463.764 1463.774 1463.776 1463.818 1463.879 1463.89 1463.959 1464.131 1464.198 1464.267 1464.183 1464.186 1464.187 1464.339 1464.376 1464.354 1464.359 1464.216
1464.285 1464.245 1464.16 1464.019 1463.906 1463.887 1464.032 1464.034 1463.917 1463.901 1463.824 1463.68 1463.726 1463.884 1464.154 1464.187 1464.187 1464.187 1464.196 1464.165 1464.01 1463.878 1463.857 1463.789 1463.888 1463.885 1463.893 1463.962 1464.124 1464.188 1464.202 1464.272 1464.263 1464.254 1464.366 1464.476 1464.459 1464.399 1464.282
1464.283 1464.184 1464.176 1464.121 1464.022 1464.028 1464.032 1464.034 1464.078 1463.994 1463.916 1463.832 1463.921 1463.997 1464.19 1464.184 1464.197 1464.274 1464.185 1464.173 1464.098 1463.983 1463.963 1463.885 1463.886 1463.885 1463.89 1463.963 1464.128 1464.183 1464.189 1464.286 1464.307 1464.374 1464.43 1464.486 1464.485 1464.466 1464.445
1464.319 1464.193 1464.185 1464.19 1464.225 1464.221 1464.221 1464.223 1464.078 1464.097 1464.017 1463.934 1464.025 1464.1 1464.187 1464.185 1464.197 1464.268 1464.184 1464.187 1464.179 1463.977 1463.989 1463.979 1463.906 1463.91 1463.978 1463.984 1464.125 1464.184 1464.186 1464.193 1464.215 1464.304 1464.447 1464.547 1464.489 1464.485 1464.487
1464.355 1464.259 1464.21 1464.213 1464.272 1464.286 1464.285 1464.288 1464.176 1464.097 1464.017 1464.032 1464.119 1464.185 1464.186 1464.186 1464.186 1464.186 1464.186 1464.186 1464.182 1464.081 1464.087 1464.086 1464.088 1463.973 1463.983 1463.988 1464.199 1464.186 1464.186 1464.184 1464.201 1464.289 1464.443 1464.562 1464.49 1464.485 1464.487
1464.234 1464.255 1464.27 1464.289 1464.285 1464.308 1464.287 1464.285 1464.261 1464.181 1464.117 1464.032 1464.119 1464.179 1464.187 1464.186 1464.186 1464.186 1464.191 1464.186 1464.186 1464.186 1464.186 1464.186 1464.186 1464.153 1464.083 1464.08 1464.127 1464.185 1464.186 1464.184 1464.197 1464.287 1464.439 1464.552 1464.489 1464.557 1464.485
1464.186 1464.184 1464.206 1464.28 1464.286 1464.346 1464.288 1464.285 1464.257 1464.205 1464.192 1464.086 1464.106 1464.179 1464.201 1464.21 1464.197 1464.206 1464.251 1464.19 1464.192 1464.191 1464.19 1464.189 1464.186 1464.152 1464.086 1464.088 1464.191 1464.185 1464.191 1464.277 1464.29 1464.385 1464.548 1464.576 1464.575 1464.585 1464.535
1464.191 1464.185 1464.199 1464.25 1464.283 1464.291 1464.313 1464.291 1464.286 1464.277 1464.216 1464.144 1464.118 1464.182 1464.201 1464.21 1464.341 1464.406 1464.223 1464.306 1464.292 1464.286 1464.293 1464.277 1464.204 1464.191 1464.17 1464.096 1464.188 1464.185 1464.191 1464.258 1464.417 1464.477 1464.482 1464.657 1464.588 1464.585 1464.582
1464.101 1464.187 1464.185 1464.185 1464.232 1464.332 1464.382 1464.298 1464.304 1464.285 1464.285 1464.194 1464.192 1464.21 1464.273 1464.378 1464.341 1464.406 1464.356 1464.389 1464.304 1464.293 1464.254 1464.188 1464.185 1464.141 1464.094 1464.173 1464.185 1464.186 1464.185 1464.181 1464.348 1464.493 1464.569 1464.656 1464.585 1464.59 1464.646
1463.876 1464.083 1464.186 1464.186 1464.183 1464.305 1464.383 1464.334 1464.369 1464.306 1464.285 1464.288 1464.223 1464.288 1464.301 1464.448 1464.489 1464.482 1464.356 1464.389 1464.413 1464.409 1464.255 1464.189 1464.185 1464.146 1464.086 1464.089 1464.188 1464.186 1464.186 1464.186 1464.349 1464.498 1464.575 1464.63 1464.664 1464.591 1464.645
1463.78 1463.984 1464.187 1464.186 1464.186 1464.239 1464.35 1464.357 1464.387 1464.377 1464.322 1464.312 1464.346 1464.349 1464.43 1464.504 1464.504 1464.487 1464.487 1464.471 1464.413 1464.512 1464.335 1464.194 1464.182 1464.149 1464.087 1464.092 1464.188 1464.186 1464.183 1464.179 1464.423 1464.512 1464.663 1464.683 1464.678 1464.681 1464.74
1463.665 1463.866 1464.19 1464.186 1464.186 1464.224 1464.284 1464.286 1464.348 1464.36 1464.386 1464.389 1464.487 1464.508 1464.566 1464.528 1464.58 1464.494 1464.499 1464.485 1464.494 1464.512 1464.335 1464.291 1464.207 1464.201 1464.204 1464.201 1464.185 1464.185 1464.194 1464.267 1464.459 1464.605 1464.679 1464.728 1464.789 1464.785 1464.783
1463.649 1463.877 1464.157 1464.185 1464.186 1464.203 1464.25 1464.286 1464.284 1464.296 1464.343 1464.342 1464.469 1464.485 1464.485 1464.539 1464.549 1464.517 1464.531 1464.483 1464.496 1464.579 1464.43 1464.291 1464.207 1464.286 1464.286 1464.281 1464.212 1464.184 1464.198 1464.27 1464.535 1464.605 1464.681 1464.795 1464.783 1464.793 1464.867
1463.648 1463.986 1464.16 1464.185 1464.186 1464.185 1464.191 1464.234 1464.287 1464.285 1464.286 1464.31 1464.423 1464.484 1464.456 1464.525 1464.5 1464.587 1464.535 1464.49 1464.516 1464.556 1464.459 1464.396 1464.32 1464.286 1464.286 1464.281 1464.218 1464.211 1464.3 1464.385 1464.569 1464.71 1464.785 1464.899 1464.886 1464.894 1464.971
1463.617 1464.015 1464.186 1464.186 1464.186 1464.186 1464.186 1464.186 1464.216 1464.231 1464.254 1464.369 1464.413 1464.434 1464.385 1464.486 1464.499 1464.548 1464.567 1464.506 1464.561 1464.515 1464.503 1464.501 1464.404 1464.31 1464.3 1464.281 1464.295 1464.213 1464.316 1464.466 1464.64 1464.709 1464.79 1464.99 1464.985 1464.986 1464.986
1463.638 1464.034 1464.186 1464.186 1464.186 1464.186 1464.185 1464.19 1464.232 1464.183 1464.193 1464.272 1464.359 1464.384 1464.391 1464.471 1464.501 1464.518 1464.49 1464.484 1464.496 1464.582 1464.54 1464.545 1464.425 1464.45 1464.367 1464.304 1464.295 1464.213 1464.435 1464.504 1464.747 1464.822 1464.889 1464.995 1464.985 1465.01 1465.158
1463.564 1463.893 1464.189 1464.186 1464.186 1464.186 1464.186 1464.185 1464.225 1464.185 1464.186 1464.183 1464.32 1464.337 1464.3 1464.391 1464.474 1464.517 1464.495 1464.484 1464.495 1464.545 1464.515 1464.447 1464.461 1464.385 1464.396 1464.407 1464.323 1464.359 1464.435 1464.504 1464.778 1464.888 1464.901 1464.959 1465.135 1465.195 1465.192
1463.46 1463.822 1464.19 1464.186 1464.186 1464.184 1464.201 1464.249 1464.2 1464.186 1464.186 1464.187 1464.239 1464.217 1464.176 1464.292 1464.337 1464.345 1464.458 1464.485 1464.485 1464.486 1464.448 1464.402 1464.411 1464.478 1464.434 1464.488 1464.433 1464.518 1464.6 1464.676 1464.778 1464.835 1464.97 1464.992 1465.187 1465.197 1465.281
