var/www/cgi-bin/BAERTOOLS/ravel/working/ravel-19198.DEM
NCOLS 84
NROWS 85
XLLCORNER 359546.32
YLLCORNER 3765775.4
CELLSIZE 10
NODATA_VALUE -9999
[rows 0 to 31 of 85, columns 0 to 71 of 84]
58.14345 58.29037 58.42513 58.54381 58.7662 58.821 58.8636 58.88474 58.90416 58.90662 58.92125 58.85115 58.67159 58.34005 57.84842 57.1823 55.78302 55.11282 53.20261 49.48552 45.7966 43.98663 40.71101 39.32407 38.21487 37.4319 36.71156 35.97816 34.12963 33.53691 33.16147 32.82222 32.47163 31.68838 31.07572 30.38515 29.47633 28.3047 27.16579 25.30261 24.13695 20.48988 16.53293 14.58861 13.2469 11.99703 12.08028 12.323 12.57422 12.84542 13.19835 14.11543 14.62793 15.18943 15.79329 16.36088 16.82282 17.27393 17.47421 17.92127 18.42875 18.8239 19.22714 21.42342 21.19424 20.8564 20.53204 20.27274 20.03467 19.59 19.35996 19.16619
57.47078 57.57251 57.62658 57.80275 58.22003 58.41746 58.45324 58.42585 58.50151 58.49163 58.37193 58.24218 58.07094 57.70356 57.1545 56.64552 55.48812 54.98175 52.66756 48.60129 45.42499 43.68123 40.66917 39.34454 38.2448 37.43423 36.62215 34.57446 33.52878 32.93148 32.58614 32.23912 31.90255 31.14684 30.54239 29.89368 29.07866 28.05411 27.03434 25.11835 23.7852 20.75377 17.2456 14.97279 13.37572 11.67037 11.70417 12.01571 12.25408 12.5519 12.96041 13.77943 14.35813 14.91341 15.38096 15.76175 16.05555 16.27398 16.28762 16.54419 17.03045 18.8239 19.22714 19.50804 19.24727 18.86148 18.57445 18.40169 18.24599 18.15971 18.22249 18.24355
56.80315 56.90082 56.99567 57.20536 57.70405 57.85648 57.92564 57.96331 58.04295 58.12251 57.9393 57.72794 57.46716 57.1119 56.67831 56.24739 55.27523 54.88985 52.10311 47.62072 45.06665 41.90926 40.58138 39.27945 38.19705 37.36552 36.44522 34.17231 33.04491 32.3129 31.84269 31.4782 31.20833 30.35057 29.82015 29.19854 28.44951 27.63069 26.74044 24.89611 23.40709 20.45655 17.16056 14.96458 13.49199 11.60482 11.39305 11.6257 11.95311 12.19207 12.43807 13.33144 13.80372 14.31491 14.81912 15.11606 15.32911 15.49749 15.50687 16.54419 17.03045 17.37813 17.51138 17.65754 17.4498 17.19342 16.98436 16.83413 16.77214 17.16958 17.43222 17.57916
56.06757 56.19544 56.47687 56.72308 57.1615 57.32111 57.41898 57.5631 57.73448 57.81788 57.5202 57.29824 56.98054 56.64355 56.3461 55.55018 55.09347 54.53749 51.20128 46.51116 44.68779 41.80381 40.51688 39.20335 38.08226 37.16752 36.15199 33.76488 32.64456 31.73104 31.04982 30.62023 30.29367 29.58656 29.11128 28.52872 27.87852 27.15375 26.3568 24.62916 22.89108 19.69695 16.54115 14.71865 13.31218 11.40491 11.19866 11.32119 11.52529 11.78096 12.04497 12.81731 13.34128 13.80096 14.17279 14.47439 14.61708 15.49749 15.50687 15.59893 15.89468 16.23044 16.35044 16.08618 15.91533 15.81592 15.74844 15.66944 15.75723 16.57869 16.85443 16.9498
55.41399 55.59029 55.85264 56.1367 56.68545 56.92982 57.15646 57.39602 57.58505 57.39016 57.23472 56.96491 56.64049 56.36866 56.11053 55.3548 54.95406 53.85558 50.17313 45.79523 44.28903 41.64046 40.41924 39.13388 37.99622 37.0476 35.95885 33.5451 32.42509 31.44989 30.61928 30.00966 29.54126 28.78181 28.35749 27.82416 27.19591 26.58994 25.96596 24.37526 22.24434 18.74767 15.84181 14.46474 13.12228 11.21274 10.92741 11.00498 11.22233 11.49927 11.81708 12.28745 12.77367 13.18144 13.47005 14.47439 14.61708 14.89249 14.97005 15.0799 15.22526 15.35577 15.42091 15.36912 15.29817 15.28761 15.29342 15.28304 15.77185 16.13202 16.26788 16.23731
55.0135 55.07947 55.23599 56.04738 56.28667 56.67086 57.10839 57.29693 57.30137 57.19801 57.04305 56.82453 56.58787 56.32245 55.99854 55.24876 54.85896 53.15219 49.31987 45.55408 44.18932 41.48573 40.2567 39.03437 37.91722 36.84878 35.57823 33.38854 32.34212 31.34613 30.47801 29.73993 29.10104 28.19445 27.60898 27.03872 26.5288 25.96633 25.2656 24.04258 21.23234 17.60559 15.36396 14.05123 12.64162 11.00296 10.66231 10.72559 11.02188 11.25533 11.40551 11.94143 12.30244 12.55524 13.47005 13.82703 13.91589 14.21199 14.34813 14.41918 14.5227 14.67842 14.77744 14.80464 14.80963 14.84557 14.95282 15.05926 15.38335 15.56482 15.65998 15.84924
52.02539 53.932 55.01282 55.61885 56.27457 56.91039 57.24557 57.26315 57.16341 56.90926 56.81353 56.64235 56.36735 56.05275 55.75728 55.00277 54.66179 52.72421 49.11891 46.00854 44.43528 41.19233 39.90129 38.75979 37.62588 36.53004 35.44567 33.25706 32.31632 31.36318 30.46 29.64189 28.89536 27.4552 26.77709 26.22145 25.70837 25.17003 24.57942 21.58282 18.13717 15.68074 14.62793 13.48063 12.23514 10.78744 10.41682 10.41093 10.69857 10.93735 11.1234 11.59099 12.30244 12.55524 12.82084 13.13145 13.29494 13.49566 13.72569 13.8394 13.94338 14.09862 14.26551 14.34976 14.38435 14.40443 14.52747 14.76234 15.11078 15.32424 15.51396 15.89339
42.75848 47.38371 51.96902 55.63478 56.33157 57.0433 57.32013 57.31885 57.03017 56.71227 56.60133 56.39742 56.09651 55.78474 55.52882 54.80465 54.03935 52.20921 49.49025 46.90642 44.92627 40.81778 39.27736 38.15875 37.22307 36.24384 35.20012 33.23656 32.40089 31.4655 30.40844 29.33101 28.31527 26.59542 26.03318 25.47588 24.85418 24.29543 23.48287 17.73766 15.66208 14.72578 13.8284 12.69131 11.63223 10.56463 10.21552 10.16372 10.38975 10.63786 11.36123 11.59099 11.82026 12.00023 12.22254 12.56227 12.81584 12.98659 13.19775 13.33352 13.43406 13.58837 13.70775 13.84465 14.02596 14.22245 14.50394 14.86086 15.30305 15.47493 15.58768 16.08037
32.07025 36.61018 44.09976 54.75409 56.32425 56.50105 56.90644 57.17941 57.06057 56.75469 56.62771 56.39647 56.00101 55.55099 55.23132 54.56799 53.5493 51.8044 49.78761 47.78802 45.55188 40.20958 38.68243 37.66103 36.73567 35.77274 34.83057 33.277 32.43249 31.43997 30.09428 28.45342 26.94989 25.63453 25.11599 24.61002 24.00202 22.58464 19.5719 14.97438 14.49371 13.74027 12.84488 11.92113 10.68883 10.26761 9.906392 9.899756 10.38975 10.63786 11.06583 11.22079 11.38152 11.5267 11.77768 12.16431 12.41619 12.49476 12.68094 12.84028 12.91005 13.06671 13.53591 13.95167 14.4162 14.83391 15.13591 15.3341 16.69718 17.49266 18.26995 19.33654
24.10716 28.79898 35.00546 49.26395 54.35094 56.30479 56.45716 56.6594 56.83903 56.87242 56.74625 56.36774 55.93844 55.52682 55.18292 54.10626 53.01688 51.48083 49.76815 48.09095 46.00426 39.29738 37.95759 37.10004 36.13213 35.2234 34.51572 33.13885 32.43059 31.53826 29.32384 26.02102 24.76976 24.66208 24.16957 23.24624 21.16111 17.89548 14.66655 13.99732 13.25408 12.5808 11.87386 11.16861 10.34692 9.954277 9.906392 9.899756 10.15759 10.3445 10.74986 10.91389 11.08149 11.23876 11.45177 11.74718 12.0133 12.12504 12.32364 12.56581 12.81774 13.2305 14.51007 15.13216 15.77931 16.43505 17.22726 18.48583 21.51586 22.16092 22.84009 23.50003
14.7122 20.3673 26.83453 41.52211 48.74395 54.13435 56.13778 56.20461 56.37646 57.32841 56.86205 56.42427 55.88566 55.36348 54.96742 53.53467 52.32861 50.8687 49.2215 47.42052 44.80859 38.47742 37.34423 36.39032 35.46012 34.6353 34.03143 32.78276 32.21122 30.62544 27.01841 23.33695 22.90952 23.03486 21.73491 18.97859 16.27364 14.8499 13.38684 12.69068 12.08105 11.51162 10.95074 10.4728 9.820595 9.954277 9.658746 9.64096 9.855906 10.11045 10.46275 10.63231 10.80018 10.95863 11.13086 11.34199 11.82994 12.03211 12.39208 12.96979 13.68351 14.58843 16.3306 17.12205 18.25979 19.8275 21.51863 23.00644 24.87001 24.94368 25.12577 25.33511
8.544346 11.01456 16.09783 33.42473 41.44426 48.33081 53.39696 55.5232 55.96875 57.50168 56.93074 56.31268 55.79657 55.15285 54.59111 52.91095 51.49694 49.84996 48.26773 46.33372 39.28878 37.56322 36.64635 35.65902 34.65047 33.83642 32.97947 32.21162 31.13298 27.37741 22.64736 21.39949 19.86482 18.69986 16.79433 15.07852 14.09879 13.30707 11.76612 11.16439 10.88862 10.63069 10.20369 10.4728 9.820595 9.573602 9.360948 9.351344 9.563766 9.821547 10.26105 10.40185 10.573 10.81134 11.06221 11.33544 12.1543 12.63807 13.27429 14.04481 14.92651 16.0416 18.44964 19.67475 21.42933 23.21454 24.26609 24.80914 25.50805 25.82983 26.12916 26.37623
7.687784 7.857464 9.047606 21.15006 31.64043 40.70907 46.87463 51.14422 54.65023 56.34426 56.31128 56.15433 55.68897 54.79599 53.10769 51.95559 50.42697 48.71201 46.86481 44.15165 38.10372 36.8037 35.80562 34.70114 33.68447 33.01308 31.92376 30.07245 25.80083 22.13863 20.82626 19.49218 17.16067 15.73332 14.33572 13.11078 12.03196 11.21872 10.1936 10.00377 10.01229 10.63069 10.20369 9.774174 9.351079 9.137939 9.051741 9.165544 9.365468 9.611156 10.00972 10.20285 10.50721 10.97084 11.44715 11.89584 12.88017 13.52041 14.29954 15.16049 16.16063 17.47757 20.41496 22.05266 23.55849 24.50627 25.05591 25.548 26.33383 26.72053 27.01006 27.28956
7.417927 7.64061 7.792643 10.07954 18.0533 29.0921 38.08872 44.41907 52.21948 54.42263 55.50824 55.72735 55.23699 54.31287 52.05922 50.6755 49.08813 47.41631 45.17181 41.89362 37.08453 35.88293 34.722 33.65359 32.77573 32.17284 27.26904 23.39393 21.23773 20.05119 18.86973 17.65464 14.89708 13.45197 12.05717 10.69433 9.634919 9.12993 9.0831 10.00377 10.01229 9.941499 9.583222 9.051124 8.697389 8.683419 8.760957 8.982369 9.177541 9.390168 9.949107 10.41038 10.92643 11.47414 12.01072 12.48387 13.76202 14.5317 15.28949 16.21893 17.56085 19.08921 22.23583 23.65092 24.51454 25.07792 25.71298 26.63263 27.01376 27.37463 27.7451 28.12722
6.997777 7.251257 7.707091 7.790469 8.671818 15.04971 26.13019 35.35535 46.70926 49.799 52.06326 53.29832 53.47577 53.12841 50.46737 49.02703 47.66845 45.78111 42.90643 39.78812 36.14059 34.65965 33.47369 32.61255 31.69126 29.27358 21.11397 19.98609 18.9115 17.95067 16.9334 15.61113 12.30428 10.84679 9.593637 8.501667 7.717696 9.12993 9.0831 9.330535 9.439259 9.260713 8.840801 8.358271 8.241049 8.369819 8.489244 8.758611 9.059901 9.350224 10.40286 10.96622 11.48865 12.07118 12.67568 13.25126 14.67909 15.39337 16.29067 17.57632 19.15011 22.3902 23.67342 24.53166 25.20253 25.83208 26.35728 27.30886 27.71054 28.01136 28.34121 28.71116
6.583848 6.835518 7.339697 7.583176 7.677129 8.114119 12.69302 23.37573 38.81163 43.11614 46.35371 48.35173 49.31985 49.84546 48.31384 47.19632 45.62779 43.18341 40.33454 37.99437 34.6725 33.31732 32.44162 30.22593 25.32299 20.05796 17.61713 17.27443 16.68532 15.81082 14.50717 12.866 9.565861 8.318584 7.462748 8.501667 7.717696 7.584095 8.309056 8.660669 8.698776 8.417689 8.098106 7.839976 7.919412 8.124162 8.349382 8.711276 9.244081 9.825809 11.05643 11.64945 12.25959 12.86225 13.43754 14.74885 15.42185 16.33272 17.64526 19.20392 20.83825 23.71767 24.58652 25.28945 25.95936 26.55062 27.05899 28.11387 28.38945 28.62416 28.91171 29.21513
6.15647 6.41141 6.912281 7.22491 7.530192 7.700059 7.872992 10.80966 31.13207 36.52374 39.70705 42.49337 44.54982 45.7476 45.44899 44.46086 42.93027 40.64441 38.24996 36.45279 33.13826 32.03109 28.14492 21.66221 16.5973 14.66242 14.66886 14.46058 13.87768 12.86495 11.39345 9.853504 7.417904 6.861822 7.462748 6.965061 6.745255 6.925147 7.82497 7.922747 7.843865 7.696571 7.625373 7.661716 8.028742 8.360187 8.816719 9.404573 10.03296 11.28472 11.91572 12.61465 13.26915 13.79616 14.28931 15.44864 16.37729 17.69725 19.24986 20.92482 22.56011 24.66401 25.38962 26.09541 26.7424 27.35138 27.99759 28.87983 29.13595 29.32076 29.43708 29.61841
5.825788 6.086016 6.590537 6.855085 7.100645 7.392453 7.685658 7.774976 20.93767 31.07197 35.26537 37.16252 39.45397 41.18058 41.60511 41.09598 39.95872 38.38484 36.77874 35.05861 31.8104 26.05832 19.74877 16.20145 14.32142 13.3527 12.51017 11.86484 10.92777 9.853002 8.704082 7.7071 7.417904 6.861822 6.438473 6.235553 6.435713 6.971999 7.207103 7.162186 7.256568 7.389719 7.607196 8.388367 8.774347 9.286478 9.826298 10.34849 11.00639 12.39074 13.08625 13.80015 14.43219 14.86847 15.20454 16.49084 17.81211 19.38326 21.02077 22.60871 23.87312 25.50527 26.21576 26.89914 27.57936 28.24529 28.87033 29.73296 29.97544 30.07334 30.06874 30.16469
5.496862 5.685114 6.18558 6.430173 6.733141 7.036039 7.310029 7.628729 8.44665 15.64491 26.74475 33.64713 35.26605 37.10212 38.0414 37.98618 37.47866 36.47798 35.09655 33.65786 25.46545 19.24362 15.80937 14.0675 12.96851 12.05735 10.59027 9.879091 9.006959 8.09164 8.704082 7.7071 6.557882 6.281451 6.268902 6.314158 6.543253 7.007123 6.822141 6.938663 7.349653 7.746953 8.158793 9.201456 9.717383 10.28002 10.78895 11.32462 12.07159 13.60208 14.36366 15.04919 15.65826 16.15677 16.55583 18.25893 19.68049 21.3201 22.81299 23.8912 24.75112 26.23456 26.92308 27.65825 28.4083 29.08676 29.68056 30.67698 30.87299 30.8814 30.79133 30.53205
5.180861 5.356399 5.864917 6.115601 6.36718 6.657846 6.972218 7.236772 7.868057 7.958209 11.42253 19.82025 28.63664 32.81921 35.30093 35.51423 35.2751 34.57532 33.65934 31.96007 19.72864 15.41938 13.76592 12.64381 11.68657 10.83952 9.329224 8.546382 9.006959 8.09164 7.383541 6.625631 6.39221 6.269117 6.27459 6.319167 6.493286 6.686707 6.999567 7.45164 7.889044 8.335817 8.867114 10.05338 10.62591 11.19043 11.72895 12.36936 13.20851 14.77362 15.5571 16.28776 16.98725 17.65002 18.30647 20.40724 21.82985 23.16223 24.11119 24.8274 25.54362 27.09542 27.80098 28.50749 29.19218 29.79552 30.38966 31.83519 32.39813 32.67781 33.21283 34.44783
4.873109 5.037663 5.450085 5.705479 5.949211 6.239137 6.560196 6.815521 7.486041 7.827478 7.868505 9.489497 14.44009 21.37757 33.39163 33.7804 33.79341 33.31119 31.75381 27.62836 15.24579 13.26109 12.07319 11.11821 10.39257 8.847095 9.329224 8.546382 7.84036 7.279935 6.723238 6.444258 6.501466 6.357833 6.26694 6.367442 6.54449 7.128874 7.613422 8.096428 8.562975 9.105366 9.723179 10.90635 11.47748 12.06028 12.68325 13.39578 14.21858 15.80822 16.636 17.46516 18.31859 19.19829 20.1393 22.5104 23.55023 24.31011 24.96705 25.65946 26.353 27.77966 28.53189 29.26519 29.9345 30.60424 31.34024 33.10728 33.97223 35.098 36.65958 38.96258
4.559355 4.722815 5.124427 5.383357 5.6347 5.883122 6.157285 6.485547 7.067092 7.343606 7.646859 7.79247 8.258761 11.00566 23.6928 29.48732 31.54894 30.7466 27.7505 15.41221 12.33864 10.57108 9.896024 9.695671 10.39257 8.847095 8.163931 7.700184 7.248234 6.724661 6.390107 6.269732 6.304104 6.339392 6.426891 6.621611 6.879673 7.804951 8.26276 8.794284 9.413932 10.02999 10.61368 11.74205 12.32979 12.95144 13.60743 14.28188 15.06172 16.79963 17.68118 18.5486 19.51598 20.60312 21.73772 23.88824 24.55355 25.13538 25.74393 26.39089 27.09062 28.47206 29.17829 29.87152 30.59331 31.45748 32.45327 34.32115 35.46045 36.7268 38.67208 42.19807
4.237268 4.413116 4.843919 5.062625 5.32086 5.572815 5.825928 6.076374 6.569814 6.880504 7.174469 7.457428 7.711428 9.3292 14.22869 19.75954 22.65109 22.78611 20.99447 11.74802 8.522237 7.708383 8.155828 9.695671 9.156827 7.86282 7.454007 7.110811 6.795081 6.509645 6.332727 6.276897 6.285464 6.489086 6.78827 7.079088 7.49579 8.471756 9.034035 9.707759 10.38349 11.02762 11.69446 12.74099 13.21977 13.76569 14.38977 15.07549 15.87139 17.67364 18.57797 19.59428 20.73915 21.86406 22.94744 24.61005 25.24518 25.89203 26.48778 27.08682 27.71161 29.10502 29.8013 30.45082 31.26251 32.3633 33.39891 35.48155 36.74851 38.11573 40.88073 45.53507
4.02381 4.192313 4.524956 4.745894 5.012373 5.232226 5.409268 5.911298 6.161968 6.404839 6.699285 7.008884 7.270282 7.792105 8.453309 12.44506 16.60145 17.5071 16.2147 8.44897 6.734214 7.708383 8.155828 8.251886 8.00988 7.352198 6.999429 6.686562 6.441476 6.302153 6.275595 6.277006 6.443929 6.829856 7.307802 7.767711 8.166447 9.340036 10.04779 10.74131 11.51059 12.40559 13.25309 13.91476 14.18549 14.63134 15.20177 15.86783 16.60598 18.44076 19.47956 20.64135 21.85223 22.93844 23.84032 25.17776 25.81937 26.42308 27.04773 27.72862 28.40611 29.64629 30.28623 31.06099 32.05281 33.18746 35.40566 36.6559 37.67717 40.16261 44.27319 47.76214
3.817312 4.151765 4.313217 4.540543 4.752732 4.937363 5.196192 5.613457 5.836119 6.090193 6.338763 6.5821 6.852837 7.521924 7.821172 7.494235 9.185486 12.25346 11.58544 8.44897 6.734214 6.832871 7.295938 7.435183 7.365331 7.00169 6.713326 6.383595 6.27153 6.277911 6.278286 6.265704 6.591135 7.234443 7.916778 8.443238 8.909935 10.21421 10.94264 11.80852 12.86044 14.02401 14.94138 15.15062 15.13769 15.47677 16.0643 16.68521 17.37835 19.20082 20.34117 21.49571 22.67155 23.72791 24.4441 25.71907 26.37942 27.018 27.64766 28.3386 29.5549 30.13756 30.85831 31.83574 32.96519 34.0801 36.46821 37.55696 40.16634 44.21928 47.37012 48.73241
3.505847 3.844129 3.939764 4.058772 4.268478 4.529366 4.761926 5.173824 5.360477 5.567009 5.814025 6.08638 6.423164 7.022696 7.326458 7.640404 7.788932 12.25346 11.58544 7.185798 6.746229 6.748852 6.758858 6.804712 6.885384 6.669291 6.424947 6.302671 6.277154 6.278085 6.273582 6.445566 6.934225 7.612607 8.173277 8.674399 9.392098 10.60531 11.61201 12.88418 14.0999 15.19512 16.01846 16.12307 15.99254 16.20091 16.72025 17.35647 18.05677 20.02977 21.09179 22.08109 23.09001 24.03779 25.53275 26.22751 26.85281 27.49466 28.15632 28.76091 30.03626 30.6855 31.55155 32.63157 33.78507 34.99618 37.39131 39.77652 44.25667 47.58127 48.36752 49.4326
3.295888 3.634491 3.73305 3.857681 4.028863 4.188788 4.371356 4.78848 5.014937 5.212059 5.400911 5.657495 5.924634 6.564109 6.844645 7.640404 7.788932 7.795427 7.932376 7.339176 6.951279 6.895932 6.816887 6.730251 6.708791 6.530929 6.408326 6.32928 6.276681 6.274908 6.312803 6.757424 7.298316 7.779021 8.027961 8.311378 8.837266 10.74814 12.37761 13.92109 15.07006 15.98526 16.53013 16.94102 16.96108 17.08267 17.40271 17.93818 19.5799 20.64746 21.61405 22.48396 23.35829 24.23121 25.86068 26.56227 27.22826 27.90298 28.58926 29.25486 30.516 31.34613 32.43853 33.66795 34.85318 36.00763 38.6339 44.16231 47.82426 48.33572 49.1665 49.82261
3.087108 3.422592 3.52978 3.599706 3.708409 3.905233 4.142361 4.480748 4.642227 4.808317 5.008654 5.274165 5.585646 6.012297 6.844645 7.163835 7.417191 7.552207 7.700861 7.590582 7.484749 7.113352 6.73467 6.641018 6.534384 6.432727 6.370094 6.308194 6.280411 6.339752 6.474723 6.98596 7.247711 7.521453 7.77347 7.91482 8.229749 11.13743 13.13165 14.72013 15.79376 16.44578 17.25957 17.58512 17.8206 17.9891 18.19668 18.62651 20.22012 21.14193 21.93148 22.71172 23.59049 24.43625 25.98684 26.74219 27.49164 28.25398 28.9966 29.67432 31.12575 32.33203 33.68463 34.92862 36.02096 36.87315 44.7736 47.91309 48.49347 49.27175 49.78152 50.12969
2.874599 3.130397 3.278657 3.400943 3.515991 3.659232 3.749802 4.173441 4.331612 4.540112 4.748228 4.898355 5.585646 6.012297 6.361497 6.680127 6.827471 6.951345 7.111883 7.176372 7.119184 6.99179 6.812365 6.642675 6.442057 6.261311 6.213927 6.247336 6.28429 6.366416 6.583271 7.091827 7.260186 7.432083 7.637395 7.745945 9.318638 11.5034 13.74506 15.34527 16.24441 16.7302 17.58878 18.01015 18.37117 18.64102 18.89514 19.26904 20.61652 21.44497 22.12021 22.75413 23.53336 24.41419 26.00998 26.8015 27.6973 28.56413 29.32272 30.0607 32.18125 33.92112 35.79035 37.06894 37.34782 38.36813 47.9642 49.53538 49.58553 49.89813 50.15946 50.54806
2.5564 2.893904 3.068713 3.188938 3.303809 3.447553 3.547358 3.849871 4.001211 4.100399 4.748228 4.898355 5.070844 5.649856 5.915869 6.05597 6.198313 6.422081 6.603682 6.699067 6.722547 6.715898 6.665611 6.577477 6.385338 6.202674 6.172243 6.210858 6.280778 6.340466 6.830713 7.084659 7.311839 7.513177 7.728596 8.001593 9.728981 11.98974 14.30143 15.7891 16.49468 16.97462 17.82107 18.25339 18.68954 19.03095 19.28327 19.65874 20.81211 21.42189 22.09837 22.72635 23.24469 23.85301 25.66932 26.75144 27.85475 28.79473 29.61262 30.50505 33.962 36.42434 38.47978 39.65952 40.18644 41.61521 48.52116 49.20063 49.67821 49.9944 50.41892 51.01659
2.244997 2.566745 2.732472 2.908478 3.045132 3.145462 3.320927 3.512269 4.001211 4.100399 4.19359 4.405023 4.684077 5.131455 5.306506 5.545083 5.74035 5.835451 6.080984 6.204693 6.242047 6.307927 6.372985 6.394244 6.234726 6.175322 6.195526 6.23814 6.305826 6.452855 6.814357 7.096271 7.407261 7.746882 8.083036 8.449176 10.38239 12.41167 14.39491 15.73633 16.54258 17.03596 17.96184 18.39071 18.7922 19.12207 19.4421 19.87564 20.91973 21.44017 21.99266 22.49757 22.90559 23.35815 25.29349 26.7047 28.03995 29.08382 29.87781 30.92605 36.5991 39.09919 40.70398 42.31229 44.36918 46.68061 48.43641 48.97522 49.45848 50.09961 50.70689 51.20404
1.915788 2.154532 2.317166 2.475439 2.64446 2.821438 3.320927 3.512269 3.558397 3.62771 3.768025 4.056679 4.352731 4.560204 4.772706 5.042242 5.188873 5.324768 5.661983 5.773633 5.822922 5.889634 6.040873 6.153558 6.239993 6.237804 6.257179 6.293717 6.349097 6.491791 6.928268 7.246559 7.592063 7.966399 8.447445 9.09117 11.05427 12.72619 14.48678 15.7814 16.5519 17.05008 17.91561 18.35811 18.6562 19.01147 19.55955 19.97777 20.99322 21.50025 21.87911 22.24665 22.67049 23.20719 25.31177 26.99573 28.53659 29.58763 30.43604 32.05202 39.50462 41.21264 42.74724 44.54741 46.27523 47.23594 48.61771 49.00624 49.50377 50.23825 50.90936 51.37999
