var/www/cgi-bin/BAERTOOLS/ravel/working/ravel-22208.depgrd.txt
NCOLS 88
NROWS 54
XLLCORNER 677881.89
YLLCORNER 4378214.9
CELLSIZE 10
NODATA_VALUE -9999
[rows 27 to 53 of 54, columns 0 to 60 of 88]
0 0 0.023410418 0 0.0013283599 0.020965507 0 0 0.068992858 0.22029654 0.077529905 0.06095826 0.12093881 0.12359965 0.17060722 0.2229528 0.33893713 0.18813257 0.27478657 0.30764066 0.2303802 0.18622052 0.25404063 0.33637445 0.74469773 1.9430867 1.038773 0.42163599 0.28834987 0.22870039 0.28290659 0.06772962 0.10149029 0.095292651 3.5527137e-15 -3.5527137e-15 0.32543282 0.36471497 0.27867166 3.9805247 0 0 0 0.028378778 0 0.036977517 -3.5527137e-15 0.042508249 -3.5527137e-15 0.054362539 0.055635925 0.098410524 0.080247984 0.17465114 0.083068229 8830.9579 0.31188434 9.8824028 11513.139 0.85122805 0.22617356
0 -3.5527137e-15 -3.5527137e-15 0.022061307 3.5527137e-15 0.02638446 0.025854636 0 0.049531202 0.22945885 0.098779932 0.19525762 0.13803841 0.11764159 0 0.12173061 0.29517053 0.29457041 0.41971102 0.46062955 1.9162507 1.848124 1.8677843 1.8518221 1.6185837 1.8445486 1.9912091 3.9412534 0.44096237 0.17418125 0.53786687 0.29579963 0.081667151 0.12730417 0.08785297 0.12830091 0.17178088 3.5527137e-15 0.37584908 58.685311 0 0 0 0 0 0.043931928 0.017782329 0.056922608 1.0658141e-14 0.049320601 0.082302115 0.088423619 0.19525164 0.095651369 0.049723404 0.10078476 0.073135624 0.13062323 11.011495 77.434426 3.5970902
3.5527137e-15 -7.1054274e-15 -3.5527137e-15 0 0.085118629 0.0030917462 -3.5527137e-15 0.10851598 0.099438361 0.10848216 0.096779789 0.1956575 0.11509793 0.21891002 0 0.15419312 0.26709358 0.42211902 0.028422876 1.2215806 1.1493564 0.91612233 1.4005779 1.8056405 2.0487851 3.0012392 0.66575994 2.290992 11.237292 4.1424079 0.36954483 0.28452345 0.10805858 0.23466154 0.1255477 0.14589284 0.19796541 0.31254443 3.5527137e-15 15.686777 0.096563496 0.05670695 0.098245928 0 -7.1054274e-15 0 0.010431209 0.060539874 0.021059848 -1.0658141e-14 0.063475202 0.095598691 0.11261261 0.028974563 0.0361786 0.024474973 0.15435852 0.16330807 0.090200357 632.14389 6.8916332
0 0.024478265 0.049232115 0.013750344 0 -3.5527137e-15 0.011616519 0.0043510891 0 -7.1054274e-15 0.077770719 3.5527137e-15 0.093070013 0.3612777 0.33399014 0.15823197 0.29845131 0.035448571 0.30265044 0.58523944 0.70862711 1.1889137 1.5447539 1.530918 1.5080026 1.7015721 2.1182854 2.3191698 2.4203616 1.3939814 6.4537098 4.5355513 0.10740456 0.2679614 0.16267659 0.10560386 0.19541698 0.20551871 0.070247145 0.012278762 0 0.1509753 0 0.099559775 0 0.056721779 0.042214389 0.037438292 0.04475768 0.11224954 0.051572176 0.040960019 -3.5527137e-15 0.030707015 0.082591234 0.1477565 0.093787319 0.12977819 0.15659785 174.02739 12.090786
0 0.090521883 0.059185636 0.050033212 0 0.073287646 -7.1054274e-15 0.1455952 0.075735794 0.086431671 0 0.1337044 0.12091533 0.090927395 0.24690794 0.20259244 0.17866003 0.21923288 0.35346862 0 0.39009536 0.81589954 0.98424414 1.3601697 1.3075741 1.6021405 1.2856706 2.4127966 1.5712484 8.628401 4.1521964 0.77270637 12.728263 3.1983869 5.2770897 0.25908302 0 0 0.42258354 0.16588158 0.34922864 0 0.096465226 0.043605092 0.09462871 0 0 0.075573156 0 0.040999208 0.065843428 0.083210265 0.099556413 0.13518931 0.14757117 0.1380259 0.079026954 0.1018025 0.08295774 0.22574551 11.785824
0.048110505 0 0.1354773 0.091815027 0.086798952 0.19105629 3.5527137e-15 0.040509902 0 0.24944609 0.0040642757 0.087530592 0.10222022 0.3666958 0.17232513 0.18954426 0.18789137 0.25831209 0.28146032 0 0.43382557 0.77044149 0.58789714 1.0633504 0.7549576 0.98399747 1.1025571 1.0229438 1.1952127 1.3919597 1.2990703 1.5145368 1.5297292 7.4746803 7.0634462 2.5754565 0.18219973 0.40039105 0 0.39375322 0.41480009 0.44477033 -3.5527137e-15 0.17226179 0.078402339 0.022203905 0.041151254 0.03500036 0.082845591 0.064834738 0.15717946 0.15693104 0 0.083029452 0.09880484 0.098601509 5.5511151e-17 0.095406913 0.084718611 0.073007138 0.16041941
0.12215185 0 0.092473726 0.23055492 0.10966299 0.25579308 0.059366357 3.5527137e-15 3.5527137e-15 0.040476498 0.12484317 0 0.4161244 0.24372098 0.15161666 0.14446673 0.20153749 0.12650439 0.1913363 0 0.61944747 0.464535 0.67903841 0.62095204 0.50295828 0.65213623 0.77143482 0.93176033 0.99758842 0.88558237 1.0625134 0.69479389 0.54064725 0.58541717 0.59483209 1.8359851 13207.856 0.27742262 0 0.46109901 0.37919775 0.235101 0.26406703 0.085168709 0 0.049112402 0 0.051313505 0.039444699 0.024791966 0.077714536 0.057240029 0.13373129 0.086261397 0 0 115.40587 0 0.024033778 0.016339448 0.01128904
0.00093366788 0.032468651 0.015210665 0.12551109 0.28014478 0.11593863 0.2233964 0.038983054 0.15333591 0.072688682 0 0.17346587 0.12671296 0.0048151219 0.27132704 0.11417309 0.13450105 0.18138461 0.17454997 0.309006 0 0.3807837 0.32470134 0.40937424 0.23398506 0.20387828 0.51943836 0.67403807 0.8319994 0.68225049 0.41614464 0.31796051 0.41550197 0.054763531 0.17249887 0.32652854 0.13041008 262.41315 0.62427813 0.45602768 0.30903664 0.32825093 0.073815244 0.22874152 0.049464226 0 0.062636522 0.069408133 0.082810121 0.02779848 0.047897155 0.090695896 0.076662623 0.10009034 0.11897789 132.79851 0 0 0 0 0
0.019655935 0.0014772595 0.027765045 0.16204025 0 0.37374629 0.13835484 0.11955144 0.18540463 0.25023654 0.19710054 0 0.069603552 0.040213173 -3.5527137e-15 -3.5527137e-15 0.31279163 0.14044112 0.12399851 0.25044672 49.330336 19.509741 0 0 1.110223e-16 -7.1054274e-15 3.5527137e-15 -3.5527137e-15 3.5527137e-15 0 3.5527137e-15 0 0 0.070491035 0.065022899 0.16845357 0.13255079 238.27544 0.054673906 2.0281783 0.81672775 0.55200905 0.17194908 0.17370958 0.37115414 0.089112348 0.085826664 0 0.15844923 0.15041024 0.1451358 0.10002299 0.056121247 0.029378923 0.070388608 0.079960619 0.10021235 0.15387296 0.19580609 0.17400319 0.15859402
0.023533915 0.057283199 0 0.034842083 0.083917765 0.091765107 0.042081927 0.21791866 0.073443433 0.15334321 0.16673899 0.14958979 0.21441104 3.5527137e-15 3.5527137e-15 0.2944833 0.032346919 3.5527137e-15 0.48562985 0.43726202 32.052935 0.43162423 0 0 0 0 0 3.5527137e-15 3.5527137e-15 0.027420848 -3.5527137e-15 0.028270669 -3.5527137e-15 -7.1054274e-15 0.099758512 0.25721089 0.17100714 0.18428918 0.64289324 0.52021524 1.9843244 1.1900231 1.2519471 2.6631204 0.11132805 0.33400847 0.029196321 0.048403452 0.092168081 0.016960131 0.20164505 -3.5527137e-15 0.11405161 0.062102376 0.18737387 0.17339269 0.096180742 0.097492767 0.080531411 0.094643898 0.20117622
0.0089113311 0.013098607 0.055513735 0.0010427025 0.095627996 0.10793392 0.065352203 0.10083136 0.36521643 0.1838958 0.19434167 0.12219596 0.27519908 0.18168715 0.045663923 0.10860162 0.17982466 0.17700731 3.5527137e-15 0 0.6287896 26.925257 0.62523489 0.45144156 48.261523 0 0 0 3.5527137e-15 3.5527137e-15 3.5527137e-15 0.029883735 0.21261045 0.077732977 0 0.20242746 0.31022193 0.14628807 0.46969292 0.24574635 0.23594569 0.42168575 1.1944159 1.0403297 3.4966851 0.32734904 0.12693668 0.11126686 0.20649876 0.11809448 3.5527137e-15 0.056040843 0.035765573 7.1054274e-15 0.06199073 0.094233564 0.016158494 0.050602749 0.12291054 0.12206972 0.092155477
0 0.023462311 0.050193536 0.0083297651 0.075140719 0.053392129 0.072922851 0.086160359 0.11882514 0.15560584 0.32892649 0.37951022 0.16957247 0.21919592 0.15364079 0.28490666 0.10463737 0.25240761 0.21984499 0.47084549 0 0.3414107 0.52261838 0.33250916 14.750339 0 0 0 -3.5527137e-15 0 0.097988843 0 0 0.2414756 7.1054274e-15 0.092035252 0.12064705 0.29755806 0.34442543 0.56319548 0.049996786 0.13686449 0.23647568 0.39799766 2.1406312 3.0997711 3.3664649 0.14520386 0.10436065 0.035467957 0.11481232 0.034157325 0.13836098 0.22068637 0.039385187 0.16162323 0.12381381 0.20122943 0.043615897 0.13861005 0.18821828
0 0 0 0.024330101 0 0.072278735 -3.5527137e-15 0.12242451 0.099408214 0.1181145 0.45601595 0.84110164 0.25700235 0.072754798 0.2991636 0 0 0.35034556 0.26797358 0.63899476 0.24158001 0.41254919 0 0.35312146 0.34025745 0.25335059 0.13020804 0.054378984 0 0.010359152 0.08737386 0 0.045379844 0.045709975 0.090531108 0.087584011 0.18032844 0.37418154 0.30499665 0.37366992 0.34017741 0.29768126 0.092182982 0.1611726 0.27972121 2.567211 0.82419477 4.8234701 3.4979693 0.1160382 0.078695861 0.15385338 0.085048658 -3.5527137e-15 0.20051393 0.12763013 0.096828682 0.18190636 0.25419873 0.093153121 0.21630766
0 0.030191275 3.5527137e-15 0.017338612 0.16337197 203.74621 0.16394783 0.075002824 0.093965123 1.0658141e-14 0.12225566 0.18359956 0.30616069 1.0354362 0.26119426 0.0026880574 -3.5527137e-15 0 0.63737119 0.57324583 0.32377182 0.41443165 0.41194622 0.24043771 0 0.027158913 0.11342528 0.13799812 0.10985662 0.031782342 0 0 0 0.095256473 0.1324688 0.26597448 0.1069784 0.36267396 0.31124274 0.28026073 0.25718583 -7.1054274e-15 0.29137117 0.099016905 0.13052959 0.30910134 0.058841069 1.8963738 4.115161 1.2980575 0.029337792 0.079718392 0.16094946 0.11302854 0.021473869 0.1489398 0.24165548 0.44626192 0.37747871 0.17868764 0.17038881
-3.5527137e-15 0 0.018033549 0.062441987 0.09888356 321.00779 0 0.098421509 0.086024979 0.14175569 0.24525237 0.37304664 0.18065767 0.79806032 1.160291 0.30994002 0.28079742 0.55848775 0 0.49165679 0.51911719 0.55344352 0.34681697 0.71174694 0.27701166 0.23415467 0.034492183 0 0.043882732 0.038653023 0.044719075 0 0.16329171 68.615896 0.015251657 0.059124274 0 0.15192771 0.13713684 0.031564264 0 0 0.049920713 0.16891822 0.20382744 0.051263697 0.12586757 0.091446134 3.5326753 4.0374001 2.2144476 3.7329466 0.41140843 0.13405501 0.13767632 0 0.27214927 0.20313844 0.28766875 0.18232842 0.18626035
0 3.5527137e-15 3.5527137e-15 -3.5527137e-15 7.1054274e-15 124.8252 0.047302518 0.049091582 0.3822524 0.16543878 0.11781014 0.17898407 0.39484952 0.7364702 0.87607731 2.1143655 0.07381841 0.60268378 0.62181796 0.52826313 0.3829592 0.53939218 0.49146208 0.37395131 0.18324795 0.40081348 0.40350259 0.063187786 0.012305619 0.053129557 0 0 0.16113392 46.060342 0 3.5527137e-15 3.5527137e-15 10.602689 3.5527137e-15 0 -3.5527137e-15 3.5527137e-15 0.070862333 0.057620433 0 0.039452652 0.087504081 0.19105913 0.26298429 0.12940608 2.1796523 1.3166435 6.8253145 0.054734629 0.15471234 0.12997316 0 0.021008701 0.18348315 0.052539751 0.164418
0 0 -3.5527137e-15 0.033431633 -7.1054274e-15 -1.0658141e-14 -1.0658141e-14 0.019816288 0 0.1121865 0.3883239 0.15695862 0.19309469 0.23303647 0.70955464 1.8825467 1.6069334 0.016508011 0 0.54375827 0.41615717 0.62636899 0.3529638 0.27761327 0.29516927 0.25242299 0.31874864 0.18097341 0.070258228 0 -3.5527137e-15 0.02588281 0.04597473 0.11118881 26.136003 0 0 53.054671 0 0 3.5527137e-15 0 -3.5527137e-15 0.048368646 0.06622575 0.16542734 3.5527137e-15 0.091460281 0.13998688 0.26910355 0.0013162792 2.5620272 6.4893276 7.9724017 0.15299958 0.19134978 0.16426759 3.5527137e-15 0.21071542 0.17123518 0.14112361
0 0 0 0 3.5527137e-15 0.015911588 0.072977232 0.0788567 -3.5527137e-15 0.083218379 0.24492841 0.93849407 0.76037126 0.46360563 0.3185434 0.77366268 1.5713376 3.0815737 0.26577571 0.51525979 0.31160908 0.49446512 0.39576204 0.36432838 0.39793107 0.2356189 0.31839712 0.34684963 0.15287844 0.21160915 0.04771798 0 0.022232551 0.11237319 11.661509 0.24144194 0.11798027 0.089012919 0.09592871 0.097103174 0 0.085807815 0.03334927 0.045251721 0.061060797 0.1444017 0.10528299 0.091806449 0.20670421 0.025725781 0.25352252 0.30704087 4.2125118 1.9029679 6.7469923 4.4543905 0.15816395 0.28633461 0.018266212 0.16001271 0.17524204
0 0 7.1054274e-15 -3.5527137e-15 3.5527137e-15 1.0658141e-14 0.0081413512 0.095047218 0.076375067 0.064355175 0.039519138 0.13976353 0.97800052 1.3660169 0.19283459 0.93228925 2.1884871 1.5860091 3.6168509 0.56432044 0.32819492 0.54602846 0.45522065 0.46518985 0.36063363 0.3409027 0.43809048 0.31308468 0.10112 -7.1054274e-15 0.13526131 0.0059976344 -7.1054274e-15 0.14441766 0.1162282 0.1886351 0.046676435 0.1094618 0.063238935 0.035775817 0.09546383 0.034008248 0 0.052762841 0.017289051 0.115003 0.086938902 0.10278825 0.20515305 0.28252135 0.12194402 0.16613445 0.39042209 1.9533649 2.7549311 1.8426687 8.0667954 2.8288089 5.9065577 4.1801226 0.23232547
0 0 0.010568277 0 0.030992604 0.079441229 0.10117343 0.13082033 0.14845147 0.15476585 0.13059794 0.16417411 0.03954005 0.084181915 0.1279438 0.0038397773 1.3016286 1.1302533 1.538442 2.6243843 0.89530772 0.44093208 0.41921083 0.43674293 0 0.36453529 0.37415458 0.30082509 0.19917349 0.13808467 0.20987882 0.072186474 0.019722361 0.079745773 0.18883577 0 0 0.048958594 0.023814357 0.053752165 0.10763911 -3.5527137e-15 0.075748836 0 0.051876946 0.069038368 0.31964966 0.12124891 0.25284343 0.32568499 0.27933167 0.36300334 0.41072465 0.55339265 0.017097751 5.6342721 1.4737034 419.33603 1.3912689 0.83023021 3011.9834
0 0 0.0040531258 0 0.0013048974 0.0052900719 0.09389831 0.13189649 0.17478069 0.12868245 0.052153011 0.085049918 0.16093461 0.17317755 0.26251811 0.35439103 -3.5527137e-15 2.440386 1.3958572 2.3027037 1.5307671 2.894377 0.36444462 0.27480439 0.27105588 0 0 0.30022556 0.25498879 0.16844013 0.20645072 0.10449683 0.16095408 0.1094362 -3.5527137e-15 0.12357375 0.25386554 0.062304927 0.052653264 0 0.097470413 0 0.023356916 0.076511544 0 0.029618058 0.048524898 0.19558656 0.16724632 0.30503417 0.13543497 0.28561995 0.34924787 0.49510657 0.34307599 0.44494643 3.6238556 1794.4638 1287.4174 1849.8822 0
0 0 0 0.010667005 3.5527137e-15 0.080345525 0.10586651 0 0.0052584662 0.13583205 0.1622227 0.092490553 0.17777767 0.33857073 0.47297776 0.58818988 0.73673069 0.0023408797 2.910981 1.6683148 2.5224408 1.7326568 3.1282554 0.6364246 0.023956268 0.35606763 0.22776621 0.2885336 0.23000043 0.19324015 0.22696481 0.23177939 0 0.13159288 0.092406118 0.085542267 0.089166008 0.053198833 0.14368658 0.052310341 0.035608373 0.078803554 0.012587531 0 0.037615256 0 0.11556543 0.081734953 0.21292853 0.23011999 0.15931912 0.23698963 0.23995435 0.43103982 0.52866376 0.47195496 0.80308356 360.47323 115.49599 13.776124 0
0 0 0 0.010755334 0 0.029633909 0 0.071794276 0.091402983 0 0.11119553 0.5371617 0.55017941 0.41097374 0.31913975 0.48389516 0.49429046 0.45616357 0.50275747 1.1323177 2.4680463 1.1097137 2.1143386 2.9717704 1.163933 0.036895788 0 0.22753037 0.27602657 0.12609548 0.24907332 0.14792549 0.099230671 0.12287152 0.059694612 -7.1054274e-15 0.033895849 0.15338218 0.137169 0.09138209 0.056861806 0 0.076915759 0.027777484 0.037269918 0.092140575 0 0.15098094 0.15973014 0.19339451 0.37649819 0.32299765 0.5096286 0.50102936 0.89247203 0.62567041 0.55050545 345.26058 0 74.829655 0
0 0 0 0 0 0 3.5527137e-15 0.1943769 0.34674886 0.021616021 0.41871812 0.32451231 0.2701449 0.26550195 0.24385722 0.094929417 0.051744785 0.044697225 0.011934403 0.079477203 0.037388388 3.4633985 6.1035867 357.3749 3.4920682 4.9504625 0.22807877 0.14492968 0.1897533 0.077602023 0.1409006 0.2390082 0.1281762 0.16716911 0.081085332 0.18672139 0.11607281 0.07075621 0.11116321 0.14695699 0.13954902 0.081419302 0.022019823 0 0.036186112 0 0.025150377 0.096928011 0 0.2066768 0.21502129 0.35102666 0.44833551 0.45707029 0.66053009 0.77105457 0.5101045 262.64334 84.644282 0 0
0 3.5527137e-15 0 -8.8817842e-16 0.037816848 0 0.061426247 0.19286252 0.3036471 0.26606463 0.17674744 0.214771 0.16476498 0.097437137 0.16738558 0.11994486 0.062402168 0.11827888 0.034187944 0.14123732 0.22626723 0.18586534 0.54313963 622.70315 3.4897946 2.0809174 11.676566 0.6863565 0.26629877 0.12269101 0.089624338 0.32699599 0.18161166 0.20432581 0.16867622 0.13783443 0.29094676 0.24393573 0.20636645 0.2008576 0.27707829 0.22937199 0.26599584 0.10992347 0.028381343 0.049631514 0.080643969 0 0.16614712 0.0096668927 0.28328233 0.48808526 0.65528429 0.56922047 0.56478571 0.59087821 0.44452306 0.59465627 267.8355 0 0
0 0 -3.5527137e-15 -3.5527137e-15 0.024414272 0 0.030140725 0.11188192 0.23916774 0.14666674 0.10672501 0.11497424 0.12708947 0.12352195 0.12228797 0.12978872 0.14630287 0.15562313 0.24227486 0.11134234 0.12755805 0.098103155 0.11259947 136.49091 0.17876182 0.91173693 2.6760866 5.1002362 2.4301198 5.9962027 0.041046477 0.25996916 0.34296419 0.259417 0.17044688 0.23700977 0.31864339 0.3156883 0.21531292 0.19025925 0.31337853 0.077624645 0.05068213 0.11032858 0.02136025 -3.5527137e-15 0.19124841 0 0 0.035643455 0.23439958 0.45124901 0.26100121 0.2519988 0.16231539 0.24950422 0.27471719 0.28952969 214.01498 0 0
0 0.019949709 3.5527137e-15 0 0 0 0.061882281 0.023936157 0.05725373 0.039404416 0.093113003 0.089934199 0.098860464 0.11851858 0.082004716 0.093900718 0.15301171 0.11020917 69.934165 0.06700514 0.12687625 0.077211904 -1.7763568e-15 43.262205 0 0 0.0042605411 0 3.769441 0.74555129 9.6553017 0.22104469 0.1482411 0.17710214 0.15742669 0.23116739 0.28444146 0.3623809 0.33003964 0.43154786 0.26417538 0.065522813 0.11667598 0.21608714 0.069262811 0.054164378 0.13252136 0.027917595 0 0 0.17625249 0.15816659 0.19332161 0.17060332 0.1483417 0.23314984 0.25157149 0.21753102 101.01628 0 0
