var/www/cgi-bin/BAERTOOLS/ravel/working/ravel-14090.prodgrd.txt
NCOLS 6
NROWS 56
XLLCORNER 277106.32
YLLCORNER 3831368.9
CELLSIZE 10
NODATA_VALUE -9999
-26.622864 -26.502381 -26.258217 -27.191316 -27.259809 0 
-26.774651 -26.601451 -26.288741 -26.258217 -27.191316 -27.259809 
-29.67283 -26.774651 -26.319251 -26.288741 -27.084289 -27.832683 
0 -29.67283 -26.526401 -26.319251 -26.903321 -27.084289 
0 -26.918765 -26.682372 -26.526401 -29.076964 -29.894659 
-27.337205 -26.449994 -26.285744 -26.759276 -26.757238 0 
-27.029789 -26.285744 -26.289037 -26.757238 -26.757492 -30.755821 
-26.977668 -26.289037 -26.562619 -26.931276 -26.828693 -35.376797 
-27.081691 -26.498938 -26.757238 -31.218401 -26.888037 0 
-26.654472 -26.837612 -26.498938 -26.650698 -26.574213 -26.888037 
-27.169706 -26.654472 -26.625453 -26.554056 -26.531734 -26.574213 
-26.659636 -26.690937 -26.753949 -26.625453 -26.483131 -26.531734 
-26.423085 -26.479742 -26.529737 -26.564025 -26.695622 -26.483131 
-26.634776 -26.423085 -26.479742 -26.529737 -26.693272 -26.886294 
-26.85734 -26.634776 -26.654852 -26.938635 -26.723264 -27.436175 
-26.596366 -26.671211 -26.909876 -26.654852 -26.651449 -27.035534 
-26.333104 -26.596366 -26.671211 -26.383085 -26.430509 -26.651449 
0 -26.333104 -26.68382 -26.491763 -26.383085 -26.430509 
-26.549336 -26.568286 -26.542079 -26.655042 -26.491763 -26.528002 
-26.75521 -26.549336 -26.568286 -26.542079 -26.655042 -27.327226 
-29.302053 -26.75521 -27.758433 -29.854748 -27.193205 -26.965539 
-39.498503 -29.302053 -30.573367 -27.757064 -26.393642 -27.193205 
-28.075356 -27.4426 -27.161878 -26.965539 -26.463296 -26.393642 
-27.320239 -27.160086 -27.228271 -27.161878 -26.796523 -26.463296 
-27.645606 -27.320239 -27.160086 -27.228271 -27.310275 -26.796523 
-28.364537 -27.645606 -27.816458 -28.384523 -28.929205 -27.310275 
-30.807151 -28.364537 -28.470663 -30.933241 -39.458453 0 
0 -30.807151 0 0 0 0 
0 0 0 0 0 0 
0 0 0 0 0 0 
0 -39.456094 0 0 0 0 
0 -31.043482 0 0 -39.536097 0 
0 -28.394643 0 -39.536097 -39.484969 0 
0 -27.652837 -27.880008 -39.484969 0 0 
0 -27.559205 -27.082728 -26.583416 0 0 
0 -27.082728 -26.583416 -26.333547 -32.66754 0 
0 -26.961836 -26.333547 -26.31898 -27.039828 0 
0 -27.293751 -26.31898 -26.366953 -26.906951 0 
0 -27.487281 -26.366953 -26.401699 -26.971775 0 
0 -28.438629 -26.401699 -26.971775 -26.803041 -33.611709 
-39.503208 0 -27.710458 -32.976702 -28.267153 0 
-29.523738 -27.475612 -27.302712 -30.019511 -31.735603 0 
-28.19441 -26.909509 -27.475612 -27.302712 -26.924789 -31.735603 
-29.625629 -28.001729 -26.909509 -28.523143 -26.676239 -26.924789 
0 -28.537326 -28.001729 -27.971996 -27.734114 -26.676239 
0 -26.67181 -28.537326 0 -27.971996 -27.734114 
-27.625458 -26.672411 -26.67181 -32.457688 0 0 
-27.177026 -26.591056 -26.78928 -28.120197 0 0 
-27.130453 -26.507578 -27.084289 -29.321491 0 0 
-27.256956 -26.822652 -28.34245 -27.527546 0 0 
-27.202103 -26.89225 -27.527546 -26.840733 -28.100465 0 
-27.543542 -27.066358 -26.840733 -27.311798 -26.913189 0 
-26.690092 -27.547445 -27.311798 -26.913189 -26.913189 0 
0 -26.690092 -30.386698 -26.721184 -28.108314 0 
0 0 -26.686941 -26.902598 -26.721184 -28.108314 
0 0 0 -26.686941 -26.902598 -27.323335 
