var/www/cgi-bin/BAERTOOLS/ravel/working/ravel-180209.DEM
NCOLS 133
NROWS 83
XLLCORNER 275926.32
YLLCORNER 3833698.9
CELLSIZE 10
NODATA_VALUE -9999
[rows 0 to 27 of 83, columns 0 to 62 of 133]
1612.553 1612.759 1612.947 1613.681 1615.367 1607.94 1599.677 1593.408 1592.444 1597.024 1600.308 1598.744 1591.491 1586.787 1583.133 1579.728 1576.016 1579.192 1587.408 1596.401 1600.65 1603.418 1610.127 1611.191 1610.942 1610.455 1609.833 1609.895 1611.03 1612.544 1613.735 1614.106 1613.639 1606.483 1601.288 1596.952 1593.429 1590.146 1587.666 1581.985 1578.464 1573.483 1566.188 1559.992 1562.834 1565.659 1566.771 1566.458 1565.775 1565.516 1564.641 1562.46 1560.925 1562.162 1561.197 1561.901 1560.511 1558.811 1557.908 1558.936 1560.971 1564.64 1565.859
1612.072 1613.074 1613.779 1614.241 1614.32 1607.848 1599.171 1595.528 1597.344 1600.851 1603.128 1598.744 1594.567 1589.694 1585.712 1582.528 1576.557 1579.867 1588 1595.443 1600.312 1603.792 1610.648 1612.878 1613.634 1614.155 1614.439 1614.962 1615.618 1616.307 1616.459 1615.121 1612.499 1602.702 1597.785 1594.156 1590.331 1586.506 1584.181 1579.711 1576.766 1571.38 1563.487 1560.061 1568.479 1571.559 1572.651 1572.475 1571.762 1570.255 1565.872 1563.956 1563.887 1562.162 1563.476 1564.156 1562.345 1560.496 1559.41 1560.26 1562.335 1566.838 1569.004
1611.819 1613.276 1614.219 1614.495 1613.995 1605.621 1597.717 1596.802 1600.963 1600.851 1603.128 1600.965 1597.237 1592.964 1588.926 1585.6 1578.95 1580.313 1585.57 1591.253 1596.366 1604.492 1608.688 1611.802 1614.364 1616.971 1618.791 1620.473 1620.121 1619.474 1618.047 1614.889 1611.385 1600.239 1596 1593.131 1589.385 1585.999 1580.364 1577.792 1575.082 1570.514 1565.938 1568.04 1574.425 1575.465 1575.922 1575.894 1575.04 1573.02 1569.804 1569.388 1563.887 1565.314 1566.057 1566.03 1564.068 1561.495 1560.308 1561.655 1564.381 1569.905 1572.315
1611.948 1613.715 1614.332 1614.521 1612.561 1604.561 1598.878 1601.253 1600.963 1605.136 1607.124 1604.3 1600.158 1595.979 1591.814 1588.04 1581.214 1580.442 1582.889 1587.644 1592.965 1601.619 1606.396 1610.204 1614.097 1618.727 1621.634 1624.414 1623.336 1621.616 1619.364 1615.402 1611.432 1600.313 1596.289 1593.398 1590.044 1586.989 1580.115 1576.709 1573.523 1571.328 1571.998 1573.984 1577.773 1578.585 1578.838 1578.642 1577.46 1575.117 1571.681 1569.388 1569.36 1570.67 1570.852 1568.425 1565.761 1562.976 1561.302 1562.734 1566.599 1572.772 1574.849
1612.028 1613.725 1614.564 1614.505 1610.8 1609.315 1607.984 1601.253 1606.94 1610.678 1610.766 1607.735 1603.458 1598.958 1594.255 1589.351 1582.373 1581.755 1583.844 1587.713 1592.879 1600.941 1605.47 1609.805 1614.55 1620.045 1623.699 1627.449 1626.292 1624.015 1621.601 1617.18 1607.136 1602.168 1597.967 1594.349 1591.068 1588.088 1580.536 1576.068 1572.911 1572.548 1574.832 1577.599 1581.2 1582.011 1582.192 1581.643 1580.386 1574.648 1571.681 1571.757 1572.694 1574.283 1574.771 1572.339 1569.132 1565.348 1563.414 1565.507 1569.385 1575.098 1576.985
1612.595 1614.31 1615.083 1614.849 1611.273 1609.764 1607.984 1608.175 1612.435 1615.319 1614.903 1611.589 1607.092 1601.901 1596.518 1585.812 1583.15 1583.384 1586.639 1591.186 1595.679 1602.718 1605.867 1609.845 1615.276 1621.443 1625.963 1630.751 1629.875 1626.912 1623.285 1618.624 1608.54 1603.464 1598.796 1594.696 1591.112 1588.238 1581.037 1575.755 1573.682 1575.497 1578.226 1581.368 1585.229 1585.771 1585.5 1584.721 1580.386 1574.648 1573.167 1573.724 1575.301 1576.619 1576.973 1575.062 1572.144 1569.306 1569.429 1571.943 1573.037 1577.25 1579.435
1613.947 1615.969 1616.387 1615.983 1612.4 1609.764 1610.563 1613.333 1617.573 1621.38 1619.68 1614.854 1609.609 1603.992 1598.182 1586.871 1584 1584.646 1588.253 1593.218 1597.855 1604.636 1607.012 1610.66 1617.148 1623.525 1632.285 1634.421 1633.613 1629.56 1624.445 1619.607 1609.566 1604.097 1599.068 1594.832 1590.925 1588.125 1580.938 1577.317 1577.557 1579.554 1582.304 1587.344 1588.812 1589.396 1589.123 1584.721 1583.501 1578.67 1576.846 1577 1578.043 1578.806 1578.949 1576.316 1574.413 1572.749 1572 1573.471 1577.365 1579.512 1581.808
1617.34 1618.72 1618.398 1617.654 1612.4 1611.916 1614.603 1619.194 1623.042 1624.52 1622.166 1617.281 1611.272 1605.542 1599.488 1590.137 1586.101 1585.938 1589.608 1594.927 1598.919 1606.521 1609.369 1614.012 1620.949 1627.377 1635.949 1637.012 1635.298 1630.859 1625.474 1620.615 1611.352 1605.455 1599.375 1594.531 1590.106 1586.313 1582.294 1581.196 1581.125 1583.14 1586.349 1592.265 1593.284 1593.18 1589.123 1588.391 1587.447 1584.405 1583.002 1582.321 1582.419 1582.529 1582.012 1578.309 1576.008 1574.526 1574.66 1576.228 1579.19 1581.112 1583.072
1620.751 1620.371 1619.552 1617.654 1617.316 1618.794 1620.815 1622.937 1624.974 1625.565 1623.74 1619.267 1613.422 1608.568 1603.706 1596.295 1590.867 1588.899 1593.086 1598.534 1602.374 1610.26 1614.655 1620.396 1626.739 1633.012 1639.07 1638.518 1635.747 1631.588 1626.614 1621.712 1612.317 1606.309 1600.233 1595.411 1590.454 1584.904 1583.675 1582.78 1583.967 1588.095 1593.347 1597.982 1597.95 1593.18 1592.623 1591.916 1591.095 1588.013 1586.291 1585.961 1586.484 1586.132 1583.328 1581.385 1579.688 1578.816 1579.185 1580.229 1581.3 1581.666 1582.361
1622.935 1620.371 1619.552 1620.073 1620.304 1620.863 1623.159 1626.029 1627.673 1627.059 1624.63 1620.987 1616.542 1612.279 1608.702 1600.892 1596.049 1593.545 1596.984 1602.535 1612.172 1617.161 1622.122 1627.428 1633.243 1637.759 1641.692 1640.099 1636.774 1632.746 1628.16 1623.425 1612.261 1606.866 1602.381 1598.091 1593.399 1584.893 1583.589 1585.136 1589.506 1595.348 1599.43 1601.57 1597.95 1597.162 1595.953 1595.155 1594.864 1594.071 1593.393 1592.824 1591.939 1590.525 1586.535 1584.411 1583.417 1583.586 1583.779 1584.104 1583.071 1582.242 1581.925
1622.935 1622.25 1621.604 1621.602 1621.898 1623.521 1626.996 1630.682 1631.58 1628.706 1625.362 1621.775 1618.263 1614.763 1611.69 1603.591 1598.793 1596.531 1599.474 1604.927 1618.615 1624.282 1628.125 1632.439 1637.772 1642.638 1645.004 1642.527 1638.178 1633.814 1629.631 1619.712 1612.904 1607.567 1604.22 1600.543 1595.736 1584.601 1585.622 1590.584 1596.312 1600.771 1603.698 1601.57 1601.414 1600.796 1599.466 1598.574 1598.972 1599.649 1600.252 1600.024 1598.397 1595.357 1590.507 1587.9 1585.844 1585.597 1586.802 1586.853 1584.573 1582.735 1580.809
1624.895 1624.585 1624.039 1623.995 1625.333 1628.369 1632.117 1634.458 1634.15 1629.739 1625.744 1621.784 1619.006 1616.598 1610.502 1606.355 1601.688 1599.28 1601.273 1606.054 1621.6 1626.847 1630.086 1634.424 1639.98 1646.15 1648.363 1645.071 1639.844 1634.779 1630.495 1621.061 1614.498 1608.986 1605.262 1601.427 1596.669 1585.373 1588.858 1595.856 1601.086 1604.952 1603.698 1605.501 1605.226 1604.405 1603.422 1602.725 1602.688 1603.081 1603.501 1603.404 1602.314 1600.182 1596.047 1593.676 1591.125 1589.681 1589.037 1587.894 1584.734 1582.26 1579.167
1626.93 1627.281 1627.467 1629.089 1631.02 1633.675 1636.173 1637.125 1636.034 1631.532 1627.186 1623.019 1620.593 1618.693 1612.648 1609.255 1605.491 1603.272 1604.096 1605.952 1621.001 1626.432 1629.823 1634.411 1639.89 1645.785 1649.593 1646.47 1641.315 1635.811 1631.387 1621.646 1615.727 1610.307 1605.885 1601.589 1597.357 1591.351 1594.83 1600.46 1601.086 1604.952 1609.191 1609.502 1609.067 1608.308 1607.343 1606.573 1605.978 1606.091 1606.632 1607.443 1608.027 1606.78 1601.622 1599.958 1597.481 1593.715 1589.552 1584.666 1582.37 1579.823 1576.928
1629.183 1630.133 1630.935 1632.874 1634.663 1636.985 1639.036 1639.521 1636.715 1634.441 1630.775 1626.797 1623.851 1622.095 1615.038 1611.21 1608.288 1606.745 1606.984 1606.625 1618.577 1624.804 1628.481 1632.99 1637.948 1647.246 1649.222 1647.578 1643.032 1637.777 1632.795 1622.106 1616.742 1611.639 1606.719 1601.928 1597.667 1595.258 1598.728 1600.46 1605.312 1609.301 1614.822 1615.379 1614.599 1613.119 1611.04 1609.764 1608.78 1609.107 1609.663 1610.621 1611.781 1611.568 1604.861 1601.542 1597.732 1592.888 1588.261 1582.236 1579.867 1577.436 1574.94
1631.103 1632.333 1633.35 1636.33 1638.378 1640.679 1642.769 1643.095 1638.919 1636.594 1633.919 1630.659 1627.317 1625.073 1617.685 1613.006 1610.334 1609.882 1610.069 1609.197 1615.408 1621.138 1624.933 1629.725 1634.805 1643.305 1646.637 1647.707 1644.895 1639.369 1635.043 1623.357 1617.87 1612.859 1607.612 1602.375 1595.533 1597.607 1598.728 1604.308 1609.143 1613.212 1620.555 1623.109 1622.868 1620 1616.95 1614.284 1612.268 1612.504 1612.885 1613.408 1613.417 1609.457 1604.717 1599.676 1595.184 1590.438 1586.509 1580.313 1577.739 1575.417 1572.83
1633.202 1634.69 1638.48 1640.554 1642.784 1644.808 1646.078 1646.235 1641.081 1638.078 1635.812 1633.068 1629.198 1625.572 1619.016 1616.211 1614.468 1614.197 1613.852 1613.448 1615.306 1618.017 1621.878 1626.457 1631.474 1639.336 1643.922 1646.114 1644.722 1641.365 1637.436 1626.85 1620.76 1614.743 1608.572 1602.798 1597.224 1597.607 1603.336 1609.342 1613.743 1617.802 1624.195 1625.623 1625.435 1623.855 1621.884 1619.431 1617.115 1616.766 1615.937 1615.104 1614.136 1609.388 1602.794 1596.169 1591.278 1586.955 1583.963 1578.005 1575.284 1572.677 1569.744
1634.853 1637.755 1643.054 1645.124 1646.909 1648.112 1648.44 1647.651 1642.209 1639.482 1637.079 1633.956 1629.384 1624.749 1620.236 1619.937 1619.714 1619.538 1618.8 1617.915 1618.295 1619.06 1622.074 1625.898 1630.09 1637.878 1643.265 1646.689 1646.247 1643.097 1639.688 1630.987 1624.492 1617.319 1609.249 1603.721 1597.224 1602.659 1609.761 1614.565 1618.618 1622.199 1626.66 1627.484 1627.284 1626.411 1624.579 1621.346 1620.76 1619.985 1617.905 1615.316 1613.594 1605.677 1598.686 1592.188 1587.023 1583.714 1580.843 1574.391 1570.438 1567.392 1565.099
1635.573 1640.199 1647.647 1648.417 1648.808 1649.247 1648.773 1646.921 1641.479 1638.722 1636.227 1633.561 1630.045 1624.128 1623.619 1623.928 1624.082 1623.842 1622.769 1620.837 1621.457 1622.002 1624.247 1628.852 1632.622 1640.862 1645.972 1648.597 1647.678 1644.663 1637.257 1632.423 1626.643 1619.065 1609.958 1603.721 1602.96 1609.048 1614.731 1619.197 1622.972 1625.704 1628.901 1630.008 1630.398 1629.189 1627.319 1624.303 1622.556 1620.212 1617.36 1614.218 1611.304 1600.803 1594.157 1588.274 1583.792 1580.861 1577.589 1571 1570.859 1571.131 1571.118
1635.147 1640.573 1649.77 1649.841 1648.892 1648.652 1647.992 1645.989 1640.1 1637.014 1634.495 1633.19 1632.013 1629.919 1629.567 1629.256 1628.133 1626.536 1624.801 1622.404 1624.245 1626.013 1628.295 1632.186 1635.76 1643.552 1647.595 1649.458 1648.491 1645.422 1637.537 1632.732 1626.788 1619.259 1609.958 1605.537 1608.122 1613.615 1618.947 1623.146 1626.464 1630.848 1631.988 1632.585 1632.662 1631.96 1630.113 1625.769 1622.749 1619.267 1615.527 1611.77 1608.243 1598.066 1592.011 1586.528 1582.374 1578.654 1572.186 1573.359 1575.583 1576.751 1577.384
1633.551 1638.213 1647.524 1649.162 1649.076 1648.453 1647.401 1643.544 1640.707 1637.75 1635.869 1635.13 1634.911 1635.179 1635.187 1634.377 1632.336 1629.614 1627.495 1626.21 1627.713 1629.525 1631.468 1634.236 1641.138 1644.695 1647.982 1649.545 1648.653 1645.843 1637.093 1632.296 1626.788 1619.259 1610.941 1606.802 1611.724 1618.135 1623.288 1626.913 1630.078 1634.18 1635.003 1635.519 1635.631 1634.684 1632.178 1625.955 1622.388 1617.789 1612.889 1609.067 1605.489 1597.295 1591.844 1586.793 1582.26 1577.642 1575.179 1578.611 1580.532 1580.872 1580.891
1631.138 1635.141 1644.015 1647.356 1648.862 1648.309 1647.066 1644.644 1643.047 1641.897 1640.933 1639.519 1639.283 1638.74 1638.263 1636.825 1634.394 1632.12 1631.72 1631.225 1632.9 1634.513 1635.475 1637.029 1643.084 1645.685 1648.187 1649.79 1649.135 1646.151 1635.665 1632.296 1626.617 1619.746 1611.867 1607.206 1616.787 1623.32 1627.695 1631.482 1634.765 1637.947 1638.315 1638.585 1637.94 1635.937 1632.5 1625.705 1621.422 1615.576 1610.108 1605.98 1599.34 1594.106 1588.763 1584.841 1580.776 1577.203 1581.784 1585.4 1585.951 1585.032 1584.416
1628.067 1636.232 1640.832 1645.063 1647.807 1648.505 1647.287 1645.296 1645.17 1645.576 1645.509 1644.776 1644.58 1642.759 1641.421 1638.937 1635.953 1635.041 1635.382 1634.758 1635.78 1638.413 1639.969 1641.035 1645.42 1647.387 1649.262 1650.266 1649.364 1646.366 1635.665 1631.314 1626.696 1620.237 1613.542 1614.186 1622.155 1628.087 1632.387 1636.191 1639.684 1643.688 1642.91 1641.281 1638.655 1634.876 1630.884 1622.941 1617.755 1611.691 1606.356 1601.648 1594.152 1588.96 1584.629 1582.214 1580.712 1580.634 1587.874 1590.654 1591.455 1591.26 1590.885
1624.049 1633.539 1638.922 1644.011 1647.501 1648.975 1648.532 1647.109 1647.212 1647.596 1648.148 1648.46 1648.359 1645.879 1643.62 1641.705 1640.92 1640.478 1641.667 1640.942 1640.45 1641.489 1642.958 1644.693 1648.579 1650.913 1653.019 1653.332 1650.3 1646.366 1636.351 1632.476 1628.786 1624.1 1619.049 1619.35 1626.548 1631.977 1636.557 1640.38 1644.573 1648.546 1645.855 1642.132 1638.096 1632.933 1622.33 1616.762 1611.789 1607.33 1602.077 1599.036 1591.127 1585.903 1585.191 1586.153 1587.509 1588.01 1593.031 1595.456 1597.118 1598.156 1598.623
1618.957 1631.755 1637.77 1643.53 1647.949 1649.775 1649.926 1649.698 1650.035 1650.338 1650.72 1651.138 1649.984 1648.242 1645.803 1644.2 1644.471 1645.271 1647.151 1645.891 1644.185 1644.212 1646.087 1648.832 1653.371 1654.941 1655.726 1654.997 1650.3 1643.644 1639.831 1636.086 1632.407 1628.172 1624.175 1622.981 1629.153 1634.911 1639.122 1643.114 1647.347 1649.081 1646.139 1642.362 1637.414 1630.883 1618.332 1613.079 1610.082 1608.555 1605.283 1602.563 1592.867 1588.15 1590.93 1595.401 1597.302 1597.581 1597.769 1600.114 1602.11 1603.137 1603.712
1614.371 1629.355 1635.669 1642.314 1648.057 1650.23 1650.208 1652.331 1654.195 1654.871 1654.045 1653.815 1652.347 1650.66 1648.24 1646.634 1647.232 1648.998 1650.184 1648.812 1647.135 1647.823 1651.829 1655.474 1658.454 1658.61 1658.039 1654.997 1652.291 1646.755 1643.363 1639.344 1635.292 1630.556 1626.332 1625.667 1631.307 1636.433 1640.131 1643.656 1647.288 1648.976 1645.967 1642.478 1638.12 1632.568 1622.669 1618.985 1616.226 1614.208 1612.282 1608.382 1595.75 1595.532 1598.707 1601.648 1602.761 1602.985 1603.519 1604.944 1606.402 1607.07 1607.443
1611.7 1625.583 1631.748 1638.265 1644.556 1648.385 1651.386 1653.274 1655.478 1656.974 1656.948 1656.313 1654.544 1653.283 1652.028 1651.8 1652.725 1653.548 1653.258 1652.735 1653.181 1655.371 1658.931 1660.063 1661.067 1661.929 1658.039 1656.806 1654.681 1648.943 1645.867 1641.43 1636.411 1632.266 1628.803 1629.133 1632.604 1636.749 1640.842 1643.646 1649.01 1648.655 1646.238 1644.008 1641.601 1637.887 1632.009 1627.562 1622.858 1618.199 1613.861 1609.273 1600.995 1602.817 1604.747 1605.365 1605.754 1607.868 1608.929 1609.807 1610.421 1610.691 1610.802
1609.935 1622.18 1627.644 1632.694 1637.895 1642.369 1648.558 1650.349 1653.266 1656.502 1658.346 1658.288 1657.06 1656.206 1655.873 1656.196 1657.574 1658.327 1657.932 1656.887 1657.717 1660.812 1663.191 1662.356 1661.067 1661.929 1660.384 1658.358 1656.741 1650.016 1647.034 1642.918 1637.758 1633.984 1631.499 1632.323 1634.852 1638.704 1643.087 1645.211 1650.209 1649.297 1647.547 1647.497 1645.996 1642.612 1635.797 1630.695 1625.685 1620.452 1613.728 1606.962 1607.987 1609.453 1610.194 1609.723 1609.632 1612.469 1613.437 1613.86 1614.03 1614.066 1613.743
1609.344 1619.718 1624.082 1627.953 1631.872 1635.845 1643.129 1646.272 1649.973 1653.988 1657.262 1658.915 1658.764 1658.778 1659.895 1661.484 1660.492 1661.098 1661.173 1661.592 1661.954 1662.146 1663.955 1662.356 1662.17 1661.772 1660.964 1658.998 1656.837 1650.328 1647.385 1643.715 1639.105 1635.118 1634.296 1636.6 1639.858 1643.694 1646.659 1648.65 1653.136 1652.063 1650.626 1650.217 1648.359 1645.237 1635.364 1630.581 1625.879 1621.203 1615.733 1611.372 1613.431 1614.625 1615.275 1615.794 1616.367 1617.687 1618.01 1618.054 1617.654 1616.989 1616.182
