var/www/cgi-bin/BAERTOOLS/ravel/working/ravel-22671.DEM
NCOLS 83
NROWS 85
XLLCORNER 361207.98
YLLCORNER 3876671.5
CELLSIZE 10
NODATA_VALUE -9999
[rows 56 to 83 of 85, columns 0 to 62 of 83]
1802.61 1799.882 1796.648 1793.347 1790.849 1789.825 1792.008 1794.938 1798.222 1801.725 1804.615 1808.811 1810.599 1812.119 1813.435 1814.349 1814.714 1818.414 1816.951 1817.432 1820.378 1824.611 1831.998 1833.785 1834.764 1834.682 1833.459 1830.9 1822.19 1817.257 1810.51 1804.334 1799.856 1794.39 1794.725 1799.293 1804.332 1808.397 1812.073 1819.763 1822.448 1824.909 1827.48 1829.25 1831.202 1831.379 1831.546 1834.914 1839.202 1844.53 1857.556 1863.077 1866.896 1867.728 1866.291 1857.357 1852.255 1848.266 1844.906 1843.248 1844.405 1845.131 1845.036
1795.939 1792.992 1789.817 1787.172 1784.806 1783.405 1786.56 1788.941 1791.591 1794.617 1797.7 1802.394 1804.307 1806.187 1807.7 1814.349 1814.714 1813.847 1813.56 1814.564 1816.938 1820.521 1827.849 1830.473 1831.166 1830.439 1828.157 1824.516 1816.05 1809.855 1804.195 1799.363 1795.168 1791.216 1792.003 1795.694 1800.445 1804.53 1807.327 1813.144 1816.432 1818.361 1819.914 1821.891 1828.282 1829.407 1829.732 1834.959 1840.776 1853.379 1858.216 1862.397 1864.709 1864.161 1860.404 1849.918 1845.488 1841.427 1837.611 1834.811 1835.039 1835.927 1835.903
1788.948 1785.092 1783.185 1781.206 1779.113 1778.022 1781.497 1784.196 1786.831 1789.38 1792.1 1795.901 1796.649 1806.187 1807.7 1808.796 1809.353 1808.896 1808.461 1808.843 1812.275 1816.424 1821.104 1822.011 1822.549 1821.727 1819.842 1817.397 1808.441 1802.991 1798.096 1794.128 1790.917 1787.884 1788.547 1792.737 1796.413 1799.23 1804.002 1805.461 1808.749 1812.558 1815.031 1815.948 1825.299 1829.27 1831.884 1836.662 1842.77 1855.321 1858.915 1860.767 1860.691 1857.87 1853.251 1842.49 1837.724 1833.616 1830.4 1827.662 1826.628 1826.917 1826.276
1781.76 1777.907 1776.105 1774.26 1771.769 1771.332 1776.286 1779.156 1781.815 1784.122 1786.288 1789.201 1796.649 1797.594 1799.121 1800.995 1802.526 1802.618 1802.816 1804.243 1807.975 1811.893 1815.288 1815.475 1815.148 1814.103 1812.245 1806.232 1801.685 1796.57 1792.513 1789.01 1785.581 1782.546 1785.66 1789.47 1792.049 1794.273 1801.44 1803.057 1805.729 1811.416 1815.718 1818.233 1827.793 1833.574 1838.457 1840.885 1845.228 1856.358 1858.928 1858.3 1856.422 1853.312 1848.725 1836.806 1830.884 1826.845 1823.978 1821.76 1818.769 1819.471 1818.835
1774.225 1770.485 1769.282 1768.118 1766.674 1766.64 1770.588 1773.3 1775.834 1778.103 1786.288 1789.201 1789.735 1790.252 1791.106 1792.405 1793.689 1794.094 1794.566 1798.427 1803.879 1807.868 1810.314 1809.66 1808.632 1807.262 1805.321 1798.646 1794.498 1790.191 1786.123 1782.569 1780.091 1779.398 1782.183 1786.547 1790.053 1793.191 1801.813 1804.933 1809.112 1814.656 1819.462 1823.414 1832.3 1836.797 1840.362 1843.886 1848.367 1856.443 1857.292 1855.829 1853.282 1849.258 1844.452 1833.465 1827.304 1822.41 1818.085 1813.979 1808.844 1809.96 1809.459
1767.517 1764.464 1762.993 1762.141 1761.204 1761.354 1765.544 1767.877 1775.834 1778.103 1780.153 1783.248 1782.838 1782.166 1783.998 1786.363 1788.533 1789.086 1790.193 1793.216 1798.495 1803.551 1806.781 1805.521 1802.651 1799.126 1795.886 1791.052 1786.796 1782.474 1779.162 1776.976 1775.81 1777.854 1780.21 1785.905 1791.418 1796.174 1804.988 1809.81 1815.418 1820.146 1824.305 1828.335 1836.869 1840.641 1843.286 1846.809 1850.5 1854.672 1854.017 1852.08 1848.906 1844.906 1840.532 1830.892 1824.965 1819.175 1812.729 1806.631 1799.671 1799.846 1799.715
1762.4 1759.116 1756.586 1755.392 1754.536 1757.904 1765.544 1767.877 1769.872 1771.424 1772.828 1774.221 1775.233 1776.896 1779.2 1781.439 1783.459 1783.916 1785.419 1789.438 1794.437 1798.463 1801.56 1799.672 1796.268 1791.315 1786.852 1781.666 1778.157 1775.139 1772.382 1770.014 1770.493 1778.258 1781.998 1788.958 1795.107 1800.109 1810.209 1815.605 1820.415 1824.738 1828.973 1833.222 1841.728 1845.213 1846.128 1848.124 1850.867 1850.576 1849.121 1846.952 1844.202 1840.714 1832.671 1827.477 1821.327 1815.058 1808.028 1801.83 1793.325 1792.289 1792.042
1757.594 1752.543 1748.034 1746.62 1754.536 1757.904 1760.347 1762.209 1763.963 1765.374 1766.395 1767.463 1769.107 1772.06 1774.301 1775.73 1777.115 1777.836 1779.822 1783.975 1789.636 1793.888 1795.882 1794.359 1789.869 1783.188 1778.089 1772.938 1770.216 1768.129 1766.715 1767.302 1770.687 1780.083 1786.159 1793.169 1798.864 1803.854 1815.327 1820.129 1824.32 1828.951 1833.63 1842.949 1848.374 1851.767 1851.111 1849.428 1848.468 1845.728 1844.057 1841.911 1839.125 1836.066 1828.057 1821.99 1815.886 1809.456 1803.329 1797.935 1785.547 1784.255 1784.598
1750.392 1745.446 1741.802 1746.62 1745.76 1749.455 1752.991 1756.04 1758.416 1759.781 1760.477 1762.138 1764.914 1768.446 1770.112 1770.181 1768.789 1769.78 1774.126 1778.721 1783.341 1787.592 1790.826 1787.897 1782.857 1776.382 1770.658 1765.245 1763.635 1762.761 1763.41 1767.013 1776.99 1781.993 1788.956 1795.558 1801.778 1807.788 1819.548 1823.784 1828.133 1833.113 1837.908 1848.564 1854.292 1855.431 1853.138 1849.166 1845.256 1840.771 1838.669 1836.12 1833.454 1830.641 1821.235 1815.326 1809.509 1803.821 1799.336 1792.066 1779.631 1778.971 1779.305
1743.168 1745.446 1741.802 1739.999 1739.223 1741.8 1744.324 1746.674 1749.381 1751.807 1753.441 1756.854 1760.258 1762.626 1763.831 1764.08 1764.387 1766.035 1769.351 1773.766 1778.336 1784.672 1784.43 1781.912 1776.242 1769.848 1764.519 1757.685 1756.503 1758.896 1763.729 1768.822 1778.728 1784.38 1791.335 1797.873 1804.383 1810.94 1821.828 1826.483 1832.114 1837.552 1841.713 1851.461 1854.183 1852.796 1848.653 1843.982 1840.353 1834.837 1832.233 1829.726 1827.113 1824.155 1814.46 1809.186 1803.616 1798.705 1791.185 1782.692 1775.334 1774.792 1776.298
1743.168 1738.746 1734.842 1733.363 1732.867 1735.054 1737.454 1739.252 1741.057 1742.705 1747.146 1751.696 1756.514 1758.199 1758.244 1757.925 1758.543 1761.264 1765.191 1769.212 1773.532 1780.128 1780.173 1776.1 1770.01 1764.6 1759.376 1753.384 1755.069 1759.758 1765.02 1770.1 1780.444 1786.629 1793.382 1799.464 1805.749 1812.924 1823.368 1828.538 1835.291 1841.102 1844.57 1850.426 1849.777 1846.903 1842.816 1838.568 1834.516 1828.502 1825.997 1823.459 1820.765 1817.513 1808.236 1803.034 1797.711 1791.178 1782.952 1776.373 1769.993 1769.493 1773.303
1736.656 1732.655 1729.503 1727.388 1725.918 1728.147 1730.527 1732.401 1732.886 1733.902 1741.486 1744.995 1746.649 1748.179 1748.97 1748.995 1751.926 1755.689 1760.348 1765.083 1769.166 1773.495 1772.488 1769.252 1764.987 1759.78 1755.027 1750.32 1755.562 1760.969 1766.077 1771.295 1782.216 1788.446 1794.547 1800.027 1806.128 1813.773 1825.915 1831.534 1837.619 1842.414 1845.531 1846.264 1843.97 1840.795 1836.983 1832.87 1828.876 1822.635 1819.823 1817.159 1814.401 1811.214 1801.869 1796.5 1790.485 1783.602 1776.849 1768.085 1766.059 1765.506 1769.629
1730.845 1727.667 1725.031 1722.249 1719.834 1720.76 1722.812 1724.291 1725.204 1727.505 1735.633 1737.793 1739.218 1740.039 1740.744 1741.246 1745.335 1750.871 1756.432 1760.953 1764.641 1768.49 1767.119 1763.687 1759.661 1754.181 1748.938 1750.397 1756.435 1762.094 1766.974 1772.396 1783.96 1789.715 1795.377 1800.559 1806.621 1813.817 1829.59 1833.698 1838.18 1842.205 1844.416 1841.848 1838.879 1834.895 1831.046 1827.288 1820.31 1816.967 1813.863 1811.078 1808.137 1804.727 1795.359 1789.689 1783.373 1777.565 1771.841 1763.72 1761.745 1762.794 1766.932
1725.051 1722.247 1720.042 1717.71 1715.713 1715.452 1716.817 1717.755 1718.453 1721.129 1729.328 1732.019 1732.729 1732.984 1733.411 1734.663 1741.769 1746.946 1752.519 1757.116 1760.059 1762.083 1760.542 1757.612 1752.278 1745.554 1741.758 1750.039 1757 1763.034 1768.507 1773.923 1785.115 1790.7 1796.092 1801.152 1807.133 1821.667 1829.792 1833.882 1837.406 1840.51 1841.71 1836.67 1832.562 1828.877 1825.362 1821.652 1814.296 1810.791 1807.722 1805.085 1802.113 1798.543 1788.943 1783.101 1778.12 1773.076 1768.102 1759.215 1756.612 1762.794 1766.932
1719.348 1717.183 1715.01 1712.491 1709.682 1710.03 1711.25 1712.236 1713.836 1716.379 1719.977 1722.091 1723.975 1725.086 1726.333 1728.641 1737.417 1742.528 1747.032 1751.286 1754.61 1756.26 1754.851 1749.636 1743.63 1740.247 1742.694 1749.698 1757.061 1763.511 1769.157 1774.435 1785.428 1791.271 1796.517 1801.469 1807.263 1821.17 1829.269 1833.256 1835.121 1836.783 1837.039 1831.951 1827.6 1823.939 1820.227 1815.736 1807.309 1804.628 1802.063 1799.645 1797.146 1793.13 1782.873 1778.47 1774.187 1769.552 1764.862 1759.215 1756.612 1759.781 1765.195
1715.034 1712.794 1710.693 1707.509 1704.518 1704.477 1705.705 1706.301 1708.415 1711.376 1715.368 1716.489 1717.312 1717.841 1719.389 1728.091 1732.819 1737.354 1741.271 1744.443 1747.048 1748.487 1746.075 1741.698 1737.804 1735.539 1742.439 1749.592 1756.981 1763.579 1769.187 1774.446 1785.43 1791.081 1796.45 1801.521 1807.121 1820.35 1827.578 1831.597 1832.99 1833.38 1833.001 1828.31 1823.255 1818.621 1814.093 1809.205 1801.675 1799.198 1796.927 1794.086 1789.973 1785.075 1777.918 1774.765 1771.097 1766.489 1764.862 1755.81 1753.535 1757.246 1763.34
1710.832 1708.682 1704.728 1699.445 1696.166 1698.167 1698.453 1700.262 1703.807 1707.391 1711.118 1712.103 1712.828 1713.848 1715.626 1723.518 1728.539 1732.45 1735.62 1738.177 1740.309 1740.562 1738.421 1734.933 1731.491 1730.901 1742.049 1749.339 1756.798 1763.365 1769.037 1774.306 1785.149 1790.895 1796.413 1801.516 1807.125 1819.736 1825.777 1829.327 1831.324 1831.861 1830.685 1823.453 1818.189 1812.428 1807.494 1803.417 1797.153 1794.067 1790.119 1785.508 1781.745 1776.309 1773.788 1771.159 1771.097 1766.489 1761.675 1752.519 1750.978 1755.053 1760.862
1705.211 1701.412 1696.97 1692.626 1689.357 1691.033 1692.011 1694.512 1698.272 1701.823 1706.811 1707.686 1707.963 1708.109 1710.537 1719.281 1723.42 1727.074 1730.382 1732.152 1732.945 1732.158 1730.183 1728.521 1727.451 1728.568 1742.311 1750.253 1757.496 1763.819 1769.322 1774.362 1785.302 1791.49 1797.286 1802.231 1807.986 1819.737 1822.818 1825.186 1826.885 1826.883 1821.888 1817.179 1811.196 1806.035 1801.891 1798.4 1791.664 1787.548 1782.703 1779.294 1776.98 1772.603 1773.788 1771.159 1767.723 1763.238 1758.146 1746.427 1747.675 1752.763 1758.397
1697.886 1694.347 1690.132 1685.585 1681.613 1682.873 1685.432 1689.569 1693.595 1696.306 1699.356 1700.795 1702.299 1703.952 1706.877 1715.077 1718.611 1721.659 1724.313 1726.094 1726.844 1725.249 1723.701 1722.667 1724.401 1728.937 1745.877 1754.166 1760.431 1765.991 1770.972 1780.483 1787.095 1793.651 1799.5 1804.008 1809.456 1817.753 1818.572 1819.743 1820.498 1819.561 1814.119 1809.239 1804.376 1800.183 1796.703 1793.089 1785.009 1781.357 1778.081 1775.462 1776.98 1772.603 1770.122 1766.733 1762.943 1759.208 1752.8 1742.711 1744.303 1749.615 1755.394
1690.404 1686.884 1683.095 1678.6 1675.709 1677.741 1680.751 1684.628 1687.94 1690.531 1693.734 1694.49 1696.381 1700.07 1704.171 1710.737 1713.657 1716.447 1719.048 1720.573 1720.557 1719.183 1718.12 1718.98 1725.094 1733.727 1751.616 1758.696 1764.142 1769.106 1773.635 1783.089 1790.73 1796.87 1802.501 1806.396 1809.467 1811.919 1812.55 1813.281 1813.278 1812.014 1807.001 1802.365 1798.056 1794.313 1790.459 1786.179 1779.093 1776.359 1773.864 1775.462 1773.231 1768.535 1765.295 1761.882 1758.329 1752.408 1745.604 1738.443 1740.628 1745.945 1751.357
1682.251 1677.46 1672.446 1669.658 1669.844 1672.048 1675.792 1679.724 1682.745 1688.123 1690.208 1691.914 1694.01 1696.985 1700.442 1706.493 1708.96 1710.797 1712.645 1714.166 1715.249 1715.101 1716.6 1721.743 1729.889 1739.02 1756.209 1762.014 1767.307 1771.901 1776.042 1786.873 1794.179 1799.844 1804.765 1807.245 1807.418 1805.756 1806.295 1806.625 1806.25 1804.961 1799.522 1795.574 1791.955 1788.01 1783.66 1779.761 1773.815 1776.359 1773.864 1771.59 1769.049 1762.913 1759.634 1756.725 1751.606 1745.401 1739.078 1732.301 1735.893 1741.526 1746.625
1670.677 1667.395 1665.22 1664.574 1667.078 1669.282 1672.166 1676.14 1679.869 1685.86 1687.954 1690.221 1692.448 1694.181 1696.652 1702.42 1704.538 1705.959 1706.968 1708.11 1711.801 1714.137 1718.559 1726.501 1735.009 1743.457 1759.447 1764.648 1769.713 1774.3 1778.644 1790.097 1795.946 1801.403 1805.321 1806.232 1804.804 1801.782 1801.429 1800.88 1800.013 1798.639 1793.334 1789.662 1785.911 1781.95 1778.113 1779.761 1773.815 1771.298 1768.862 1766.376 1763.609 1757.422 1753.808 1749.77 1744.849 1739.114 1730.125 1728.935 1731.559 1736.71 1741.309
1662.038 1658.933 1657.87 1658.972 1666.181 1670.034 1673.991 1678.193 1682.331 1690.505 1692.55 1693.8 1694.752 1695.851 1697.512 1700.846 1702.39 1703.86 1705.236 1706.759 1712.812 1716.643 1721.556 1729.886 1738.191 1746.383 1761.368 1766.834 1771.711 1776.567 1781.46 1792.374 1796.711 1801.281 1803.731 1803.296 1801.317 1797.893 1796.987 1796.105 1794.912 1793.017 1787.551 1784.118 1780.383 1781.95 1778.113 1771.188 1768.203 1765.634 1763.215 1760.783 1757.993 1751.077 1747.34 1743.174 1738.482 1733.376 1724.542 1724.89 1729.02 1733.824 1739.39
1656.258 1655.49 1656.442 1659.668 1668.587 1672.906 1677.476 1682.365 1688.555 1698.395 1700.236 1702.124 1703.977 1705.746 1706.677 1706.449 1706.702 1707.591 1709.207 1711.306 1716.075 1719.596 1725.333 1732.769 1740.499 1748.78 1763.063 1768.647 1773.812 1778.929 1783.982 1793.533 1796.315 1799.219 1799.955 1798.891 1795.499 1793.426 1791.527 1789.966 1788.476 1786.784 1782.144 1784.118 1780.383 1776.763 1773.416 1765.411 1761.319 1759.063 1757.313 1754.84 1751.718 1744.624 1740.88 1736.657 1731.983 1726.198 1719.661 1722.833 1728.632 1734.212 1740.098
1652.873 1653.581 1656.909 1661.479 1670.774 1675.694 1680.685 1687.595 1695.1 1705.323 1708.481 1710.895 1712.409 1713.365 1713.884 1714.288 1714.729 1715.553 1717.194 1719.077 1723.078 1726.797 1731.828 1737.484 1743.689 1758.659 1764.926 1770.495 1775.886 1780.993 1785.961 1793.959 1795.782 1796.471 1796.189 1795.09 1790.205 1786.948 1784.12 1782.713 1781.645 1780.334 1782.144 1778.604 1774.9 1771.574 1768.18 1759.172 1755.201 1752.797 1750.842 1748.562 1745.532 1738.605 1734.956 1730.544 1725.015 1719.938 1717.752 1722.968 1729.176 1735.201 1741.108
1649.369 1653.533 1658.311 1663.178 1673.027 1678.199 1683.756 1692.017 1699.622 1710.064 1712.8 1715.249 1717.419 1718.806 1721.028 1722.26 1723.593 1724.958 1726.626 1728.816 1735.474 1738.876 1741.937 1745.141 1748.949 1760.749 1766.846 1772.501 1778.07 1782.819 1787.584 1794.215 1794.993 1794.661 1792.9 1790.464 1784.435 1780.944 1778.316 1776.686 1781.645 1780.334 1775.643 1772.41 1769.229 1766.164 1762.628 1753.941 1749.571 1746.718 1744.624 1742.13 1738.881 1732.281 1728.462 1723.676 1718.633 1714.22 1718.053 1723.468 1729.934 1736.235 1742.391
1649.13 1653.99 1658.956 1669.831 1674.832 1680.075 1686.065 1693.462 1701.264 1711.7 1715.483 1718.992 1722.119 1724.328 1727.962 1729.732 1731.657 1734.06 1736.723 1739.477 1745.734 1748.491 1750.626 1753.14 1756.333 1765.17 1769.903 1774.914 1779.718 1784.226 1788.888 1793.936 1792.941 1790.821 1787.919 1784.985 1778.861 1775.319 1778.316 1776.686 1775.36 1773.94 1769.649 1766.968 1764.311 1761.422 1757.85 1748.412 1743.874 1740.5 1737.693 1734.814 1728.877 1725.421 1721.335 1716.02 1710.717 1709.994 1718.407 1724.194 1730.9 1737.147 1743.606
1648.731 1654.021 1659.39 1671.198 1676.027 1681.387 1687.491 1694.338 1701.525 1712.275 1716.774 1721.161 1725.233 1728.796 1734.009 1736.335 1739.22 1741.93 1744.704 1747.491 1752.432 1755.132 1758.183 1761.523 1765.055 1771.927 1775.154 1778.708 1781.551 1785.222 1789.691 1789.685 1787.327 1784.537 1781.745 1779.045 1778.861 1775.319 1772.798 1770.988 1769.483 1766.555 1764.639 1762.274 1759.922 1757.047 1752.722 1742.523 1737.806 1734.189 1731.271 1728.613 1723.082 1719.179 1713.284 1707.648 1705.889 1708.764 1719.148 1725.202 1731.606 1737.886 1744.961
