var/www/cgi-bin/BAERTOOLS/ravel/working/ravel-27906.depgrd.txt
NCOLS 42
NROWS 41
XLLCORNER 277086.32
YLLCORNER 3844468.9
CELLSIZE 10
NODATA_VALUE -9999
0 0 0 0 20.548361 0 0 0 0 0 0 0 13.137515 0 0 0 14.938581 0 0 0 0 0 0 0 0 0 22.684138 0 0 0 0 0 0 0 21.213409 0 0 0.0059412141 0.0052806155 0.10337174 0.012373177 0.015081135 
0 0 0 18.927774 0 13.223259 0 0 0 0 -3.5527137e-15 0 0 4.9146696 1.7763568e-15 -7.1054274e-15 0 0 0 0 0 0 0 0 0 -3.5527137e-15 0 0 0 0 0 0.01179788 0 0 0 0 0 0 0.0012809276 0.027339792 7.1054274e-15 0.009486739 
0 0 0 0 26.252876 0 0 0 0 0 0 0 17.916852 0 5.9920283 -7.7715612e-16 0.019727576 0 0 0.030950946 0.071642071 0 0 0 0 3.5527137e-15 -3.5527137e-15 0 0 7.1054274e-15 3.5527137e-15 0.023581567 0 0 0 0 0 0 3.5527137e-15 0 0.029409492 0.020569083 
0 0 0 0 0 0 0 0 0 0 5.689893e-16 0 0 0.057744951 0 0 0 0.063462812 0 3.5527137e-15 0.044391901 0.024779441 0 0 -3.5527137e-15 0 0.02564499 -3.5527137e-15 3.5527137e-15 0 0 0 0.013104856 0 -3.5527137e-15 0 0 0 0 0 0 0 
26.410087 0 0 0 0 0 0 0 0 0 0.00084654968 0.0012320231 0.0069866428 -3.5527137e-15 0.013275073 0 0.019209822 0.00026151517 0.018340317 0.053136983 0.012511911 0.033940059 0 -3.5527137e-15 0.035650138 0 0.045065798 0.027474312 0.033995906 0.039815527 0.01753994 0.017026509 -7.1054274e-15 0 0 0.021281786 0 0 0 12.991144 5.0588745 0 
0 0 0.0073961916 0 0 0 0 0 0 0 0 0.022802361 0.0067286075 0.013212561 0.079039975 0.037064723 0.052985011 0.044065684 0.12595707 0.12142557 0.094180359 0.024952137 0 0 0.046356552 0.068680475 0 0.12313869 0.0034182155 0.043584915 0.053792839 0.011891858 0.021927307 0 -3.5527137e-15 -3.5527137e-15 0 0 0 0 0 0 
0 0 0.0078485263 0 0 -3.5527137e-15 0 0.025732306 0 0 7.1054274e-15 3.5527137e-15 0 0.062487694 0.026982482 0 0.074407146 0.049642553 0 0.20274548 0.34807793 0.019466934 0 0 0.007532528 0.19728915 0 0.23567553 0.081493002 3.5527137e-15 0.037792214 0.028667897 0 0 0.059831823 -3.5527137e-15 3.5527137e-15 0 -3.5527137e-15 0 0 0 
0 0.023126926 0.029594079 0 0 0.013298351 0 0.035766642 0 0 0 0 0 0.053555581 0.15896346 0.061453522 0 0.11833968 0.099147229 0 0.25560195 500.18424 97.135355 455.08284 0.20383038 0.11340707 0.21086048 0.15043468 0 0.06493041 -3.5527137e-15 0.069369295 0.068581804 -3.5527137e-15 -3.5527137e-15 0.031686748 0.03740414 0.015491318 -3.5527137e-15 3.5527137e-15 3.5527137e-15 0 
0 0.022228228 0.015135599 -3.5527137e-15 -3.5527137e-15 0.049722576 0.017313263 0.035564099 3.5527137e-15 0 0 -3.5527137e-15 0 0.040197007 0.10922013 0.064221353 0 0 0.086190004 0.15382995 0.17225238 315.29274 155.30134 25.002586 156.48273 0.11883838 0.27156028 0.061425617 0.072130526 0.034928222 0.033329244 0.18677569 0.032486288 0.049906148 -3.5527137e-15 0 0.079466902 7.1054274e-15 3.5527137e-15 0 0 0 
0.047051803 0.057872123 0.053627429 0.038399678 0.029261406 0.10743373 0.084888942 0.13025023 0 0.021428483 -3.5527137e-15 -3.5527137e-15 0.0031386139 0.036235672 0.179037 0.29050902 0.051553986 0 0 0.10375831 0.44416897 12.539679 0.18583241 481.71086 24.65673 0.35338621 0.28713846 0.053507688 0 0.071205083 0.1423295 0.11637657 0.076654983 0.11007273 0 0.049034825 0.042436107 7.1054274e-15 -3.5527137e-15 0 -3.5527137e-15 0 
0.036890021 -3.5527137e-15 0.035643653 0.03226623 0.12301876 0.070476308 0.13070392 0.15040695 0.001185414 0.031403751 0 0.086074175 0.031782779 0.073069096 7.1054274e-15 0.76416942 0.091197149 0.058935422 0.078445489 0.10816619 0.46905612 0.39418652 217.15588 0 0.24162901 0.30220207 0.046639306 0.073975959 0.047504658 0.12161383 0.036416204 0 0 0.09787335 0.067826243 0.031896314 0.18891501 -3.5527137e-15 -7.1054274e-15 -3.5527137e-15 -7.1054274e-15 0 
-3.5527137e-15 0.05035904 0.035895072 0 0.018378677 0.29637898 0.16995772 -3.5527137e-15 0.057218138 3.5527137e-15 0 0 0 0 0.061106081 0 0.12155799 594.07659 103.65128 55.134102 30.405061 0.56785603 0 0.14312428 0.25610139 0.84304716 0.1695808 0.082088529 0.13939635 0.11357697 0.048885637 0.15806104 0 0.035285468 0.0046225134 0.24365252 0.23567697 3.5527137e-15 0 0 3.5527137e-15 7.1054274e-15 
26.934803 3.5527137e-15 0.052704932 223.21518 976.47773 0.20830497 0.26664995 0.045339926 0.031596209 0.070243576 0 0 0 0 0 0 0.36412327 44.206861 0 0 0 0.38707732 0.55703365 0 0.33268977 0.5729848 0.13208577 0.23789969 0.10291884 0.1521169 0.12421846 0.19347344 0.071805799 0.042814077 0.12116078 0.32174325 0.15265889 0 -3.5527137e-15 0 -3.5527137e-15 -3.5527137e-15 
42.168786 94.966003 0.063343421 831.27465 265.44027 568.20108 241.528 0.035620132 0.045696094 0.026482364 0.062199882 0 0.10574437 0 0.068237016 0 0.44368755 0.35034666 73.089385 2.7298973 0 0.31947883 0.63278352 1.0972798 0.71956782 0.29303944 0.22809612 0.17130705 0.15148778 0.094319947 0.096430917 0.066518972 0.072899026 0.23163063 0.18323379 0.23675542 0.10610359 0.01490192 7.1054274e-15 0 0 0 
90.96392 0.11826587 1.7763568e-14 0.14217764 0.20669968 0.12982517 21.207295 273.21908 361.96175 434.63814 172.42984 0.31047822 0.016388153 4.3640939 785.90546 0.13133888 0.20814631 38.666605 0.1363861 0 0.31078478 1.4166111 0.7769827 0.8976388 0.44919045 0 0.28005516 0.13051528 0.068273649 0.12732113 0.21985879 0.082167439 0.049191574 0.25026638 0.13950292 0.20636555 0.2048366 0.04984908 -3.5527137e-15 -3.5527137e-15 7.1054274e-15 0 
0 0.081389158 0.11411709 0.28137981 0.30018765 0.20220992 0.062075929 0.10498056 0.11933828 0.14751822 0.36425985 1.9875593 2.2297542 28.726627 2830.9554 1097.6989 271.49368 6.3656244 1.841358 0.12481886 1843.2654 1.0675231 0.6021929 2652.2259 599.29146 388.39374 457.09817 0.29920961 478.26066 0 0 0.14658038 0.3372285 0.26422551 0.17974707 0.25390203 0.1720039 0.033995893 0.036675934 0 7.1054274e-15 0 
0.028380213 0.065471424 0.17902854 0.20235809 0.20555471 0.1788856 0.23052568 0.21913638 0.27755353 0.12606779 0.09890457 1.5331572 1.2746489 0.14447214 0 0 107.12772 0.058238267 0.53502957 0.30797291 0.46228453 0.18409706 1.1036437 2.1527665 1.4452497 0.77633837 58.939684 2.8208185 373.80322 1504.4714 0.22705081 0.084922607 0.37822468 1.1571739 1244.8483 0.21944036 0.079356438 -3.5527137e-15 0.073539025 3.5527137e-15 -7.1054274e-15 0.03929018 
0 0.105202 0.18943491 0.24729708 0.21501924 0.091370598 0.12297947 0.1356338 0.11116814 0.31836763 0.37126584 1.6491421 0.49878494 0.45635005 1279.3934 202.71002 0.067355846 0.056598788 0.3349569 0.39154052 0.073797005 0.11938241 0.66860935 1.8234956 0.23171047 0.28319168 0.18833873 0.25225527 0.10303354 0.19468713 0.096675483 0.45538909 0.84131309 2.8921895 1223.0543 -7.1054274e-15 225.98388 0.083997632 3.5527137e-15 0.019495021 0.19097875 0.0047669633 
0.069428332 0.085186776 0.052562011 0.24226678 0.094460846 0.079582621 0.11202372 0.12419692 0.14302193 0.15014056 3.4061269 1.2534563 0.14507092 1.087459 0.27299796 -3.5527137e-15 0.077483861 0.13728411 0.41809226 0.4478589 0.15092308 0.23840003 0.49841941 0.15636089 0.11849917 0.036163324 0.093814158 0.047567408 0.044640608 0.12991964 0.21192255 0.14559878 0.15502026 0.18352295 0.14354294 14.398227 1434.8965 853.99935 0.27155711 -7.1054274e-15 0 0 
0.044808472 0.072322544 0.061560574 0.1510799 0.035485592 0.031045478 0.095000775 0.18698739 0.10518662 0.084319879 1.8174109 1.1175565 0.21678919 2.1184588 0.21404929 0.23586096 0.13445745 0.12669655 0.39767731 0.26924062 0.1956641 0.34231537 0.1482004 0.10348381 0.04895483 0.1105025 0.11978 -7.1054274e-15 0.026254295 0.090112222 0.15026118 0.2049582 0.12861303 0.075583865 0.12329375 3.5527137e-15 0.045106296 692.8219 82.712704 3.5527137e-15 0.027717407 0 
0 0.033189634 0.034120204 0.092566618 0.086689163 0.13200831 0.048013012 0.048166606 0.18916406 0.26016573 1.8252694 0.26531892 0.60733829 0.21934257 0.25253264 0.19875026 0.058001567 0.11108423 0.61210881 0.19997645 0.37062314 0.19116601 0.090877294 0.033296035 0.046864734 0.064909327 0.20009025 3.5527137e-15 0.063000175 0.17331137 0.23998273 0.081507759 0.10030027 0.034361224 0 0.029337196 1.0658141e-14 85.77999 92.358471 -1.0658141e-14 0.0058905751 0 
0.059749118 0 0.22691879 0.030323188 0.063249725 0.069300907 0.046411151 0.23504557 0.048013607 0.21881029 2.1989848 0.89043051 0.85979407 0.1328756 0.23383762 0.13580021 0.12585098 0.079862042 0.16012293 0.17042755 0.12767247 0 0.024613726 1.0658141e-14 3.5527137e-15 0.15512644 0.15941451 0.19141454 0.1163611 -3.5527137e-15 1.4210855e-14 -1.7763568e-14 3.5527137e-15 0.028516064 0.00772675 -1.0658141e-14 0.16332806 0.22696028 0 386.09698 0 0 
0.10213912 0.029075783 0.33998769 0.055992644 0.10760855 0.15884887 0.056937547 0 0.075044548 1.9444833 0.71700475 0.67191094 0.34066387 0.060216806 0.24120569 0 0.22565529 0.13461007 0.44117739 0.36146629 0.86419327 0.11791618 0.027438668 -7.1054274e-15 0.1484936 0.14317157 3.5527137e-15 7.1054274e-15 0.046213629 -7.1054274e-15 1.0658141e-14 0.040600996 0.032302967 0 0.048344548 0.068164827 0.06074926 0.048786743 126.2913 0 106.30455 0 
0.11228061 0.060045259 0.21462431 0.14625761 3.5527137e-15 0.078098401 0.12083984 0.095002663 0.27151977 1.7002252 0.65948759 0.17671001 0.13791393 0.15149806 0.22841981 0.16938453 0.17724332 0.49221834 0.93340744 0.31535979 0.13245384 0 0.028218881 0.10253835 0.030926116 0.01399726 0.096560471 0.068191549 0.059151541 -3.5527137e-15 -7.1054274e-15 0.0172541 0.039062318 0.018526719 0.052048656 0.04097968 1.4210855e-14 0.035928767 0.33928031 62.371912 865.1861 80.81329 
0 0.094242759 0.27059877 0.32759364 0.061142695 0.059563321 0.092319613 0.087174226 0.36215145 1.1604182 0.16180481 1.017409 0.27009831 0.21736125 0.25076564 0.27765251 0.087093311 0.22492345 0.48586355 0.088121055 0.15853932 0.045891984 0.039066709 0.066227268 0.082462819 0.079376092 3.5527137e-15 -1.0658141e-14 0.031414779 3.5527137e-15 0.017535773 0.014994213 0.049169497 0 0 0.0055526362 0.24973154 0.21765731 0.056436958 3.5527137e-15 0.007062981 34.566516 
0.13567659 0.02310752 0.17906953 0.055807758 0.071656267 0.04968493 0.13374797 0.074383998 0.90659758 0.58582676 0.47334279 0.45286492 0.25523557 0.20478295 0.16256531 0.27279967 0.27342032 0.23080657 0.12593351 0.37915752 0.032070614 0.07544001 0 0.074906698 0.03600373 0.022260175 0.029114405 0 0.031123742 0 1.0658141e-14 0.020694743 3.5527137e-15 0.031344952 0.020395851 0.11543711 0.015902118 0.034616992 3.5527137e-15 3.5527137e-15 3.5527137e-15 0.028554877 
0.1871567 0.40658738 0 0.066279087 0.08992895 0.034856458 0.016902371 0.200897 0.16977641 0.67466682 0.24896937 0.27541584 0.18798649 0.047388838 0.18364811 0.19246076 0.24603235 0.11792327 0.16453992 0.23335646 0.017450177 0 0.044597693 0.079010929 -7.1054274e-15 0.054311944 -3.5527137e-15 1.0658141e-14 0 0 0.038910087 0 0.013003819 0.0089330775 0.12176862 0.022471035 0.0021760045 0 0 0 0 0 
0.12877485 0.039319705 0 1.4210855e-14 0.079081235 0.0087470761 0.055880949 0.57362965 0.039032179 0.55174446 0.27508124 -1.0658141e-14 0.03472606 0.01972931 -3.5527137e-15 -1.0658141e-14 0.061076273 0.22665636 0.10180728 0.24332358 0 0.022038043 0.046173734 0.016135937 0.0011358364 0 -3.5527137e-15 0 0.046374677 0 0.10478091 0.027189415 3.5527137e-15 0.057388006 0.10191276 0.021504735 0.020777893 0.047815604 0 0 0 0.060306485 
0.19393598 0.048954678 0.05530776 0.035581548 0.038861011 0 0.18474242 0.16303747 2.8421709e-14 0.61064071 0.37670492 0.14585409 1.0658141e-14 0.014952592 0.059846966 0.027450641 0.019468659 -2.1316282e-14 0.13674189 0 -3.5527137e-15 0.035964834 -3.5527137e-15 0.090183831 0 0.014293576 0 0.039547467 0 0.031209704 0.021574119 0.01691273 0 0.028576013 0.026402182 0.019379175 0.04228663 0 0 0.018306832 0.23430105 0.9811713 
0.02135953 0.14688051 0.097530427 0 0.00078272598 0 0.36276384 0.060447652 0.058169059 0.40561774 0.36686482 0.2100281 0 -3.5527137e-15 0 0.065046923 7.1054274e-15 0.17671074 1.4210855e-14 0 7.1054274e-15 -3.5527137e-15 0.050855175 0 7.1054274e-15 -1.0658141e-14 0.03418408 0.055287736 0.029295529 0.11331428 0.21057852 0.081023122 0.046257497 0.060743189 0.066387895 0.021578104 0.02663809 0.038497697 0.028570272 0 3.6588084 3592.8781 
0.10220522 0.037102607 0 -3.5527137e-15 0.00091262357 0.01037467 0.15008292 -3.5527137e-15 0.073481886 0.32611375 0.21938686 0.2411166 0 0.13620153 0.053347861 -1.0658141e-14 0.046488134 -3.5527137e-15 0 0.03514035 0 0 0 0.050280314 -3.5527137e-15 0.081884465 0.19000792 0.046557693 0.093483501 0.24423112 0.030974401 0.0827306 0.056545667 0.037922751 0.013807236 0.11158379 0.050074946 0.016767216 48.72673 3.6866323 -1.0658141e-14 0 
-7.1054274e-15 0.035234655 0.016488417 -3.5527137e-15 0.067938161 0.016260827 0.064442092 1.4210855e-14 0.035671335 0.23491602 0.11783172 0.19274912 0.15462729 0.090666837 0.04761307 1.4210855e-14 7.1054274e-15 0 0 0 0.080799557 0 0 0.019932912 0.046064374 0.047764457 0.090789639 0.25703797 0.11612015 0.049796179 0.016490261 -3.5527137e-15 0.031016045 0.093579917 0.048739748 0.028062277 0.065194743 3.1057943 2.1951669 9.5281858 7.1054274e-15 3.5527137e-15 
1.4210855e-14 7.1054274e-15 0 0.031411963 0.075476849 0.13355053 -3.5527137e-15 0 0.047280446 0.08725593 0.12834723 0.11808905 0 0.037108703 7.1054274e-15 -3.5527137e-15 0 0 0.036636727 0.021532832 0.025490917 0 0 0.0045552752 0.050612542 0.096701914 0.039403233 0.16373469 0.42032001 0.098300464 0.067796323 0.049683797 0.016880386 0.033562673 0.051848255 4.3140132 0.79947191 -3.5527137e-15 7.1054274e-15 0 -3.5527137e-15 3.5527137e-15 
-1.0658141e-14 0 -3.5527137e-15 0.025204295 0.053912493 0.08981191 7.1054274e-15 0.043991417 0.06350199 0.066130998 -1.0658141e-14 -3.5527137e-15 0.10316951 -1.0658141e-14 0 0 -3.5527137e-15 3.5527137e-15 0 0.025349562 0.019026982 0.058705915 0.05595061 0.00903083 0.034407504 0.029002686 0.10734871 7.1054274e-15 0.5553453 0.31551924 0.09733183 0.13383243 0.13587485 5.1991418 981.15677 0 26.011848 0 1.4210855e-14 0 0 -3.5527137e-15 
1.0658141e-14 -7.1054274e-15 -3.5527137e-15 -3.5527137e-15 0.016608648 0.041665294 -3.5527137e-15 0.021046808 0.032115688 0.060724846 0.077949852 -3.5527137e-15 3.5527137e-15 3.5527137e-15 0 0 0 0 3.5527137e-15 3.5527137e-15 0 0.044821835 0.046785822 0 0.061933395 0.066225873 0.069602675 0.030338768 0.55579171 0.32829006 0.2085207 0.24450902 2.1277757 1.2032062 830.7137 -3.5527137e-15 0 -3.5527137e-15 3.5527137e-15 0 3.5527137e-15 0.058913076 
-3.5527137e-15 7.1054274e-15 0 -3.5527137e-15 0.012224654 0.029035345 -3.5527137e-15 0.029589548 0.039110266 0.049856033 -3.5527137e-15 0.036137925 3.5527137e-15 3.5527137e-15 0 -3.5527137e-15 0 0 0 0 0.036922917 0.063341135 0.089706532 0.051277302 0.026310895 0.090416991 0.20638741 0.26996261 0.18139331 42.054455 0.5841975 0.72422654 0.32629712 0.008191611 0.028303423 -7.1054274e-15 3.5527137e-15 0 0 0 -3.5527137e-15 4.1633363e-17 
1.4210855e-14 1.0658141e-14 0 -7.1054274e-15 0.012312141 0 7.1054274e-15 -7.1054274e-15 3.5527137e-15 -3.5527137e-15 0 0 0 0 0 0 0.019438254 0.021979682 3.5527137e-15 0.13714401 0.058877562 0.085597368 0.097001909 0.02907578 0.15466693 0.18019196 0.11151776 0.74656742 1.2859985 0.16418553 263.9569 0.048710235 0.043103208 0.011299874 0.035185091 -7.1054274e-15 3.5527137e-15 0 0 0.028039602 0 0 
3.5527137e-15 0 0 3.5527137e-15 0 3.5527137e-15 0.11785557 0.041663982 0 0 0 0 3.5527137e-15 0 0 -7.1054274e-15 -3.5527137e-15 0.028092693 0.096833846 -7.1054274e-15 0.14710756 0.22906985 0.13373161 0.056918149 0.12422019 0.15422786 2.8267565 1.0205831 12.144435 0 0 -3.5527137e-15 0.0039174621 0.065122793 0.030894156 -3.5527137e-15 0 -3.5527137e-15 0 -7.1054274e-15 0.01796758 0.053929211 
1.0658141e-14 -3.5527137e-15 3.5527137e-15 -3.5527137e-15 0 -3.5527137e-15 0 0 0 0 0 0 3.5527137e-15 7.1054274e-15 0 3.5527137e-15 0.03842989 0.055744502 -3.5527137e-15 0.19959538 0.17419158 0.15703767 0.1777625 0.17850647 0.011125628 0.88655799 1.3910264 5.4584475 0.023661515 0 3.5527137e-15 -3.5527137e-15 0 0.020356455 0.017882403 0 -3.5527137e-15 -3.5527137e-15 0 0.027574062 -1.0658141e-14 180.18157 
-3.5527137e-15 0 0 0 0.023559803 0.004315451 0.021537791 0 0 0.031011046 0 0.094267434 0.0479447 0.1642731 0.13016643 0.032593461 0.059389909 1.4210855e-14 0.075984192 0.12159677 0.1630608 0.13368672 0.31308519 0 0.081133242 0.47586054 0.22663283 0 0.036224553 0 0 0 0 0.0015142584 3.5527137e-15 0 0 0 0 3.5527137e-15 -3.5527137e-15 81.130574 
0 0 0 0 0 -7.1054274e-15 0 0 0 0.051460808 0.039145097 0.040015818 0.068730029 0.025248258 0.09580989 0.17156581 0.14770253 0.12312621 1.4210855e-14 0.12888529 0.062339637 0.28981633 0.09148802 0.24937738 0 0.27640074 0 0 0 0 0 0 0 0 0 0 0 0 0 0 3.5527137e-15 0 
