var/www/cgi-bin/BAERTOOLS/ravel/working/ravel-29539.DEM
NCOLS 90
NROWS 110
XLLCORNER 367236.48
YLLCORNER 4195790.7
CELLSIZE 10
NODATA_VALUE -9999
[rows 0 to 27 of 110, columns 0 to 62 of 90]
1816.443 1816.634 1816.998 1817.709 1818.865 1820.246 1822.99 1824.488 1825.951 1827.406 1831.331 1834.085 1837.084 1839.898 1842.475 1846.94 1849.055 1850.998 1852.816 1856.729 1858.66 1860.415 1862.19 1865.333 1866.867 1868.432 1870.034 1871.602 1875.134 1877.021 1878.985 1881.061 1885.411 1887.752 1890.116 1892.377 1896.596 1898.489 1900.265 1901.931 1903.37 1905.585 1906.459 1906.946 1907.184 1907.445 1907.434 1907.173 1906.358 1905.076 1899.562 1895.943 1892.534 1889.316 1882.339 1878.738 1874.998 1871.139 1864.483 1861.804 1859.111 1856.337 1853.404
1816.05 1816.293 1816.691 1817.302 1818.328 1819.79 1822.799 1824.429 1825.951 1827.406 1830.828 1833.549 1836.674 1839.541 1844.279 1846.189 1848.095 1849.979 1851.689 1855.124 1856.923 1858.629 1860.257 1863.317 1864.853 1866.401 1867.966 1869.523 1872.91 1874.775 1876.674 1878.6 1882.869 1885.29 1887.765 1890.174 1894.429 1896.341 1898.234 1900.008 1901.603 1904.292 1905.326 1906.228 1906.821 1907.141 1907.288 1907.169 1906.458 1905.365 1900.726 1897.403 1894.239 1891.284 1884.161 1880.748 1877.048 1872.637 1865.273 1862.576 1859.946 1857.369 1854.682
1816.146 1816.197 1816.372 1816.885 1817.9 1819.366 1822.799 1824.429 1825.952 1827.422 1830.866 1833.417 1836.363 1839.238 1843.755 1845.512 1847.263 1849.018 1850.644 1853.742 1855.21 1856.727 1858.306 1861.307 1862.785 1864.288 1865.823 1867.396 1870.674 1872.442 1874.268 1876.153 1880.161 1882.554 1885.143 1887.725 1892.23 1894.147 1896.025 1897.903 1899.61 1902.784 1904.069 1905.078 1905.978 1906.688 1906.861 1906.97 1906.444 1904.037 1901.477 1898.369 1895.256 1892.098 1885.52 1882.264 1878.613 1874.052 1865.9 1863.268 1860.866 1858.365 1855.773
1815.842 1816.073 1816.307 1816.8 1817.9 1819.366 1822.863 1824.531 1826.074 1827.604 1831.006 1833.272 1836.045 1839.059 1843.107 1844.772 1846.332 1847.932 1849.578 1852.427 1853.594 1854.828 1856.281 1859.336 1860.798 1862.258 1863.745 1866.769 1868.382 1870.085 1871.859 1873.656 1877.53 1879.64 1882.082 1884.785 1889.757 1891.872 1893.787 1895.646 1897.478 1900.826 1902.45 1903.832 1904.861 1906.327 1906.644 1906.59 1906.199 1904.429 1902.067 1898.975 1895.898 1892.873 1886.516 1883.344 1879.718 1875.369 1866.588 1863.84 1861.59 1859.234 1853.903
1815.665 1816.082 1816.43 1816.8 1817.762 1821.029 1822.998 1824.861 1826.431 1827.859 1831.17 1833.454 1835.997 1838.611 1842.508 1844.113 1845.585 1847.07 1848.567 1851.278 1852.335 1853.35 1854.544 1857.371 1858.809 1860.21 1861.616 1864.517 1866.03 1867.656 1869.413 1871.234 1874.92 1876.93 1879.124 1881.56 1886.938 1889.439 1891.635 1893.448 1896.891 1898.639 1900.392 1902.092 1903.57 1905.816 1906.264 1906.023 1905.803 1904.182 1902.112 1899.355 1896.389 1893.457 1887.31 1884.195 1880.799 1876.694 1867.344 1864.356 1862.159 1859.893 1855.145
1815.634 1816.082 1816.43 1817.143 1818.333 1821.835 1823.746 1825.615 1827.207 1828.581 1831.673 1833.749 1836.078 1838.384 1841.956 1843.561 1844.964 1846.275 1849.037 1850.22 1851.234 1852.187 1853.142 1855.437 1856.781 1858.116 1859.429 1862.25 1863.734 1865.297 1866.954 1868.702 1872.413 1874.358 1876.358 1878.513 1883.625 1886.359 1888.837 1890.902 1894.339 1896.147 1897.99 1899.804 1901.53 1904.189 1905.066 1905.592 1905.576 1903.832 1901.926 1899.564 1896.884 1894.041 1888.1 1885.002 1881.764 1877.901 1868.066 1864.839 1862.597 1860.33 1855.714
1815.634 1816.181 1816.825 1817.917 1819.487 1822.891 1824.652 1826.517 1828.257 1829.673 1832.606 1834.385 1836.468 1838.388 1841.633 1843.19 1844.533 1845.705 1848.094 1849.22 1850.221 1851.086 1851.965 1853.781 1854.76 1855.873 1857.24 1859.965 1861.463 1863.022 1864.628 1866.248 1869.843 1871.785 1873.721 1875.749 1880.284 1882.882 1885.495 1887.804 1891.659 1893.415 1895.244 1897.135 1898.878 1902.057 1903.255 1903.802 1903.666 1902.863 1901.422 1899.419 1896.97 1891.904 1888.984 1885.739 1882.477 1878.781 1868.601 1865.148 1862.893 1860.55 1855.931
1815.483 1816.547 1817.362 1818.713 1820.62 1824.316 1826.025 1827.716 1829.42 1830.887 1833.702 1835.206 1836.946 1838.644 1841.694 1843.137 1844.312 1845.359 1847.248 1848.252 1849.218 1850.046 1850.841 1852.374 1853.105 1853.921 1855.024 1857.633 1859.107 1860.66 1862.266 1865.47 1867.207 1869.085 1871.045 1873.052 1877.295 1879.628 1882.103 1884.486 1888.708 1890.601 1892.402 1894.233 1896.063 1899.527 1900.613 1901.126 1901.387 1901.511 1900.405 1898.755 1897.075 1892.749 1889.956 1886.694 1883.236 1879.408 1869.078 1865.296 1862.911 1860.55 1855.931
1815.741 1816.999 1818.219 1819.945 1821.997 1825.935 1827.718 1829.347 1830.762 1833.441 1834.827 1836.22 1837.568 1838.897 1841.824 1843.176 1844.213 1845.08 1846.657 1847.407 1848.194 1848.986 1849.655 1850.98 1851.67 1852.393 1853.167 1855.258 1856.7 1858.35 1859.94 1863.051 1864.723 1866.431 1868.236 1870.259 1874.3 1876.58 1878.917 1881.149 1885.366 1887.466 1889.491 1891.414 1893.156 1896.323 1897.39 1898.326 1899.098 1899.54 1898.912 1898.123 1896.97 1893.619 1890.998 1887.733 1883.985 1880.063 1869.575 1865.296 1862.911 1860.507 1855.586
1816.258 1817.809 1819.309 1821.382 1823.576 1827.911 1829.634 1830.969 1832.104 1834.355 1835.519 1836.761 1838.105 1839.423 1841.915 1843.164 1844.073 1844.818 1846.118 1846.672 1847.227 1847.813 1848.411 1849.656 1850.271 1850.956 1851.665 1853.376 1854.58 1856.013 1857.646 1860.774 1862.367 1863.994 1865.61 1867.281 1871.094 1873.253 1875.509 1877.64 1881.72 1883.881 1886.033 1888.165 1892.024 1893.348 1894.68 1896.018 1896.599 1897.328 1897.485 1897.247 1896.561 1894.236 1892.24 1888.87 1884.479 1880.109 1869.575 1865.553 1862.794 1859.986 1855.023
1816.79 1819.002 1820.91 1823.01 1825.238 1829.582 1831.099 1832.072 1833.016 1834.822 1835.897 1837.065 1838.293 1839.608 1841.832 1842.88 1843.748 1844.442 1845.446 1845.956 1846.345 1846.72 1847.704 1848.269 1848.842 1849.463 1850.182 1851.718 1852.733 1853.971 1855.426 1858.502 1859.987 1861.472 1863.008 1864.522 1867.66 1869.591 1871.679 1873.816 1878.098 1880.154 1882.14 1884.244 1888.743 1890.492 1891.813 1892.942 1893.962 1895.3 1895.657 1895.961 1895.931 1894.596 1893.091 1889.77 1884.479 1880.109 1869.734 1865.511 1862.279 1859.068 1853.988
1818.484 1820.131 1822.2 1824.367 1826.588 1830.458 1831.723 1832.631 1833.394 1834.971 1835.926 1837.024 1838.071 1839.158 1841.425 1842.312 1843.141 1843.746 1844.677 1845.053 1845.383 1845.7 1846.398 1846.775 1847.171 1847.663 1848.333 1849.971 1851.002 1852.079 1853.329 1856.183 1857.589 1859.029 1860.473 1863.278 1864.704 1866.08 1867.643 1869.831 1874.147 1876.234 1878.041 1879.641 1883.925 1886.047 1887.983 1889.739 1891.096 1892.899 1893.635 1894.506 1895.001 1894.647 1893.091 1889.77 1884.831 1874.429 1869.068 1864.693 1861.13 1857.368 1852.475
1819.766 1821.333 1823.169 1825.471 1827.607 1831.022 1831.962 1832.771 1833.491 1834.908 1835.651 1836.527 1837.52 1839.567 1840.569 1841.5 1842.273 1842.87 1843.777 1844.013 1844.276 1844.531 1845.034 1845.283 1845.53 1845.84 1846.295 1847.618 1848.718 1849.925 1851.182 1853.792 1855.191 1856.632 1858.055 1860.682 1862.008 1863.364 1864.717 1866.179 1869.986 1872.041 1873.942 1875.638 1878.741 1880.817 1883.256 1885.503 1887.423 1890.489 1891.65 1892.699 1893.721 1894.647 1893.195 1889.88 1884.866 1873.894 1868.489 1864.383 1860.789 1856.05 1852.074
1821.098 1822.517 1824.148 1826.337 1828.212 1831.153 1831.856 1832.581 1833.314 1834.581 1835.156 1835.832 1836.701 1838.449 1839.473 1840.425 1841.12 1841.757 1842.665 1842.838 1843.021 1843.251 1843.655 1843.823 1843.961 1844.068 1844.254 1845.2 1846.147 1847.295 1848.654 1851.324 1852.76 1854.251 1855.661 1858.28 1859.492 1860.704 1861.989 1863.338 1866.278 1868.061 1870.108 1871.91 1875.042 1876.824 1878.982 1881.142 1884.934 1886.766 1888.447 1892.699 1893.721 1894.579 1893.192 1890.044 1885.044 1874.26 1869.17 1865.052 1861.728 1857.659 1853.015
1821.583 1823.304 1825.154 1826.865 1828.317 1830.903 1831.589 1832.229 1832.877 1833.982 1834.466 1835.04 1835.677 1837.129 1838.061 1838.946 1839.682 1840.316 1841.096 1841.212 1841.382 1841.616 1842.017 1842.124 1842.153 1842.14 1842.311 1842.769 1843.593 1844.622 1845.783 1848.511 1850.027 1851.592 1853.087 1855.97 1857.161 1858.234 1859.359 1860.621 1863.435 1864.943 1866.722 1868.663 1871.598 1873.372 1875.338 1877.1 1880.553 1886.766 1888.447 1889.865 1891.095 1892.996 1892.611 1890.19 1885.898 1876.336 1871.263 1866.648 1863.444 1860.554 1854.487
1822.045 1823.695 1825.497 1827.263 1829.753 1830.694 1831.295 1831.827 1832.339 1833.405 1833.755 1834.056 1834.493 1835.669 1836.469 1837.333 1838.053 1838.626 1839.369 1839.525 1839.61 1839.786 1840.037 1840.094 1840.143 1840.187 1840.397 1840.769 1841.333 1842.045 1842.949 1845.426 1846.946 1848.628 1850.281 1853.268 1854.497 1855.661 1856.839 1858.015 1860.665 1862.26 1863.947 1865.536 1867.982 1869.657 1871.608 1877.1 1880.553 1882.441 1884.277 1885.986 1887.541 1890.157 1890.256 1889.138 1886.655 1879.65 1875.25 1870.007 1865.854 1859.755 1857.227
1822.221 1823.786 1825.351 1826.871 1829.359 1830.235 1830.886 1831.421 1831.94 1832.749 1832.988 1833.147 1833.369 1834.227 1834.957 1835.737 1836.299 1836.789 1837.544 1837.773 1837.844 1837.853 1838.075 1838.128 1838.158 1838.139 1838.421 1838.836 1839.297 1839.806 1840.529 1842.309 1843.699 1845.52 1847.244 1850.193 1851.518 1852.77 1854.01 1856.582 1858.027 1859.488 1860.963 1862.327 1864.613 1866.167 1871.608 1873.491 1876.727 1878.25 1879.833 1881.503 1883.109 1885.784 1886.554 1886.615 1885.987 1882.315 1878.315 1872.515 1867.008 1862.861 1860.753
1822.125 1823.464 1824.81 1826.115 1828.498 1829.423 1830.254 1830.864 1831.428 1832.218 1832.277 1832.181 1832.353 1832.863 1833.404 1834.094 1834.625 1835.364 1835.636 1835.835 1835.945 1835.979 1836.014 1836.089 1836.111 1836.094 1836.413 1836.729 1837.183 1837.716 1838.265 1840.018 1841.232 1842.736 1844.309 1847.088 1848.431 1849.74 1851.008 1853.755 1855.333 1856.808 1858.022 1859.252 1864.613 1866.167 1868.049 1869.913 1873.157 1874.608 1875.94 1877.261 1878.639 1881.374 1882.45 1882.922 1883.086 1882.058 1879.158 1874.724 1869.664 1865.436 1863.538
1821.624 1822.794 1824.018 1825.151 1827.381 1828.311 1829.272 1830.1 1830.599 1831.156 1831.187 1831.093 1831.202 1831.579 1831.897 1832.38 1832.795 1833.498 1833.731 1833.859 1833.981 1834.043 1834.037 1833.966 1833.947 1833.931 1834.097 1834.256 1834.602 1835.125 1835.591 1837.642 1838.806 1840.152 1841.4 1844.024 1845.413 1846.744 1848.084 1850.876 1852.521 1854.004 1858.022 1859.252 1861.758 1863.307 1865.014 1866.731 1869.779 1871.063 1872.275 1873.526 1876.134 1877.471 1878.675 1879.693 1880.549 1880.471 1878.751 1876.061 1872.762 1867.852 1866.037
1820.799 1821.846 1822.917 1823.963 1825.929 1826.966 1827.992 1828.729 1829.177 1829.573 1829.691 1829.769 1829.836 1830.27 1830.505 1830.773 1831.025 1831.564 1831.821 1831.999 1832.108 1832.089 1832.033 1832.011 1831.936 1831.764 1831.816 1831.952 1832.096 1832.33 1833.608 1834.774 1836.103 1837.428 1838.683 1841.198 1842.447 1843.729 1845.05 1847.704 1849.145 1854.004 1855.167 1856.355 1858.733 1860.151 1861.781 1863.407 1866.55 1867.809 1868.721 1869.521 1871.632 1873.051 1874.535 1875.878 1877.039 1877.999 1877.199 1875.619 1873.132 1869.365 1867.703
1819.868 1820.759 1821.689 1822.637 1824.293 1825.168 1826.035 1826.723 1827.639 1827.795 1827.95 1828.141 1828.255 1828.608 1828.805 1828.948 1829.113 1829.633 1829.919 1830.142 1830.17 1830.141 1830.08 1830.075 1829.948 1829.605 1829.582 1829.627 1829.698 1829.801 1830.84 1832.032 1833.241 1834.506 1835.759 1838.277 1839.543 1840.809 1842.037 1847.704 1849.145 1850.512 1851.865 1854.444 1855.72 1856.961 1858.191 1859.615 1862.741 1864.026 1864.858 1865.479 1866.941 1868.234 1869.848 1871.411 1872.789 1874.457 1874.198 1873.659 1872.019 1869.825 1868.441
1818.81 1819.609 1820.455 1821.28 1822.619 1823.276 1823.936 1824.531 1825.457 1825.72 1825.965 1826.172 1826.374 1826.79 1826.929 1826.993 1827.144 1827.696 1827.884 1827.998 1828.027 1827.965 1827.871 1827.8 1827.728 1827.526 1827.338 1827.344 1827.407 1827.565 1828.547 1829.365 1830.441 1831.689 1832.86 1835.373 1836.632 1840.809 1842.037 1844.203 1845.411 1846.718 1848.047 1850.81 1852.266 1853.549 1854.646 1855.79 1858.231 1859.449 1860.548 1861.441 1863.092 1864.22 1865.651 1867.152 1868.513 1870.605 1870.678 1870.741 1870.681 1869.842 1868.81
1817.767 1818.499 1819.259 1819.969 1820.902 1821.335 1821.889 1822.438 1823.252 1823.534 1823.781 1824.049 1824.254 1824.825 1824.985 1825.054 1825.272 1825.618 1825.67 1825.737 1825.757 1825.672 1825.612 1825.517 1825.464 1825.358 1825.337 1825.184 1825.143 1825.376 1826.29 1826.999 1827.93 1828.948 1830.061 1835.373 1836.632 1837.869 1839.029 1841.004 1841.921 1842.956 1844.161 1846.769 1848.135 1849.461 1850.758 1851.964 1854.17 1855.322 1856.36 1857.394 1859.519 1860.691 1862.022 1863.413 1866.054 1867.041 1867.695 1868.147 1868.486 1868.816 1868.218
1816.772 1817.383 1818.004 1818.339 1819.138 1819.499 1819.85 1820.207 1820.85 1821.102 1821.331 1821.64 1821.99 1822.731 1822.978 1823.106 1823.316 1823.451 1823.412 1823.324 1823.289 1823.111 1823.124 1823.173 1823.22 1823.275 1823.275 1823.154 1822.986 1822.786 1823.212 1823.928 1824.903 1825.932 1831.312 1832.528 1833.7 1834.877 1836.043 1838.161 1839.049 1839.904 1840.796 1842.762 1843.946 1845.288 1846.791 1848.171 1850.577 1851.619 1852.63 1853.657 1855.793 1856.931 1858.159 1859.438 1861.994 1863.098 1864.139 1864.917 1865.159 1865.872 1865.495
1815.684 1816.178 1816.552 1816.838 1817.327 1817.559 1817.8 1818.04 1818.527 1818.693 1818.932 1819.238 1820.111 1820.557 1820.891 1821.134 1821.266 1821.416 1821.354 1821.157 1820.806 1820.513 1820.574 1820.748 1820.974 1821.193 1821.336 1821.122 1820.793 1820.405 1819.776 1820.227 1824.903 1825.932 1828.5 1829.722 1830.926 1832.1 1833.193 1835.396 1836.331 1837.175 1838.013 1839.676 1840.519 1841.668 1843.129 1844.514 1847.163 1848.214 1849.202 1850.224 1852.215 1853.229 1854.27 1855.367 1857.662 1858.79 1859.88 1860.766 1861.013 1861.515 1861.281
1814.245 1814.615 1814.835 1815.03 1815.413 1815.385 1815.515 1815.732 1816.145 1816.383 1816.658 1816.971 1818.038 1818.479 1818.812 1819.082 1819.291 1819.571 1819.414 1819.074 1818.618 1817.946 1818.08 1818.444 1818.818 1819.12 1819.341 1818.982 1818.518 1818.074 1819.776 1820.227 1821.366 1822.805 1825.581 1826.852 1828.133 1829.378 1830.571 1832.987 1833.83 1834.629 1835.413 1837.049 1837.949 1838.973 1840.073 1842.644 1843.89 1844.912 1845.852 1846.83 1848.747 1849.71 1850.643 1851.569 1853.6 1854.754 1855.68 1856.18 1856.38 1857.058 1856.931
1812.684 1812.918 1813.009 1813.094 1812.877 1812.788 1812.835 1813.043 1813.556 1813.853 1814.179 1814.714 1815.868 1816.36 1816.742 1817.023 1817.31 1817.674 1817.529 1817.089 1816.574 1816.017 1816.091 1816.383 1816.745 1817.435 1817.284 1816.786 1816.357 1818.074 1817.116 1817.185 1818.168 1819.661 1822.63 1823.956 1825.218 1826.557 1828.028 1830.673 1831.418 1832.134 1832.919 1834.562 1835.401 1836.32 1837.387 1839.662 1840.713 1841.642 1842.55 1843.489 1845.317 1846.254 1847.116 1847.889 1849.629 1850.617 1851.395 1851.82 1852.553 1852.917 1852.931
1810.964 1811.077 1811.052 1810.934 1810.27 1809.568 1809.552 1809.786 1810.376 1810.894 1811.549 1812.163 1813.645 1814.185 1814.62 1815.07 1815.435 1815.521 1815.426 1815.157 1814.719 1814.235 1814.305 1814.46 1814.664 1814.93 1814.776 1816.786 1816.357 1815.934 1815.361 1815.493 1816.11 1817.128 1819.776 1821.038 1822.388 1823.822 1826.662 1827.789 1828.676 1829.501 1830.317 1831.981 1832.798 1833.68 1834.597 1836.57 1837.531 1838.441 1839.313 1840.211 1842.007 1842.898 1843.567 1844.1 1845.521 1846.248 1846.965 1847.592 1848.462 1848.664 1848.672
