var/www/cgi-bin/BAERTOOLS/ravel/working/ravel-29539.DEM
NCOLS 90
NROWS 110
XLLCORNER 367236.48
YLLCORNER 4195790.7
CELLSIZE 10
NODATA_VALUE -9999
[rows 56 to 83 of 110, columns 0 to 62 of 90]
1773.099 1770.842 1769.711 1768.428 1766.993 1764.185 1762.787 1761.419 1760.164 1759.03 1756.185 1755.01 1754.036 1753.068 1750.126 1748.347 1746.595 1744.875 1742.916 1742.865 1743.269 1743.666 1743.699 1743.804 1743.785 1743.38 1742.464 1740.162 1738.589 1736.781 1734.814 1732.479 1730.877 1732.582 1734.295 1735.361 1736.015 1736.111 1735.986 1736.222 1739.955 1746.953 1752.923 1756.908 1758.491 1760.426 1761.171 1761.915 1762.618 1763.983 1764.595 1765.201 1765.854 1766.554 1768.013 1768.924 1769.931 1770.851 1772.302 1772.697 1773.072 1773.478 1774.016
1771.59 1769.21 1767.79 1766.285 1764.742 1761.722 1760.208 1758.754 1757.551 1756.669 1754.46 1753.283 1752.185 1750.914 1748.094 1746.512 1744.932 1743.453 1741.103 1740.56 1740.614 1740.853 1740.903 1740.793 1740.486 1739.984 1739.075 1736.741 1735.408 1733.764 1731.672 1728.557 1728.478 1729.38 1730.721 1731.507 1731.671 1731.462 1731.13 1736.222 1739.955 1742.688 1747.038 1752.429 1755.62 1758.114 1758.902 1759.588 1760.28 1761.708 1762.441 1763.127 1763.794 1765.353 1766.19 1767.017 1767.831 1768.7 1770.205 1770.748 1771.32 1771.85 1772.504
1770.172 1767.226 1765.573 1763.9 1762.284 1759.124 1757.716 1756.521 1755.515 1753.747 1752.725 1751.592 1750.344 1749.08 1746.476 1744.963 1743.362 1741.861 1739.334 1738.469 1738.182 1738.123 1738.094 1737.681 1737.339 1736.778 1735.881 1733.612 1732.423 1730.943 1728.939 1724.718 1724.138 1724.86 1725.98 1727.064 1727.671 1731.462 1731.13 1731.321 1736.673 1739.766 1743.254 1747.085 1750.609 1755.019 1756.251 1757.123 1757.964 1759.529 1760.313 1761.041 1761.78 1763.47 1764.272 1765.123 1766.017 1766.926 1768.497 1769.234 1769.891 1770.452 1771.288
1768.44 1764.94 1763.166 1761.376 1759.641 1756.864 1755.844 1754.806 1753.836 1752.048 1751.053 1750.006 1748.869 1747.694 1745.034 1743.58 1742.091 1740.451 1736.781 1735.984 1735.82 1735.917 1735.723 1734.967 1734.497 1733.888 1733.005 1730.697 1729.417 1727.853 1725.819 1721.081 1719.765 1720.425 1722.105 1723.38 1727.671 1727.595 1727.707 1728.491 1733.579 1736.747 1740.119 1743.41 1748.27 1750.329 1752.143 1753.669 1755.021 1757.209 1758.248 1759.12 1759.869 1761.532 1762.36 1763.228 1764.155 1765.076 1766.794 1767.542 1768.256 1768.971 1770.142
1766.316 1762.53 1760.564 1758.727 1757.241 1755.165 1754.214 1753.314 1752.446 1750.482 1749.473 1748.516 1747.55 1746.391 1743.683 1742.221 1740.688 1738.823 1734.109 1733.025 1733.157 1733.381 1732.989 1732.374 1731.761 1731.148 1730.432 1728.167 1726.739 1725.105 1723.376 1719.246 1717.685 1717.597 1722.105 1723.38 1724.074 1723.88 1723.631 1724.271 1730.256 1733.352 1736.357 1739.144 1743.756 1745.811 1747.763 1749.495 1751.011 1754.148 1755.651 1756.894 1757.991 1759.619 1760.485 1761.384 1762.3 1763.172 1764.979 1765.774 1766.537 1767.316 1768.732
1762.08 1760.088 1758.23 1756.718 1755.591 1753.774 1752.848 1751.945 1751.045 1749.198 1748.23 1747.245 1746.252 1745.089 1741.873 1740.156 1738.338 1736.505 1732.872 1731.672 1731.256 1731.276 1730.634 1730.06 1729.486 1728.757 1727.888 1725.628 1724.398 1723.121 1721.604 1717.474 1717.685 1717.597 1718.773 1720.229 1720.923 1720.396 1719.551 1719.701 1726.487 1729.877 1732.641 1734.912 1739.784 1741.888 1743.719 1745.226 1746.594 1750.071 1752.048 1753.789 1755.344 1757.641 1758.625 1759.48 1760.336 1762.037 1762.859 1763.696 1764.547 1765.38 1766.974
1759.682 1757.865 1756.443 1755.342 1754.353 1752.442 1751.537 1750.623 1749.71 1747.89 1746.937 1745.927 1744.828 1743.516 1740.391 1738.689 1736.894 1735.238 1731.986 1730.731 1729.877 1729.513 1728.389 1727.673 1727.133 1726.42 1725.579 1723.713 1722.602 1721.299 1719.779 1717.474 1715.669 1714.688 1714.644 1716.199 1716.37 1716.467 1716.752 1717.616 1723.183 1726.369 1729.013 1731.224 1736.089 1738.22 1740.039 1741.458 1742.669 1745.845 1747.91 1749.952 1751.783 1754.979 1756.268 1757.358 1758.32 1759.942 1760.727 1761.542 1762.372 1763.181 1764.974
1757.522 1756.166 1755.113 1754.104 1753.049 1751.153 1750.198 1749.288 1748.391 1746.617 1745.588 1744.464 1743.214 1740.41 1738.914 1737.386 1735.785 1734.139 1731.164 1729.916 1728.892 1728.127 1726.31 1725.558 1725.03 1724.485 1723.739 1721.746 1720.591 1721.299 1719.779 1715.521 1713.261 1711.234 1709.994 1710.23 1710.662 1711.854 1713.744 1715.708 1720.638 1723.466 1726.108 1728.486 1733.179 1734.98 1736.536 1738.166 1739.635 1742.609 1744.253 1746.151 1748.058 1751.572 1753.169 1754.627 1755.856 1757.904 1758.636 1759.326 1760.04 1760.826 1762.673
1756.097 1754.984 1753.97 1752.987 1751.987 1750.01 1749.06 1748.137 1747.163 1745.246 1744.13 1742.905 1741.588 1738.961 1737.537 1736.137 1734.693 1733.141 1730.38 1729.101 1727.849 1726.585 1724.15 1723.354 1722.847 1722.245 1721.652 1721.746 1720.591 1719.092 1717.24 1713.037 1710.781 1708.814 1707.486 1706.947 1707.168 1708.588 1711.187 1713.532 1718.463 1721.087 1723.613 1725.862 1730.021 1731.774 1733.477 1735.3 1738.476 1740 1741.51 1743.026 1744.65 1747.977 1749.604 1751.137 1752.6 1755.1 1756.056 1757.013 1757.885 1758.579 1760.152
1755.175 1754.016 1752.909 1751.872 1749.891 1748.897 1747.912 1746.933 1745.948 1743.797 1742.587 1741.409 1740.147 1737.497 1736.17 1734.843 1733.522 1732.211 1729.525 1728.07 1726.565 1725.052 1722.3 1721.445 1720.781 1722.245 1720.729 1719.53 1718.111 1716.551 1714.891 1710.835 1708.917 1707.579 1706.935 1706.263 1706.47 1707.411 1709.208 1711.505 1716.386 1718.905 1721.132 1723.06 1726.927 1728.799 1730.729 1732.719 1736.025 1737.48 1738.89 1740.292 1741.767 1744.633 1745.929 1747.273 1748.755 1751.515 1752.756 1753.952 1755.041 1756.834 1757.679
1754.305 1753.12 1751.964 1750.841 1748.87 1747.889 1746.825 1745.691 1744.63 1742.33 1741.123 1739.872 1738.63 1736.081 1734.741 1733.447 1732.222 1730.984 1728.206 1726.773 1725.268 1723.716 1720.721 1719.623 1720.781 1720.117 1718.574 1717.298 1715.698 1714.01 1712.471 1709.025 1707.739 1707.069 1706.482 1706.013 1705.919 1706.303 1707.571 1711.553 1713.933 1716.229 1718.301 1720.172 1724.025 1725.93 1727.856 1729.969 1733.696 1735.078 1736.33 1737.649 1738.942 1741.418 1742.586 1743.795 1745.065 1747.647 1749.004 1750.341 1751.628 1753.822 1754.829
1753.32 1752.125 1750.997 1749.915 1747.848 1746.875 1745.832 1744.635 1743.325 1740.898 1739.702 1738.449 1737.205 1734.651 1733.365 1732.171 1731.012 1728.568 1727.242 1725.856 1724.465 1722.99 1720.721 1719.623 1718.912 1718.196 1716.309 1714.918 1713.213 1711.498 1710.111 1707.921 1707.13 1706.469 1705.948 1705.482 1705.412 1705.665 1706.427 1709.297 1711.429 1713.592 1715.633 1717.475 1721.053 1722.821 1724.697 1726.73 1730.731 1732.505 1733.966 1735.045 1736.068 1738.449 1739.602 1740.726 1741.792 1744.183 1745.399 1746.635 1747.921 1750.348 1751.451
1752.29 1751.119 1750.012 1749.011 1746.94 1745.931 1744.76 1743.427 1742.109 1739.452 1738.159 1736.918 1735.674 1733.181 1732.043 1730.998 1729.922 1727.64 1726.447 1725.242 1724.465 1722.99 1719.914 1718.568 1717.476 1716.535 1714.029 1712.172 1710.494 1709.145 1708.074 1707.021 1706.38 1705.774 1705.327 1705.021 1705.097 1705.312 1705.769 1707.637 1709.219 1711.213 1713.157 1714.89 1718.171 1719.735 1721.39 1723.135 1726.778 1728.817 1730.565 1731.822 1734.625 1735.715 1736.62 1737.556 1738.594 1740.873 1742.088 1743.325 1744.496 1746.691 1747.821
1751.181 1750.053 1749.005 1748.017 1745.985 1744.821 1743.544 1742.203 1740.801 1737.976 1736.594 1735.289 1734.043 1731.754 1730.84 1729.918 1728.918 1726.741 1725.602 1725.242 1723.98 1722.552 1719.604 1717.902 1716.426 1715.201 1712.078 1710.203 1708.516 1707.517 1706.676 1706.149 1705.572 1705.101 1704.799 1704.578 1704.624 1704.837 1705.391 1706.745 1707.714 1709.173 1710.951 1712.443 1715.264 1716.744 1718.261 1719.671 1722.306 1723.994 1725.79 1727.522 1731.336 1732.75 1733.72 1734.562 1735.422 1737.55 1738.822 1740.12 1741.279 1743.39 1744.41
1750.121 1749.048 1747.994 1747.01 1744.921 1743.662 1742.299 1740.873 1737.968 1736.565 1735.142 1733.761 1732.551 1730.646 1729.746 1728.809 1727.815 1726.741 1725.602 1724.476 1723.352 1722.174 1719.235 1717.447 1715.843 1714.363 1711.212 1709.516 1707.997 1707.072 1705.857 1705.275 1704.773 1704.468 1704.281 1703.98 1704.161 1704.477 1704.808 1706.014 1706.923 1707.889 1708.81 1709.854 1712.459 1713.802 1715.154 1716.427 1718.717 1719.89 1721.067 1722.383 1726.389 1728.166 1729.608 1730.894 1732.008 1734.193 1735.527 1736.886 1738.055 1740.171 1741.173
1749.016 1747.939 1746.891 1745.888 1743.524 1742.236 1740.876 1739.469 1736.592 1735.152 1733.737 1732.407 1731.367 1729.652 1728.74 1728.809 1727.815 1725.873 1724.851 1723.841 1722.889 1721.87 1718.925 1717.105 1715.323 1713.691 1710.706 1709.173 1707.841 1706.873 1705.286 1704.663 1704.165 1703.807 1703.555 1703.41 1703.617 1703.89 1704.131 1705.235 1706.012 1706.703 1707.209 1708.554 1709.594 1710.849 1712.163 1713.412 1715.664 1716.733 1717.706 1718.682 1721.063 1722.558 1724.381 1726.247 1727.943 1730.893 1732.528 1733.968 1735.034 1737.037 1738.052
1747.902 1746.829 1745.758 1744.671 1742.206 1740.868 1739.478 1738.152 1735.352 1733.942 1732.606 1731.45 1730.474 1729.652 1728.74 1727.808 1726.835 1724.95 1724.014 1723.138 1722.284 1720.133 1718.426 1716.528 1714.739 1713.107 1710.169 1708.785 1707.551 1706.599 1704.812 1704.122 1703.551 1703.091 1702.848 1702.787 1702.881 1703.099 1703.4 1704.339 1704.878 1705.424 1706.049 1706.967 1707.567 1708.291 1709.309 1710.691 1712.993 1713.994 1714.953 1715.903 1717.788 1718.826 1720.016 1721.506 1723.505 1727.248 1729.001 1730.563 1731.844 1733.993 1735.047
1746.684 1745.622 1744.503 1743.264 1740.825 1739.488 1738.171 1736.84 1734.036 1732.738 1731.596 1730.555 1730.474 1728.634 1727.717 1726.801 1725.891 1723.991 1723.087 1722.264 1721.5 1719.016 1717.361 1715.588 1713.795 1712.227 1709.475 1708.082 1706.917 1706.067 1704.183 1703.381 1702.79 1702.34 1702.02 1702.049 1702.187 1702.402 1702.629 1703.346 1703.817 1704.347 1704.915 1705.795 1706.268 1706.784 1707.492 1708.39 1710.606 1711.615 1712.488 1713.373 1715.168 1716.143 1717.219 1718.457 1721.536 1723.36 1725.193 1726.847 1728.234 1730.743 1731.922
1745.47 1744.366 1743.179 1741.95 1739.515 1738.181 1736.859 1735.54 1732.917 1731.755 1731.596 1730.555 1728.568 1727.621 1726.662 1725.691 1724.768 1722.952 1722.099 1721.273 1720.318 1717.599 1715.917 1714.284 1712.772 1711.375 1708.77 1707.422 1706.168 1705.137 1703.397 1702.555 1701.936 1701.485 1701.021 1701.136 1701.363 1701.534 1701.733 1702.417 1702.83 1703.287 1703.806 1704.622 1705.03 1705.55 1706.144 1706.793 1708.458 1709.359 1710.169 1710.977 1712.712 1713.737 1714.787 1715.938 1718.496 1719.871 1721.432 1723.105 1724.659 1727.329 1728.62
1744.198 1743.034 1741.877 1740.72 1738.259 1736.984 1735.656 1734.332 1732.917 1731.755 1730.699 1729.622 1727.637 1726.617 1725.594 1724.656 1723.687 1721.84 1720.968 1719.984 1718.76 1716.055 1714.4 1712.821 1711.501 1710.233 1707.892 1706.677 1705.372 1704.238 1702.409 1701.609 1700.948 1700.391 1700.091 1700.194 1700.369 1700.623 1700.859 1701.465 1701.816 1702.193 1702.51 1703.395 1703.818 1704.307 1704.804 1706.086 1706.749 1707.331 1707.894 1708.473 1710.326 1711.47 1712.454 1713.422 1715.775 1717.044 1718.367 1719.839 1721.413 1724.047 1725.054
1742.876 1741.716 1740.562 1739.409 1737.055 1735.775 1734.454 1734.332 1731.921 1730.828 1729.694 1728.639 1726.666 1725.687 1724.654 1723.595 1722.653 1720.718 1719.666 1718.452 1717.175 1714.323 1712.759 1711.348 1710.089 1707.783 1706.81 1705.705 1704.429 1703.285 1701.336 1700.515 1699.81 1699.228 1698.968 1699.2 1699.495 1699.804 1700.093 1700.596 1700.863 1701.145 1701.38 1701.982 1702.408 1702.836 1703.322 1704.392 1704.855 1705.391 1705.99 1706.526 1708.116 1709.108 1710.064 1711.015 1712.957 1714.069 1715.315 1716.682 1718.176 1720.98 1721.826
1741.555 1740.435 1739.354 1737.046 1735.845 1735.775 1734.454 1733.161 1730.938 1729.862 1728.786 1727.742 1725.767 1724.783 1723.763 1722.68 1721.58 1719.448 1718.208 1716.822 1715.476 1712.666 1711.205 1709.893 1708.683 1706.708 1705.735 1704.6 1703.375 1702.275 1700.339 1699.405 1698.559 1697.959 1697.772 1698.269 1698.72 1699.124 1699.437 1699.885 1700.036 1700.157 1700.264 1700.438 1700.688 1701.037 1701.499 1702.415 1702.89 1703.4 1704.047 1704.739 1706.321 1707.087 1707.761 1708.409 1710.196 1711.086 1711.936 1712.904 1715.484 1716.71 1717.841
1740.279 1739.219 1738.142 1737.046 1735.845 1734.603 1733.359 1732.167 1730.07 1728.94 1727.809 1726.838 1724.892 1723.908 1722.897 1721.81 1720.632 1718.064 1716.78 1715.355 1713.924 1711.183 1709.774 1708.509 1707.433 1705.665 1704.662 1703.519 1702.341 1701.276 1699.489 1698.491 1697.486 1696.741 1696.812 1697.463 1697.995 1698.517 1699.161 1699.314 1699.334 1699.265 1699.206 1699.096 1698.966 1699.022 1699.516 1700.424 1701.022 1701.627 1702.274 1703.056 1704.541 1705.304 1705.985 1706.599 1707.686 1708.138 1708.722 1709.543 1710.707 1711.299 1711.967
1738.969 1739.219 1738.142 1735.846 1734.704 1733.477 1732.218 1731.171 1729.214 1728.084 1726.905 1725.936 1724.098 1723.121 1722.119 1721.013 1718.187 1716.753 1715.326 1713.827 1712.388 1709.669 1708.38 1707.3 1706.345 1704.495 1703.495 1702.359 1701.228 1700.263 1698.561 1697.568 1696.563 1695.845 1696.106 1696.699 1697.327 1697.864 1698.565 1698.661 1698.619 1698.514 1698.356 1697.845 1697.57 1697.536 1697.819 1698.507 1699.014 1699.747 1700.594 1701.305 1702.872 1703.637 1704.297 1704.836 1705.858 1706.321 1706.762 1707.104 1707.411 1707.498 1707.581
1738.969 1737.929 1736.937 1734.744 1733.594 1732.458 1731.348 1730.284 1728.251 1727.123 1726.02 1725.065 1723.236 1722.3 1721.294 1720.147 1717.014 1715.417 1713.786 1712.09 1710.669 1708.267 1707.24 1706.24 1705.168 1703.306 1702.323 1701.252 1700.167 1698.463 1697.647 1696.731 1695.8 1695.153 1695.754 1696.339 1696.98 1697.577 1698.044 1698.075 1697.957 1697.786 1697.545 1696.839 1696.375 1696.1 1696.202 1696.569 1697.215 1698.046 1698.831 1700.41 1701.14 1701.894 1702.636 1703.168 1704.153 1704.667 1705.142 1705.585 1705.976 1706.11 1706.246
1737.743 1736.707 1735.705 1733.583 1732.571 1731.514 1730.39 1728.361 1727.331 1726.198 1725.104 1724.207 1722.308 1721.345 1720.267 1719.02 1715.819 1713.914 1712.08 1710.336 1708.84 1707.158 1706.299 1705.292 1704.19 1702.048 1700.991 1699.974 1698.987 1697.545 1696.803 1695.975 1695.243 1694.915 1695.499 1695.986 1696.445 1696.974 1697.605 1697.527 1697.319 1697.063 1696.726 1695.966 1695.744 1695.563 1695.423 1695.611 1695.821 1696.343 1697.262 1698.872 1699.637 1700.375 1700.975 1701.515 1702.505 1703.064 1703.598 1704.057 1704.63 1704.806 1706.246
1736.265 1735.358 1734.362 1732.406 1731.643 1730.678 1729.418 1727.366 1726.299 1725.158 1724.054 1723.153 1721.33 1720.279 1719.053 1717.72 1714.479 1712.375 1710.374 1708.675 1707.572 1706.145 1705.383 1704.47 1703.346 1700.637 1699.484 1698.668 1697.757 1696.529 1695.891 1695.252 1694.771 1694.646 1695.126 1695.601 1695.956 1696.306 1696.852 1696.782 1696.584 1696.24 1695.772 1695.608 1695.39 1695.16 1695.081 1695.339 1695.649 1695.895 1696.102 1697.588 1698.345 1699.027 1699.646 1700.187 1701.177 1701.684 1702.173 1702.721 1704.63 1704.806 1704.99
1734.705 1733.81 1732.958 1731.361 1730.654 1729.827 1728.764 1726.422 1725.212 1724.016 1722.943 1722.041 1720.221 1719.175 1717.992 1716.75 1713.645 1711.669 1709.748 1708.169 1706.296 1705.426 1704.606 1703.641 1702.483 1699.845 1698.294 1697.054 1696.404 1695.464 1695.034 1694.566 1694.289 1694.405 1694.445 1694.948 1695.515 1695.947 1696.08 1696.024 1695.895 1695.706 1695.365 1695.124 1694.968 1694.976 1694.968 1695.072 1695.255 1695.337 1695.371 1696.474 1697.192 1697.922 1698.599 1699.072 1699.893 1700.346 1702.173 1702.721 1703.412 1703.68 1704.038
