var/www/cgi-bin/BAERTOOLS/ravel/working/ravel-180209.DEM
NCOLS 133
NROWS 83
XLLCORNER 275926.32
YLLCORNER 3833698.9
CELLSIZE 10
NODATA_VALUE -9999
[rows 28 to 55 of 83, columns 63 to 125 of 133]
1614.929 1612.319 1608.912 1606.713 1604.422 1598.611 1596.146 1593.766 1591.351 1589.191 1586.56 1583.34 1581.93 1580.26 1578.076 1576.065 1574.398 1572.21 1569.58 1566.127 1562.499 1559.951 1554.94 1552.081 1549.472 1546.901 1543.997 1539.839 1526.132 1518.039 1513.893 1514.574 1516.946 1520.608 1524.482 1529.826 1535.109 1537.961 1539.42 1544.915 1548.521 1552.498 1556.678 1560.406 1561.618 1565.312 1567.013 1570.284 1573.311 1574.65 1576.401 1575.895 1574.713 1573.423 1571.963 1569.921 1564.984 1563.505 1562.525 1561.512 1559.593 1556.113 1549.612
1614.929 1612.319 1610.134 1608.946 1606.271 1598.9 1595.492 1592.684 1590.415 1588.304 1585.983 1582.467 1581.155 1579.292 1576.574 1573.673 1570.115 1567.926 1565.05 1562.479 1560.808 1559.793 1556.642 1553.938 1551.354 1549.045 1546.306 1540.891 1526.069 1517.248 1512.21 1511.876 1513.374 1521.537 1528.536 1535.356 1538.86 1541.36 1544.059 1549.361 1551.976 1554.832 1557.712 1560.406 1567.47 1569.609 1572.436 1574.907 1574.904 1575.294 1576.005 1575.728 1574.651 1572.966 1571.158 1568.89 1561.752 1560.57 1559.781 1558.905 1557.224 1551.618 1548.761
1615.564 1612.872 1610.517 1608.802 1606.205 1596.767 1593.167 1590.953 1588.415 1585.694 1581.601 1580.226 1578.815 1576.521 1573.368 1570.139 1565.649 1562.351 1559.108 1557.353 1556.989 1556.679 1555.167 1553.5 1551.647 1549.527 1546.033 1534.317 1525.992 1517.671 1512.594 1511.61 1512.723 1523.768 1532.168 1538.718 1541.829 1544.771 1547.97 1553.064 1555.391 1557.797 1557.712 1561.08 1567.768 1570.621 1573.658 1575.446 1575.141 1575.528 1575.687 1575.727 1575.235 1574.247 1572.024 1568.513 1561.704 1559.61 1557.137 1554.574 1553.47 1549.886 1546.837
1611.958 1609.4 1606.984 1604.37 1601.51 1595.047 1592.115 1589.478 1587.039 1584.886 1580.869 1579.014 1577.104 1574.652 1571.367 1568.156 1561.618 1558.456 1555.722 1553.744 1552.753 1552.477 1551.746 1550.852 1549.594 1547.819 1544.697 1534.15 1526.128 1518.048 1512.938 1511.675 1512.534 1525.849 1534.542 1540.075 1543.518 1547.298 1553.995 1556.613 1558.924 1557.797 1560.012 1563.08 1569.014 1571.481 1572.898 1573.413 1573.945 1574.527 1575.107 1575.292 1575.708 1575.337 1573.157 1565.592 1562.588 1559.97 1555.968 1551.041 1549.756 1547.064 1544.086
1608.463 1606.072 1603.678 1601.072 1595.824 1593.354 1590.955 1588.66 1586.537 1584.443 1580.49 1578.365 1576.016 1573.074 1569.373 1565.695 1558.91 1555.454 1552.363 1550.308 1549.382 1548.315 1547.083 1545.686 1544.384 1543.214 1541.361 1532.971 1525.879 1518.135 1513.055 1511.885 1512.85 1526.371 1534.071 1539.564 1544.608 1549.321 1556.797 1556.613 1558.924 1561.197 1563.57 1565.681 1569.208 1570.415 1571.298 1571.849 1572.462 1573.138 1574.327 1574.852 1575.337 1575.118 1572.975 1566.173 1562.997 1559.52 1555.471 1551.51 1549.18 1545.273 1542.755
1605.573 1603.565 1601.084 1598.661 1593.918 1591.99 1590.077 1588.099 1586.169 1584.17 1580.205 1577.853 1575.018 1571.598 1567.702 1563.745 1556.796 1553.227 1550.071 1547.968 1546.587 1544.512 1542.612 1540.554 1538.573 1537.493 1536.242 1530.199 1524.806 1518.546 1513.448 1512.307 1513.54 1527.933 1534.729 1539.447 1544.738 1549.793 1556.797 1559.83 1562.3 1564.497 1566.6 1568.301 1570.272 1570.638 1571.047 1571.385 1571.758 1572.901 1573.476 1573.979 1574.24 1573.604 1571.268 1565.567 1562.763 1559.616 1556.019 1552.711 1550.034 1545.438 1542.766
1603.977 1601.791 1599.247 1596.614 1592.376 1590.558 1588.881 1587.136 1585.149 1583.356 1579.251 1576.859 1573.799 1570.271 1566.062 1558.823 1555.246 1551.671 1548.61 1546.067 1544.673 1541.813 1539.311 1536.509 1534.193 1532.486 1531.219 1527.033 1523.106 1518.506 1514.638 1512.52 1520.741 1527.664 1533.822 1538.952 1544.167 1549.793 1558.537 1561.622 1564.146 1566.586 1568.686 1570.265 1571.231 1571.066 1571.149 1571.281 1571.34 1572.32 1572.637 1572.951 1572.812 1571.644 1569.489 1564.501 1561.975 1559.233 1556.272 1553.285 1550.451 1545.231 1542.124
1602.685 1600.187 1597.308 1594.627 1589.969 1588.126 1586.426 1585.001 1583.281 1581.525 1577.589 1574.978 1571.955 1568.56 1564.879 1557.162 1553.563 1550.155 1547.206 1544.4 1542.627 1539.648 1537.496 1534.952 1532.363 1530.002 1528.255 1524.541 1521.692 1518.325 1514.787 1511.747 1521.192 1527.297 1532.832 1537.716 1544.167 1549.268 1558.031 1561.478 1564.204 1566.413 1568.595 1569.882 1571.013 1570.693 1570.425 1570.344 1570.394 1571.047 1571.304 1571.394 1571.029 1569.83 1568.466 1564.18 1561.67 1559.07 1556.555 1553.677 1548.604 1545.76 1542.667
1601.185 1598.311 1595.072 1592.245 1587.385 1585.421 1583.713 1582.615 1581.431 1577.994 1575.971 1573.308 1570.088 1566.364 1563.028 1555.745 1552.203 1548.837 1545.849 1542.796 1540.818 1538.086 1536.269 1533.825 1530.974 1528.423 1524.712 1522.294 1519.787 1517.552 1514.62 1510.945 1520.066 1525.615 1530.788 1537.716 1542.861 1547.81 1556.238 1559.46 1561.935 1564.033 1566.162 1569.008 1569.311 1568.982 1568.269 1567.688 1567.828 1568.849 1569.296 1569.602 1569.421 1568.72 1568.125 1564.624 1562.079 1559.459 1557.102 1554.93 1550.064 1547.417 1544.652
1599.388 1596.013 1592.37 1589.434 1584.311 1582.066 1580.261 1579.122 1578.505 1575.646 1573.693 1571.244 1568.146 1564.904 1562.268 1555.434 1551.861 1548.586 1545.756 1542.831 1540.61 1537.434 1535.804 1533.603 1530.85 1528.182 1524.075 1521.475 1518.842 1516.404 1513.748 1510.39 1517.067 1521.977 1530.788 1535.532 1540.591 1545.13 1553.144 1555.998 1558.129 1560.113 1562.32 1566.204 1566.804 1566.266 1565.074 1564.365 1564.824 1566.71 1567.848 1568.626 1568.522 1568.126 1567.359 1565.304 1562.628 1560.062 1557.889 1556.002 1551.741 1549.438 1546.956
1597.375 1593.457 1589.281 1583.546 1580.771 1577.973 1576.003 1574.584 1574.272 1572.794 1571.094 1568.921 1566.66 1564.258 1562.53 1556.414 1552.708 1549.476 1546.79 1544.137 1539.792 1538.041 1536.451 1534.457 1531.857 1529.393 1525.282 1522.465 1518.94 1515.063 1512.465 1510.421 1512.485 1521.977 1526.836 1531.459 1536.287 1544.883 1548.252 1550.72 1552.72 1554.971 1557.425 1562.272 1563.03 1562.326 1560.728 1559.591 1560.322 1564.715 1566.775 1568.45 1569.315 1569.57 1568.741 1566.822 1564.133 1561.573 1559.262 1557.365 1553.158 1550.951 1548.607
1594.729 1591.263 1587.631 1581.886 1578.854 1576.032 1573.715 1571.1 1568.667 1567.802 1566.928 1565.545 1564.896 1563.899 1562.773 1558.293 1554.827 1551.672 1549.302 1547.192 1541.791 1539.606 1538.091 1536.396 1533.965 1531.532 1527.316 1524.918 1520.203 1513.27 1508.138 1510.421 1512.485 1516.672 1521.401 1525.931 1530.47 1539.027 1542.069 1543.923 1545.709 1548.614 1551.698 1557.695 1558.398 1557.133 1554.738 1552.992 1554.454 1563.107 1566.619 1569.717 1572.073 1573.208 1571.281 1569.278 1566.523 1563.749 1561.168 1559.029 1554.332 1552.038 1549.621
1592.253 1589.729 1587.31 1580.196 1576.943 1574.551 1571.918 1568.119 1563.195 1562.004 1562.187 1562.115 1562.44 1562.353 1560.484 1558.109 1555.215 1552.707 1550.984 1549.164 1543.973 1541.759 1539.853 1537.398 1535.064 1532.777 1527.745 1525.141 1520.531 1513.305 1508.138 1502.169 1504.667 1509.962 1515.201 1520.186 1524.486 1532.686 1535.014 1536.213 1538.087 1542.652 1546.337 1551.927 1551.932 1550.19 1548.217 1548.298 1557.346 1562.618 1566.692 1570.245 1573.558 1575.317 1574.219 1572.333 1569.548 1566.375 1562.984 1560.305 1555.358 1553.153 1550.607
1590.527 1589.266 1587.343 1579.773 1575.595 1572.356 1569.266 1565.852 1562.675 1559.085 1558.999 1559.178 1559.105 1559.87 1558.392 1555.547 1552.865 1551.09 1549.612 1548.519 1543.126 1541.088 1539.826 1537.891 1535.626 1533.4 1528.162 1524.979 1520.163 1513.305 1507.212 1500.374 1499.783 1503.071 1507.946 1512.946 1517.753 1524.372 1526.584 1529.687 1534.18 1538.238 1541.945 1545.086 1544.027 1541.567 1540.456 1545.06 1557.32 1562.531 1566.304 1569.777 1573.849 1576.379 1576.455 1574.269 1571.484 1567.724 1563.539 1558.256 1556.559 1554.277 1551.88
1588.472 1587.88 1586.591 1578.716 1574.816 1571.195 1567.465 1564.467 1562.229 1558.99 1556.82 1554.768 1554.4 1555.001 1554.869 1553.168 1551.083 1549.115 1546.932 1544.512 1539.427 1538.564 1537.894 1536.964 1535.037 1531.113 1528.592 1525.985 1520.163 1513.739 1508.233 1500.683 1500.145 1500.36 1502.077 1505.478 1509.066 1516.224 1520.681 1525.868 1530.957 1534.776 1539.422 1538.851 1536.964 1535.958 1538.184 1543.568 1554.656 1559.704 1564.147 1567.711 1571.862 1575.028 1577.176 1575.656 1573.302 1569.761 1565.264 1559.716 1557.947 1555.911 1553.628
1585.19 1584.301 1582.828 1575.786 1572.842 1569.782 1566.803 1564.062 1559.701 1557.756 1555.046 1552.195 1550.58 1550.424 1551.069 1551.33 1549.76 1546.678 1543.557 1539.944 1535.556 1535.232 1534.67 1534.276 1532.932 1530.366 1528.818 1525.985 1521.948 1516.405 1511.214 1501.279 1500.117 1500.429 1500.476 1501.127 1502.743 1509.53 1515.664 1522.348 1526.963 1529.143 1532.07 1530.921 1530.123 1532.955 1538.326 1542.678 1550.512 1555.005 1559.881 1564.145 1568.42 1572.637 1576.672 1576.397 1575.352 1572.699 1568.567 1562.231 1559.963 1557.718 1554.927
1579.899 1578.253 1576.947 1572.071 1568.993 1566.64 1565.468 1563.748 1559.53 1557.627 1555.266 1552.574 1550.83 1549.617 1547.965 1547.363 1545.668 1543.28 1541.025 1536.028 1532.372 1528.466 1527.451 1529.08 1528.734 1529.818 1528.818 1526.946 1523.956 1518.994 1514.15 1503.348 1500.739 1500.453 1500.548 1500.625 1501.392 1504.702 1509.581 1515.339 1520.569 1522.454 1522.785 1523.493 1526.344 1531.103 1536.145 1540.011 1546.444 1550.562 1555.162 1560.851 1565.118 1575.315 1577.356 1577.411 1576.208 1574.712 1571.904 1564.371 1561.923 1559.409 1556.448
1575.671 1573.464 1571.14 1568.301 1565.079 1563.316 1562.958 1562.187 1559.152 1556.988 1555.087 1553.556 1552.209 1550.968 1545.811 1542.058 1538.787 1538.432 1537.604 1532.419 1529.286 1526.764 1525.298 1525.517 1526.05 1529.818 1529.178 1527.763 1525.285 1520.566 1515.375 1506.771 1502.728 1500.556 1500.487 1500.57 1500.407 1501.128 1503.75 1508.225 1512.563 1514.381 1514.911 1517.894 1523.237 1527.432 1531.204 1535.836 1545.027 1550.257 1554.751 1560.297 1565.445 1574.823 1576.315 1575.415 1574.105 1573.945 1572.268 1565.613 1562.906 1559.816 1557.27
1574.794 1571.995 1567.488 1565.171 1563.092 1561.605 1560.719 1559.637 1557.205 1555.58 1554.486 1553.938 1553.225 1551.855 1548.099 1543.671 1539.004 1536.747 1534.36 1530.573 1528.42 1526.082 1524.353 1525.517 1526.05 1527.838 1527.848 1527.198 1525.16 1521.182 1514.014 1510.523 1505.961 1502.108 1500.344 1499.916 1499.663 1499.593 1500.634 1503.424 1505.729 1505.808 1510.235 1514.376 1519.468 1524.272 1528.99 1540.361 1545.96 1551.432 1556.337 1561.11 1565.159 1572.998 1573.266 1571.54 1570.35 1570.5 1570.914 1566.554 1563.268 1560.353 1558.739
1573.684 1570.857 1564.71 1562.817 1561.744 1560.645 1559.368 1557.939 1555.069 1554.079 1553.14 1553.09 1552.554 1551.295 1548.935 1544.993 1541.022 1538.3 1535.681 1529.869 1527.226 1525.224 1524.353 1524.004 1523.841 1524.77 1525.01 1524.761 1523.179 1520.292 1515.156 1512.416 1507.883 1503.165 1500.463 1498.63 1495.121 1495.781 1498.07 1499.727 1500.3 1499.581 1507.667 1513.013 1518.074 1523.756 1529.624 1541.434 1547.028 1553.649 1559.274 1561.911 1563.979 1568.833 1567.746 1565.6 1566.28 1569.098 1571.044 1569.063 1566.172 1562.481 1559.246
1571.232 1569.353 1564.179 1562.213 1560.868 1559.644 1557.957 1556.453 1552.731 1551.166 1550.855 1551.407 1551.9 1551.389 1549.715 1546.231 1542.441 1540.327 1537.494 1529.47 1526.077 1525.224 1523.596 1522.42 1522.864 1522.759 1522.297 1521.215 1519.279 1517.592 1514.21 1512.016 1508.353 1504.069 1501.179 1498.399 1489.456 1488.939 1491.811 1493.784 1495.105 1501.699 1507.309 1512.692 1517.456 1523.09 1529.276 1541.597 1547.955 1555.334 1561.115 1563.114 1563.772 1562.134 1560.086 1558.422 1560.93 1565.752 1571.747 1571.55 1568.426 1563.845 1561.345
1570.199 1567.853 1564.091 1561.873 1559.616 1557.733 1556.411 1553.364 1551.701 1550.176 1549.422 1549.313 1549.956 1550.366 1549.182 1547.137 1544.568 1541.239 1538.571 1530.119 1526.077 1524.528 1523.333 1521.853 1520.694 1519.792 1518.414 1516.558 1514.969 1514.248 1512.351 1510.515 1507.531 1504.295 1501.624 1499.601 1490.228 1486.809 1487.222 1488.38 1491.374 1501.927 1506.879 1511.66 1515.884 1520.49 1526.068 1539.935 1546.532 1554.26 1560.29 1561.526 1561.849 1559.43 1556.435 1555.614 1558.111 1561.626 1568.654 1569.669 1568.675 1564.677 1560.582
1570.223 1567.143 1562.422 1560.745 1558.743 1556.58 1553.748 1551.903 1551.503 1550.49 1548.984 1547.642 1547.52 1548.488 1548.087 1546.43 1543.785 1540.697 1538.613 1530.119 1526.074 1524.135 1522.921 1522.009 1519.079 1517.357 1515.733 1514.063 1512.369 1511.672 1510.163 1508.383 1505.853 1503.378 1501.374 1497.845 1493.796 1489.399 1486.992 1487.304 1490.626 1501.582 1505.314 1509.031 1513.034 1517.273 1522.475 1536.776 1544.021 1550.701 1555.37 1558.421 1558.384 1554.097 1549.868 1550.332 1555.229 1558.83 1562.147 1563.448 1563.624 1564.677 1560.582
1571.251 1563.642 1560.747 1559.168 1557.564 1555.084 1552.027 1549.733 1550.231 1549.838 1548.043 1545.758 1545.45 1545.028 1545.116 1543.858 1542.566 1540.858 1535.752 1531.49 1527.402 1524.768 1523.283 1522.184 1518.551 1516.291 1514.562 1513.283 1511.885 1510.722 1508.68 1506.543 1504.334 1502.609 1501.006 1497.283 1495.043 1491.132 1487.289 1487.505 1489.402 1499.342 1502.83 1506.309 1510.924 1515.609 1520.793 1534.053 1540.549 1545.366 1548.335 1549.978 1550.11 1547.571 1545.764 1547.11 1550.599 1553.248 1556.837 1558.511 1563.624 1562.306 1561.373
1572.933 1565.157 1562.213 1560.128 1557.687 1554.347 1551.735 1548.122 1547.33 1546.984 1545.778 1542.956 1539.578 1540.504 1542.245 1541.767 1541.199 1540.858 1536.89 1533.719 1529.847 1526.474 1524.303 1523.058 1519.113 1515.769 1513.348 1512.263 1511.241 1509.468 1508.065 1506.042 1503.932 1502.343 1501.094 1496.974 1494.604 1491.224 1488.131 1487.586 1488.104 1495.103 1499.095 1503.621 1509.864 1515.029 1525.245 1531.093 1536.255 1539.605 1541.423 1542.521 1542.831 1541.223 1540.669 1542.731 1545.711 1547.381 1550.346 1558.511 1559.163 1558.812 1558.504
1575.623 1567.856 1564.34 1561.367 1557.849 1553.392 1549.872 1546.944 1544.253 1542.068 1541.424 1539.873 1536.86 1538.034 1539.351 1541.767 1541.199 1540.408 1538.467 1536.76 1533.604 1529.553 1526.343 1524.401 1520.342 1517.058 1514.375 1512.732 1511.575 1509.148 1507.654 1505.702 1503.487 1501.66 1500.702 1497.214 1494.502 1491.753 1489.213 1487.971 1487.618 1491.559 1496.919 1502.506 1508.768 1514.257 1522.465 1525.908 1529.112 1531.913 1533.711 1534.815 1535.747 1534.801 1535.044 1537.402 1539.51 1541.411 1550.346 1552.787 1554.691 1555.687 1555.165
1577.993 1569.982 1565.726 1562.127 1558.593 1554.285 1550.242 1545.581 1542.946 1539.887 1537.682 1536.787 1535.68 1536.197 1539.351 1539.642 1539.756 1539.61 1539.05 1538.673 1536.81 1533.044 1528.946 1526.267 1521.559 1518.449 1515.879 1513.861 1512.374 1509.153 1507.395 1505.646 1503.985 1502.571 1501.534 1497.462 1494.24 1491.394 1489.103 1487.9 1487.543 1490.541 1495.817 1501.649 1507.622 1512.948 1518.585 1520.906 1522.621 1524.021 1525.463 1526.426 1527.252 1527.113 1528.596 1531.948 1534.293 1543.543 1546.053 1548.807 1550.931 1551.68 1551.634
1579.246 1570.723 1566.615 1562.802 1559.308 1555.457 1549.221 1546.688 1545.107 1543.018 1538.877 1536.926 1535.043 1536.197 1537.104 1537.77 1538.278 1538.594 1538.877 1538.656 1536.968 1534.181 1531.258 1525.719 1523.19 1519.844 1516.458 1514.225 1512.451 1508.876 1507.146 1505.42 1504.097 1503.283 1502.029 1497.43 1493.352 1489.641 1487.669 1487.216 1487.449 1490.228 1494.86 1500.051 1505.071 1509.732 1514.818 1515.74 1516.453 1517.41 1518.94 1520.375 1521.105 1521.745 1523.625 1526.515 1534.293 1538.667 1541.499 1544.75 1547.341 1548.226 1548.014
