var/www/cgi-bin/BAERTOOLS/ravel/working/ravel-26931.DEM
NCOLS 47
NROWS 172
XLLCORNER 276896.32
YLLCORNER 3833168.9
CELLSIZE 10
NODATA_VALUE -9999
[rows 38 to 75 of 172, columns 0 to 46 of 47]
1597.493 1594.994 1591.782 1589.056 1585.576 1584.39 1583.565 1583.148 1582.553 1581.149 1580.092 1578.823 1577.391 1575.921 1574.804 1574.109 1573.857 1573.436 1573.674 1574.593 1575.669 1575.877 1576.106 1576.2 1576.015 1575.463 1572.868 1570.965 1568.412 1565.493 1563.629 1562.73 1561.728 1555.475 1546.341 1539.871 1534.478 1530.053 1530.203 1529.559 1534.796 1533.794 1532.592 1533.322 1533.87 1534.339 1534.934
1596.688 1594.398 1590.604 1586.845 1585.584 1585.086 1584.864 1584.662 1584.373 1583.263 1582.058 1580.656 1579.007 1577.341 1576.44 1575.555 1575.283 1574.955 1575.252 1575.948 1576.163 1576.203 1576.156 1576.09 1576.075 1575.737 1573.061 1571.131 1568.784 1566.579 1565.07 1563.684 1558.691 1551.377 1544.436 1538.501 1530.782 1524.339 1524.603 1529.559 1528.587 1527.87 1527.256 1527.234 1527.594 1528.126 1528.642
1594.589 1592.423 1590.215 1586.298 1585.294 1585.321 1585.88 1586.191 1586.307 1584.874 1583.593 1582.117 1580.642 1579.508 1577.861 1577.38 1577.028 1576.88 1576.904 1576.799 1576.557 1576.331 1576.192 1576.07 1575.918 1576.034 1573.873 1571.492 1568.319 1565.484 1563.564 1558.851 1553.074 1547.223 1542.678 1536.945 1529.25 1523.343 1524.603 1523.974 1523.158 1522.308 1521.313 1520.84 1521.191 1521.507 1521.662
1593.639 1591.883 1589.251 1585.874 1585.869 1586.295 1586.527 1586.875 1586.878 1585.739 1584.448 1583.062 1582.007 1581.167 1579.751 1579.165 1578.672 1578.28 1577.857 1577.423 1576.719 1576.409 1576.143 1575.657 1575.164 1574.875 1572.078 1569.379 1566.209 1562.919 1560.601 1553.269 1548.826 1544.91 1541.148 1537.063 1529.25 1523.343 1522.887 1521.496 1519.526 1517.057 1514.864 1514.058 1514.217 1514.386 1514.577
1593.234 1591.954 1590.491 1586.958 1587.21 1587.736 1587.733 1587.672 1587.504 1586.241 1585.215 1584.165 1583.305 1582.491 1581.195 1580.494 1579.803 1579.144 1578.603 1578.011 1576.785 1576.156 1575.347 1574.479 1573.723 1570.392 1567.332 1564.742 1562.865 1560.141 1557.22 1549.224 1545.509 1542.43 1539.939 1537.063 1531.338 1524.736 1524.785 1522.333 1517.495 1514.163 1510.571 1510.31 1510.212 1510.261 1510.436
1593.078 1591.822 1590.894 1589.405 1588.919 1588.572 1588.37 1588.343 1587.54 1586.861 1586.12 1585.37 1584.713 1583.993 1582.417 1581.446 1580.682 1579.976 1579.231 1578.424 1576.422 1575.512 1574.496 1573.191 1571.004 1564.953 1562.339 1560.191 1558.11 1556.33 1553.92 1547.019 1542.597 1538.947 1539.939 1537.731 1534.24 1527.918 1526.801 1525.449 1521.751 1515.327 1511.589 1511.017 1510.649 1510.609 1510.339
1592.518 1591.692 1590.953 1589.87 1589.426 1589.061 1588.798 1588.606 1587.998 1587.465 1586.957 1586.465 1585.906 1585.331 1583.128 1582.311 1581.68 1580.991 1580.094 1577.435 1575.479 1573.968 1572.915 1570.857 1567.698 1560.99 1559.491 1558.244 1555.817 1551.701 1549.771 1544.229 1539.386 1538.947 1536.646 1535.161 1528.766 1525.744 1524.796 1523.681 1520.714 1515.807 1512.274 1512.355 1512.29 1511.84 1511.2
1591.717 1591.203 1590.28 1589.92 1589.582 1589.274 1588.995 1588.818 1588.055 1587.612 1587.17 1586.713 1586.171 1585.509 1583.18 1582.87 1582.934 1582.662 1581.309 1576.926 1574.702 1573.563 1572.924 1570.892 1565.829 1559.216 1557.467 1555.207 1552.262 1549.613 1548.439 1544.656 1539.386 1536.146 1535.536 1534.288 1526.737 1524.676 1523.828 1522.434 1520.863 1517.965 1514.274 1513.964 1513.72 1513.505 1512.992
1590.577 1590.496 1590.09 1589.859 1589.658 1589.421 1589.139 1588.669 1588.124 1587.632 1587.001 1586.19 1585.582 1584.828 1583.881 1584.233 1584.823 1584.973 1583.858 1578 1575.828 1574.491 1574.497 1572.981 1565.614 1559.731 1557.865 1555.182 1552.761 1551.411 1549.767 1544.656 1541.033 1538.974 1538.245 1537.416 1530.307 1527.438 1525.784 1523.875 1521.792 1520.169 1516.796 1515.987 1515.453 1514.827 1513.329
1589.163 1589.59 1589.818 1589.845 1589.706 1589.45 1589.027 1588.622 1588.111 1587.657 1586.927 1585.98 1585.592 1584.788 1585.166 1585.64 1585.991 1585.897 1584.424 1579.022 1577.063 1575.847 1573.949 1570.018 1562.743 1559.639 1557.896 1555.739 1553.979 1552.665 1549.767 1547.889 1544.445 1541.36 1540.372 1539.212 1532.843 1529.114 1526.426 1523.93 1522.152 1520.959 1518.628 1517.565 1516.398 1515.072 1512.929
1587.47 1588.317 1589.451 1589.609 1589.385 1588.949 1588.662 1588.517 1588.071 1587.704 1587.074 1586.401 1585.921 1585.58 1585.987 1586.218 1586.032 1585.414 1583.698 1578.648 1576.683 1575.179 1572.684 1567.647 1560.056 1558.748 1557.386 1556.145 1553.979 1552.665 1550.726 1549.244 1546.296 1542.778 1540.459 1538.575 1533.779 1530.182 1526.878 1524.632 1522.934 1520.897 1520.301 1519.136 1517.235 1515.236 1513.418
1584.261 1585.851 1587.627 1587.895 1587.872 1587.736 1587.9 1588.097 1587.615 1587.648 1587.778 1586.781 1586.337 1586.173 1586.445 1586.316 1585.398 1583.723 1582.19 1577.809 1575.719 1574.12 1571.257 1567.057 1560.786 1559.36 1558.175 1556.145 1554.441 1552.567 1548.673 1547.684 1545.728 1542.51 1538.795 1536.588 1533.205 1530.632 1527.354 1524.854 1523.379 1522.971 1522.573 1520.815 1517.942 1515.356 1513.525
1577.888 1579.938 1582.818 1583.707 1584.429 1585.078 1585.609 1586.561 1586.611 1586.925 1587.317 1587 1586.606 1587.07 1586.603 1585.536 1583.951 1581.849 1579.509 1576.66 1575.065 1573.239 1570.826 1567.476 1562.445 1561.024 1558.175 1556.95 1555.076 1552.788 1548.783 1547.483 1545.875 1543.171 1539.556 1535.116 1533.522 1531.328 1528.302 1525.699 1524.685 1525.707 1524.98 1522.948 1520.19 1517.156 1513.429
1571.286 1574.404 1575.864 1577.198 1578.464 1579.693 1580.875 1582.713 1583.467 1583.997 1584.361 1584.9 1585.294 1586.502 1586.12 1584.291 1581.956 1579.66 1574.418 1573.427 1572.981 1571.786 1569.893 1567.478 1563.395 1561.024 1559.676 1558.113 1556.026 1553.938 1551.076 1549.304 1547.022 1544.208 1541.77 1537.04 1535.265 1533.335 1530.964 1528.969 1527.862 1527.809 1526.766 1524.899 1522.652 1519.772 1516.079
1565.556 1568.783 1570.498 1571.611 1572.734 1573.863 1574.98 1577.192 1578.326 1579.232 1579.927 1580.829 1581.946 1583.515 1584.364 1583.661 1581.052 1577.994 1573.415 1571.346 1570.179 1569.393 1567.737 1566.573 1563.395 1561.885 1560.553 1559.083 1557.043 1554.629 1552.875 1550.812 1548.692 1546.419 1544.205 1538.376 1536.727 1535.439 1533.92 1532.953 1531.766 1529.745 1527.711 1525.227 1522.921 1521.396 1519.191
1560.308 1564.832 1566.934 1568.041 1568.898 1569.568 1570.09 1572.08 1573.172 1574.13 1575.069 1576.083 1578.508 1579.655 1580.305 1579.98 1578.751 1576.65 1572.335 1570.501 1568.595 1566.781 1565.014 1566.573 1564.354 1562.799 1561.393 1560.182 1559.089 1557.159 1555.43 1553.108 1550.898 1548.912 1547.014 1541.667 1539.907 1538.069 1536.273 1535.887 1535.559 1532.399 1529.524 1526.636 1524.695 1524.125 1522.16
1556.555 1562.257 1564.269 1565.37 1565.965 1566.133 1565.753 1565.941 1568.36 1570.137 1571.094 1572.054 1574.475 1575.614 1577.014 1577.591 1576.786 1575.583 1571.783 1569.914 1567.397 1564.241 1565.014 1564.211 1563.397 1563.478 1563.113 1561.913 1561.469 1560.214 1558.46 1555.707 1552.952 1550.783 1549.217 1545.167 1542.829 1540.427 1538.72 1538.63 1536.943 1534.945 1532.791 1530.378 1528.193 1527.363 1524.541
1551.597 1559.157 1561.648 1562.896 1563.387 1563.069 1560.527 1561.701 1564.508 1566.434 1567.563 1568.721 1571.353 1572.727 1574.16 1575.184 1575.875 1575.724 1571.901 1568.532 1567.397 1564.241 1562.031 1561.806 1562.318 1562.634 1562.769 1562.803 1562.473 1561.819 1560.214 1557.741 1555.121 1552.544 1550.879 1547.766 1545.613 1543.61 1542.107 1540.813 1538.462 1537.039 1535.85 1534.46 1531.897 1529.73 1525.206
1549.101 1555.491 1557.687 1559 1559.389 1559.021 1557.933 1559.238 1561.697 1563.531 1564.167 1564.34 1568.574 1571.382 1573.254 1574.602 1575.722 1576.184 1572.471 1568.532 1564.985 1562.36 1560.71 1558.941 1559.355 1559.863 1560.165 1560.236 1560.569 1559.822 1559.115 1557.264 1554.384 1552.521 1550.508 1549.602 1548.236 1546.556 1544.462 1541.639 1539.267 1538.902 1538.308 1537.101 1534.662 1530.423 1524.327
1551.133 1552.937 1554.046 1554.468 1554.419 1554.325 1553.989 1555.228 1557.299 1558.902 1559.682 1560.429 1566.528 1569.926 1572.934 1575.435 1576.937 1575.639 1572.471 1568.757 1564.535 1561.354 1560.514 1556.245 1554.404 1554.537 1554.715 1555.176 1555.657 1555.755 1555.773 1555.407 1554.075 1552.708 1550.028 1549.61 1548.786 1546.91 1543.662 1540.474 1539.131 1539.45 1539.239 1538.235 1535.807 1530.09 1523.031
1548.291 1550.2 1550.737 1550.61 1550.317 1550.08 1549.786 1551.144 1552.604 1552.584 1552.672 1557.074 1565.988 1569.419 1573.072 1575.94 1576.76 1575.639 1573.987 1571.06 1566.958 1563.557 1561.133 1555.744 1552.071 1549.301 1548.757 1549.138 1549.736 1550.976 1551.311 1552.121 1553.035 1552.596 1549.078 1548.094 1546.908 1544.738 1541.547 1538.721 1537.949 1538.113 1537.866 1536.881 1534.161 1524.979 1521.258
1544.2 1545.464 1545.92 1546.145 1545.95 1545.558 1545.763 1546.827 1548.087 1548.715 1549.604 1559.737 1564.449 1568.585 1573.255 1576.616 1576.76 1576.838 1575.877 1573.683 1570.479 1566.995 1563.95 1557.131 1553.521 1550.574 1548.539 1547.992 1544.935 1544.797 1546.429 1548.007 1549.328 1549.865 1547.211 1545.537 1543.507 1541.22 1539.227 1537.019 1535.225 1534.493 1533.813 1532.669 1530.348 1522.669 1518.371
1540.686 1540.753 1540.848 1541.038 1541.004 1540.582 1539.856 1543.162 1547.635 1548.042 1549.819 1557.339 1561.753 1566.916 1572.858 1576.616 1577.392 1577.302 1576.767 1576.004 1573.971 1570.236 1566.59 1560.976 1557.873 1554.522 1551.51 1550.071 1541.163 1537.937 1539.527 1541.702 1543.708 1544.873 1544.781 1542.769 1540.318 1538.14 1536.597 1532.413 1530.066 1528.888 1528.482 1527.754 1526.08 1519.266 1515.305
1536.039 1536.383 1536.855 1537.044 1537.573 1537.983 1539.136 1544.043 1549.35 1549.645 1549.718 1554.584 1559.034 1563.738 1572.858 1577.15 1578.061 1577.746 1576.839 1576.123 1575.093 1572.538 1565.781 1563.825 1561.933 1559.052 1555.432 1552.463 1543.371 1538.176 1536.062 1536.619 1538.238 1539.719 1542.209 1540.507 1538.013 1535.947 1534.369 1529.046 1525.933 1524.286 1523.66 1522.387 1520.393 1514.959 1512.129
1529.674 1529.737 1531.827 1535.124 1535.91 1540.538 1545.344 1550.087 1552.752 1553.539 1555.278 1559.65 1559.034 1563.738 1570.154 1576.336 1579.786 1577.207 1576.369 1575.766 1574.749 1572.888 1567.261 1565.262 1564.076 1562.286 1559.099 1555.31 1549.033 1543.113 1538.143 1536.498 1535.739 1535.813 1538.963 1538.032 1535.813 1533.656 1531.901 1527.835 1524.781 1521.152 1518.081 1516.16 1514.171 1510.43 1508.113
1524.438 1526.055 1530.493 1535.065 1536.028 1541.611 1547.478 1552.07 1555.386 1558.615 1561.618 1559.65 1560.881 1562.661 1567.477 1574.235 1577.767 1576.651 1575.674 1574.75 1573.678 1571.836 1567.435 1565.58 1564.271 1562.943 1560.689 1556.523 1550.334 1545.922 1541.098 1538.462 1535.829 1531.189 1533.191 1533.301 1532.427 1531.336 1530.478 1527.455 1524.104 1519.353 1515.07 1512.316 1510.983 1510.096 1510.913
1524.482 1529.826 1535.109 1537.961 1539.42 1544.915 1548.521 1552.498 1556.678 1560.406 1561.618 1565.312 1567.013 1570.284 1573.311 1574.65 1576.401 1575.895 1574.713 1573.423 1571.963 1569.921 1564.984 1563.505 1562.525 1561.512 1559.593 1556.113 1549.612 1546.39 1542.863 1540.211 1536.896 1526.064 1527.576 1528.33 1528.574 1528.946 1528.827 1525.721 1521.912 1517.583 1514.141 1511.993 1514.554 1516.158 1517.521
1528.536 1535.356 1538.86 1541.36 1544.059 1549.361 1551.976 1554.832 1557.712 1560.406 1567.47 1569.609 1572.436 1574.907 1574.904 1575.294 1576.005 1575.728 1574.651 1572.966 1571.158 1568.89 1561.752 1560.57 1559.781 1558.905 1557.224 1551.618 1548.761 1545.916 1543.082 1540.063 1535.832 1525.711 1525.54 1525.844 1525.965 1526.227 1526.052 1521.446 1518.381 1515.635 1513.868 1513.933 1518.869 1521.2 1523.182
1532.168 1538.718 1541.829 1544.771 1547.97 1553.064 1555.391 1557.797 1557.712 1561.08 1567.768 1570.621 1573.658 1575.446 1575.141 1575.528 1575.687 1575.727 1575.235 1574.247 1572.024 1568.513 1561.704 1559.61 1557.137 1554.574 1553.47 1549.886 1546.837 1543.518 1540.646 1537.928 1534.937 1527.874 1526.171 1524.522 1523.102 1522.894 1522.829 1521.416 1520.227 1519.786 1519.846 1520.539 1523.734 1525.888 1527.921
1534.542 1540.075 1543.518 1547.298 1553.995 1556.613 1558.924 1557.797 1560.012 1563.08 1569.014 1571.481 1572.898 1573.413 1573.945 1574.527 1575.107 1575.292 1575.708 1575.337 1573.157 1565.592 1562.588 1559.97 1555.968 1551.041 1549.756 1547.064 1544.086 1540.654 1538.754 1537.973 1535.781 1529.015 1526.379 1524.745 1524.219 1524.373 1524.33 1524.119 1524.319 1525.203 1526.714 1527.732 1529.61 1530.916 1532.348
1534.071 1539.564 1544.608 1549.321 1556.797 1556.613 1558.924 1561.197 1563.57 1565.681 1569.208 1570.415 1571.298 1571.849 1572.462 1573.138 1574.327 1574.852 1575.337 1575.118 1572.975 1566.173 1562.997 1559.52 1555.471 1551.51 1549.18 1545.273 1542.755 1540.396 1538.559 1537.584 1534.761 1527.904 1525.572 1525.262 1526.597 1528.398 1529.462 1529.047 1529.719 1531.645 1533.923 1535.387 1535.825 1536.225 1536.957
1534.729 1539.447 1544.738 1549.793 1556.797 1559.83 1562.3 1564.497 1566.6 1568.301 1570.272 1570.638 1571.047 1571.385 1571.758 1572.901 1573.476 1573.979 1574.24 1573.604 1571.268 1565.567 1562.763 1559.616 1556.019 1552.711 1550.034 1545.438 1542.766 1540.042 1537.542 1535.45 1529.197 1526.138 1525.222 1527.081 1530.484 1533.739 1535.013 1534.462 1535.064 1536.999 1538.933 1540.655 1540.796 1540.627 1540.618
1533.822 1538.952 1544.167 1549.793 1558.537 1561.622 1564.146 1566.586 1568.686 1570.265 1571.231 1571.066 1571.149 1571.281 1571.34 1572.32 1572.637 1572.951 1572.812 1571.644 1569.489 1564.501 1561.975 1559.233 1556.272 1553.285 1550.451 1545.231 1542.124 1538.93 1536.506 1533.894 1528.523 1526.818 1527.568 1530.226 1533.555 1537.507 1539.802 1539.52 1539.566 1540.947 1542.835 1543.842 1543.974 1543.542 1540.618
1532.832 1537.716 1544.167 1549.268 1558.031 1561.478 1564.204 1566.413 1568.595 1569.882 1571.013 1570.693 1570.425 1570.344 1570.394 1571.047 1571.304 1571.394 1571.029 1569.83 1568.466 1564.18 1561.67 1559.07 1556.555 1553.677 1548.604 1545.76 1542.667 1539.783 1536.947 1534.778 1531.139 1530.289 1530.904 1533.217 1536.723 1539.782 1542.615 1542.987 1543.445 1544.196 1545.003 1545.992 1545.919 1543.542 1543.053
1530.788 1537.716 1542.861 1547.81 1556.238 1559.46 1561.935 1564.033 1566.162 1569.008 1569.311 1568.982 1568.269 1567.688 1567.828 1568.849 1569.296 1569.602 1569.421 1568.72 1568.125 1564.624 1562.079 1559.459 1557.102 1554.93 1550.064 1547.417 1544.652 1541.867 1539.021 1536.895 1533.967 1533.536 1534.17 1535.948 1538.49 1540.891 1544.433 1545.577 1546.543 1547.219 1548.117 1549.033 1545.919 1545.687 1545.224
1530.788 1535.532 1540.591 1545.13 1553.144 1555.998 1558.129 1560.113 1562.32 1566.204 1566.804 1566.266 1565.074 1564.365 1564.824 1566.71 1567.848 1568.626 1568.522 1568.126 1567.359 1565.304 1562.628 1560.062 1557.889 1556.002 1551.741 1549.438 1546.956 1544.262 1541.448 1539.176 1536.198 1535.961 1536.676 1538.337 1540.59 1545.286 1547.135 1548.633 1549.821 1550.836 1548.117 1549.033 1548.959 1548.664 1548.176
1526.836 1531.459 1536.287 1544.883 1548.252 1550.72 1552.72 1554.971 1557.425 1562.272 1563.03 1562.326 1560.728 1559.591 1560.322 1564.715 1566.775 1568.45 1569.315 1569.57 1568.741 1566.822 1564.133 1561.573 1559.262 1557.365 1553.158 1550.951 1548.607 1546.089 1543.175 1540.359 1537.556 1537.699 1538.572 1540.237 1542.557 1547.948 1550.424 1552.422 1553.791 1550.836 1551.779 1552.765 1552.693 1552.347 1551.882
1521.401 1525.931 1530.47 1539.027 1542.069 1543.923 1545.709 1548.614 1551.698 1557.695 1558.398 1557.133 1554.738 1552.992 1554.454 1563.107 1566.619 1569.717 1572.073 1573.208 1571.281 1569.278 1566.523 1563.749 1561.168 1559.029 1554.332 1552.038 1549.621 1547.152 1544.108 1538.211 1537.895 1538.595 1539.743 1541.561 1544.325 1550.952 1554.213 1556.823 1553.791 1554.761 1555.388 1556.54 1556.596 1556.3 1555.875
