var/www/cgi-bin/BAERTOOLS/ravel/working/ravel-29539.DEM
NCOLS 90
NROWS 110
XLLCORNER 367236.48
YLLCORNER 4195790.7
CELLSIZE 10
NODATA_VALUE -9999
[rows 28 to 55 of 110, columns 0 to 62 of 90]
1809.335 1809.272 1809.007 1808.299 1807.795 1807.184 1806.769 1806.694 1807.22 1807.857 1808.61 1809.462 1811.107 1811.841 1812.489 1812.979 1813.508 1813.581 1813.426 1813.105 1812.752 1812.353 1812.327 1812.341 1812.439 1814.93 1814.776 1814.456 1814.108 1813.779 1813.485 1813.707 1814.292 1815.079 1817.068 1818.251 1819.588 1820.886 1823.548 1824.69 1825.67 1826.61 1827.512 1829.201 1830.041 1830.904 1831.761 1833.495 1834.416 1835.277 1836.05 1836.864 1838.593 1839.374 1840.014 1840.552 1841.613 1842.18 1842.797 1843.43 1844.107 1844.211 1844.291
1807.454 1807.075 1806.714 1805.859 1805.586 1805.281 1805.024 1804.921 1805.033 1805.368 1805.955 1806.841 1808.74 1809.607 1810.335 1810.917 1811.555 1811.636 1811.45 1811.063 1810.655 1810.005 1810.054 1812.341 1812.439 1812.51 1812.412 1812.113 1811.847 1811.597 1811.199 1811.398 1811.992 1812.728 1814.64 1815.759 1816.917 1818.084 1820.522 1821.61 1822.599 1823.531 1824.422 1826.192 1827.073 1827.97 1828.832 1830.603 1831.448 1832.152 1832.795 1834.336 1835.1 1835.806 1836.481 1837.087 1838.087 1838.521 1838.964 1839.471 1840.04 1840.086 1840.141
1805.989 1805.561 1805.09 1804.536 1804.272 1804.002 1803.766 1803.663 1803.657 1803.925 1804.305 1804.956 1806.818 1807.745 1808.474 1809.081 1809.849 1809.936 1809.736 1809.169 1808.371 1807.729 1810.054 1810.042 1810.093 1810.13 1810.053 1809.814 1809.555 1808.967 1808.619 1808.614 1809.092 1809.918 1812.22 1813.349 1814.451 1815.572 1817.736 1818.722 1819.709 1820.563 1821.227 1823.048 1824.01 1824.928 1825.78 1827.565 1828.361 1829.024 1829.682 1831.04 1831.704 1832.395 1833.135 1833.733 1834.637 1834.992 1835.263 1835.466 1835.803 1835.814 1835.859
1804.739 1804.339 1803.813 1803.206 1803.019 1802.699 1802.519 1802.355 1802.478 1802.638 1802.929 1803.497 1805.105 1806.042 1806.94 1807.652 1808.714 1808.751 1808.349 1807.572 1808.371 1807.729 1807.784 1807.818 1807.956 1808.109 1808.071 1807.856 1807.536 1806.65 1806.149 1806.017 1806.456 1807.307 1809.657 1810.777 1811.873 1812.957 1815.044 1815.995 1816.903 1817.609 1818.13 1819.868 1820.854 1821.846 1822.752 1824.351 1825.081 1825.784 1826.469 1827.767 1828.409 1829.063 1829.797 1830.473 1831.308 1831.54 1831.63 1831.598 1831.552 1831.498 1831.431
1803.468 1803.025 1802.591 1801.792 1801.554 1801.341 1801.107 1800.974 1801.008 1801.17 1801.481 1802.096 1803.409 1804.346 1805.295 1806.179 1807.351 1807.45 1808.349 1807.572 1806.615 1805.305 1805.433 1805.58 1805.706 1805.881 1805.959 1805.75 1805.238 1804.173 1803.604 1803.506 1803.988 1804.846 1807.124 1808.2 1809.292 1810.321 1812.311 1813.208 1814.035 1814.736 1816.156 1817.013 1817.891 1818.786 1819.678 1821.162 1821.801 1822.477 1823.17 1824.417 1825.041 1825.674 1826.319 1826.891 1827.616 1827.815 1827.883 1827.884 1827.77 1827.698 1827.655
1802.224 1801.789 1801.364 1800.573 1800.173 1799.821 1799.632 1799.127 1799.067 1799.178 1799.423 1799.892 1801.536 1802.395 1803.398 1804.438 1805.804 1807.45 1807.112 1806.264 1803.766 1802.983 1802.772 1802.798 1802.873 1802.831 1802.786 1802.498 1801.934 1801.11 1800.7 1800.728 1801.428 1802.358 1804.653 1805.817 1806.951 1807.974 1809.727 1810.498 1811.26 1812.045 1813.509 1814.354 1815.183 1815.981 1816.848 1818.14 1818.654 1819.189 1819.845 1821.096 1821.683 1822.191 1822.621 1823.023 1823.659 1823.846 1824.008 1824.098 1824.122 1824.126 1824.13
1801.062 1800.537 1800.04 1799.292 1798.807 1798.308 1797.886 1796.997 1796.745 1796.744 1796.864 1797.397 1798.906 1799.938 1801.024 1804.438 1805.804 1805.876 1805.587 1804.75 1801.817 1800.694 1799.958 1799.542 1799.261 1798.737 1798.681 1798.558 1798.237 1797.331 1796.898 1797.115 1798.465 1801.115 1802.313 1803.498 1804.585 1805.559 1807.242 1807.92 1808.564 1809.312 1810.873 1811.747 1812.592 1813.369 1814.121 1815.347 1815.823 1816.335 1816.829 1817.871 1818.466 1818.849 1818.931 1819.455 1819.694 1819.892 1820.067 1820.18 1820.471 1820.602 1820.761
1799.729 1799.227 1798.794 1797.832 1797.422 1796.954 1796.336 1795.19 1794.989 1794.852 1794.804 1795.819 1796.523 1799.938 1801.024 1802.031 1803.346 1803.443 1803.209 1802.448 1799.469 1797.765 1796.508 1795.801 1795.182 1794.7 1794.8 1794.854 1794.776 1793.803 1793.44 1793.95 1795.58 1798.703 1799.877 1800.998 1802.047 1803.023 1804.773 1805.412 1805.889 1806.56 1808.288 1809.131 1809.931 1810.692 1811.38 1812.586 1813.125 1813.66 1814.109 1814.973 1815.403 1815.647 1815.737 1816.011 1816.148 1816.281 1816.405 1816.52 1816.822 1816.968 1817.084
1798.381 1797.888 1797.46 1796.545 1796.081 1795.617 1795.026 1793.666 1793.196 1792.977 1792.78 1795.819 1796.523 1797.308 1798.157 1799.046 1800.131 1800.366 1800.479 1800.068 1796.709 1794.747 1793.51 1792.944 1792.502 1792.08 1792.15 1792.193 1792.184 1791.66 1791.582 1792.148 1793.476 1796.329 1797.348 1798.37 1799.396 1800.425 1802.183 1802.844 1803.47 1804.212 1805.774 1806.574 1807.391 1808.236 1809.713 1810.218 1810.618 1811.038 1811.433 1812.077 1812.344 1812.548 1812.738 1812.926 1812.972 1813.023 1813.069 1813.107 1813.036 1812.979 1812.925
1797.186 1796.744 1796.151 1795.125 1794.779 1794.303 1793.692 1792.33 1791.764 1791.401 1792.78 1793.529 1794.075 1794.675 1795.336 1795.965 1796.976 1797.385 1797.628 1797.749 1794.739 1792.854 1791.753 1791.169 1790.623 1790.501 1790.431 1790.329 1790.188 1789.993 1790.179 1790.877 1792.074 1794.089 1794.906 1795.887 1796.932 1797.965 1799.706 1800.492 1801.25 1801.983 1803.524 1804.278 1805.043 1805.85 1807.365 1807.901 1808.223 1808.513 1808.754 1809.206 1809.429 1809.617 1809.732 1809.841 1809.788 1809.687 1809.656 1809.61 1809.157 1808.809 1808.386
1796.251 1795.71 1794.499 1794.11 1793.706 1793.119 1792.374 1791.008 1791.764 1791.401 1791.277 1791.713 1791.949 1792.252 1792.684 1793.225 1794.829 1795.555 1796.011 1796.025 1793.9 1792.031 1790.586 1789.899 1789.218 1789.005 1788.787 1788.551 1788.293 1788.023 1788.335 1789.062 1789.968 1791.396 1792.327 1793.493 1794.633 1795.598 1797.476 1798.299 1799.073 1799.844 1801.441 1802.152 1802.806 1803.545 1805.042 1805.481 1805.767 1806.032 1806.163 1806.433 1806.561 1806.725 1806.911 1806.799 1806.621 1806.443 1806.311 1805.91 1805.542 1805.016 1804.433
1795.306 1794.701 1793.408 1792.797 1792.189 1791.6 1792.374 1791.008 1790.443 1790.063 1789.836 1789.78 1789.796 1789.947 1790.296 1790.82 1792.42 1793.513 1794.385 1794.684 1793.073 1791.402 1789.849 1788.907 1787.922 1787.583 1787.275 1786.996 1786.6 1785.764 1785.62 1785.775 1786.51 1788.642 1789.804 1791.056 1792.237 1794.399 1795.404 1796.329 1797.131 1797.853 1799.399 1800.067 1800.722 1801.45 1802.654 1803.01 1803.257 1803.472 1803.667 1803.924 1804.059 1804.173 1804.223 1804.028 1803.813 1803.614 1803.401 1802.764 1802.29 1801.661 1800.891
1794.394 1793.777 1792.166 1791.406 1790.771 1791.6 1791.009 1789.687 1789.079 1788.626 1788.296 1787.491 1787.179 1787.056 1787.196 1788.276 1789.248 1790.565 1791.804 1792.327 1791.674 1790.153 1788.588 1787.65 1786.652 1786.3 1785.994 1785.728 1785.255 1783.7 1783.023 1782.611 1782.906 1786.047 1787.429 1788.704 1789.89 1792.134 1793.245 1794.282 1795.165 1795.971 1797.456 1798.058 1798.603 1799.106 1800.061 1800.48 1800.781 1800.976 1801.183 1801.489 1801.572 1801.669 1801.635 1801.44 1801.238 1800.983 1800.609 1799.741 1799.101 1798.318 1797.374
1793.525 1792.724 1790.946 1791.406 1790.771 1790.16 1789.49 1788.292 1787.685 1787.063 1786.451 1785.291 1784.653 1783.96 1783.37 1784.108 1785.191 1786.319 1787.195 1787.821 1788.276 1787.532 1786.727 1786.162 1785.431 1785.248 1785.043 1784.665 1784.117 1782.297 1781.28 1780.541 1780.594 1783.501 1785.096 1786.422 1787.598 1789.802 1790.893 1791.942 1793.01 1794.067 1795.566 1796.056 1796.514 1796.904 1797.685 1798.026 1798.318 1798.588 1799.007 1799.167 1799.258 1799.285 1799.246 1798.96 1798.723 1798.387 1797.921 1796.784 1796.143 1795.321 1794.261
1792.428 1792.724 1790.946 1790.15 1789.416 1788.733 1788.034 1786.638 1785.948 1785.315 1784.747 1783.504 1782.684 1781.74 1780.896 1780.767 1781.41 1781.972 1782.615 1783.799 1784.731 1784.652 1784.665 1784.386 1784.426 1784.379 1784.193 1783.724 1782.254 1781.218 1779.998 1779.057 1779.088 1781.414 1782.915 1784.353 1785.396 1787.11 1788.068 1789.227 1790.486 1791.582 1793.543 1794.142 1794.377 1794.668 1795.349 1795.632 1795.923 1796.215 1796.728 1796.889 1796.987 1796.992 1796.873 1796.586 1796.359 1796.005 1795.46 1794.122 1793.457 1792.848 1792.189
1792.428 1791.497 1789.72 1788.887 1788.069 1787.27 1785.638 1784.86 1784.172 1783.628 1783.131 1781.835 1780.881 1779.814 1778.933 1778.578 1778.736 1779.162 1780.009 1781.152 1782.702 1782.66 1782.626 1782.62 1783.406 1783.423 1783.152 1782.697 1781.022 1779.987 1778.909 1777.832 1777.776 1780 1781.202 1782.28 1783.146 1784.377 1785.097 1785.925 1786.922 1789.226 1790.267 1791.083 1791.635 1792.111 1792.936 1793.299 1793.641 1793.928 1794.449 1794.61 1794.709 1794.717 1794.601 1794.322 1794.109 1793.744 1793.15 1792.196 1791.742 1791.227 1790.708
1791.162 1790.227 1788.335 1787.512 1786.64 1785.719 1784.038 1783.24 1782.549 1781.974 1781.445 1779.983 1778.965 1777.902 1776.932 1776.018 1775.97 1776.349 1777.327 1779.622 1780.272 1780.423 1780.482 1780.734 1782.154 1782.296 1781.931 1781.185 1779.196 1777.812 1776.641 1775.756 1775.388 1777.654 1778.757 1779.963 1780.713 1781.657 1782.132 1782.677 1783.353 1785.1 1786.323 1787.57 1788.643 1789.514 1790.507 1790.955 1791.385 1791.748 1792.269 1792.432 1792.535 1792.551 1792.441 1792.224 1792.094 1791.872 1791.524 1790.593 1790.184 1791.227 1790.708
1789.693 1788.687 1786.741 1785.864 1784.997 1784.108 1782.467 1781.68 1780.921 1780.214 1779.564 1777.942 1776.944 1775.922 1774.866 1772.665 1772.277 1772.753 1773.934 1776.44 1777.215 1777.693 1778.083 1778.531 1779.981 1780.202 1779.879 1779.099 1777.036 1775.573 1773.894 1772.433 1772.064 1775.055 1776.444 1777.495 1778.236 1779.152 1779.56 1779.936 1780.347 1781.268 1782.535 1784.211 1785.537 1786.606 1788.153 1788.727 1789.187 1789.47 1789.984 1790.196 1790.39 1790.495 1790.382 1790.338 1790.253 1790.043 1789.789 1789.172 1790.184 1789.732 1789.211
1788.153 1787.175 1785.242 1784.32 1783.451 1782.627 1780.996 1780.172 1779.298 1778.466 1777.681 1775.92 1774.819 1773.694 1772.559 1769.945 1769.077 1769.37 1770.63 1773.196 1774.131 1774.808 1775.261 1775.659 1776.672 1776.576 1776.221 1775.99 1774.897 1773.693 1771.691 1769.598 1770.731 1772.447 1773.831 1774.854 1775.621 1776.627 1777.145 1777.527 1777.814 1778.986 1780.06 1781.397 1782.819 1784.068 1785.825 1786.441 1786.924 1787.287 1787.804 1788.016 1788.203 1788.336 1788.568 1788.521 1788.409 1788.308 1789.789 1789.172 1788.801 1788.408 1787.895
1786.52 1785.595 1783.736 1782.826 1781.994 1781.154 1779.359 1778.454 1777.564 1776.729 1774.874 1773.864 1772.751 1771.589 1770.481 1768.043 1767.11 1767.066 1767.991 1770.394 1771.335 1771.993 1772.302 1772.376 1772.747 1772.86 1772.935 1773.019 1772.92 1772.161 1770.519 1768.515 1769.103 1770.87 1772.14 1773.024 1773.582 1774.163 1774.472 1774.927 1775.446 1776.696 1777.788 1779.047 1780.412 1781.75 1783.646 1784.26 1784.754 1785.11 1785.448 1785.666 1785.967 1786.192 1786.488 1786.538 1788.409 1788.308 1788.143 1787.666 1787.396 1787.03 1786.632
1784.88 1783.883 1782.119 1781.254 1780.342 1779.48 1777.691 1776.765 1775.877 1774.993 1772.987 1771.973 1770.919 1769.791 1768.532 1766.127 1765.337 1765.174 1765.9 1767.496 1768.46 1769.146 1769.407 1769.344 1769.359 1769.743 1770.154 1770.461 1770.895 1770.604 1769.444 1767.665 1767.75 1769.482 1770.593 1771.203 1771.637 1772.145 1772.196 1772.203 1772.374 1773.638 1775.023 1776.565 1777.909 1780.655 1781.552 1782.205 1782.773 1783.041 1783.153 1783.425 1783.901 1784.355 1784.78 1786.538 1786.517 1786.518 1786.502 1786.264 1786.131 1785.906 1785.635
1783.286 1782.296 1780.511 1779.629 1778.715 1777.832 1776.079 1775.159 1774.244 1773.314 1771.343 1770.321 1769.177 1767.883 1766.499 1763.612 1762.435 1762.03 1762.625 1764.204 1765.046 1765.68 1766.054 1766.09 1766.204 1766.547 1767.015 1767.465 1768.311 1768.061 1766.764 1764.701 1765.431 1767.023 1767.819 1768.8 1769.515 1770.025 1769.917 1769.818 1769.746 1770.527 1772.12 1773.671 1775.07 1777.609 1778.624 1779.634 1780.516 1780.8 1780.814 1781.245 1782.042 1784.355 1784.78 1784.883 1784.963 1785.03 1785.045 1784.992 1784.953 1784.88 1784.624
1781.848 1779.878 1778.929 1777.984 1777.102 1776.278 1774.443 1773.551 1772.676 1771.759 1769.753 1768.636 1767.406 1766.11 1764.79 1760.972 1759.181 1758.353 1759.043 1761.189 1761.62 1761.894 1762.115 1762.482 1762.688 1763.005 1763.4 1763.781 1764.035 1763.694 1762.734 1760.867 1758.711 1760.64 1763.296 1765.032 1766.821 1766.896 1766.722 1766.525 1766.465 1767.741 1769.371 1770.81 1772.024 1774.246 1775.392 1776.354 1777.059 1777.595 1778.337 1781.245 1782.042 1782.531 1783.222 1783.407 1783.569 1783.723 1783.891 1783.932 1783.906 1783.788 1783.603
1780.478 1778.423 1777.45 1776.493 1775.57 1774.708 1772.915 1772.054 1771.194 1770.277 1767.846 1766.539 1765.2 1763.795 1760.516 1758.566 1756.831 1755.822 1756.062 1758.327 1758.518 1758.511 1758.424 1758.503 1758.828 1759.181 1759.485 1759.776 1759.967 1759.884 1759.372 1757.971 1756.003 1758.232 1760.34 1761.488 1762.881 1763.168 1763.016 1762.609 1762.039 1763.646 1766.111 1767.965 1769.099 1771.008 1771.904 1772.735 1773.566 1777.595 1778.337 1779.032 1779.838 1780.622 1781.556 1781.857 1782.132 1782.388 1782.637 1782.702 1782.761 1782.731 1782.564
1778.991 1776.974 1776.021 1775.06 1774.065 1773.108 1771.373 1770.508 1769.571 1768.442 1765.631 1764.251 1762.913 1761.545 1758.528 1756.71 1754.977 1753.782 1753.396 1755.072 1755.323 1755.343 1755.257 1755.287 1755.461 1755.627 1755.782 1755.943 1756.234 1755.976 1755.148 1753.19 1750.35 1754.201 1757.498 1758.036 1759.301 1759.599 1759.449 1758.696 1757.441 1757.971 1761.22 1764.161 1765.97 1767.921 1768.711 1769.501 1773.566 1775.007 1775.65 1776.3 1777.044 1777.84 1779.317 1779.87 1780.359 1780.769 1781.17 1781.273 1781.38 1781.402 1781.293
1777.588 1775.478 1774.446 1773.402 1772.379 1771.437 1769.649 1768.598 1767.451 1766.183 1763.426 1762.096 1760.915 1759.786 1757.022 1755.163 1753.58 1752.371 1751.269 1751.944 1752.073 1752.18 1752.26 1752.33 1752.401 1752.422 1752.336 1751.838 1751.292 1750.494 1749.099 1746.742 1743.891 1746.683 1750.222 1752.103 1755.055 1755.639 1755.314 1754.32 1753.151 1756.003 1759.164 1761.194 1762.925 1765.244 1768.711 1769.501 1770.359 1771.814 1772.364 1773.063 1773.935 1774.832 1776.491 1777.267 1777.932 1778.51 1779.276 1779.528 1779.727 1779.793 1779.708
1776.133 1773.932 1772.849 1771.767 1770.725 1768.669 1767.551 1766.362 1765.089 1763.782 1760.964 1759.726 1758.668 1757.729 1755.289 1753.472 1751.438 1749.458 1748.373 1748.824 1748.973 1749.154 1749.356 1749.548 1749.532 1749.295 1748.781 1747.561 1746.675 1745.624 1744.204 1742.107 1740.148 1741.845 1744.082 1744.721 1746.688 1747.646 1747.991 1747.667 1747.153 1752.992 1757.656 1759.271 1762.925 1765.244 1766.091 1766.867 1767.62 1768.794 1769.264 1769.807 1770.507 1771.461 1773.456 1774.428 1775.29 1776.03 1777.071 1777.407 1777.655 1777.809 1777.951
1774.609 1772.359 1771.313 1770.212 1768.991 1766.468 1765.215 1763.964 1762.704 1761.336 1758.322 1757.108 1756.21 1755.306 1752.625 1750.672 1748.66 1746.699 1745.37 1745.66 1746.124 1746.524 1746.576 1746.736 1746.784 1746.447 1745.65 1743.849 1742.712 1741.289 1739.279 1736.593 1734.752 1736.743 1738.549 1739.495 1740.863 1741.532 1741.93 1741.733 1742.553 1746.953 1752.923 1759.271 1760.615 1762.691 1763.577 1764.379 1765.07 1766.366 1766.863 1767.319 1767.833 1768.523 1770.439 1771.468 1772.468 1773.358 1774.614 1775.036 1775.317 1775.504 1775.877
