var/www/cgi-bin/BAERTOOLS/ravel/working/ravel-12067.DEM
NCOLS 82
NROWS 113
XLLCORNER 616393.99
YLLCORNER 4622965.4
CELLSIZE 10
NODATA_VALUE -9999
[rows 84 to 111 of 113, columns 0 to 62 of 82]
1432.562 1432.399 1432.303 1432.106 1431.948 1431.848 1431.564 1431.484 1431.404 1431.296 1431.161 1431.144 1431.136 1431.035 1431.018 1431.014 1430.797 1430.739 1430.599 1430.403 1430.224 1429.981 1429.789 1429.252 1428.929 1428.542 1427.679 1427.315 1426.902 1426.56 1426.215 1426.109 1426.096 1426.222 1426.357 1426.508 1427.101 1427.333 1427.598 1427.777 1427.61 1427.189 1426.563 1424.533 1423.665 1422.421 1420.212 1419.173 1418.256 1417.334 1415.366 1414.437 1413.441 1411.731 1410.886 1410.044 1408.351 1407.455 1406.552 1405.846 1404.336 1403.637 1402.942
1433.093 1433.008 1432.929 1432.65 1432.568 1432.48 1432.235 1432.183 1432.034 1432.008 1431.866 1431.812 1431.819 1431.573 1431.501 1431.449 1431.234 1431.084 1430.916 1430.764 1430.476 1430.225 1429.946 1429.355 1428.956 1428.577 1427.732 1427.359 1426.937 1426.697 1426.39 1426.346 1426.399 1426.536 1426.786 1426.99 1427.582 1427.792 1427.924 1428.043 1428.005 1427.684 1426.937 1424.862 1423.665 1422.421 1420.239 1419.124 1418.133 1417.2 1415.175 1414.319 1413.329 1411.659 1410.874 1410.032 1409.252 1407.676 1406.841 1406.139 1404.741 1404.041 1403.345
1433.787 1433.615 1433.452 1433.263 1433.178 1433.091 1433.013 1432.923 1432.827 1432.755 1432.529 1432.5 1432.376 1432.175 1432.077 1431.935 1431.644 1431.51 1431.407 1431.207 1430.781 1430.537 1430.225 1429.505 1429.096 1428.627 1427.745 1427.369 1427.032 1426.781 1426.572 1426.562 1426.722 1427.036 1427.251 1427.505 1427.978 1428.198 1428.277 1428.251 1428.078 1427.757 1427.152 1425.061 1423.905 1422.605 1421.413 1419.124 1418.115 1417.017 1415.065 1414.228 1413.31 1411.689 1410.991 1410.213 1409.366 1407.901 1407.135 1406.437 1405.077 1404.439 1403.743
1434.396 1434.237 1434.146 1433.931 1433.8 1433.79 1433.641 1433.559 1433.475 1433.394 1433.116 1433.041 1432.88 1432.712 1432.615 1432.457 1432.135 1431.967 1431.774 1431.541 1431.051 1430.767 1430.458 1429.691 1429.22 1428.67 1428.152 1427.368 1427.113 1426.941 1426.989 1427.041 1427.189 1427.529 1427.715 1427.953 1428.274 1428.53 1428.495 1428.384 1428.214 1427.85 1427.243 1425.187 1424.003 1422.773 1421.532 1419.209 1418.115 1417.05 1415.055 1414.33 1413.414 1411.784 1411.07 1410.311 1409.621 1408.118 1407.428 1406.735 1405.478 1404.859 1404.233
1435.054 1434.96 1434.871 1434.631 1434.611 1434.526 1434.444 1434.161 1434.083 1434.009 1433.798 1433.633 1433.472 1433.28 1433.1 1432.876 1432.715 1432.388 1432.143 1431.908 1431.385 1431.022 1430.722 1429.774 1429.284 1428.739 1428.174 1427.492 1427.37 1427.339 1427.43 1427.562 1427.708 1427.982 1428.301 1428.626 1428.752 1428.814 1428.737 1428.604 1428.243 1427.931 1427.403 1425.319 1424.203 1422.977 1421.705 1419.343 1418.197 1417.05 1415.055 1414.409 1413.572 1411.931 1411.186 1410.502 1409.815 1408.423 1407.741 1407.124 1405.698 1405.177 1404.629
1435.702 1435.686 1435.596 1435.31 1435.232 1435.146 1435.063 1434.895 1434.787 1434.552 1434.367 1434.255 1434.1 1433.794 1433.632 1433.457 1433.234 1432.794 1432.558 1432.325 1431.743 1431.39 1430.963 1430.025 1429.571 1429.017 1428.553 1427.915 1427.913 1427.859 1427.967 1428.125 1428.273 1428.691 1428.913 1429.055 1429.138 1428.993 1428.863 1428.794 1428.383 1427.944 1427.471 1425.497 1424.371 1423.183 1421.851 1419.35 1418.264 1417.198 1415.242 1414.409 1413.572 1412.133 1411.384 1410.712 1410.097 1408.795 1408.039 1407.42 1406.188 1405.552 1404.941
1436.397 1436.298 1436.213 1436.038 1435.954 1435.86 1435.702 1435.473 1435.338 1435.32 1434.969 1434.863 1434.629 1434.311 1434.126 1433.907 1433.743 1433.185 1432.96 1432.734 1432.098 1431.713 1431.294 1430.444 1429.991 1429.561 1429.162 1428.597 1428.534 1428.542 1428.654 1428.811 1428.96 1429.28 1429.318 1429.351 1429.405 1429.195 1429.12 1429.011 1428.53 1428.081 1427.597 1425.652 1424.434 1423.203 1422.049 1419.479 1418.25 1417.16 1415.149 1414.385 1413.561 1412.866 1411.384 1411.017 1410.402 1409.14 1408.457 1407.84 1406.654 1405.983 1405.45
1436.934 1436.94 1436.924 1436.649 1436.574 1436.477 1436.313 1436.203 1436.031 1435.873 1435.545 1435.398 1435.226 1434.816 1434.634 1434.393 1434.169 1433.686 1433.445 1433.149 1432.479 1432.094 1431.764 1431.012 1430.615 1430.157 1429.805 1429.401 1429.267 1429.298 1429.346 1429.481 1429.63 1429.711 1429.701 1429.644 1429.558 1429.42 1429.33 1429.171 1428.674 1428.242 1427.759 1426.928 1424.593 1423.359 1422.127 1419.622 1418.322 1417.146 1415.118 1414.394 1413.65 1412.95 1411.615 1411.017 1410.704 1409.584 1408.97 1408.358 1407.155 1406.59 1405.994
1437.665 1437.634 1437.542 1437.377 1437.261 1437.09 1436.922 1436.781 1436.55 1436.465 1436.182 1435.892 1435.733 1435.318 1435.14 1434.897 1434.659 1434.166 1433.852 1433.546 1432.902 1432.578 1432.266 1431.941 1431.213 1430.917 1430.593 1430.253 1430.166 1430.103 1430.016 1430.078 1430.183 1430.144 1430.031 1429.945 1429.83 1429.584 1429.466 1429.317 1428.765 1428.368 1427.853 1427.067 1424.661 1423.427 1422.174 1419.679 1418.398 1417.162 1415.043 1414.406 1413.74 1413.077 1411.866 1411.32 1410.704 1409.584 1409.411 1408.86 1407.671 1407.191 1406.797
1438.285 1438.255 1438.168 1438.081 1437.771 1437.62 1437.534 1437.369 1437.27 1437.106 1436.672 1436.52 1436.355 1436.126 1435.651 1435.416 1435.181 1434.606 1434.331 1433.954 1433.407 1433.086 1432.772 1432.451 1431.883 1431.59 1431.322 1431.047 1430.865 1430.781 1430.661 1430.664 1430.629 1430.556 1430.377 1430.247 1430.082 1429.84 1429.671 1429.436 1428.858 1428.524 1427.908 1427.095 1424.754 1423.514 1422.235 1419.717 1418.495 1417.261 1415.095 1414.47 1413.874 1413.35 1412.159 1411.617 1411.03 1409.94 1409.411 1408.86 1408.338 1407.811 1407.358
1438.906 1438.871 1438.777 1438.621 1438.401 1438.247 1438.156 1437.957 1437.788 1437.625 1437.263 1437.018 1436.783 1436.544 1436.067 1435.831 1435.598 1435.126 1434.846 1434.453 1433.92 1433.594 1433.284 1433.022 1432.517 1432.209 1432.029 1431.715 1431.548 1431.479 1431.29 1431.195 1431.109 1430.979 1430.768 1430.547 1430.357 1430.065 1429.794 1429.477 1428.992 1428.565 1427.953 1427.167 1424.841 1423.604 1422.355 1419.79 1418.544 1417.349 1415.31 1414.671 1414.091 1413.534 1412.385 1411.862 1411.413 1410.426 1409.908 1409.3 1408.838 1407.811 1408.189
1439.493 1439.399 1439.314 1439.23 1438.956 1438.862 1438.704 1438.526 1438.402 1438.16 1437.678 1437.436 1437.207 1437.044 1436.591 1436.337 1436.025 1435.542 1435.279 1434.962 1434.439 1434.104 1433.808 1433.639 1433.065 1432.824 1432.67 1432.38 1432.254 1432.057 1431.893 1431.685 1431.553 1431.396 1431.12 1430.924 1430.725 1430.315 1429.96 1429.704 1429.03 1428.564 1428.015 1427.325 1424.995 1423.736 1422.421 1419.921 1418.649 1417.478 1416.405 1414.854 1414.296 1413.674 1412.717 1412.216 1411.755 1410.889 1410.345 1409.847 1409.441 1408.58 1408.189
1439.493 1439.399 1439.935 1439.779 1439.566 1439.408 1439.321 1439.009 1438.824 1438.584 1438.105 1437.861 1437.633 1437.471 1437.01 1436.771 1436.528 1436.057 1435.799 1435.477 1434.898 1434.628 1434.315 1434.082 1433.649 1433.533 1433.297 1433.076 1432.912 1432.735 1432.612 1432.183 1432.038 1431.891 1431.502 1431.35 1431.116 1430.569 1430.249 1429.975 1429.562 1428.62 1428.061 1427.343 1425.101 1423.904 1422.677 1420.145 1418.927 1417.773 1416.75 1415.127 1414.546 1413.952 1413.042 1412.654 1412.188 1411.28 1410.861 1410.481 1410.027 1409.221 1408.847
1440.065 1440.033 1439.935 1439.779 1440.177 1440.009 1439.843 1439.526 1439.342 1439.099 1438.618 1438.372 1438.144 1437.978 1437.509 1437.291 1437.127 1436.507 1436.214 1435.978 1435.742 1435.156 1434.911 1434.667 1434.292 1434.097 1433.99 1433.597 1433.445 1433.282 1433.128 1432.766 1432.542 1432.335 1431.942 1431.682 1431.463 1430.782 1430.486 1430.123 1429.666 1428.727 1428.185 1427.561 1425.227 1424.039 1422.861 1420.405 1419.225 1418.136 1417.16 1415.4 1414.909 1414.403 1413.499 1413.103 1412.662 1411.87 1411.49 1411.083 1410.717 1409.958 1409.577
1440.559 1440.534 1440.472 1440.394 1440.177 1440.531 1440.37 1440.048 1439.856 1439.616 1439.375 1438.897 1438.658 1438.411 1438.047 1437.779 1437.465 1436.932 1436.631 1436.397 1436.167 1435.6 1435.452 1435.29 1434.813 1434.611 1434.534 1434.162 1433.98 1433.88 1433.66 1433.336 1433.138 1432.84 1432.404 1432.129 1431.775 1431.081 1430.651 1430.225 1429.821 1428.816 1428.286 1427.72 1425.474 1424.271 1423.039 1420.692 1419.583 1418.518 1417.579 1415.908 1415.32 1414.904 1414.015 1413.639 1413.254 1412.448 1412.095 1411.644 1411.304 1410.671 1410.316
1440.919 1441.003 1441.055 1440.979 1440.696 1440.531 1440.37 1440.516 1440.277 1440.041 1439.812 1439.366 1439.177 1438.864 1438.431 1438.119 1437.883 1437.354 1437.055 1436.819 1436.581 1436.094 1435.875 1435.711 1435.386 1435.221 1435.068 1434.681 1434.488 1434.409 1434.255 1433.847 1433.682 1433.436 1432.825 1432.5 1432.23 1431.373 1430.875 1430.375 1430.006 1428.962 1428.43 1427.862 1425.847 1424.613 1423.377 1421.07 1420.024 1419.002 1418.155 1416.557 1415.883 1415.397 1414.543 1414.13 1413.741 1413.38 1412.729 1412.361 1411.984 1411.365 1411.109
1441.31 1441.389 1441.362 1441.296 1441.197 1441.056 1440.909 1440.516 1440.277 1440.483 1440.315 1439.849 1439.605 1439.367 1438.881 1438.646 1438.401 1437.816 1437.55 1437.235 1436.986 1436.576 1436.297 1436.213 1435.8 1435.639 1435.48 1435.245 1435.107 1435.02 1434.796 1434.351 1434.193 1433.974 1433.202 1432.846 1432.574 1431.748 1431.252 1430.711 1430.22 1429.134 1428.609 1428.086 1426.155 1424.941 1423.751 1422.574 1420.6 1419.641 1418.748 1417.177 1416.591 1416.005 1415.064 1414.624 1414.272 1413.963 1413.349 1413.068 1412.759 1412.133 1411.832
1441.719 1441.7 1441.723 1441.726 1441.505 1441.494 1441.391 1440.883 1440.705 1440.483 1440.315 1440.28 1440.038 1439.796 1439.311 1439.068 1438.818 1438.176 1437.884 1437.648 1437.41 1436.92 1436.696 1436.539 1436.253 1436.178 1436.084 1435.927 1435.679 1435.455 1435.36 1434.961 1434.769 1434.392 1433.85 1433.463 1432.953 1432.572 1431.569 1431.02 1430.411 1429.405 1428.849 1428.209 1426.331 1425.155 1424.055 1422.98 1421.14 1420.323 1419.345 1417.864 1417.217 1416.607 1415.563 1415.131 1414.873 1414.569 1414.015 1413.78 1413.497 1412.888 1412.657
1442.093 1442.056 1442.112 1442.111 1441.968 1441.863 1441.716 1441.371 1441.16 1440.989 1440.763 1440.28 1440.557 1440.315 1439.815 1439.544 1439.22 1438.902 1438.26 1437.95 1437.708 1437.22 1436.994 1436.834 1436.665 1436.582 1436.5 1436.416 1436.167 1436.141 1435.984 1435.587 1435.28 1435.03 1434.352 1433.917 1433.504 1432.993 1431.897 1431.297 1430.732 1429.665 1429.031 1428.277 1426.474 1425.405 1424.377 1423.418 1421.663 1420.885 1420.057 1418.617 1417.88 1417.224 1416.154 1415.763 1415.507 1415.201 1414.717 1414.482 1414.249 1413.755 1413.535
1442.525 1442.473 1442.471 1442.465 1442.308 1442.223 1442.12 1441.969 1441.607 1441.388 1441.236 1440.797 1440.557 1440.315 1440.172 1439.851 1439.533 1439.207 1438.565 1438.26 1438.013 1437.452 1437.301 1437.137 1436.957 1436.898 1436.899 1436.9 1436.742 1436.677 1436.665 1436.253 1436.049 1435.734 1434.981 1434.424 1433.911 1433.449 1432.124 1431.47 1430.94 1429.729 1429.023 1428.248 1426.542 1425.546 1424.656 1423.764 1422.26 1421.528 1420.759 1419.312 1418.602 1417.995 1416.914 1416.528 1416.189 1415.875 1415.395 1415.161 1414.958 1414.657 1414.476
1443.094 1443 1442.97 1442.94 1442.771 1442.657 1442.513 1442.339 1441.936 1441.8 1441.608 1441.266 1441.033 1440.811 1440.172 1439.851 1439.924 1439.538 1438.866 1438.546 1438.223 1437.693 1437.595 1437.435 1437.356 1437.261 1437.186 1437.176 1437.283 1437.27 1437.258 1437.005 1436.748 1436.499 1435.581 1434.974 1434.431 1433.844 1432.436 1431.675 1431.015 1429.622 1428.874 1428.169 1426.514 1425.679 1424.892 1424.215 1422.75 1422.048 1421.328 1420.098 1419.44 1418.821 1418.222 1417.333 1416.912 1416.596 1416.081 1415.904 1415.754 1415.446 1415.257
1443.626 1443.551 1443.452 1443.336 1443.123 1442.98 1442.87 1442.637 1442.374 1442.25 1441.973 1441.571 1441.352 1441.171 1440.571 1440.247 1439.924 1439.538 1439.075 1438.752 1438.418 1437.937 1437.786 1437.706 1437.611 1437.544 1437.541 1437.532 1437.852 1437.841 1437.9 1437.791 1437.658 1437.257 1436.409 1435.649 1435.017 1434.207 1432.478 1431.776 1430.95 1429.448 1428.741 1427.987 1427.199 1425.784 1425.191 1424.526 1423.122 1422.49 1421.851 1420.706 1420.185 1419.612 1419.031 1418.142 1417.74 1417.432 1416.864 1416.694 1416.542 1416.237 1416.05
1444.219 1444.054 1443.923 1443.76 1443.515 1443.351 1443.182 1442.974 1442.74 1442.59 1442.404 1442.002 1441.724 1441.41 1440.853 1440.459 1440.136 1439.825 1439.075 1439.031 1438.612 1438.1 1437.974 1437.957 1437.93 1437.885 1437.878 1437.945 1438.265 1438.462 1438.525 1438.575 1438.392 1438.044 1437.659 1436.41 1435.561 1434.426 1432.484 1431.534 1430.708 1429.285 1428.514 1427.758 1427.037 1425.872 1425.339 1424.709 1423.433 1422.838 1422.284 1421.295 1420.844 1420.355 1419.877 1418.966 1418.609 1418.315 1417.668 1417.467 1417.321 1417.02 1416.85
1444.69 1444.459 1444.3 1444.148 1443.775 1443.638 1443.512 1443.359 1443.104 1442.977 1442.739 1442.375 1442.063 1441.761 1441.511 1440.789 1440.39 1440.057 1439.4 1439.031 1438.612 1438.329 1438.265 1438.239 1438.202 1438.249 1438.225 1438.279 1438.591 1438.82 1439.045 1439.274 1439.177 1438.897 1438.445 1436.873 1435.863 1434.551 1432.374 1431.322 1430.354 1428.838 1428.182 1427.421 1426.846 1425.941 1425.329 1424.783 1423.73 1423.122 1422.664 1421.796 1421.345 1421.015 1420.568 1419.781 1419.465 1419.116 1418.484 1418.29 1418.147 1417.845 1417.695
1445.156 1444.796 1444.639 1444.441 1444.231 1443.967 1443.848 1443.713 1443.523 1443.383 1443.231 1442.708 1442.441 1442.13 1441.808 1441.134 1440.755 1440.401 1439.662 1439.232 1438.808 1438.329 1438.265 1438.632 1438.62 1438.55 1438.521 1438.567 1438.894 1438.986 1439.225 1439.733 1439.724 1439.516 1439.05 1437.436 1436.131 1434.824 1431.934 1430.818 1429.865 1428.23 1427.588 1427.139 1426.599 1425.865 1425.355 1424.879 1424.025 1423.645 1423.183 1422.359 1421.913 1421.582 1421.248 1420.506 1420.157 1419.841 1419.352 1419.136 1418.942 1418.644 1418.495
1445.612 1445.233 1445.028 1444.833 1444.676 1444.421 1444.292 1444.207 1444.039 1443.878 1443.571 1443.109 1442.79 1442.457 1442.176 1441.423 1441.078 1440.669 1439.827 1439.442 1439.022 1438.591 1438.604 1438.632 1438.62 1438.951 1438.876 1438.988 1439.073 1439.201 1439.462 1439.988 1440.194 1440.204 1439.837 1437.765 1436.51 1434.674 1431.452 1430.036 1428.881 1427.483 1427.021 1426.313 1426.097 1425.708 1425.509 1425.175 1424.383 1424.029 1423.699 1423.324 1422.623 1422.234 1421.937 1421.343 1421.056 1420.694 1420.227 1419.991 1419.755 1419.542 1419.214
1445.973 1445.661 1445.478 1445.334 1445.182 1444.871 1444.789 1444.705 1444.441 1444.251 1444.012 1443.422 1443.149 1442.786 1442.5 1441.729 1441.321 1440.907 1440.019 1439.597 1439.231 1438.989 1439.019 1438.986 1439.028 1438.951 1439.264 1439.317 1439.307 1439.412 1439.785 1440.242 1440.593 1440.454 1440.189 1437.969 1435.991 1433.969 1430.586 1429.079 1427.739 1426.721 1426.063 1425.916 1426.048 1425.883 1425.651 1425.405 1424.833 1424.531 1424.229 1423.901 1423.297 1423.033 1422.718 1422.043 1421.762 1421.507 1421.016 1420.801 1420.618 1420.362 1419.987
1446.596 1446.287 1446.117 1445.906 1445.696 1445.39 1445.291 1445.157 1444.803 1444.583 1444.345 1443.784 1443.484 1443.154 1442.779 1441.991 1441.601 1441.213 1440.268 1439.838 1439.487 1439.4 1439.463 1439.412 1439.386 1439.323 1439.264 1439.317 1439.591 1439.82 1440.236 1440.769 1440.967 1440.729 1440.151 1437.429 1435.421 1433.236 1429.359 1428.161 1427.28 1426.619 1426.088 1425.969 1426.004 1425.789 1425.696 1425.445 1425.003 1424.775 1424.626 1424.381 1423.875 1423.635 1423.367 1422.84 1422.61 1422.355 1421.851 1421.635 1421.43 1421.197 1420.798
