var/www/cgi-bin/BAERTOOLS/ravel/working/ravel-12079.DEM
NCOLS 43
NROWS 231
XLLCORNER 616413.99
YLLCORNER 4621775.4
CELLSIZE 10
NODATA_VALUE -9999
[rows 164 to 204 of 231, columns 0 to 42 of 43]
1472.408 1472.412 1472.406 1472.252 1472.18 1472.086 1471.864 1471.36 1471.027 1470.641 1469.861 1469.438 1468.894 1467.656 1466.986 1466.21 1465.388 1463.285 1461.862 1460.423 1456.987 1455.184 1453.682 1451.759 1451.354 1451.128 1450.933 1450.562 1450.423 1450.19 1449.798 1449.639 1449.453 1449.243 1449.11 1449.045 1448.963 1448.879 1448.876 1448.869 1449.104 1449.273 1449.464
1472.659 1472.703 1472.625 1472.572 1472.488 1472.4 1472.252 1471.799 1471.535 1471.147 1470.372 1469.918 1469.295 1468.117 1467.387 1466.598 1465.692 1463.56 1462.114 1460.589 1457.025 1455.014 1453.384 1451.568 1451.268 1451.067 1450.925 1450.543 1450.464 1450.23 1449.824 1449.645 1449.548 1449.351 1449.188 1449.075 1449.034 1449.056 1449.088 1449.082 1449.302 1449.474 1449.668
1472.872 1472.932 1472.93 1472.929 1472.904 1472.81 1472.658 1472.209 1471.94 1471.553 1470.882 1470.446 1469.884 1468.556 1467.858 1466.985 1466.071 1463.952 1462.56 1461.029 1457.294 1455.218 1453.63 1451.689 1451.418 1451.132 1450.92 1450.572 1450.381 1450.208 1449.919 1449.718 1449.651 1449.527 1449.295 1449.197 1449.194 1449.209 1449.249 1449.288 1449.528 1449.684 1449.829
1473.19 1473.234 1473.228 1473.231 1473.201 1473.111 1472.961 1472.619 1472.383 1472.145 1471.384 1470.95 1470.392 1469.776 1468.382 1467.557 1466.488 1464.521 1463.218 1461.524 1457.651 1455.738 1454.097 1452.791 1451.532 1451.301 1451.01 1450.556 1450.339 1450.192 1449.996 1449.815 1449.689 1449.575 1449.418 1449.348 1449.345 1449.33 1449.344 1449.427 1449.679 1449.832 1449.986
1473.19 1473.435 1473.444 1473.513 1473.441 1473.443 1473.374 1473.179 1473.006 1472.767 1471.992 1471.583 1471.099 1470.489 1469.021 1468.062 1467.058 1465.039 1463.829 1462.177 1458.345 1456.5 1454.765 1453.41 1451.683 1451.507 1451.204 1450.682 1450.42 1450.272 1449.935 1449.828 1449.684 1449.664 1449.452 1449.444 1449.443 1449.509 1449.514 1449.591 1449.833 1449.99 1450.144
1473.39 1473.435 1473.735 1473.755 1473.891 1473.97 1473.973 1473.725 1473.641 1473.466 1472.655 1472.338 1471.908 1471.229 1469.731 1468.748 1467.661 1465.693 1464.443 1462.942 1459.084 1457.092 1455.439 1454.033 1451.951 1451.617 1451.313 1450.808 1450.506 1450.293 1450.063 1449.903 1449.751 1449.688 1449.596 1449.538 1449.537 1449.598 1449.666 1449.735 1449.964 1450.137 1450.243
1473.568 1473.648 1473.735 1473.755 1474.246 1474.373 1474.38 1474.367 1474.23 1474.005 1473.66 1473.218 1472.743 1472.21 1470.63 1469.678 1468.666 1466.178 1465.071 1463.723 1459.916 1457.948 1456.225 1454.748 1452.373 1451.704 1451.399 1450.806 1450.539 1450.379 1450.029 1449.944 1449.852 1449.77 1449.686 1449.723 1449.721 1449.759 1449.76 1449.9 1449.972 1450.283 1450.413
1473.676 1473.784 1473.962 1474.117 1474.246 1474.373 1474.873 1474.961 1474.893 1474.803 1474.229 1473.989 1473.65 1473.125 1471.593 1470.683 1469.592 1467.177 1465.834 1464.417 1462.691 1458.722 1456.915 1455.29 1452.666 1451.789 1451.5 1450.798 1450.519 1450.308 1450.194 1450.03 1449.952 1449.872 1449.839 1449.855 1449.848 1449.927 1450 1450.046 1450.17 1450.458 1450.612
1473.868 1474.022 1474.229 1474.334 1474.718 1474.797 1474.873 1474.961 1475.497 1475.396 1475.186 1474.688 1474.356 1473.917 1472.782 1471.924 1470.829 1468.137 1466.709 1465.217 1463.551 1459.5 1457.398 1455.687 1452.933 1451.935 1451.432 1450.757 1450.426 1450.277 1450.199 1450.143 1450.053 1449.979 1449.957 1449.96 1450.017 1450.079 1450.166 1450.215 1450.299 1450.691 1450.88
1473.775 1474.191 1474.362 1474.581 1474.957 1475.175 1475.278 1475.469 1475.497 1475.903 1475.768 1475.353 1475.129 1474.911 1474.059 1473.31 1472.363 1469.43 1467.755 1466.118 1464.44 1460.114 1457.855 1456.001 1452.973 1451.938 1451.421 1450.626 1450.456 1450.372 1450.225 1450.188 1450.151 1450.007 1450.034 1450.167 1450.233 1450.217 1450.348 1450.418 1450.544 1450.984 1451.198
1473.927 1474.307 1474.515 1474.68 1475.183 1475.443 1475.68 1476.019 1475.982 1475.903 1475.768 1476.313 1476.177 1476.026 1475.472 1475.007 1474.097 1470.805 1468.858 1466.885 1464.872 1460.573 1458.179 1456.02 1452.803 1451.72 1451.215 1450.465 1450.365 1450.289 1450.194 1450.259 1450.182 1450.161 1450.186 1450.283 1450.343 1450.442 1450.554 1450.689 1450.78 1451.271 1451.597
1473.973 1474.349 1474.509 1474.767 1475.428 1475.785 1476.026 1476.328 1476.396 1476.399 1476.336 1476.313 1476.177 1476.919 1476.904 1476.677 1475.694 1472.058 1469.843 1467.569 1465.384 1460.814 1458.272 1455.723 1452.382 1451.485 1450.911 1450.369 1450.249 1450.198 1450.265 1450.181 1450.185 1450.188 1450.35 1450.399 1450.608 1450.746 1451.005 1451.083 1451.15 1451.556 1451.951
1474.043 1474.381 1474.552 1474.839 1475.443 1475.738 1476.073 1476.53 1476.673 1476.74 1476.761 1476.914 1476.968 1476.919 1477.421 1477.503 1476.901 1475.301 1470.972 1468.457 1466.037 1461.284 1458.339 1455.32 1451.625 1451.026 1450.69 1450.53 1450.16 1450.192 1450.27 1450.228 1450.198 1450.343 1450.524 1450.685 1450.919 1451.214 1451.428 1451.498 1451.567 1451.921 1452.336
1474.121 1474.474 1474.654 1474.849 1475.384 1475.673 1476.035 1476.305 1476.744 1476.828 1476.908 1477.029 1477.048 1477.131 1477.421 1477.503 1477.49 1476.554 1472.123 1469.543 1467.041 1461.819 1458.41 1455.088 1451.242 1450.745 1450.475 1450.307 1450.328 1450.19 1450.26 1450.381 1450.381 1450.463 1450.88 1451.123 1451.419 1451.665 1451.826 1451.891 1451.953 1452.557 1452.99
1474.26 1474.5 1474.762 1474.908 1475.354 1475.639 1475.974 1476.297 1476.728 1476.878 1476.979 1477.121 1477.196 1477.311 1477.416 1477.485 1477.49 1476.554 1473.274 1470.57 1467.859 1462.207 1458.586 1454.968 1451.185 1450.755 1450.493 1450.401 1450.348 1450.48 1450.404 1450.413 1450.511 1450.661 1451.196 1451.564 1451.856 1452.073 1452.427 1452.489 1452.621 1453.212 1453.726
1474.255 1474.56 1474.825 1474.975 1475.366 1475.57 1475.946 1476.281 1476.609 1476.771 1476.932 1477.098 1477.168 1477.372 1477.569 1477.528 1477.362 1477.335 1473.274 1470.57 1468.688 1462.801 1458.873 1455.033 1451.153 1450.89 1450.67 1450.441 1450.428 1450.476 1450.4 1450.469 1450.545 1450.861 1451.53 1451.849 1452.09 1452.525 1453.087 1453.202 1453.341 1454.052 1454.464
1474.248 1474.634 1474.822 1475.011 1475.381 1475.604 1475.875 1476.098 1476.508 1476.631 1476.785 1477.168 1477.319 1477.381 1477.563 1477.551 1477.674 1477.675 1474.242 1471.391 1468.688 1463.185 1459.206 1455.171 1451.126 1450.828 1450.597 1450.585 1450.452 1450.569 1450.504 1450.673 1450.82 1450.993 1451.43 1452.138 1452.6 1453.057 1453.756 1453.951 1454.16 1454.792 1455.193
1474.371 1474.716 1474.883 1475.119 1475.542 1475.739 1475.907 1475.97 1476.352 1476.456 1476.61 1477.098 1477.322 1477.441 1477.567 1477.79 1477.834 1477.705 1474.881 1472.022 1469.208 1463.185 1459.206 1455.144 1452.182 1450.752 1450.593 1450.58 1450.503 1450.414 1450.571 1450.708 1450.98 1451.3 1451.672 1452.494 1453.028 1453.487 1454.255 1454.608 1454.897 1455.505 1455.965
1474.532 1474.82 1474.988 1475.225 1475.583 1476.015 1476.178 1476.218 1476.24 1476.355 1476.517 1477.048 1477.403 1477.623 1477.702 1477.955 1477.913 1477.695 1475.671 1472.647 1469.578 1463.173 1459.14 1455.144 1452.182 1450.712 1450.666 1450.586 1450.526 1450.612 1450.7 1450.985 1451.221 1451.603 1451.907 1452.935 1453.453 1453.908 1454.781 1455.152 1455.521 1456.298 1456.786
1474.562 1474.931 1475.109 1475.401 1475.746 1476.254 1476.468 1476.506 1476.3 1476.317 1476.409 1477.074 1477.483 1477.717 1477.798 1478.035 1477.968 1477.772 1476.201 1473.194 1469.901 1462.949 1458.88 1454.956 1451.927 1450.712 1450.666 1450.496 1450.666 1450.665 1450.885 1451.2 1451.52 1451.836 1452.29 1453.362 1453.876 1454.331 1455.308 1455.696 1456.143 1456.986 1457.523
1474.694 1474.994 1475.216 1475.483 1475.791 1476.333 1476.505 1476.63 1476.5 1476.449 1476.443 1477.203 1477.567 1477.862 1477.983 1478.152 1478.07 1477.956 1476.437 1473.507 1470.029 1462.788 1458.768 1454.807 1451.642 1450.619 1450.561 1450.496 1450.803 1450.941 1451.031 1451.547 1451.847 1452.191 1452.712 1453.865 1454.325 1454.852 1455.88 1456.328 1456.778 1457.223 1458.264
1474.851 1475.07 1475.337 1475.618 1475.876 1476.384 1476.566 1476.713 1476.764 1476.722 1476.808 1477.491 1477.866 1478.078 1478.212 1478.395 1478.408 1478.339 1476.891 1474.01 1470.24 1462.577 1458.376 1454.381 1451.412 1450.588 1450.588 1450.621 1450.803 1450.941 1451.348 1451.652 1452.355 1452.837 1453.365 1454.469 1455.047 1455.495 1456.503 1456.98 1457.504 1457.961 1459
1474.872 1475.184 1475.439 1475.696 1475.925 1476.382 1476.626 1476.869 1477.053 1477.19 1477.344 1477.547 1478.222 1478.324 1478.358 1478.673 1478.73 1478.719 1477.51 1474.704 1470.592 1466.515 1457.901 1453.857 1451.049 1450.597 1450.67 1450.799 1450.949 1451.083 1451.348 1451.652 1452.999 1453.468 1453.994 1455.063 1455.572 1456.03 1457.086 1457.59 1458.043 1458.568 1459.555
1475.022 1475.163 1475.532 1475.763 1475.992 1476.443 1476.692 1477.008 1477.385 1477.623 1477.818 1477.993 1478.485 1478.633 1478.578 1478.935 1479.013 1479.104 1477.969 1475.25 1470.979 1466.48 1457.44 1453.335 1450.852 1450.827 1450.985 1450.986 1451.152 1451.357 1451.656 1451.975 1452.999 1453.468 1454.642 1455.705 1456.237 1456.756 1457.712 1458.225 1458.67 1459.114 1460.16
1475.238 1475.313 1475.639 1475.873 1476.103 1476.588 1476.862 1477.113 1477.723 1477.917 1478.101 1478.291 1478.745 1478.9 1478.888 1479.161 1479.215 1479.303 1478.204 1475.857 1471.432 1466.513 1457.13 1453.128 1451.074 1451.346 1451.356 1451.408 1451.583 1451.766 1452.045 1452.494 1453.582 1454.116 1454.642 1456.433 1456.944 1457.398 1458.354 1458.855 1459.308 1459.756 1460.794
1475.363 1475.484 1475.723 1475.965 1476.2 1476.699 1477.007 1477.287 1477.96 1478.222 1478.362 1478.592 1478.948 1479.055 1479.229 1479.436 1479.454 1479.3 1478.399 1476.353 1471.537 1466.427 1457.077 1453.478 1452.101 1451.887 1451.823 1451.87 1452.066 1452.3 1452.712 1453.16 1454.31 1454.835 1455.363 1456.433 1456.944 1458.135 1458.679 1459.52 1460.045 1460.5 1461.396
1475.547 1475.686 1476.01 1476.237 1476.405 1476.879 1477.189 1477.491 1478.239 1478.57 1478.756 1478.927 1479.142 1479.278 1479.474 1479.641 1479.493 1479.282 1478.68 1476.467 1471.535 1466.377 1457.847 1454.649 1453.328 1452.573 1452.439 1452.589 1452.721 1453.103 1453.476 1453.903 1454.935 1455.454 1456.001 1457.065 1457.599 1458.135 1458.679 1460.347 1460.79 1461.238 1462.209
1475.743 1475.889 1476.219 1476.383 1476.529 1477.093 1477.401 1477.774 1478.16 1478.805 1479.029 1479.235 1479.43 1479.596 1479.701 1479.669 1479.572 1479.503 1479.247 1476.599 1471.588 1466.047 1459.254 1456.714 1455.115 1453.748 1453.548 1453.572 1453.629 1453.992 1454.302 1454.667 1455.648 1456.141 1456.732 1457.818 1458.333 1458.866 1459.411 1460.347 1461.633 1462.083 1462.932
1476.126 1476.136 1476.377 1476.474 1476.689 1477.315 1477.781 1478.092 1478.474 1479.082 1479.306 1479.537 1479.783 1479.81 1479.817 1479.796 1479.771 1479.637 1479.42 1476.793 1471.536 1465.56 1460.186 1458.401 1456.93 1455.146 1454.782 1454.693 1454.724 1454.876 1455.203 1455.55 1456.4 1456.955 1457.506 1458.61 1459.079 1459.622 1460.236 1461.18 1461.633 1462.083 1463.71
1476.348 1476.337 1476.64 1476.854 1477.07 1477.715 1478.127 1478.489 1478.798 1479.399 1479.623 1479.851 1480.033 1480.106 1480.196 1480.062 1480.049 1479.872 1479.589 1476.612 1471.056 1464.982 1460.625 1459.368 1458.145 1456.558 1456.091 1455.897 1455.845 1455.865 1456.17 1456.464 1457.164 1457.68 1458.247 1459.387 1459.938 1460.49 1461.077 1462.029 1462.469 1462.918 1463.71
1476.644 1476.71 1476.984 1477.198 1477.567 1478.125 1478.494 1478.823 1479.266 1479.691 1479.926 1480.153 1480.379 1480.424 1480.587 1480.42 1480.173 1480.041 1479.661 1476.232 1470.464 1464.708 1461.108 1460.113 1459.186 1457.819 1457.297 1456.973 1456.83 1456.776 1456.979 1457.281 1457.945 1458.34 1458.824 1459.479 1460.786 1461.402 1461.925 1462.925 1463.297 1463.732 1464.43
1477.241 1477.234 1477.545 1477.768 1478.005 1478.705 1479.005 1479.31 1479.637 1480.099 1480.334 1480.564 1480.648 1480.72 1480.812 1480.86 1480.553 1480.09 1479.596 1475.826 1470.165 1464.832 1461.371 1460.717 1459.955 1459.274 1458.247 1457.887 1457.749 1457.722 1457.8 1458.067 1458.589 1458.976 1459.528 1460.096 1461.489 1462.205 1462.762 1463.751 1464.091 1464.441 1465.032
1477.782 1477.848 1478.005 1478.233 1478.606 1478.852 1479.439 1479.743 1480.048 1480.418 1480.647 1480.807 1480.947 1481.04 1481.098 1481.033 1481.041 1480.545 1479.577 1475.22 1469.917 1465.026 1461.675 1461.243 1460.558 1459.96 1459.012 1458.7 1458.568 1458.536 1458.572 1458.798 1459.261 1459.593 1460.106 1460.63 1462.041 1462.876 1463.524 1464.475 1464.763 1465.034 1465.612
1478.113 1478.258 1478.586 1478.811 1479.05 1479.348 1479.845 1480.155 1480.462 1480.89 1481.047 1481.188 1481.269 1481.248 1481.322 1481.319 1481.212 1480.784 1479.674 1474.616 1469.734 1465.288 1462.072 1461.572 1460.961 1460.456 1459.701 1459.42 1459.289 1459.149 1459.238 1459.427 1459.818 1460.163 1460.632 1461.118 1462.529 1463.365 1464.063 1465.006 1465.343 1465.586 1466.216
1478.548 1478.769 1479.165 1479.425 1479.568 1479.783 1480.373 1480.665 1480.896 1481.268 1481.377 1481.6 1481.561 1481.533 1481.609 1481.565 1481.28 1480.764 1479.522 1474.347 1469.816 1465.88 1462.448 1461.875 1461.325 1460.854 1460.126 1459.915 1459.882 1459.716 1459.789 1459.943 1460.384 1460.654 1461.063 1461.545 1462.91 1463.736 1464.392 1465.501 1465.84 1466.142 1466.434
1478.859 1479.088 1479.646 1479.868 1480.08 1480.221 1480.878 1481.089 1481.312 1481.73 1481.85 1481.932 1481.969 1481.916 1481.916 1481.776 1481.333 1480.733 1479.407 1474.656 1470.436 1466.478 1462.667 1462.118 1461.602 1461.113 1460.502 1460.319 1460.325 1460.203 1460.243 1460.405 1460.579 1461.085 1461.364 1461.85 1463.209 1464.003 1464.643 1465.852 1466.215 1466.54 1466.901
1479.282 1479.505 1479.95 1480.21 1480.506 1480.735 1481.216 1481.509 1481.733 1482.154 1482.269 1482.335 1482.413 1482.294 1482.219 1482.14 1481.446 1480.624 1479.642 1475.806 1471.694 1467.156 1464.277 1462.184 1461.645 1461.345 1460.877 1460.727 1460.674 1460.578 1460.644 1460.752 1460.944 1461.446 1461.732 1462.172 1463.535 1464.229 1464.922 1466.11 1466.554 1467.004 1467.42
1479.59 1479.818 1480.114 1480.708 1480.927 1481.149 1481.709 1481.929 1482.15 1482.499 1482.71 1482.848 1482.933 1482.722 1482.712 1482.59 1481.524 1480.944 1480.011 1477.225 1473.569 1468.389 1464.77 1462.269 1461.778 1461.489 1461.215 1461.08 1460.996 1460.889 1461 1461.131 1461.253 1461.778 1462.108 1462.56 1463.786 1464.374 1465.071 1466.436 1466.943 1467.432 1467.799
1479.908 1480.142 1480.429 1481.047 1481.35 1481.656 1482.119 1482.343 1482.569 1482.978 1483.119 1483.268 1483.429 1483.241 1483.192 1482.824 1482.005 1481.346 1480.547 1478.231 1475.153 1469.692 1465.15 1462.375 1461.967 1461.657 1461.423 1461.216 1461.143 1461.31 1461.371 1461.419 1461.526 1462.031 1462.364 1462.81 1464.032 1464.582 1465.272 1466.714 1467.319 1467.835 1468.346
1480.254 1480.547 1480.774 1481.44 1481.668 1481.967 1482.496 1482.675 1482.979 1483.383 1483.589 1483.875 1483.964 1483.899 1483.692 1483.373 1482.815 1482.104 1481.233 1478.803 1475.924 1470.958 1465.864 1462.612 1462.252 1461.959 1461.537 1461.394 1461.386 1461.547 1461.563 1461.628 1461.761 1462.2 1462.51 1463.065 1464.343 1464.993 1465.719 1466.355 1467.773 1468.416 1468.96
1480.562 1480.862 1481.17 1481.775 1482.085 1482.38 1482.844 1483.1 1483.395 1483.907 1484.196 1484.405 1484.558 1484.694 1484.605 1484.283 1483.628 1482.834 1482.109 1479.287 1476.528 1472.151 1467.087 1462.921 1462.539 1462.1 1461.759 1461.71 1461.718 1461.654 1461.725 1461.763 1462.035 1462.411 1462.774 1463.391 1464.631 1465.439 1466.187 1466.875 1468.427 1469.093 1469.671
