var/www/cgi-bin/BAERTOOLS/ravel/working/ravel-22246.DEM
NCOLS 90
NROWS 113
XLLCORNER 384957.98
YLLCORNER 3868211.5
CELLSIZE 10
NODATA_VALUE -9999
[rows 0 to 27 of 113, columns 0 to 62 of 90]
892.2136 892.1925 892.2023 892.1635 892.0963 892.1113 892.1871 892.0825 892.0925 892.0545 891.9807 891.9797 891.9119 891.8135 891.7681 891.7781 891.7593 891.6811 891.6033 891.5648 891.53 891.4661 891.4568 891.4692 891.4155 891.3267 891.258 891.1564 890.993 890.7564 890.5822 890.4132 890.2081 889.9631 889.4033 889.0769 888.8367 888.6199 888.459 888.3601 888.1385 888.0192 887.9424 887.8501 887.7365 887.5579 887.5187 887.5513 887.6087 887.6359 887.6283 887.6871 887.7047 887.7282 887.7365 887.7737 887.8082 887.8262 887.8448 887.8707 887.8658 887.9167 887.9508
892.0944 892.103 892.0417 891.9859 891.9922 891.9802 891.9017 891.9554 891.9448 891.8701 891.8983 891.969 891.804 891.712 891.6702 891.6434 891.5695 891.5643 891.4647 891.4164 891.3531 891.4661 891.4568 891.3624 891.3049 891.2606 891.25 891.1472 890.9945 890.7614 890.5815 890.3729 890.1241 889.8691 889.3656 889.1193 888.8597 888.6229 888.4296 888.2552 888.0849 888.0024 887.9202 887.8197 887.678 887.5022 887.447 887.4241 887.4364 887.491 887.5325 887.52 887.5465 887.5772 887.5825 887.6223 887.6545 887.6694 887.6584 887.6693 887.7233 887.8074 887.8187
891.9908 891.8903 891.8893 891.8929 891.8657 891.7872 891.7797 891.7875 891.7263 891.6999 891.7799 891.7678 891.669 891.622 891.5237 891.4597 891.4666 891.4582 891.3575 891.4164 891.3531 891.363 891.3466 891.2505 891.1964 891.1566 891.1374 891.0494 890.9694 890.7497 890.5289 890.308 890.1141 889.8595 889.3491 889.0944 888.8384 888.5857 888.358 888.0673 887.9765 887.8928 887.8066 887.7227 887.6436 887.4736 887.3764 887.3267 887.3306 887.3279 887.3774 887.4101 887.4343 887.4212 887.4251 887.4626 887.5037 887.5281 887.5178 887.5196 887.5575 887.6414 887.6949
891.7991 891.7846 891.7924 891.7489 891.6788 891.6788 891.6795 891.6149 891.5601 891.6064 891.6559 891.5771 891.4957 891.4612 891.4251 891.365 891.4666 891.3856 891.3575 891.3104 891.2607 891.2427 891.1593 891.0822 891.0448 891.0548 891.0165 890.9293 890.763 890.6269 890.46 890.2531 890.006 889.7514 889.242 888.9876 888.7263 888.4962 888.3356 887.9865 887.8703 887.7921 887.7062 887.6208 887.5355 887.3647 887.2759 887.2026 887.1878 887.2301 887.2159 887.2487 887.2673 887.283 887.3279 887.3177 887.3428 887.353 887.3777 887.4234 887.4143 887.4991 887.5313
891.6829 891.6896 891.6307 891.5731 891.5777 891.5764 891.5775 891.5121 891.4647 891.469 891.4678 891.4584 891.3591 891.3059 891.4251 891.365 891.3529 891.2599 891.1963 891.1475 891.158 891.1304 891.0621 890.981 890.9453 890.8979 890.8024 890.7452 890.593 890.4781 890.3036 890.0834 889.9103 889.6548 889.1434 888.8894 888.6267 888.3931 888.2231 887.8697 887.7729 887.6907 887.6052 887.5198 887.4348 887.2637 887.179 887.0825 887.0236 887.072 887.1281 887.1187 887.1133 887.1234 887.1666 887.2215 887.217 887.2089 887.2186 887.2605 887.3175 887.3251 887.3822
891.5826 891.5127 891.4705 891.4761 891.4744 891.4731 891.3934 891.3613 891.3687 891.3699 891.3458 891.2679 891.3591 891.3059 891.2528 891.2632 891.2426 891.1484 891.092 891.0575 891.0274 890.9474 890.9313 890.8373 890.7817 890.6777 890.6188 890.6157 890.4502 890.3028 890.1407 889.9885 889.7819 889.556 889.0448 888.7874 888.5462 888.3353 888.1242 887.7625 887.6733 887.5897 887.5045 887.4189 887.3337 887.1627 887.078 886.9843 886.9118 886.9174 887.012 887.0276 887.0187 887.0151 887.0176 887.0463 887.095 887.1235 887.1094 887.111 887.1411 887.2122 887.2131
891.4755 891.3691 891.3741 891.3773 891.3495 891.2701 891.2664 891.2665 891.2681 891.2305 891.3458 891.2679 891.1926 891.1503 891.1616 891.1273 891.0556 890.9787 890.9343 890.9413 890.9142 890.819 890.7304 890.6633 890.5667 890.4752 890.4122 890.4037 890.2429 890.0931 889.9686 889.8478 889.614 889.4144 888.9537 888.6897 888.4556 888.2515 888.0322 887.6863 887.5673 887.489 887.4033 887.3179 887.2326 887.0624 886.9688 886.9006 886.8693 886.8217 886.839 886.8954 886.9301 886.9224 886.9145 886.9104 886.9232 886.9782 887.0211 887.0082 887.0056 887.0898 887.1127
891.2709 891.2721 891.2755 891.233 891.1618 891.1649 891.1643 891.1708 891.2681 891.2305 891.1574 891.1598 891.0897 891.0598 891.023 890.9478 890.9545 890.8679 890.7784 890.7353 890.7004 890.6077 890.5248 890.4562 890.3635 890.2717 890.2073 890.2002 890.0116 889.8724 889.7594 889.6584 889.4803 889.2541 888.8066 888.5735 888.3376 888.092 887.9327 887.5837 887.4671 887.388 887.3027 887.217 887.1317 886.957 886.8991 886.8671 886.8061 886.7229 886.7114 886.7308 886.744 886.7608 886.8196 886.8125 886.8057 886.8125 886.8567 886.9167 886.9148 886.9099 886.9688
891.1711 891.17 891.1158 891.0567 891.0649 891.0641 891.1643 891.1708 891.1202 891.0511 891.0601 891.0459 890.9393 890.9466 890.9077 890.8373 890.8286 890.6452 890.6253 890.5917 890.4924 890.4035 890.3206 890.2526 890.16 890.0682 890.0029 889.9974 889.7526 889.6303 889.5618 889.4509 889.2791 888.8983 888.6467 888.4146 888.2094 887.995 887.7852 887.4896 887.3654 887.2872 887.2015 887.1162 886.9456 886.8475 886.8151 886.7983 886.701 886.6205 886.6234 886.6156 886.6063 886.6143 886.6342 886.6956 886.716 886.7029 886.7093 886.7212 886.7248 886.8122 886.811
891.0618 890.9542 890.9624 890.9612 891.0649 891.0641 891.054 891.0544 891.0151 890.9556 890.9335 890.8602 890.7701 890.7263 890.6954 890.624 890.6159 890.4421 890.415 890.3819 890.2892 890.1996 890.1047 890.0496 889.9565 889.8651 889.7982 889.7928 889.5566 889.4311 889.3599 889.2534 889.075 888.7429 888.5089 888.2648 888.0565 887.8383 887.6286 887.3691 887.2686 887.186 887.1005 887.0153 886.8409 886.7943 886.7579 886.6897 886.6017 886.5167 886.4307 886.4791 886.5206 886.508 886.5048 886.5159 886.5775 886.6143 886.6015 886.5994 886.5994 886.6072 886.652
890.8538 890.9542 890.9624 890.9612 890.9521 890.9516 890.8829 890.8364 890.8432 890.8186 890.7334 890.6522 890.5577 890.5215 890.4916 890.4191 890.4114 890.2383 890.2096 890.1784 890.0842 889.9999 889.9109 889.8437 889.7533 889.662 889.5941 889.5887 889.3542 889.2344 889.1403 889.008 888.8713 888.5333 888.3351 888.1188 887.9018 887.7026 887.5352 887.2531 887.1793 887.0932 887.006 886.9144 886.7372 886.7227 886.6869 886.5862 886.5013 886.4146 886.2991 886.3129 886.3599 886.4154 886.4064 886.4006 886.4046 886.4548 886.5121 886.506 886.4979 886.4872 886.5441
890.8538 890.8534 890.8585 890.8203 890.739 890.736 890.7343 890.6763 890.6217 890.5955 890.5175 890.4187 890.3603 890.3161 890.2877 890.2143 890.2068 890.0345 890.0048 889.9748 889.878 889.8033 889.73 889.6357 889.5502 889.4586 889.3904 889.3893 889.1616 889.009 888.8745 888.756 888.6674 888.323 888.1611 887.9771 887.7561 887.5405 887.3713 887.1074 886.9979 886.9135 886.8375 886.81 886.6409 886.5628 886.524 886.4897 886.4011 886.3134 886.1971 886.2042 886.2046 886.2381 886.3066 886.3021 886.2968 886.3029 886.3061 886.3179 886.3915 886.3907 886.3948
890.639 890.6423 890.6392 890.5996 890.5338 890.532 890.4562 890.4217 890.3873 890.3149 890.3104 890.2162 890.1558 890.1109 890.0839 890.0099 890.0023 889.8309 889.8 889.7713 889.675 889.5986 889.5244 889.4329 889.347 889.2578 889.1804 889.1379 888.9058 888.7445 888.6349 888.5599 888.4651 888.171 887.981 887.7775 887.6013 887.3943 887.2274 887.0405 886.8979 886.794 886.7701 886.7115 886.537 886.4924 886.4578 886.3859 886.2972 886.2141 886.1323 886.1015 886.1063 886.1019 886.1124 886.1763 886.2056 886.194 886.1927 886.1907 886.1996 886.2969 886.287
890.4384 890.4437 890.3898 890.3197 890.3285 890.3276 890.2491 890.2221 890.1861 890.1173 890.1064 890.0112 889.9523 889.9059 889.8801 889.8055 889.7982 889.6274 889.5952 889.5679 889.472 889.3945 889.3214 889.2297 889.1436 889.0576 888.9702 888.8802 888.6431 888.5157 888.4393 888.3582 888.268 888.0004 887.8422 887.6422 887.4749 887.2991 887.1323 886.916 886.7701 886.7039 886.7008 886.6131 886.4337 886.4086 886.3769 886.2833 886.1952 886.1124 886.047 885.9493 885.9357 886.0048 885.9979 885.9955 886.0541 886.1045 886.0953 886.0893 886.0862 886.1478 886.1912
890.2333 890.2262 890.1767 890.1214 890.1259 890.1213 890.0074 890.0242 889.9839 889.9128 889.9047 889.8063 889.7485 889.7026 889.6794 889.6019 889.5975 889.4234 889.3931 889.3682 889.2688 889.1909 889.1244 889.0324 888.9468 888.8591 888.7678 888.6824 888.4519 888.3232 888.2471 888.1486 888.0052 887.801 887.6659 887.4769 887.3213 887.2066 886.9467 886.7875 886.6907 886.6755 886.6033 886.5107 886.332 886.3098 886.2799 886.1818 886.0938 885.9999 885.9459 885.8459 885.7886 885.819 885.8934 885.8899 885.894 885.8907 885.9122 885.9839 885.9781 886.0425 886.0893
890.0343 889.9659 889.9096 889.922 889.9197 889.8942 889.8112 889.8042 889.7582 889.7025 889.6707 889.6061 889.55 889.4804 889.4444 889.3916 889.3109 889.2286 889.1633 889.1267 889.0682 888.9855 888.8629 888.7728 888.6814 888.6108 888.5699 888.3996 888.2104 888.0487 887.9744 887.8786 887.7602 887.54 887.4053 887.3005 887.1857 887.0297 886.7599 886.6595 886.5756 886.4995 886.4194 886.4021 886.2365 886.1503 886.1068 886.0838 885.9937 885.8972 885.8445 885.7456 885.6871 885.6891 885.7009 885.7954 885.7865 885.7798 885.8029 885.8799 885.8802 885.8724 885.9187
889.812 889.7542 889.7134 889.7132 889.6799 889.605 889.5956 889.5377 889.4988 889.4853 889.3994 889.3756 889.3293 889.2491 889.186 889.1835 889.0482 889.0111 888.931 888.876 888.8733 888.7878 888.603 888.5146 888.426 888.3497 888.3077 888.2106 887.9907 887.8023 887.7253 887.6401 887.5574 887.3615 887.2693 887.1583 887.0147 886.8953 886.619 886.5407 886.4492 886.3895 886.3746 886.3074 886.1247 886.0858 886.0602 885.9799 885.8907 885.7925 885.7437 885.6412 885.5806 885.5877 885.5864 885.6538 885.6922 885.6764 885.6989 885.7769 885.7769 885.7688 885.8134
889.5331 889.5042 889.5204 889.49 889.4029 889.4134 889.3393 889.2878 889.3056 889.2867 889.2043 889.1208 889.0881 889.0603 888.976 888.9378 888.7989 888.7807 888.7433 888.6614 888.6104 888.5229 888.39 888.3253 888.2308 888.1422 888.057 887.9351 887.7148 887.564 887.5366 887.4407 887.3535 887.1825 887.0997 886.998 886.8884 886.8026 886.6113 886.5279 886.4423 886.3636 886.2925 886.205 886.0855 886.0486 885.9646 885.8726 885.7911 885.7226 885.6277 885.5848 885.5583 885.4865 885.4848 885.4763 885.5287 885.5858 885.5782 885.574 885.6436 885.6721 885.7081
889.3019 889.3119 889.3013 889.2602 889.2061 889.1793 889.1221 889.0961 889.0908 889.0466 888.9941 888.911 888.8658 888.8255 888.7643 888.6796 888.6092 888.5415 888.5037 888.4487 888.3618 888.2745 888.1202 888.0899 888.0402 887.9484 887.8549 887.6901 887.4784 887.3017 887.2713 887.2367 887.1518 886.9718 886.8762 886.8201 886.7911 886.7048 886.5339 886.4479 886.3621 886.2766 886.1865 886.0987 886.0347 885.9484 885.8541 885.785 885.7776 885.6184 885.5254 885.4842 885.4655 885.3712 885.2913 885.3847 885.3698 885.4042 885.4765 885.4731 885.5406 885.5714 885.5972
889.1021 889.1138 889.0692 888.9917 888.996 888.9044 888.891 888.8835 888.8293 888.7845 888.7874 888.6479 888.6054 888.5585 888.5192 888.4748 888.3889 888.3076 888.2705 888.242 888.1037 888.0104 887.9044 887.8297 887.7576 887.6848 887.656 887.4903 887.2844 887.081 887.0334 887.0311 886.9406 886.8137 886.7557 886.7019 886.6898 886.6038 886.4312 886.3412 886.2518 886.1626 886.0901 886.0815 885.9321 885.8362 885.7821 885.77 885.6893 885.5165 885.4219 885.3793 885.3632 885.2692 885.2476 885.2816 885.2667 885.3004 885.3698 885.3797 885.4774 885.5208 885.6107
888.9068 888.89 888.8394 888.7989 888.7905 888.6851 888.6713 888.6154 888.5804 888.584 888.541 888.4099 888.376 888.3472 888.2706 888.2695 888.1719 888.1192 888.0502 887.96 887.7946 887.7608 887.6254 887.574 887.5267 887.4328 887.3721 887.2861 887.0671 886.9103 886.8951 886.8288 886.8034 886.7036 886.6578 886.6005 886.5878 886.5024 886.3184 886.2858 886.2527 886.1616 886.0779 885.9114 885.8172 885.7816 885.7594 885.6725 885.5858 885.406 885.3783 885.3488 885.2569 885.1663 885.1429 885.1781 885.1655 885.1962 885.2845 885.369 885.4681 885.5184 885.6107
888.6808 888.6219 888.5856 888.5868 888.5477 888.4937 888.429 888.3734 888.3725 888.3273 888.2816 888.1974 888.1511 888.104 888.066 888.012 887.925 887.8859 887.8077 887.663 887.5477 887.4599 887.3897 887.3068 887.2585 887.2419 887.2119 887.1343 886.9577 886.7578 886.7171 886.7052 886.6293 886.6006 886.5564 886.4976 886.486 886.3996 886.2869 886.2435 886.1572 886.0697 885.978 885.8823 885.8287 885.739 885.6553 885.5646 885.4855 885.4177 885.326 885.2402 885.1548 885.0644 885.0382 885.0679 885.1034 885.2014 885.2687 885.369 885.4681 885.5184 885.5699
888.4085 888.381 888.3965 888.3751 888.2858 888.2533 888.2007 888.1833 888.1627 888.0736 887.9783 887.9341 887.8897 887.8455 887.7988 887.758 887.6632 887.6805 887.5735 887.37 887.3397 887.2476 887.183 887.1237 887.0902 887.0311 887.03 886.968 886.8195 886.66 886.5999 886.5938 886.4987 886.509 886.4588 886.3967 886.3895 886.2987 886.192 886.1478 886.0471 885.9825 885.9742 885.81 885.726 885.6323 885.5775 885.5674 885.4842 885.3099 885.2239 885.1379 885.0525 884.9628 884.9333 884.9693 885.0059 885.2014 885.2687 885.2755 885.3666 885.4068 885.4969
888.1774 888.1923 888.1788 888.1278 888.0853 888.0073 887.9719 887.9664 887.8983 887.8128 887.7687 887.703 887.6601 887.6333 887.5585 887.5516 887.4522 887.3978 887.2443 887.1368 887.1357 887.0365 887.0325 886.9795 886.9214 886.9142 886.9092 886.8278 886.6669 886.4929 886.5035 886.4979 886.3955 886.3456 886.2997 886.2699 886.2017 886.1868 886.0885 886.0388 885.9825 885.9663 885.882 885.7093 885.6158 885.5767 885.5567 885.4665 885.3815 885.2115 885.1264 885.0417 884.9556 884.8607 884.8192 884.9693 885.0059 885.0961 885.1844 885.2697 885.3433 885.3807 885.4102
887.983 887.9657 887.9134 887.8733 887.8737 887.7941 887.7481 887.6989 887.6415 887.5637 887.5681 887.5026 887.4581 887.4312 887.3556 887.3508 887.2913 887.1486 887.0236 887.0007 886.9363 886.8519 886.8235 886.8268 886.7887 886.7239 886.7266 886.662 886.5035 886.3912 886.3874 886.311 886.3034 886.239 886.1895 886.1655 886.0913 886.0833 885.9854 885.9365 885.881 885.8671 885.7802 885.6014 885.5765 885.5439 885.4474 885.3768 885.3708 885.216 885.131 885.0521 884.9495 884.8607 884.8192 884.926 885.0182 885.0981 885.1722 885.2572 885.3754 885.4144 885.499
887.7871 887.7336 887.6653 887.6755 887.6705 887.5271 887.4822 887.4642 887.4451 887.3652 887.3635 887.2994 887.2532 887.2278 887.1504 887.1481 887.0444 886.8967 886.8349 886.8384 886.8107 886.7141 886.7154 886.6758 886.6168 886.5965 886.5228 886.5232 886.4153 886.2612 886.199 886.1931 886.1277 886.0849 886.0955 886.067 885.9889 885.9805 885.882 885.8346 885.778 885.7612 885.6838 885.6122 885.5143 885.473 885.4563 885.3689 885.283 885.2153 885.1226 885.0521 884.9495 884.7664 884.682 884.8896 885.0281 885.0809 885.0923 885.2466 885.3323 885.3553 885.3763
887.5816 887.5335 887.4656 887.4719 887.4736 887.2909 887.2524 887.2661 887.2419 887.1612 887.1592 887.0963 887.0486 887.0242 886.9456 886.9437 886.828 886.6703 886.623 886.6371 886.6274 886.5198 886.5283 886.523 886.4845 886.4142 886.4006 886.3174 886.2181 886.0857 886.093 886.0901 885.9831 885.9946 885.9521 885.8813 885.8832 885.8036 885.7787 885.7329 885.6693 885.6766 885.672 885.4991 885.4736 885.4366 885.3722 885.3631 885.1993 885.2153 885.1226 885.046 884.957 884.7703 884.6321 884.8929 885.0159 885.0886 885.1648 885.2355 885.2607 885.239 885.2731
887.3772 887.3304 887.2644 887.2587 887.2097 887.095 887.0503 887.0611 887.0384 886.9574 886.9545 886.8927 886.8438 886.8201 886.7456 886.7354 886.5396 886.5272 886.4833 886.42 886.4246 886.3416 886.3095 886.3187 886.3163 886.2937 886.2015 886.145 886.0458 885.9929 885.9774 885.8978 885.892 885.834 885.7758 885.7839 885.771 885.671 885.6818 885.6305 885.5662 885.5728 885.5663 885.4728 885.4212 885.3704 885.3722 885.3631 885.1993 885.1121 885.0206 884.9733 884.9509 884.7419 884.468 884.8434 884.9722 884.9716 885.0457 885.1044 885.14 885.1444 885.2111
