var/www/cgi-bin/BAERTOOLS/ravel/working/ravel-26877.DEM
NCOLS 40
NROWS 283
XLLCORNER 276896.32
YLLCORNER 3833168.9
CELLSIZE 10
NODATA_VALUE -9999
[rows 0 to 43 of 283, columns 0 to 39 of 40]
1405.132 1404.944 1405.856 1407.746 1409.831 1412.713 1413.477 1415.143 1417.338 1418.926 1421.078 1422.42 1423.69 1424.369 1423.932 1421.998 1415.852 1413.51 1412.065 1410.831 1410.004 1409.337 1406.627 1404.04 1402.207 1401.745 1402.528 1403.111 1401.783 1400.78 1400.208 1399.687 1399.419 1405.431 1411.021 1418.163 1425.452 1432.659 1439.739 1451.672
1411.591 1410.741 1411.675 1414.553 1415.939 1416.078 1416.713 1418.52 1420.698 1422.221 1425.21 1427.053 1429.004 1429.578 1427.751 1425.193 1420.244 1418.646 1417.984 1417.246 1416.781 1416.117 1411.824 1406.94 1403.327 1402.396 1403.307 1403.529 1401.745 1401.252 1402.219 1402.456 1401.049 1402.35 1408.682 1416.865 1424.469 1432.136 1439.119 1451.672
1416.522 1414.765 1414.403 1416.859 1418.425 1419.912 1421.525 1423.665 1425.304 1426.246 1430.101 1432.916 1434.335 1433.622 1431.482 1428.858 1425.663 1425.01 1424.834 1424.828 1424.382 1418.595 1414.719 1410.02 1406.108 1404.689 1405.357 1403.25 1402.271 1402.298 1403.056 1403.96 1403.167 1401.233 1406.133 1413.863 1420.739 1428.213 1443.524 1446.939
1418.529 1417.333 1417.269 1419.13 1422.327 1423.773 1425.522 1427.792 1430.12 1431.749 1437 1439.679 1440.022 1438.216 1436.04 1433.642 1431.41 1431.125 1431.018 1430.759 1429.063 1421.118 1416.425 1412.846 1410.776 1408.635 1406.787 1402.865 1402.489 1402.731 1403.213 1404.164 1404.047 1401.206 1403.588 1409.547 1415.985 1428.213 1441.372 1442.958
1421.845 1421.894 1421.449 1422.205 1424.039 1424.956 1426.985 1430.755 1435.255 1438.155 1441.926 1442.92 1442.822 1441.627 1440.334 1437.409 1437.252 1437.413 1437.062 1435.573 1432.875 1425.483 1420.82 1416.559 1413.813 1411.18 1407.579 1402.759 1402.69 1402.822 1403.576 1404.656 1403.452 1401.779 1402.087 1405.705 1415.985 1423.421 1435.803 1438.25
1424.618 1424.322 1424.925 1425.781 1425.965 1426.709 1429.385 1434.474 1439.531 1442.13 1445.139 1446.39 1446.392 1445.209 1444.116 1441.975 1442.069 1442.387 1441.91 1440.282 1437.897 1430.906 1427.292 1423.063 1418.202 1413.855 1408.724 1402.651 1402.779 1403.08 1404.531 1406.885 1404.998 1402.874 1401.678 1405.705 1411.476 1417.817 1427.844 1429.858
1425.904 1426.686 1428.048 1428.456 1429.25 1430.423 1433.168 1437.041 1440.508 1443.642 1448.567 1450.443 1450.547 1449.081 1447.55 1446.367 1446.619 1447.104 1447.196 1446.05 1443.132 1436.885 1433.214 1428.65 1423.002 1417.038 1404.354 1402.488 1402.508 1404.229 1409.106 1411.147 1407.016 1404.42 1401.678 1402.913 1407.571 1413.898 1421.868 1424.322
1427.546 1428.636 1430.802 1432.087 1433.937 1435.071 1436.538 1438.574 1441.625 1448.035 1450.717 1452.796 1453.05 1451.556 1450.681 1449.869 1450.481 1451.243 1451.921 1451.627 1448.915 1441.176 1436.317 1429.757 1423.365 1416.732 1404.371 1402.26 1403.281 1407.925 1415.229 1415.118 1407.016 1404.42 1402.797 1402.033 1402.899 1409.483 1417.789 1419.873
1431.742 1432.026 1433.602 1435.921 1438.717 1439.449 1440.277 1441.856 1444.731 1449.519 1451.851 1453.837 1454.184 1452.773 1452.259 1452.641 1453.3 1453.964 1454.308 1453.412 1446.2 1442.122 1436.26 1428.64 1421.634 1414.269 1403.896 1402.575 1405.394 1412.829 1417.056 1415.118 1409.452 1406.957 1404.891 1403.374 1403.055 1410.434 1413.697 1415.75
1436.865 1436.259 1436.639 1441.19 1443.048 1444.622 1445.71 1446.875 1448.515 1450.736 1452.818 1454.486 1454.983 1454.674 1454.495 1454.719 1455.082 1455.21 1454.075 1451.701 1444.712 1440.609 1434.793 1427.556 1420.848 1414.593 1403.457 1403.715 1409.754 1417.175 1417.056 1416.091 1412.011 1409.355 1407.149 1405.774 1405.025 1407.604 1411.416 1414.921
1439.397 1438.149 1438.834 1444.163 1447.72 1450.287 1451.186 1451.631 1451.825 1452.872 1454.599 1456.181 1456.894 1457.094 1456.985 1456.342 1455.825 1454.82 1452.631 1449.133 1441.4 1436.923 1431.258 1425.436 1419.663 1414.855 1404.636 1406.651 1413.082 1417.175 1419.163 1415.581 1413.851 1411.526 1409.431 1407.825 1407.137 1408.1 1411.516 1416.16
1441.564 1439.548 1439.544 1446.489 1450.582 1453.351 1454.343 1454.813 1454.853 1455.95 1457.92 1459.478 1459.622 1459.309 1458.22 1457.213 1455.975 1454.303 1451.508 1446.733 1436.865 1431.692 1426.215 1422.567 1418.576 1414.483 1409.125 1409.52 1413.082 1419.865 1424.639 1418.458 1414.996 1412.727 1411.133 1410.155 1409.025 1408.81 1411.495 1417.346
1444.093 1442.682 1442.306 1447.273 1450.973 1454.121 1455.984 1456.69 1457.426 1459.283 1460.942 1462.102 1462.183 1461.77 1459.031 1457.606 1455.773 1453.815 1451.137 1445.734 1435.967 1430.609 1425.332 1421.391 1416.845 1411.832 1411.214 1409.52 1415.22 1422.555 1427.95 1420.571 1415.681 1413.512 1412.175 1411.724 1412.207 1410.327 1411.471 1417.167
1448.033 1447.21 1446.547 1449.051 1451.381 1454.249 1456.493 1458.165 1460.429 1461.875 1463.417 1464.207 1463.735 1462.5 1459.293 1457.626 1455.781 1453.568 1450.618 1445.85 1437.225 1432.112 1427.308 1422.106 1416.425 1412.365 1411.214 1413.463 1419.902 1427.409 1429.375 1419.393 1415.511 1413.9 1412.908 1412.81 1414.559 1413.773 1412.054 1415.173
1450.976 1449.757 1449.255 1451.102 1452.692 1455.295 1457.831 1460.063 1462.14 1463.596 1464.851 1465.12 1464.012 1462.153 1459.107 1457.199 1454.829 1452.141 1448.874 1444.956 1437.678 1433.115 1428.527 1422.598 1416.425 1412.365 1414.91 1420.159 1426.618 1430.218 1428.123 1416.769 1414.601 1414.773 1415.034 1414.896 1417.043 1416.562 1414.26 1413.945
1452.207 1450.783 1450.875 1452.587 1454.72 1457.361 1460.178 1462.323 1464.324 1465.027 1465.335 1465.092 1463.71 1461.685 1458.047 1456.03 1453.235 1449.689 1445.314 1439.089 1435.566 1431.804 1427.604 1422.598 1415.486 1415.17 1420.914 1426.69 1429.448 1428.411 1423.968 1414.68 1415.466 1417.055 1417.842 1417.932 1419.218 1418.583 1416.644 1415.101
1453.644 1451.477 1451.614 1454.005 1456.699 1459.482 1462.353 1464.792 1467.259 1467.365 1466.507 1465.334 1463.344 1461.29 1457.001 1454.691 1451.61 1446.589 1440.862 1435.632 1432.418 1429.155 1427.604 1421.41 1415.421 1420.487 1426.752 1429.453 1428.78 1425.831 1415.459 1416.089 1418.7 1420.778 1422.581 1423.368 1422.156 1421.417 1421.156 1420.126
1455.749 1452.535 1452.349 1455.128 1458.021 1460.88 1463.746 1466.891 1471.027 1470.917 1468.612 1465.55 1463.13 1459.137 1456.661 1454.156 1450.352 1443.963 1438.538 1432.8 1429.754 1429.155 1425.258 1419.506 1417.358 1425.02 1428.899 1428.611 1427.169 1424.934 1417.926 1420.07 1422.806 1425.39 1427.928 1428.736 1425.359 1425.061 1426.456 1427.096
1457.206 1453.304 1453.283 1456.233 1459.337 1462.138 1465.197 1469.027 1475.191 1474.383 1470.576 1466.208 1463.278 1458.687 1456.125 1453.657 1449.507 1442.761 1437.906 1431.486 1429.754 1426.81 1424.208 1421.957 1421.022 1426.635 1428.526 1428.862 1426.792 1423.638 1423.305 1424.434 1426.937 1429.483 1431.919 1432.119 1428.304 1427.794 1429.569 1431.085
1457.82 1456.101 1457.852 1459.945 1460.798 1463.528 1467.309 1475.637 1477.848 1476.471 1471.739 1466.653 1463.425 1458.2 1455.684 1452.984 1448.21 1441.271 1437.079 1431.486 1428.519 1425.747 1424.187 1424.424 1425.633 1427.347 1428.659 1428.679 1427.184 1426.452 1426.798 1428.454 1431.554 1435.529 1437.692 1436.793 1433.016 1433.167 1434.341 1434.784
1459.655 1459.137 1461.236 1462.555 1463.386 1466.189 1470.365 1477.815 1478.029 1475.164 1470.361 1465.535 1462.467 1457.29 1454.733 1451.72 1446.934 1441.037 1437.079 1430.756 1427.983 1426.205 1425.946 1426.258 1427.355 1429.121 1429.672 1428.414 1426.988 1426.899 1429.91 1432.738 1436.678 1440.705 1441.892 1438.246 1437.877 1438.999 1439.779 1439.417
1461.126 1460.859 1462.233 1464.383 1466.576 1469.594 1473.718 1478.007 1476.256 1472.545 1468.101 1463.901 1461.008 1456.018 1453.467 1450.07 1446.934 1441.037 1432.917 1429.296 1427.025 1426.073 1426.309 1427.595 1431.049 1432.439 1430.988 1427.665 1426.818 1427.879 1433.477 1436.38 1439.661 1442.826 1444.172 1441.72 1441.546 1442.607 1443.508 1443.42
1461.743 1462.258 1464.264 1466.91 1469.704 1472.868 1476.207 1477.279 1474.113 1470.188 1466.29 1462.627 1459.67 1454.195 1450.989 1450.07 1445.521 1441.541 1432.683 1428.66 1427.049 1428.043 1430.208 1432.684 1438.206 1436.657 1432.095 1428.382 1428.716 1431.264 1436.773 1439.495 1443.419 1447.427 1448.112 1445.848 1445.872 1446.838 1447.519 1447.799
1462.041 1463.971 1466.917 1470.272 1473.268 1475.854 1477.816 1475.629 1472.091 1468.064 1464.159 1461.139 1455.282 1451.988 1450.989 1446.797 1442.518 1439.373 1432.211 1430.223 1431.504 1432.904 1435.193 1438.27 1441.029 1438.071 1434.175 1432.983 1434.078 1438.727 1440.974 1444.101 1448.65 1452.204 1452.164 1449.079 1448.87 1450.218 1451.489 1452.059
1462.521 1465.763 1470.482 1474.622 1476.934 1478.437 1479.589 1475.779 1471.513 1466.314 1462.503 1459.845 1453.886 1451.988 1447.786 1443.034 1439.3 1437.28 1435.137 1436.39 1436.914 1437.798 1439.359 1441.513 1441.206 1438.478 1437.147 1438.203 1438.747 1443.035 1445.384 1448.637 1452.276 1454.439 1454.526 1451.083 1450.287 1451.78 1454.021 1454.985
1462.847 1468.687 1474.389 1478.182 1479.935 1480.733 1479.316 1478.145 1473.226 1466.302 1462.341 1460.068 1453.886 1449.47 1443.992 1439.625 1437.371 1436.059 1438.758 1440.38 1441.059 1441.514 1442.395 1443.718 1441.517 1439.275 1438.773 1439.722 1441.759 1446.849 1449.091 1451.435 1453.866 1455.797 1456.366 1453.288 1452.587 1454.266 1456.791 1457.871
1464.052 1473.057 1477.492 1480.195 1481.622 1481.453 1480.101 1478.858 1475.461 1469.759 1464.472 1460.068 1452.407 1447.085 1441.382 1437.783 1436.396 1436.757 1441.461 1443.296 1444.574 1445.533 1446.383 1445.734 1442.191 1439.239 1439.362 1441.808 1445.381 1450.94 1452.872 1454.768 1456.699 1458.388 1459.235 1458.202 1458.594 1460.073 1461.405 1461.323
1469.678 1477.391 1480.26 1482.669 1483.569 1482.92 1480.923 1479.154 1476.098 1471.945 1464.472 1461.391 1452.731 1447.671 1442.719 1439.205 1436.892 1443.188 1446.148 1447.519 1448.34 1448.743 1449.768 1449.428 1444.495 1440.182 1440.886 1444.946 1449.504 1454.637 1456.659 1458.576 1460.282 1461.774 1462.736 1462.78 1463.402 1464.289 1464.708 1464.074
1477.57 1479.955 1482.596 1485.024 1485.89 1485.5 1479.84 1476.971 1476.098 1471.945 1467.398 1464.038 1454.618 1450.275 1445.764 1441.064 1438.529 1449.729 1452.578 1451.693 1451.079 1451.506 1452.55 1452.17 1448.149 1444.036 1444.531 1448.406 1452.406 1458.062 1460.571 1462.547 1463.929 1464.973 1466.05 1465.881 1465.837 1466.464 1466.675 1465.804
1481.053 1483.722 1486.308 1488.012 1488.312 1487.105 1478.707 1476.971 1474.675 1471.43 1468.304 1461.149 1456.333 1452.718 1449.036 1444.039 1442.008 1452.234 1453.924 1453.724 1453.577 1453.769 1454.014 1451.461 1450.051 1448.61 1448.201 1450.666 1457.622 1461.196 1464.076 1466.671 1468.843 1470.094 1470.196 1469.353 1468.428 1468.368 1468.249 1467.035
1485.267 1487.446 1489.467 1490.431 1490.252 1489.267 1478.707 1474.794 1472.599 1469.962 1466.586 1460.989 1457.435 1454.164 1452.465 1450.602 1447.457 1453.437 1454.602 1455.09 1455.226 1455.334 1454.726 1450.88 1450.786 1450.857 1451.018 1452.257 1459.074 1463.157 1466.983 1471.089 1474.503 1475.485 1474.072 1472.625 1471.37 1470.203 1468.924 1467.435
1488.278 1489.704 1490.666 1491.157 1491.667 1489.267 1479.741 1475.409 1472.39 1468.844 1465.017 1459.561 1457.356 1455.225 1453.077 1451.158 1449.808 1453.639 1454.93 1455.655 1456.243 1455.935 1452.781 1451.927 1452.015 1452.908 1454.574 1455.888 1460.507 1464.214 1469.442 1474.456 1477.051 1477.491 1476.319 1475.244 1473.588 1471.584 1470.036 1466.903
1490.736 1491.24 1491.246 1491.49 1491.667 1485.724 1480.878 1476.789 1472.835 1468.233 1464.963 1459.884 1457.575 1455.404 1453.162 1451.147 1451.089 1455.46 1456.639 1457.238 1458.143 1457.273 1454.786 1454.86 1455.378 1456.393 1458.527 1459.916 1462.19 1465.638 1471.615 1476.38 1478.135 1478.066 1477.395 1476.299 1474.682 1472.652 1471.394 1472.212
1494.911 1493.678 1491.686 1491.49 1492.103 1484.337 1479.529 1475.668 1471.774 1467.379 1464.154 1459.627 1457.778 1455.499 1452.714 1451.765 1457.114 1459.989 1461.083 1460.565 1459.698 1458.982 1458.762 1458.751 1459.421 1460.65 1462.63 1464.213 1466.397 1470.232 1474.812 1477.363 1478.495 1478.244 1477.466 1476.211 1474.636 1473.236 1472.584 1473.719
1497.28 1493.678 1491.686 1490.544 1489.234 1480.855 1476.081 1472.754 1469.345 1465.755 1463.124 1460.78 1459.51 1457.827 1456.162 1456.171 1462.106 1463.905 1464.392 1462.782 1460.108 1460.366 1462.322 1462.541 1462.353 1462.802 1465.122 1467.724 1471.612 1474.566 1477.245 1478.624 1479.346 1478.635 1477.41 1475.79 1474.331 1473.705 1473.435 1474.402
1497.28 1494.558 1491.7 1489.21 1487.01 1477.298 1473.644 1471.713 1469.066 1466.06 1464.573 1462.3 1460.796 1461.313 1462.976 1462.493 1465.107 1464.965 1464.397 1463.119 1461.465 1461.454 1464.36 1465.51 1465.404 1465.637 1468.231 1473.498 1475.452 1477.241 1478.844 1480.149 1480.79 1479.659 1477.715 1475.407 1474.188 1474.133 1474.15 1474.859
1498.172 1494.934 1490.816 1487.546 1484.484 1477.871 1475.6 1473.615 1471.029 1469.038 1465.819 1463.968 1463.145 1463.958 1464.869 1466.034 1465.507 1464.248 1463.325 1462.635 1462.498 1462.612 1466.55 1468.817 1469.903 1470.941 1473.258 1477.277 1479.204 1480.585 1481.771 1483.191 1483.554 1480.367 1477.788 1475.517 1474.858 1474.766 1474.774 1475.246
1499.624 1495.298 1490.281 1487.753 1485.588 1479.797 1477.727 1475.852 1473.898 1472.276 1468.101 1466.221 1465.358 1466.026 1466.83 1467.503 1464.368 1463.476 1463.084 1462.745 1463.149 1468.101 1471.586 1473.468 1474.307 1475.538 1477.36 1480.972 1483.005 1484.649 1485.806 1486.412 1485.74 1481.231 1478.208 1476.242 1475.592 1475.12 1475.624 1476.908
1501.049 1497.182 1492.83 1490.58 1485.147 1481.95 1479.378 1477.142 1475.118 1474.053 1470.857 1469.172 1468.869 1469.529 1469.979 1469.633 1463.624 1464.1 1464.761 1465.501 1466.981 1474.341 1476.923 1477.777 1478.374 1479.593 1481.041 1484.444 1486.535 1488.134 1488.726 1488.591 1487.508 1482.627 1480.181 1478.337 1476.863 1475.57 1477.629 1476.908
1501.179 1497.946 1494.784 1491.604 1486.018 1483.399 1480.604 1478.276 1476.973 1476.895 1473.756 1472.796 1472.942 1473.253 1473.25 1472.565 1469.373 1469.934 1470.573 1471.135 1472.951 1478.414 1480.109 1481.332 1482.594 1483.809 1484.982 1487.602 1488.947 1489.932 1490.358 1489.935 1486.601 1484.266 1482.199 1480.322 1478.552 1477.011 1477.629 1480
1500.51 1498 1495.397 1492.284 1487.128 1484.55 1482.108 1480.47 1479.269 1477.909 1475.21 1476.042 1476.751 1475.817 1474.288 1475.506 1476.322 1476.551 1476.478 1476.404 1477.435 1481.267 1483.036 1484.588 1486.111 1487.532 1488.366 1489.757 1490.625 1491.406 1491.758 1491.271 1487.747 1485.838 1484.192 1482.985 1482.245 1477.011 1481.389 1484.168
1502.139 1499.974 1496.928 1492.68 1486.981 1485.122 1483.75 1482.669 1481.022 1479.465 1478.228 1478.822 1478.81 1477.582 1476.298 1477.793 1478.85 1479.539 1479.685 1479.962 1480.812 1483.737 1485.453 1487.189 1488.736 1489.774 1491.064 1491.707 1492.238 1492.515 1492.601 1492.138 1488.783 1487.336 1486.066 1485.611 1482.245 1482.605 1486.994 1489.181
1502.673 1501.493 1498.527 1492.476 1487.646 1487.128 1486.133 1484.827 1484.54 1485.842 1484.552 1482.213 1480.608 1479.966 1479.244 1480.128 1480.913 1481.846 1482.325 1482.771 1483.594 1486.151 1487.885 1489.563 1490.713 1491.676 1492.922 1493.255 1493.561 1493.83 1493.87 1493.282 1490.439 1489.31 1488.558 1485.611 1486.311 1486.505 1491.078 1495.014
1499.407 1498.998 1497.114 1492.771 1489.446 1488.318 1487.066 1486.652 1487.797 1490.083 1487.923 1484.677 1482.873 1482.563 1482.038 1483.063 1483.667 1484.322 1484.743 1485.101 1485.78 1488.295 1489.932 1491.405 1492.778 1493.667 1494.434 1494.743 1495.102 1495.348 1495.428 1495.291 1493.865 1492.802 1488.558 1488.292 1488.695 1493.443 1497.705 1501.832
