var/www/cgi-bin/BAERTOOLS/ravel/working/ravel-31138.prodgrd.txt
NCOLS 41
NROWS 57
XLLCORNER 277397.98
YLLCORNER 3856881.5
CELLSIZE 10
NODATA_VALUE -9999
-26.503376 -26.591872 -26.971432 -39.443202 0 -28.382006 -29.602908 0 0 0 0 0 0 0 0 0 0 0 0 0 -26.892956 -26.386364 0 0 0 0 0 -26.869227 -27.235854 0 0 0 -26.517414 0 0 0 0 0 0 0 0 
-27.323028 -26.292673 -26.313879 -26.275893 -26.492944 -26.543908 -26.696696 -26.782711 -26.547072 -26.942555 0 0 0 0 0 0 0 0 0 0 -27.514222 -26.442755 -26.547869 -27.404011 -35.009855 -35.665826 -28.66307 -28.116221 -26.518659 -27.076018 -27.098539 -27.624288 -26.376001 -26.331197 0 0 0 0 0 0 0 
-28.244605 -26.313879 -26.275893 -26.459242 -26.308179 -26.385309 -26.782711 -26.547072 -26.942555 -27.829712 0 -29.115187 0 0 0 0 0 0 0 0 -31.367322 -26.623208 -26.549603 -27.404011 -27.344622 -28.367017 -27.352681 -26.761068 -27.076018 -27.098539 -27.624288 -27.919991 -26.331197 -26.405233 0 0 0 0 0 0 0 
-26.440595 -26.681548 -26.459242 -26.308179 -26.385309 -26.4737 0 -31.329301 -27.829712 0 -26.620808 -27.031276 0 0 0 0 0 0 0 0 -27.613835 -26.549603 -26.549603 -27.344622 -27.593328 -27.352681 -26.761068 -26.349237 -27.926547 -28.777787 -27.941462 -28.589732 -26.405233 -26.543646 0 0 0 0 0 0 0 
-26.414613 -26.440595 -26.681548 -26.969271 -26.4737 -26.565155 -28.459892 0 -27.100145 -26.453612 -26.395574 -26.620808 -27.031276 0 0 0 0 0 0 0 -31.607353 -26.549603 -26.471228 -27.593328 -27.585493 -27.026585 -26.349237 -26.510448 0 -27.926547 -27.026585 -27.136715 -26.376691 -26.473999 -33.905309 -34.075013 0 0 0 0 0 
-26.568286 -26.414613 -26.502493 -26.861266 -26.947302 -27.074481 -26.597629 -26.463772 -28.470663 -26.913559 -26.453612 -26.395574 -28.063969 0 0 0 0 0 0 -31.607353 -31.607353 -26.471228 -27.003311 -27.147114 -27.026585 -26.951696 -26.510448 -26.413701 0 0 -27.341425 -26.609903 -26.580714 -26.376691 -29.056131 -33.905309 -34.075013 0 0 0 0 
-26.656757 -26.568286 -26.562759 -26.947302 -26.560384 -26.597629 -26.463772 -26.417759 -26.508149 -26.445113 -26.241011 -26.693059 -27.672433 0 0 0 0 0 0 -31.607353 -39.49615 -27.003311 -27.147114 -29.411872 -27.965128 -27.007341 -26.413701 -26.314316 0 0 -26.896503 -26.668626 -26.468295 -26.580714 0 -36.824813 -36.721963 0 0 0 0 
-26.336933 -26.511605 -26.724193 -26.560384 -26.843561 -26.683405 -26.417759 -26.508149 -26.445113 -26.241011 -26.26169 -26.851196 0 0 0 0 0 0 0 -39.49615 -28.311265 -29.015301 -30.336131 -27.965128 -27.007341 -26.679292 -26.314316 -26.257216 -26.814635 0 -26.668626 -26.468295 -26.543123 -28.067751 -27.634878 -27.021474 -27.187555 0 0 0 0 
-26.530734 -26.336933 -26.757746 -28.523143 -26.402702 -26.374628 -26.96678 -27.368262 -28.5779 -26.26169 -26.426442 -27.457506 -34.833535 0 0 0 0 0 0 0 -29.015301 0 0 -28.503551 -26.679292 -26.463867 -26.257216 -26.471819 -26.596208 -27.397059 0 -26.543123 -26.894017 -27.634878 -27.021474 -26.954513 -26.693698 -26.935522 -28.899104 0 0 
-28.647451 -26.530734 -26.430509 -26.402702 -26.374628 -26.448742 -27.673674 0 0 -26.386496 -26.386496 -27.053418 -27.259809 -27.16128 0 0 0 0 0 0 0 0 0 0 -28.940655 -26.588743 -26.450084 -26.473502 -26.474897 -26.898287 0 -26.894017 -28.925408 -27.800518 -26.954513 -26.693698 -26.581163 -26.642913 -33.742591 0 0 
-26.882137 -26.609903 -26.466842 -26.430509 -26.448742 -26.559134 -27.209187 0 0 -26.411664 -26.575238 -26.50678 -26.593075 -26.74205 0 -32.384616 0 0 0 0 0 0 0 0 0 -26.450084 -26.473502 -26.474897 -26.540651 -26.569864 -28.276299 0 -31.043482 -27.379974 -26.71843 -26.581163 -26.430674 -26.215347 -26.841673 0 0 
-26.89793 -26.810539 -26.466552 -26.466842 -26.383802 -26.363525 -26.853127 0 0 -26.752692 -26.50678 -26.593075 -26.74205 -26.74205 -27.639629 -26.675227 0 0 0 0 0 0 0 0 0 -26.955321 -26.928976 -26.540651 -26.569864 -26.738167 -27.284181 0 0 0 -26.920639 -26.430674 -26.215347 -26.314228 -27.183197 -28.441267 0 
-26.527016 -26.390576 -26.751439 -26.383802 -26.363525 -26.383932 -26.911345 -39.530816 -26.722107 0 0 -29.240421 -26.74205 -27.639629 -26.563602 -26.468976 0 0 0 0 0 0 0 0 0 -27.410152 -27.274032 -26.892603 -26.738167 -27.109883 -26.904044 -29.448363 0 0 -27.646807 -26.589974 -26.314228 -26.520333 -28.441267 0 0 
-26.378333 -26.466359 -26.390576 -26.418923 -26.383932 -26.525054 -27.316388 -29.302053 -30.500412 -26.722107 -26.455167 -26.759276 -26.947302 -27.050965 -26.468976 -26.552023 0 0 0 0 0 0 0 0 0 0 -27.869109 -27.037438 -27.109883 -26.904044 -26.997987 -26.615223 0 0 -27.171527 -26.927068 -26.589974 -26.389767 0 0 0 
-26.397665 -26.378333 -26.466359 -26.853449 -26.525054 -26.532613 -27.080138 -26.986644 -26.60516 -26.592608 -26.77042 -26.455167 -26.428385 -26.330422 -26.444587 -26.472115 0 0 0 0 0 0 0 0 0 0 0 -28.940655 -28.267153 -26.997987 -26.615223 -26.505532 0 0 0 -27.171527 -26.557615 -26.614888 -31.721064 -31.043482 0 
0 -26.397665 -26.631225 -27.173965 -26.532613 -26.604027 -26.863903 -27.266881 -26.539359 -26.60516 -26.592608 -26.77042 -26.503614 -26.428385 -26.330422 -26.444587 0 0 0 0 0 0 0 0 0 0 0 0 -39.522598 -27.79765 -26.505532 -26.473105 -27.735447 0 0 -26.351303 -26.416142 -26.557615 -27.015043 -28.092675 -31.043482 
-27.633749 -26.52335 -26.924031 -28.788081 -26.604027 -26.863903 -27.266881 -27.266881 -28.5779 -26.539359 0 0 -38.787416 -26.569002 -26.522623 -39.541375 0 0 0 0 0 0 0 0 0 0 0 0 0 -33.637783 -26.473105 -26.664296 -26.93436 -27.735447 0 -26.33227 -26.33227 -26.416142 -28.653676 -27.015043 -28.092675 
-36.198108 -26.924031 -28.301836 0 -28.851487 -28.240149 -27.266881 -28.5779 -28.060201 0 0 0 -29.54032 -26.610233 -26.353393 0 0 0 0 0 0 0 0 0 0 0 0 -39.46376 -33.637783 -27.822325 -26.664296 0 -27.522394 -26.730522 -27.098004 -26.571885 -26.347945 -31.978703 -27.687438 -30.129836 0 
-27.89899 -27.18506 -27.18506 0 0 -28.240149 -30.303062 -28.060201 -26.673012 0 0 -29.54032 -27.419018 -26.353393 -26.344073 -28.473371 0 -32.2261 0 0 0 0 0 0 0 0 -39.46376 -26.906586 -26.821156 -27.055388 -28.124188 0 -27.220302 -26.798778 -26.730522 -26.906586 -26.571885 -29.908147 0 0 0 
-37.090783 -26.788178 -26.582363 -27.049499 -26.647896 -26.426201 -26.510333 -26.673012 -26.435746 -26.441456 -27.084289 -39.08394 -28.459892 -26.344073 -26.711409 -34.903228 -32.2261 -27.911859 -29.643187 0 0 0 0 0 0 0 -26.906586 -26.821156 -26.692421 -26.666454 -26.480969 -29.491035 -28.154606 -27.220302 -26.798778 -26.834515 -26.906586 -27.050476 0 0 0 
0 -26.356069 -26.356069 -27.049499 -26.426201 -26.510333 -26.549737 -26.435746 -26.441456 -26.599853 -26.504064 -26.963478 0 -26.711409 -27.601241 -27.75297 -26.759787 -27.344622 -27.911859 0 0 0 0 0 0 0 -29.690849 -26.692421 -26.903321 -26.480969 -26.484271 -26.87973 -27.683662 -27.072439 -26.857014 -26.905859 -26.834515 0 0 0 0 
0 -26.356069 -26.512767 -29.557059 -29.557059 -26.549737 -26.720494 -26.61139 -26.599853 -26.504064 -26.957754 -27.109883 -28.028719 -27.317157 -27.007791 -27.074993 -26.874277 -26.759787 -27.344622 0 0 0 0 0 0 0 0 -26.903321 -27.108793 -26.484271 -26.898645 -27.099609 -26.87973 -27.141314 -26.471228 -26.660022 -29.254439 -27.514222 -27.06939 0 0 
-26.844508 -26.337336 -26.388091 -27.95661 -30.455985 0 -30.890482 -26.984921 -27.831196 -27.112619 -27.109883 -26.512302 -26.459242 -29.654987 -27.317157 -27.007791 -27.074993 -26.874277 -39.475546 0 0 0 0 0 0 0 0 -27.108793 -27.010046 -26.4908 0 -27.050476 -26.928976 -27.426192 -26.394123 -26.471228 -26.660022 -27.06939 -27.525481 -27.565695 0 
-28.340022 -26.629816 -26.337336 -27.982389 0 0 0 -39.483202 -39.453145 -27.165478 -26.512302 -26.459242 -26.780545 -26.586296 -31.194381 -26.906586 -27.110429 -27.527546 0 0 0 0 0 0 0 0 0 -27.010046 -26.4908 -26.451344 -26.797085 -26.480559 -26.623552 -26.928976 -26.334883 -26.394123 -26.936298 0 0 0 0 
-32.306505 -26.796242 -26.452248 -28.062083 -26.955726 -27.634878 0 -28.717582 0 0 -29.485643 -26.780545 -26.586296 -26.69136 -33.020104 -27.181957 -26.906586 0 -33.339721 0 0 0 0 0 0 0 0 0 -26.451344 -26.797085 -26.660795 -26.515697 -26.480559 -26.623552 -26.63052 -26.334883 -35.463186 0 0 0 0 
-26.865201 -26.400274 -26.24019 -26.808217 -26.744498 -26.667834 -28.717582 -26.956536 0 0 0 -34.017641 -26.69136 -26.757238 -27.109883 -33.020104 -28.548787 -27.887871 -27.136143 0 0 0 0 0 0 0 0 0 -26.66332 -26.626321 -26.590437 -26.660795 -26.515697 -27.087423 -26.896859 -26.63052 0 0 0 0 0 
-27.969538 -26.24019 -26.702333 -26.744498 -26.667834 -27.37493 -26.956536 -27.89262 0 0 0 0 -26.757238 -27.109883 -28.82649 -30.129836 -39.530229 -26.937076 -27.057861 0 0 0 0 0 0 0 0 0 -26.626321 -39.444884 -29.047877 -26.590437 -26.723033 -27.516257 0 0 0 0 0 0 0 
-26.620637 -26.351686 -26.654282 -26.852804 -27.249348 -28.80541 -27.420805 -27.12594 0 0 0 0 0 -39.491443 0 0 0 -28.267153 -26.937076 0 0 0 0 0 0 0 0 0 0 0 -26.853449 -26.792328 -27.654048 0 0 0 0 0 0 0 0 
-26.600146 -26.305219 -26.801046 -27.249348 -27.007791 -26.950894 -26.767277 -26.393162 -31.565868 0 0 0 0 0 0 0 0 0 -28.267153 0 0 0 0 0 0 0 0 0 -34.104008 -26.989238 -27.038393 -26.853449 -26.792328 0 0 0 0 0 0 0 0 
-26.391497 -26.264698 -27.099609 -26.859298 -26.62252 -26.468878 -26.393162 -26.760043 -32.124724 0 0 0 0 0 0 0 0 0 0 0 0 0 0 0 0 0 0 -34.104008 -28.999272 -29.690849 -26.989238 -27.038393 0 0 0 0 0 0 0 0 0 
-26.301288 -26.211295 -26.539746 -26.536665 -26.468878 -26.551888 -26.278928 -27.618465 0 0 0 0 -27.779227 0 0 0 0 0 0 0 0 0 0 0 0 0 0 0 0 0 0 0 0 0 0 0 0 0 0 0 0 
-26.342871 -26.212809 -26.397805 -26.507578 -26.551888 -26.278928 -26.291538 -27.284181 -27.278362 0 0 -27.779227 -26.81729 0 0 0 0 0 0 0 0 0 0 0 0 0 0 0 0 0 0 0 0 0 0 0 0 0 0 0 0 
-26.632464 -26.397805 -26.54641 -26.720494 -27.489243 -26.291538 -26.259882 -26.567001 -26.546013 -26.578185 -27.003757 -26.81729 -26.573338 -27.504131 -32.2261 0 -28.128194 -27.558128 0 0 0 0 0 0 0 0 0 0 0 0 0 0 0 0 0 0 0 0 0 0 0 
0 -26.782982 -26.854419 -26.956942 -26.832668 -26.259882 -26.24019 -26.440251 -26.542731 -26.540392 -26.541429 -26.573338 -27.030334 -26.948895 -26.965539 -28.6568 -26.734086 -26.472807 0 0 0 0 0 0 0 0 0 0 0 0 0 0 0 0 0 0 0 0 0 0 0 
0 -32.158147 -26.956942 -26.832668 -26.559273 -26.24019 -26.298597 -26.504853 -26.540392 -26.541429 -26.579968 -26.323321 -26.868223 -26.965539 -27.364952 -28.914077 -26.422451 -26.344125 0 0 0 0 0 0 0 0 0 0 0 0 0 0 0 0 0 0 0 0 0 0 0 
0 -31.794506 -26.861594 -26.559273 -26.712308 -26.298597 -26.504853 -26.542079 -26.603704 -26.579968 -26.323321 -26.2906 -26.942161 -27.364952 -28.914077 -39.524946 -26.344125 -26.395643 0 0 0 0 0 0 0 0 0 0 0 0 0 0 0 0 0 0 0 0 0 0 0 
0 0 -27.905403 -26.829607 -26.800194 -26.557064 -26.667439 -26.651261 -26.714337 -26.686524 -26.2906 -26.26294 -26.545617 -27.119795 -29.901391 -27.38761 -26.395643 -26.682992 -32.313179 0 0 0 0 0 0 0 0 0 0 0 0 0 0 0 0 0 0 0 0 0 0 
-39.446064 -30.807151 0 0 -26.557064 -29.12381 -27.803395 -27.087423 -27.037438 -27.200185 -26.26294 -26.295354 -26.389431 -26.463296 -26.610233 -26.702989 -26.292256 -26.801615 -27.278362 0 0 0 0 0 0 0 0 0 0 0 0 0 0 0 0 0 0 0 0 0 0 
-26.492944 -26.371605 -26.600172 -28.140304 0 0 0 0 -29.914926 -29.585312 -26.295354 -26.389431 -26.463296 -26.398718 -26.454525 -26.292256 -26.31559 -27.278362 -28.167019 -28.116221 0 0 -28.063969 0 0 0 0 0 0 0 0 0 0 0 0 0 0 0 0 0 0 
-26.3311 -26.245413 -26.315018 -26.551483 0 0 0 0 0 -26.841987 -26.405233 -26.503951 -26.398718 -26.454525 -26.58402 -26.31559 -26.343811 -28.167019 -28.116221 -26.930508 -27.025186 -28.063969 -27.090049 0 0 0 0 0 0 0 0 0 0 0 0 0 0 0 0 0 0 
-26.562419 -26.307381 -26.321938 -26.454617 -27.062343 -26.68011 -26.680521 -26.850875 -27.092159 -26.739619 -26.841987 -26.792328 -26.921767 -27.742145 -27.146532 -26.343811 -26.32688 -26.387159 -26.695837 -27.025186 -26.944132 -27.090049 -27.090049 0 0 0 0 0 0 0 0 0 0 0 0 0 0 0 0 0 0 
-27.36689 -26.321938 -26.454617 -26.549202 -26.440079 -26.527139 -26.68011 -26.680521 -26.869561 -27.491211 -26.63052 -26.409349 -26.409349 -26.369355 -26.521415 -26.32688 -26.387159 -26.695837 -27.56787 -26.944132 -26.449636 -26.904044 -27.840154 0 0 0 0 0 0 0 0 0 0 0 0 0 0 0 0 0 0 
-27.167714 -26.538073 -26.549202 -26.611721 -26.628763 -26.440079 -26.527139 -26.869561 -26.519615 -26.524079 -26.885946 -26.63052 -26.409349 -26.409349 -26.345072 -26.450174 -26.789556 0 0 0 -26.449636 -26.366358 0 0 0 0 0 0 0 0 0 0 0 0 0 0 0 0 0 0 0 
-27.259809 -26.750689 -26.926307 -26.513351 -26.611721 -26.628763 -26.622005 -26.519615 -26.524079 -26.440337 -27.451881 -26.885946 -26.802755 -26.832054 -26.338804 -26.345072 -26.453065 -27.414571 0 0 -26.366358 -26.43541 0 0 0 0 0 0 0 0 0 0 0 0 0 0 0 0 0 0 0 
-33.976734 -26.855066 -27.231622 -26.286542 -26.513351 -26.476803 -26.4548 -26.560245 -26.440337 -26.276977 -26.346875 -27.451881 -27.911859 -39.447244 -26.351686 -26.2634 0 -39.529642 -29.381204 -26.747457 -26.323739 -26.776784 -29.292419 0 0 0 0 0 0 0 0 0 0 0 0 0 0 0 0 0 0 
-26.85618 -26.406401 -26.380887 -26.21299 -26.286542 -26.356914 -26.373574 -26.305674 -26.276977 -26.310981 -26.647153 -27.005994 -35.08237 0 -26.2634 -26.265632 -26.884904 -27.099073 -27.315621 -29.381204 -26.353338 -26.323739 -26.877336 -29.292419 0 0 0 0 0 0 0 0 0 0 0 0 0 0 0 0 0 
-26.582458 -26.31051 -26.327212 -26.201504 -26.21299 -26.269792 -28.454542 -26.373574 -26.305674 -26.476601 -26.771474 -26.775983 -27.55598 0 -26.265632 -26.265632 -26.576119 -26.884904 -28.467962 -27.779227 -26.463391 -26.353338 -26.904769 0 0 0 0 0 0 0 0 0 0 0 0 0 -30.687346 0 0 0 0 
-26.58358 -26.287674 -26.260242 -26.215265 -26.201504 -26.203374 -26.515932 -26.345601 -26.391593 -26.771474 -26.775983 -26.611887 -26.41745 -28.387045 -26.265632 -26.392069 -26.635133 -26.426926 -26.787353 -28.03604 -27.779227 -26.463391 0 0 0 0 0 0 0 0 0 0 0 0 0 0 -27.439839 -30.687346 0 0 0 
-27.226935 -26.3713 -26.198404 -26.260242 -26.203374 -26.247676 -26.306629 -26.223692 -26.345601 -26.781085 -26.611887 -26.41745 -26.605648 -28.387045 -26.392069 -26.635133 -26.426926 -26.76416 -26.463486 -26.796804 -26.549603 -32.330888 0 0 0 0 0 0 0 0 0 0 0 0 0 0 0 -27.439839 0 0 0 
-28.670811 -26.311238 -26.371117 -26.198404 -26.247676 -26.40567 -26.877677 -26.306629 -26.223692 -26.879045 -26.685898 -26.605648 -26.605648 -27.214392 -27.632513 -28.2809 -26.76416 -26.463486 -26.796804 -26.450353 -26.225233 -26.792885 0 0 0 0 0 0 0 0 0 0 0 0 0 0 0 0 0 0 0 
-26.935134 -26.492192 -26.311238 -26.743028 -26.475597 -26.820857 -30.706897 -26.527139 -26.4238 -28.948338 -27.375768 -26.311367 -26.317812 -27.804838 0 -38.23294 0 -27.057366 -26.450353 -26.225233 -26.369174 -26.349887 -26.631579 0 0 0 0 0 0 0 0 0 0 0 0 0 0 0 0 0 0 
0 -26.897216 -26.470442 -26.675227 -26.820857 -27.682407 -28.880603 -26.315414 -26.527139 -28.948338 -26.311367 -26.317812 -26.257187 -26.382306 0 0 -36.053325 -26.673414 -26.405379 -26.369174 -26.349887 -26.631579 -27.424391 0 0 0 0 0 0 0 0 0 0 0 0 0 0 0 0 0 0 
-27.400526 -28.357129 -26.366298 -26.470442 -26.780815 0 0 -26.253889 -26.315414 -28.010646 -26.72559 -26.257187 -26.379223 -26.283946 0 0 -28.75406 -26.682372 -26.31111 -26.405379 -26.605323 -27.613835 0 0 -28.364537 0 0 0 0 0 0 0 0 0 0 0 0 0 0 0 0 
-26.746715 -27.284181 -26.303129 -26.366298 -26.800478 -26.780815 0 -26.221845 -26.239986 -26.684649 -26.916527 -26.379223 -26.283946 -26.327544 -26.660215 0 0 -28.75406 -26.321708 -26.31111 -26.539616 -27.035534 -29.914926 0 -27.054895 -28.364537 0 0 0 0 0 0 0 0 0 0 0 0 0 0 0 
-26.331831 -26.277488 -26.258779 -26.303129 -26.632464 -27.377448 0 -26.211156 -26.202117 -31.5115 -29.771019 -27.16608 -26.327544 -26.600331 -26.575385 -28.11226 -39.480847 0 -26.291388 -26.291388 0 0 0 0 -36.189489 -27.054895 0 0 0 0 0 0 0 0 0 0 0 0 0 0 0 
-26.360275 -26.271316 -26.277488 -26.258779 -26.647524 0 -32.295569 -26.202117 -26.182934 -27.080655 -34.500819 -27.378289 -26.600331 -26.575385 -26.979365 -27.178871 -32.912597 -31.978703 -26.314666 -26.34402 0 0 0 0 0 -36.189489 0 0 0 0 0 0 0 0 0 0 0 0 0 0 0 
-26.814479 -26.360275 -26.271316 -26.633885 0 0 0 0 -26.215306 -36.807438 0 0 0 0 -37.544632 -39.518511 0 0 0 -26.469171 0 0 0 0 0 0 0 0 0 0 0 0 0 0 0 0 0 0 0 0 0 
