var/www/cgi-bin/BAERTOOLS/ravel/working/ravel-13123.DEM
NCOLS 92
NROWS 90
XLLCORNER 452028.49
YLLCORNER 3771475.4
CELLSIZE 10
NODATA_VALUE -9999
[rows 0 to 27 of 90, columns 0 to 62 of 92]
339.4931 339.5428 339.5624 339.6394 339.6296 339.6994 339.7468 339.7394 339.7329 339.7387 339.8422 339.8363 339.837 339.9634 340.027 340.0396 340.0306 340.0268 340.0706 340.1274 340.136 340.1286 340.1258 340.1174 340.1644 340.2578 340.3153 340.3324 340.3106 340.261 340.2058 340.2296 340.3101 340.2958 340.3128 340.3391 340.3317 340.3335 340.3298 340.116 340.0022 339.9159 339.7939 339.627 339.4788 339.0389 338.6225 338.7676 339.3099 339.5883 339.8258 340.5787 340.7266 340.8834 341.0705 341.1996 341.3409 341.6419 341.7715 341.8449 341.8951 341.9943 342.0814
339.3966 339.4398 339.4594 339.5371 339.5326 339.6002 339.6443 339.6362 339.7329 339.7387 339.8422 339.8363 339.837 339.8285 339.8421 339.9113 339.9297 339.9376 339.9248 339.9483 340.0117 340.0105 340.0243 340.0264 340.0743 340.131 340.1379 340.1378 340.1147 340.1207 340.1371 340.1573 340.1793 340.3521 340.2862 340.2318 340.2241 340.2207 340.1861 340.1435 340.0232 339.9113 339.7892 339.6435 339.5474 339.006 338.5642 338.7337 339.3257 339.5964 339.782 340.3241 340.5083 340.745 340.9269 341.0244 341.1533 341.4401 341.5887 341.694 341.737 341.8228 341.8588
339.2917 339.3391 339.4594 339.5371 339.5326 339.6002 339.6443 339.6362 339.6319 339.6427 339.7396 339.7336 339.7336 339.7336 339.7314 339.7226 339.785 339.8111 339.8183 339.8309 339.8214 339.819 339.9012 339.9145 339.9385 340.0053 339.9969 340.0185 340.0262 340.038 340.0898 340.1339 340.1395 340.2195 340.2347 340.2025 340.1318 340.0649 340.0536 340.1153 340.0416 339.9343 339.8045 339.675 339.5491 338.9681 338.5098 338.7104 339.3225 339.6088 339.7795 340.1656 340.3743 340.5603 340.7641 341.0056 341.1227 341.2625 341.4099 341.5481 341.6108 341.6432 341.6837
339.2917 339.3391 339.3515 339.4165 339.4317 339.4823 339.5285 339.5349 339.5304 339.5376 339.6312 339.6348 339.633 339.6327 339.6323 339.6322 339.6234 339.6136 339.6519 339.7129 339.7321 339.7272 339.7701 339.7523 339.7513 339.8203 339.8189 339.9109 339.923 339.9607 340.0135 340.0273 340.0184 340.1026 340.1392 340.0913 340.0143 340.0034 340.0584 340.0411 340.0873 339.9828 339.8273 339.7308 339.5607 338.9608 338.4431 338.704 339.3482 339.561 339.7315 339.9834 340.1653 340.3472 340.5482 340.8108 341.0182 341.2561 341.4011 341.5608 341.6537 341.6998 341.7961
339.1723 339.2263 339.2299 339.2339 339.338 339.3188 339.372 339.4375 339.4314 339.4279 339.4815 339.5081 339.5017 339.501 339.5003 339.4988 339.5204 339.5321 339.5189 339.537 339.5974 339.59 339.5807 339.6195 339.6629 339.7224 339.7375 339.8281 339.8209 339.8117 339.8359 339.8957 339.9222 339.973 339.9564 339.8916 339.9329 340.0411 340.0181 339.8519 339.9001 339.9158 339.8425 339.7245 339.5569 338.9165 338.3925 338.6881 339.3452 339.4962 339.5806 339.699 339.9188 340.1599 340.3604 340.5876 340.8325 341.3327 341.6399 341.8203 341.9673 342.0519 342.0855
339.0165 339.0513 339.1118 339.1379 339.2285 339.2247 339.2751 339.3363 339.3284 339.3277 339.3206 339.3174 339.3176 339.3172 339.3169 339.3151 339.3703 339.3938 339.406 339.4254 339.4144 339.4178 339.4913 339.5206 339.5612 339.6256 339.6272 339.7181 339.7227 339.7188 339.7115 339.7228 339.7822 339.7754 339.765 339.8615 339.9341 339.9195 339.9048 339.817 339.7733 339.7515 339.7747 339.7414 339.6073 338.883 338.2994 338.5877 339.2853 339.3571 339.2527 339.5135 339.8031 340.1305 340.4096 340.6216 340.8248 341.3596 341.7375 342.0139 342.1755 342.1714 342.1611
338.8606 338.9096 338.937 338.9984 339.0787 339.1173 339.1594 339.2101 339.2297 339.2289 339.2253 339.2238 339.2234 339.2242 339.2266 339.2264 339.2201 339.2095 339.2394 339.2974 339.3213 339.3167 339.3879 339.4215 339.4386 339.4923 339.5197 339.5605 339.6101 339.6218 339.6161 339.6115 339.6145 339.6502 339.7698 339.8362 339.8119 339.8151 339.8093 339.7208 339.7174 339.6798 339.6958 339.7745 339.6805 338.8622 338.251 338.6064 339.2538 339.1262 339.0432 339.4606 339.7137 340.0012 340.2513 340.3879 340.6162 341.3862 341.6526 341.9346 342.0684 342.0652 342.1249
338.7088 338.7447 338.8 338.8251 338.9127 338.9629 339.0042 339.0414 339.0919 339.0898 339.1153 339.128 339.1277 339.1141 339.0836 339.0824 339.0789 339.1055 339.1143 339.1387 339.2227 339.2139 339.2888 339.3267 339.3091 339.321 339.3775 339.4098 339.4446 339.4956 339.5192 339.5167 339.5156 339.6044 339.6476 339.6893 339.7143 339.7107 339.7134 339.6352 339.6026 339.6129 339.6126 339.5946 339.5717 338.8545 338.1333 338.3106 338.9035 339.0008 339.1067 339.5331 339.726 339.8815 340.1429 340.4711 340.7078 341.3771 341.6299 341.7826 341.8459 341.8468 341.8767
338.5526 338.6007 338.6313 338.6882 338.7694 338.805 338.8474 338.8987 338.918 338.916 338.9635 338.9855 338.9847 338.9612 338.9099 338.9091 338.9059 338.9426 338.992 339.0302 339.0793 339.116 339.1486 339.1996 339.2238 339.214 339.2119 339.3052 339.3033 339.3659 339.4004 339.3603 339.4194 339.5161 339.4979 339.5573 339.623 339.6158 339.6175 339.5335 339.5006 339.5107 339.4931 339.4398 339.4117 338.8239 337.9979 338.0416 338.7429 339.1109 339.2852 339.5904 339.8416 340.079 340.283 340.5436 340.7426 341.2182 341.384 341.5564 341.6515 341.638 341.639
338.4062 338.4382 338.4904 338.5203 338.6071 338.6544 338.6961 338.7373 338.7847 338.7793 338.8039 338.8171 338.8138 338.8162 338.8215 338.8163 338.8153 338.803 338.8514 338.9193 338.9136 339.0111 339.0092 339.035 339.0635 339.0753 339.1127 339.1928 339.2158 339.2331 339.2569 339.2631 339.3168 339.4121 339.4044 339.4283 339.4536 339.4501 339.45 339.4159 339.4025 339.4044 339.4082 339.4012 339.3695 338.7776 337.9327 338.1839 339.0519 339.252 339.432 339.7649 339.9488 340.1404 340.2483 340.4344 340.9215 341.0564 341.1709 341.2853 341.3916 341.4312 341.3596
338.2261 338.2977 338.3264 338.3779 338.4601 338.4985 338.5437 338.5739 338.574 338.6099 338.6585 338.6771 338.6692 338.6689 338.6664 338.7097 338.722 338.7116 338.7279 338.7789 338.815 338.8467 338.9012 338.9178 338.9044 338.9126 338.9595 339.0443 339.0917 339.1009 339.1395 339.211 339.2167 339.3102 339.3055 339.3027 339.2995 339.2996 339.2992 339.3021 339.3031 339.3025 339.3019 339.3013 339.322 338.7018 337.8871 338.2858 339.2769 339.4256 339.5337 339.826 339.9523 340.0235 340.145 340.4061 340.6428 340.8351 341.002 341.0749 341.1393 341.1614 341.0541
338.0337 338.1008 338.1817 338.2167 338.3018 338.3463 338.3925 338.4127 338.4212 338.4647 338.4582 338.4877 338.5159 338.5103 338.5036 338.5504 338.5595 338.5906 338.6125 338.613 338.6634 338.7059 338.7358 338.7523 338.7751 338.8093 338.8138 338.9038 338.9722 339.0096 339.041 339.1101 339.1148 339.2165 339.2053 339.2064 339.2083 339.2018 339.2015 339.2009 339.2006 339.1997 339.2018 339.2093 339.2325 338.4308 337.747 338.349 339.3759 339.499 339.5649 339.7507 339.8294 339.9783 340.1873 340.3112 340.5356 340.6797 340.7346 340.8239 340.9185 340.8445 340.9134
337.8936 337.9409 338.0235 338.0737 338.1552 338.1945 338.2396 338.2694 338.2705 338.3082 338.3079 338.3378 338.3588 338.3726 338.4164 338.4109 338.4015 338.4247 338.4802 338.5123 338.5061 338.6027 338.6141 338.6007 338.6127 338.6586 338.7064 338.7964 338.8305 338.8751 338.921 338.9535 339.0108 339.0351 339.086 339.0752 339.053 339.1095 339.1088 339.1069 339.1058 339.1143 339.097 339.0471 338.9878 337.9285 337.5224 338.3385 339.3736 339.4237 339.5628 339.726 339.8542 340.0099 340.1242 340.1981 340.4629 340.5258 340.5098 340.5628 340.6441 340.617 340.4921
337.708 337.8062 337.8669 337.8651 337.9582 338.0177 338.0653 338.0647 338.1182 338.1648 338.1541 338.1845 338.2074 338.2141 338.2519 338.2481 338.2932 338.3081 338.3129 338.364 338.4098 338.4341 338.4419 338.4732 338.499 338.5219 338.606 338.6254 338.6749 338.7151 338.7588 338.8098 338.8393 338.9052 338.9276 338.9227 338.9113 338.9377 338.9365 338.9406 338.9473 338.9159 338.8492 338.7509 338.5282 337.4927 337.3743 338.3392 339.3649 339.3861 339.5665 339.7104 339.8429 339.9334 340.0105 340.1106 340.3077 340.3087 340.2975 340.3484 340.4013 340.323 340.1356
337.5294 337.5829 337.6672 337.7108 337.7945 337.8312 337.8727 337.9258 337.9601 337.9447 337.9858 338.03 338.0761 338.1148 338.1085 338.0994 338.1242 338.1823 338.2087 338.2045 338.2474 338.3029 338.2892 338.3523 338.4146 338.4112 338.4406 338.4966 338.5646 338.6114 338.6074 338.6423 338.703 338.7367 338.7322 338.7318 338.7318 338.7285 338.7302 338.6754 338.6578 338.6304 338.5288 338.3415 338.0115 337.1954 337.2287 338.2906 339.37 339.3851 339.5414 339.6427 339.7351 339.8182 339.8978 340.0038 340.1928 340.1833 340.182 340.1944 340.1829 340.0976 339.9325
337.387 337.4171 337.4653 337.5511 337.6207 337.6896 337.731 337.7571 337.7473 337.7936 337.8326 337.8766 337.9279 337.9503 337.9398 337.9963 338.0033 338.0118 338.0659 338.1077 338.0995 338.1931 338.2101 338.2189 338.2287 338.2414 338.2939 338.3872 338.4231 338.4218 338.447 338.5092 338.5308 338.5177 338.523 338.5262 338.5246 338.5266 338.5193 338.4327 338.3989 338.29 338.1368 337.9294 337.5742 337.0156 337.1839 338.2868 339.376 339.3946 339.5597 339.6437 339.7292 339.8112 339.8904 339.9815 340.0872 340.0816 340.0851 340.1002 340.0492 339.8907 339.6521
337.1874 337.2688 337.3123 337.3433 337.4273 337.5041 337.5543 337.5347 337.545 337.6342 337.6835 337.7325 337.7394 337.7493 337.8024 337.8232 337.8851 337.9041 337.9025 337.9482 338.0046 338.0219 338.0237 338.0635 338.0974 338.1146 338.1991 338.2101 338.2715 338.3038 338.3058 338.3153 338.3218 338.4155 338.3558 338.3147 338.3191 338.3236 338.3218 338.1725 338.0497 337.8829 337.6841 337.4431 337.2326 336.8193 337.0004 338.1434 339.2942 339.3077 339.3794 339.4659 339.5398 339.6616 339.8096 339.8939 339.9841 339.9854 339.9303 339.8851 339.8745 339.7718 339.4326
337.0371 337.1134 337.1502 337.2339 337.2802 337.3168 337.3649 337.4051 337.4005 337.4916 337.5344 337.5325 337.5538 337.6097 337.6394 337.6983 337.7101 337.7686 337.8074 337.8065 337.8221 337.8833 337.8978 337.899 337.9477 338.0046 338.0254 338.1018 338.1086 338.1105 338.1391 338.2011 338.1938 338.13 338.1169 338.1089 338.119 338.1044 338.0333 337.8725 337.7228 337.5514 337.3421 337.1001 336.8311 336.6766 336.8162 338.0007 339.253 339.1272 339.2412 339.3397 339.4716 339.6149 339.7018 339.7888 339.8807 339.8807 339.8833 339.8507 339.7439 339.5721 339.2238
336.9458 337.0067 337.0132 337.0998 337.1726 337.2117 337.2099 337.252 337.3047 337.3219 337.3236 337.3628 337.4117 337.4428 337.5013 337.5874 337.6048 337.6106 337.6176 337.6365 337.6962 337.7066 337.7712 337.7992 337.7919 337.8292 337.8957 337.9071 337.9674 338.0049 338.0008 338.0172 338.014 337.9907 337.9979 337.9565 337.9117 337.9068 337.8124 337.5458 337.4729 337.2924 337.077 336.9616 336.6934 336.5804 336.7105 337.9567 339.1612 338.7695 339.1183 339.3097 339.4295 339.5136 339.5974 339.6857 339.7872 339.7182 339.6857 339.6538 339.5659 339.4527 339.0785
336.8135 336.8499 336.9015 336.993 337.0262 337.0247 337.0544 337.1077 337.1354 337.205 337.1929 337.2021 337.2469 337.2972 337.3275 337.417 337.4126 337.4568 337.499 337.4906 337.5203 337.593 337.5952 337.6531 337.6981 337.6869 337.7135 337.8036 337.7445 337.7572 337.8161 337.8095 337.8081 337.8076 337.8134 337.7683 337.6797 337.6042 337.5165 337.334 337.2037 337.0159 336.8586 336.776 336.6013 336.4255 336.4767 337.091 337.878 338.2621 339.0627 339.2636 339.3207 339.4055 339.4982 339.5721 339.5843 339.5131 339.467 339.4846 339.441 339.2591 339.0595
336.6967 336.7215 336.8043 336.8179 336.8775 336.9047 336.9037 336.939 337.003 337.0185 337.0728 337.0935 337.1277 337.203 337.1983 337.279 337.2945 337.2919 337.3408 337.3971 337.3879 337.4687 337.4897 337.4871 337.5358 337.6052 337.5869 337.5818 337.6015 337.5945 337.6053 337.6036 337.6027 337.6008 337.6065 337.5636 337.4704 337.3835 337.2973 337.1311 336.9843 336.8412 336.7556 336.6731 336.4187 336.2854 336.3372 336.6884 337.2681 337.8531 338.957 339.1627 339.2728 339.3761 339.3915 339.4728 339.3955 339.3652 339.3757 339.341 339.2485 339.1605 338.9767
336.595 336.6013 336.6191 336.6835 336.7167 336.7132 336.7455 336.8058 336.8135 336.8781 336.9063 336.9546 337.0079 337.0075 337.0157 337.1022 337.1584 337.1904 337.1865 337.2199 337.2809 337.3589 337.3955 337.3929 337.3535 337.3195 337.3905 337.3897 337.3907 337.3855 337.3847 337.3841 337.3832 337.3861 337.3988 337.356 337.259 337.1718 336.9948 336.9188 336.771 336.6292 336.5504 336.4644 336.29 336.192 336.1804 336.4799 336.9881 337.4571 338.6738 339.068 339.1896 339.2052 339.2717 339.2715 339.1891 339.1599 339.1658 339.1692 339.1512 339.0447 339.003
336.487 336.4919 336.489 336.5063 336.5704 336.6014 336.5965 336.6302 336.6932 336.6993 336.7639 336.7998 336.8366 336.8901 336.8956 336.9857 337.0509 337.096 337.077 337.1002 337.1777 337.2686 337.2318 337.2308 337.2859 337.268 337.2779 337.2732 337.3284 337.3631 337.3611 337.3611 337.3613 337.3071 337.2171 337.1786 337.1472 337.0739 336.9887 336.8327 336.7082 336.6241 336.5361 336.4536 336.2026 336.0896 336.0297 336.2183 336.6963 337.2294 338.359 338.7585 338.9379 338.9998 339.0925 339.1533 339.0609 338.9981 338.9453 338.9957 339.0452 338.95 339.0019
336.4376 336.3857 336.3893 336.3948 336.4093 336.4064 336.4361 336.4956 336.5143 336.5889 336.589 336.6412 336.689 336.7161 336.7803 336.8675 336.8924 336.9388 336.9879 337.0091 337.0745 337.0607 337.0885 337.0753 337.1149 337.1793 337.178 337.1696 337.2359 337.288 337.2782 337.2734 337.275 337.2094 337.106 337.0679 337.0439 336.9688 336.8938 336.7302 336.5981 336.5628 336.5416 336.4553 336.204 336.0203 335.9176 336.1198 336.5454 336.909 337.9399 338.3385 338.5688 338.7372 338.8639 338.8568 338.8543 338.8542 338.8614 338.8204 338.741 338.7511 339.0088
336.351 336.286 336.2764 336.2065 336.1992 336.2451 336.2951 336.3192 336.3872 336.4696 336.4825 336.5327 336.5864 336.6009 336.6832 336.6829 336.7487 336.7935 336.7834 336.8056 336.8803 336.9486 336.9819 336.9675 337.0048 337.0804 337.0754 337.072 337.0757 337.0715 337.1028 337.1786 337.1715 337.0651 337.0728 337.0258 336.966 336.9535 336.7841 336.6954 336.6018 336.5614 336.5406 336.4559 336.2089 335.9544 335.8456 336.0111 336.4742 336.8699 337.695 338.0685 338.2523 338.4266 338.5474 338.5577 338.6513 338.6465 338.6523 338.6137 338.5346 338.5577 338.8252
336.2451 336.1774 336.1749 336.0149 336.0587 336.1005 336.1322 336.1882 336.2029 336.2904 336.3508 336.3877 336.4203 336.4842 336.4962 336.5813 336.5739 336.6292 336.6785 336.6924 336.7721 336.8495 336.881 336.871 336.8679 336.8917 336.9689 336.9689 336.9686 336.9679 336.9685 336.9706 336.9665 336.9653 336.972 336.9254 336.8635 336.8532 336.6773 336.6621 336.6095 336.561 336.5455 336.4432 336.1855 335.9598 335.8049 336.011 336.4502 336.7755 337.267 337.6538 338.0141 338.1393 338.1728 338.3298 338.4092 338.4444 338.4466 338.4022 338.3494 338.44 338.6118
336.1701 336.1576 336.0725 335.8175 335.8019 335.8572 335.9449 336.029 336.0877 336.1612 336.1835 336.2269 336.278 336.3015 336.3744 336.4539 336.4804 336.4682 336.5061 336.571 336.5831 336.6726 336.7292 336.7753 336.768 336.7649 336.7747 336.871 336.8651 336.8658 336.8656 336.8638 336.8627 336.8622 336.8688 336.8226 336.7605 336.7473 336.6562 336.6661 336.609 336.5612 336.5412 336.457 336.2165 335.8871 335.6881 335.9462 336.4311 336.6622 337.1491 337.4458 337.5838 337.6866 337.8757 338.0206 338.0998 338.1927 338.2416 338.1972 338.1417 338.2282 338.4001
336.1507 336.0571 335.8893 335.5377 335.4938 335.5055 335.537 335.6508 335.8097 335.9725 336.0522 336.1382 336.1841 336.1692 336.183 336.2734 336.3315 336.3691 336.3978 336.4666 336.4748 336.5659 336.6231 336.6723 336.6649 336.661 336.6682 336.7678 336.7693 336.7156 336.6812 336.7599 336.7588 336.7648 336.6971 336.6936 336.7419 336.6446 336.5602 336.5611 336.5611 336.5628 336.5417 336.4572 336.221 335.8159 335.6366 335.9188 336.3241 336.56 336.9707 337.2333 337.3976 337.5045 337.6331 337.7209 337.9096 337.9225 337.9801 338.0105 337.9483 338.0334 338.2048
