var/www/cgi-bin/BAERTOOLS/ravel/working/ravel-5155.prodgrd.txt
NCOLS 88
NROWS 114
XLLCORNER 772875.31
YLLCORNER 3877126.5
CELLSIZE 10
NODATA_VALUE -9999
[rows 28 to 55 of 114, columns 0 to 62 of 88]
0 0 -27.160086 -26.809958 -26.89049 -35.423674 -28.425525 -28.770966 -26.600651 -26.585687 0 0 0 -27.341425 -27.163675 -29.163214 0 -27.616147 -26.458962 -26.466938 -26.229843 -27.852236 -26.924031 -27.867563 -26.948098 -27.108793 -26.553648 -26.644381 -26.900438 -26.816403 -26.265227 -26.276807 -26.266165 -26.329698 -26.324484 -26.360046 -26.672611 -26.642181 -26.537048 -26.521295 -26.51499 -26.269824 -26.286797 -26.598263 -26.78653 -26.614888 -26.493375 -26.242539 -26.476702 -26.531109 -26.61139 -26.585232 -26.656566 -26.772795 -26.849594 -26.861594 -26.944527 -26.57967 -26.322998 -26.753697 -27.491211 -30.86938 -29.226523
0 0 0 -26.89049 -28.209447 -33.561021 -28.770966 -29.469568 -26.585687 -26.618765 0 0 0 -27.163675 -29.163214 -28.222502 0 0 -27.963419 -26.229843 -26.479742 -26.568286 -29.039667 0 -28.607685 -26.553648 -26.644381 -26.661182 -26.526524 -26.643646 -26.406474 -26.476702 -26.371239 -26.324484 -26.360046 -26.38328 -26.422293 -26.537048 -26.521295 -26.528002 -26.504064 -26.286797 -26.306296 -26.78653 -27.153564 -26.870904 -26.614888 -26.255065 -26.513818 -26.636746 -26.758765 -26.656566 -26.611556 -26.435914 -27.063845 -26.849594 -26.906586 -27.029864 -26.316121 -26.558719 -27.731453 -27.835664 -27.71958
0 0 0 -28.209447 -30.327816 0 -39.525534 -36.773143 -26.618765 -26.550005 -26.654093 0 0 0 -28.222502 -27.295236 0 0 0 -26.479742 -26.568286 -27.317157 -29.984034 0 0 0 -26.661182 -26.526524 -26.643646 -26.860609 -26.476702 -26.480866 -26.463677 -26.428792 -26.38328 -26.422293 -26.454892 -26.285058 -26.532236 -26.512186 -26.499933 -26.306296 -26.323553 -26.417759 -28.088802 -30.092394 -26.970104 -26.227183 -26.255065 -26.513818 -26.763126 -26.611556 -26.435914 -26.635133 -26.880416 -27.038393 -27.049499 -26.994907 -26.306047 -26.316121 -27.260513 -27.392748 -27.064849
0 0 0 -30.327816 -27.173965 0 0 -34.565342 -26.550005 -26.654093 -26.57656 0 0 -39.463171 -27.295236 -26.79205 0 0 0 0 -30.879908 0 0 0 -35.665826 -28.884284 0 -39.491443 -27.090049 -26.870904 -26.480866 -26.463677 -26.534758 -26.604674 -26.483441 -26.454892 -26.285058 -26.302033 -26.698853 -26.60435 -26.565296 -26.323553 -26.417759 -26.344335 -26.7482 -26.79456 -26.439908 -26.237861 -26.227183 -26.948098 -27.866019 -27.924904 -26.635133 -26.849914 -26.772266 -27.09747 -27.038393 -26.749194 -26.292749 -26.306047 -26.957348 -26.788453 -26.469854
0 0 0 -27.173965 -27.277638 0 -39.459043 -29.696895 -28.688448 -26.57656 -26.524322 0 0 -32.2261 -26.79205 -26.706289 0 0 0 0 0 0 0 -35.665826 -28.884284 -27.427996 -26.726992 0 0 0 -28.691654 -26.534758 -26.839482 -26.720034 -26.591986 -26.547072 -26.302033 -26.30555 -26.715242 -26.781085 -26.6258 -26.518183 -26.344335 -26.307884 -26.515343 -26.602897 -26.536921 -26.314842 -26.237861 -26.803041 -26.693272 -26.718658 -26.819962 -26.762096 -26.589666 -26.817586 -26.964301 -26.735761 -26.317634 -26.292749 -26.57863 -26.349291 -26.372956
0 0 0 -27.277638 -27.592204 -27.01733 0 -31.498074 -28.108314 -26.524322 -26.514286 0 0 0 -26.706289 -26.822053 -26.750689 -31.316746 0 0 0 0 0 0 -27.427996 -26.726992 -26.413929 -26.681342 0 0 0 -27.724837 -27.314089 -26.769632 -26.614553 -26.576708 -26.30555 -26.298281 -26.33335 -26.663125 -26.712083 -26.472807 -26.307884 -26.342871 -26.541559 -26.679087 -26.602897 -26.536921 -26.314842 -26.456087 -26.526033 -26.684649 -26.718658 -26.589666 -26.615391 -26.674823 -26.939025 -26.691784 -26.61472 -26.317634 -26.273785 -26.330132 -26.349291
0 0 0 -27.592204 -27.01733 -27.071421 0 0 -30.716734 -26.514286 -26.514286 0 0 0 -26.822053 -26.750689 -26.921015 -27.290791 -27.632513 -39.448425 0 0 0 0 -30.509404 -26.413929 -26.681342 -26.373636 0 0 0 0 0 -28.335179 -26.777587 -26.569576 -26.298281 -26.33335 -26.340081 -26.593387 -26.566289 -26.601451 -26.342871 -26.541559 -26.749692 -26.871913 -26.825662 -26.696911 -26.297966 -26.486254 -26.456087 -26.526033 -26.684649 -26.615391 -26.665864 -26.542079 -26.531609 -26.649201 -26.515579 -26.18859 -26.374752 -26.273785 -26.330132
0 0 0 0 -27.071421 -26.930124 0 0 0 -26.514286 -26.483027 -26.579224 0 0 0 -26.921015 -27.290791 -27.632513 -27.072439 -27.185683 -29.649077 -31.854631 0 0 0 -28.41773 -26.373636 -26.439565 -26.846408 -28.740682 0 0 0 0 -29.901391 -26.896859 -26.619105 -26.340081 -26.415529 -26.566289 -26.596523 -26.612552 -26.66371 -26.849594 -27.209835 -26.985782 -27.547445 -26.881104 -26.339825 -26.297966 -26.599216 -26.704965 -26.705626 -26.665864 -26.542079 -26.531609 -26.678475 -26.656184 -26.410093 -26.229236 -26.18859 -26.374752 -26.63052
0 0 0 0 -26.930124 -26.773589 0 -36.329392 -29.678817 -26.483027 -26.579224 -26.499711 -37.724551 0 0 -27.674916 -28.032373 -27.072439 -27.185683 -27.254906 -27.486301 -29.545882 -29.06443 0 0 0 -26.439565 -26.790109 -27.125379 -27.160086 -28.043413 -34.799096 0 -29.366075 0 -29.0896 -27.103372 -26.415529 -26.628238 -26.596523 -26.612552 -26.656566 -26.604512 -26.611556 -26.985782 -26.848317 -26.67141 -26.804186 -26.347731 -26.339825 -26.678067 -26.723496 -26.815224 -27.052926 -26.871576 -26.814635 -26.92783 -26.991847 -26.656184 -26.410093 -26.229236 -26.820559 -27.481423
0 0 0 0 -26.773589 -26.856689 -36.329392 -29.678817 -28.017836 -27.977179 -26.499711 -28.340022 -28.428134 -37.48588 0 -28.032373 -27.762553 -27.24384 -27.254906 -27.486301 -27.768076 -27.977179 -26.889437 0 0 0 -26.790109 -27.125379 -27.160086 -28.043413 -27.69377 -27.954915 -29.366075 -26.894017 0 0 -28.554557 -26.775716 -27.039349 -26.785435 -26.656566 -26.604512 -26.413322 -26.349778 -26.294583 -26.67141 -26.720724 -26.700806 -26.352455 -26.347731 -26.677253 -26.748449 -26.783526 -26.964301 -27.91348 -27.91348 -28.167019 -28.592707 -27.585493 -26.702551 -26.411288 -29.86796 0
0 0 0 0 -26.856689 -27.096404 -26.895792 -28.017836 -27.977179 -27.770851 -28.340022 -28.428134 -37.48588 -33.268805 -35.964553 -27.762553 -27.041748 -26.550273 -27.465075 -27.768076 -27.977179 -26.889437 -26.818476 -28.554557 -29.619814 -39.507911 -27.475612 -27.911859 -27.58438 -27.69377 -27.954915 -27.759804 -26.894017 -26.832054 -38.299605 -29.709046 0 -28.467962 -39.491443 -27.391889 -26.612219 -26.413322 -26.349778 -26.294583 -26.301872 -26.402559 -26.700806 -27.018248 -26.826872 -26.352455 -26.63052 -26.624587 -26.658866 -27.044158 -28.446559 -27.004203 0 0 0 -28.983414 -26.702551 0 0
0 0 0 0 -27.096404 -26.895792 -26.928594 -28.84072 -27.770851 -28.462576 -29.529248 -26.682992 -33.268805 -35.964553 -31.032236 -27.041748 -26.550273 -26.380887 -27.274032 -27.864477 -28.04712 -26.818476 -27.035059 -27.474648 -26.922521 -27.045125 -27.911859 -27.58438 -27.76531 -33.315929 -27.759804 -27.65042 -26.832054 -27.211134 -29.709046 0 -28.906571 0 0 0 0 -27.455626 -26.617242 -26.301872 -26.402559 -26.582212 -26.376377 -27.018248 -27.080138 -26.508722 -26.77042 -26.738409 -26.624587 -26.658866 -26.957754 -26.339008 -32.075265 -39.506735 -27.148866 -26.849594 -33.663718 0 0
0 -29.396469 0 0 0 -26.928594 -27.086377 -39.516137 -30.21467 -29.529248 -26.682992 -26.781085 -26.965952 0 0 -27.746189 -26.380887 -26.370934 -26.90768 -27.965128 -28.514709 -27.035059 -27.474648 -26.922521 -27.045125 -26.939807 -27.147698 -27.76531 -27.016872 0 0 0 -27.211134 -32.570487 -32.420944 -28.906571 0 -30.055625 -39.466118 -30.23047 0 0 0 -32.260642 -27.088998 -26.660795 -27.035534 -26.376377 0 -27.06939 -26.508722 -26.930508 -26.738409 -26.64328 -26.339008 -26.878019 -27.086377 -26.767277 -26.678271 -27.148866 -26.849594 -28.394643 -36.571302
0 -27.823797 0 0 0 -27.086377 -27.259809 0 -31.242645 -32.420944 -26.781085 -26.965952 -27.129886 0 0 0 -26.370934 -26.36773 -26.767017 -27.004203 -28.847889 -28.574959 -27.632513 -27.293751 -26.823553 -26.882827 -27.281993 -27.016872 -26.736481 -36.671268 -27.66626 -28.213782 -32.570487 -32.420944 0 0 -30.055625 -39.466118 -30.23047 -26.762869 0 0 0 0 0 0 0 0 0 0 -27.06939 -31.418869 0 0 -26.878019 -27.086377 -27.966841 -27.695042 -26.767277 -26.678271 -28.071547 -29.758459 -27.661354
0 -27.448154 0 0 0 -27.259809 -27.575531 -31.242645 -29.88795 -29.822108 -31.206363 -27.129886 -27.701432 0 0 -31.40589 -26.36773 -26.340954 -26.958975 -27.00153 -27.199547 -31.794506 -27.783445 -26.823553 -26.879045 -26.719575 -27.061344 -26.736481 -26.743517 -27.66626 -26.93243 -26.516996 -27.088998 0 0 0 0 -39.493797 -26.762869 -26.549202 -28.84072 0 0 0 0 0 0 0 0 0 0 0 0 0 0 0 0 0 0 0 -29.758459 -27.661354 -26.775983
0 -27.16789 0 0 0 -27.575531 -28.316009 -27.713054 -29.822108 -31.206363 -33.363668 -27.701432 -26.780545 0 0 0 -26.340954 -26.798778 -26.341522 -27.199547 -27.954915 -30.27859 -31.750216 -26.879045 -26.719575 -27.061344 -27.059351 -26.743517 -26.661958 -26.65714 -26.516996 -26.577298 -26.420954 -26.961016 -34.597972 0 0 0 -26.549202 -26.759531 -26.494023 -27.135 -33.46104 0 0 -28.682058 0 0 0 0 0 0 0 0 0 0 0 0 0 0 -29.678817 -26.775983 -26.355677
-39.44886 -26.87973 -28.563261 -31.839483 0 -28.316009 -27.713054 -28.449214 0 -38.787416 -27.801956 -26.780545 -26.537816 0 0 0 -26.798778 -26.341522 -26.781897 -27.466027 -30.27859 0 -28.659931 -26.823252 -27.328789 -27.059351 -27.418126 -26.661958 -26.65714 -26.578927 -26.577298 -26.420954 -26.607604 -26.488675 -26.543515 0 0 0 -26.759531 -26.494023 -27.12258 -27.547445 -27.514222 -31.021041 -28.682058 -28.010646 0 0 0 0 0 0 0 0 0 0 0 0 0 0 -39.474957 -26.355677 -26.333448
-39.469651 -26.91504 -26.644014 -27.777825 -28.884284 0 -28.449214 -31.649461 0 0 -28.770966 -26.537816 -26.840107 -27.205957 0 0 -28.389572 -26.781897 -27.299711 -39.447244 -32.14139 0 -26.823252 -26.895081 -29.287623 -27.691232 -27.423493 -27.655261 -26.578927 -26.521536 -27.353492 -26.607604 -26.488675 -26.543515 -26.306796 -28.574959 0 0 0 -27.12258 -27.547445 -27.514222 -31.021041 -34.2221 -28.010646 -27.226935 0 0 0 0 0 0 0 0 0 0 0 0 0 0 0 -26.333448 -26.313095
0 -26.644014 -26.825058 -27.982389 -27.487281 -28.016034 -31.649461 -32.295569 0 0 0 -26.840107 -27.205957 -27.031276 0 -28.389572 -27.814997 -27.299711 -26.511953 -32.14139 0 0 -26.895081 -26.890841 -26.918765 -27.743491 -27.512193 -27.624288 -26.521536 -26.494999 -28.514709 -27.357563 -26.746962 -26.306796 -26.325279 -26.286106 -27.277638 0 0 -39.524359 0 0 -34.2221 -39.524359 -27.226935 -26.858644 -27.098004 0 0 0 0 0 0 0 0 0 0 0 0 -28.574959 0 -26.313095 -26.34261
0 -26.825058 -26.958567 -27.487281 -27.784855 -27.361658 -27.34703 -26.925927 0 0 0 -31.947195 -27.031276 -26.922521 -28.162866 -28.231291 -27.559205 -26.511953 -26.54509 0 0 0 -26.890841 -26.918765 -27.102833 -27.512193 -27.388464 -27.338244 -26.494999 -26.545222 -28.084942 -28.00707 -27.54957 -26.325279 -26.286106 -26.342766 -26.43092 -26.778123 0 0 0 0 0 0 -26.858644 -27.098004 -26.851839 0 0 0 0 -29.217324 0 0 0 0 0 0 -28.574959 -28.921621 0 -26.34261 -26.444499
0 -26.958567 -26.952097 -27.784855 -27.361658 -27.34703 -26.925927 -26.632464 -27.037915 -29.306891 -29.119493 -28.287836 -26.922521 -26.596997 -27.325667 -27.565695 -28.777787 -26.54509 -26.764937 -27.131586 0 0 0 -27.102833 -27.543213 -27.388464 -27.338244 -27.395331 -26.545222 -26.539875 -26.582363 -27.618465 -27.816458 -28.51191 -26.342766 -26.43092 -26.712757 -26.454525 -26.632641 -30.509404 0 0 0 0 0 -26.851839 -26.868223 0 0 0 -29.217324 -27.207247 -35.119067 0 0 0 0 0 -28.921621 0 0 -26.444499 -26.605323
0 -26.952097 -26.714563 -27.669959 -27.229609 -27.323335 -26.632464 -27.037915 -27.873765 -27.779227 -27.822325 -27.22361 -26.596997 -26.424917 -27.247277 -27.713054 -27.573335 -26.764937 -27.131586 -27.481423 -30.438459 -31.316746 0 -27.543213 -27.565695 -27.160086 -26.828389 -26.984921 -26.539875 -26.582363 -26.572756 -27.522394 -27.740801 -28.688448 -26.655613 -26.712757 -26.454525 -26.632641 -26.540133 -26.605323 -27.544269 -30.198987 0 0 0 -26.868223 -27.051455 -34.046225 -39.472601 0 -27.207247 -35.119067 -27.401396 0 0 0 0 0 0 0 0 -26.883518 -26.328259
0 -26.714563 -26.505305 -27.229609 -27.377448 -27.718271 -27.949849 -27.873765 -27.665031 -26.936298 -27.080655 -27.264751 -26.424917 -26.298163 -26.935134 -27.573335 -27.702715 -27.601241 -27.481423 -27.153564 -28.979475 -28.540182 -29.501868 -27.565695 -27.160086 -26.828389 -26.816403 -26.751689 -27.142469 -26.572756 -26.640359 -27.740801 -28.688448 -31.279435 -26.782439 -26.908411 -26.861924 -26.540133 -26.605323 -26.640541 -26.622864 -26.602575 0 0 0 -27.051455 -27.740801 -33.98926 -29.411872 -31.735603 -38.573695 -27.401396 -26.944132 0 0 0 0 0 0 0 0 0 -26.486568
0 -26.505305 -26.901157 -26.646782 -28.058322 -28.325555 -30.206814 -35.583738 -28.537326 -27.665031 -26.936298 -26.932045 -26.298163 -26.288151 -26.285635 -26.944132 -27.601241 -28.335179 -27.153564 -26.789556 -28.540182 -29.501868 -32.402728 -39.469065 -28.500777 -26.816403 -26.751689 -27.142469 -27.374093 -26.640359 -26.584625 -33.769244 -34.597972 -39.449605 -26.908411 -27.335867 -27.011857 -26.940199 -26.640541 -26.622864 -26.602575 -26.313922 0 0 0 -27.740801 -30.327816 -27.554908 -29.346113 -28.647451 -31.735603 -26.944132 -27.107704 0 0 0 0 -28.812401 0 0 0 0 -26.830829
0 -26.901157 -26.646782 -27.065352 -28.325555 -28.014235 -27.855281 -28.062083 -27.560283 -28.537326 -30.129836 -28.520325 -26.288151 -26.285635 -26.326597 -26.942948 -26.943343 -27.143048 -26.789556 -26.626494 -30.838065 -32.402728 -39.469065 0 0 -27.933147 -27.225603 -27.374093 -28.306541 -26.584625 -26.572175 -39.466118 -39.46435 0 -27.335867 -27.011857 -27.855281 -27.152974 -26.885251 -26.653714 -26.313922 -26.291125 -26.862912 0 0 -30.327816 -27.554908 -29.346113 -28.647451 -31.735603 -31.279435 -27.107704 -27.378289 0 0 0 -28.812401 0 -39.461991 0 0 0 -29.802788
0 0 -27.065352 -26.985782 -28.014235 -27.855281 -28.659931 -29.715151 -27.998185 -27.560283 -32.174996 -27.349446 -27.085332 -26.326597 -26.387359 -26.943343 -27.060346 -26.751189 -26.626494 -26.47842 -26.745975 -34.46892 -32.647901 -39.474368 0 -28.316009 -28.467962 -28.306541 -28.619793 -26.572175 -26.521174 -26.618087 -30.629655 -31.458184 0 -28.140304 -28.944491 -27.971996 -27.295979 -27.102294 -26.291125 -26.355789 -26.305385 -26.991847 0 0 -31.458184 -31.931565 -39.448425 -31.279435 -39.469065 -27.378289 -27.182577 -27.181957 0 0 0 -39.461991 0 0 0 0 0
0 0 -26.985782 -26.946111 -27.715659 -27.880008 -27.620789 -26.951295 -27.302712 -27.998185 -27.204027 -27.085332 -27.043675 -26.387359 -26.494999 -27.060346 -26.751189 -26.700154 -26.47842 -26.683405 -26.569864 -32.647901 -30.639171 -30.429748 -32.108149 -26.62754 -28.830034 -28.822954 -28.092675 -26.521174 -26.618087 -26.57863 -29.019335 -27.618465 -27.619626 -28.944491 -27.493185 0 -28.625889 -27.660132 -26.355789 -26.305385 -26.366417 -27.117577 -28.545912 0 -31.931565 -34.374646 0 -39.483202 -38.23294 -27.182577 -27.181957 -26.762353 0 0 0 0 0 0 0 0 0
0 0 -26.946111 -27.715659 -27.880008 -27.633694 -27.415458 -27.254906 -26.951295 -27.204027 -26.710066 -26.760299 -27.095872 -26.494999 -26.508035 -27.891034 -27.190687 -26.700371 -26.683405 -26.569864 -26.527509 -28.359593 -29.802788 -30.04835 -26.62754 -26.644014 -32.532452 -29.585312 -28.963825 -28.43337 -26.57863 -26.550407 -27.618465 -27.542158 -27.191316 -27.357563 -26.819665 0 -37.145553 -28.48153 -27.608086 -26.366417 -26.386232 -28.269432 -30.648727 0 -34.374646 0 0 0 0 -36.473191 -26.762353 -26.484583 0 0 0 0 0 0 0 0 0
