var/www/cgi-bin/BAERTOOLS/ravel/working/ravel-12053.DEM
NCOLS 82
NROWS 113
XLLCORNER 616413.99
YLLCORNER 4621855.4
CELLSIZE 10
NODATA_VALUE -9999
[rows 84 to 111 of 113, columns 0 to 62 of 82]
1476.644 1476.71 1476.984 1477.198 1477.567 1478.125 1478.494 1478.823 1479.266 1479.691 1479.926 1480.153 1480.379 1480.424 1480.587 1480.42 1480.173 1480.041 1479.661 1476.232 1470.464 1464.708 1461.108 1460.113 1459.186 1457.819 1457.297 1456.973 1456.83 1456.776 1456.979 1457.281 1457.945 1458.34 1458.824 1459.479 1460.786 1461.402 1461.925 1462.925 1463.297 1463.732 1464.43 1464.715 1464.994 1465.217 1466.415 1466.656 1466.731 1466.784 1466.689 1466.597 1466.561 1466.441 1466.287 1466.216 1465.878 1465.855 1465.632 1465.379 1465.165 1465.01 1464.384
1477.241 1477.234 1477.545 1477.768 1478.005 1478.705 1479.005 1479.31 1479.637 1480.099 1480.334 1480.564 1480.648 1480.72 1480.812 1480.86 1480.553 1480.09 1479.596 1475.826 1470.165 1464.832 1461.371 1460.717 1459.955 1459.274 1458.247 1457.887 1457.749 1457.722 1457.8 1458.067 1458.589 1458.976 1459.528 1460.096 1461.489 1462.205 1462.762 1463.751 1464.091 1464.441 1465.032 1465.299 1465.533 1465.82 1466.415 1466.887 1467.004 1466.906 1466.862 1466.736 1466.554 1466.406 1466.191 1466.18 1465.805 1465.657 1465.508 1465.107 1464.917 1464.618 1464.284
1477.782 1477.848 1478.005 1478.233 1478.606 1478.852 1479.439 1479.743 1480.048 1480.418 1480.647 1480.807 1480.947 1481.04 1481.098 1481.033 1481.041 1480.545 1479.577 1475.22 1469.917 1465.026 1461.675 1461.243 1460.558 1459.96 1459.012 1458.7 1458.568 1458.536 1458.572 1458.798 1459.261 1459.593 1460.106 1460.63 1462.041 1462.876 1463.524 1464.475 1464.763 1465.034 1465.612 1465.856 1466.159 1466.381 1466.819 1466.887 1467.004 1466.993 1466.847 1466.975 1466.588 1466.398 1466.177 1466 1465.665 1465.442 1465.289 1464.96 1464.693 1464.402 1464.244
1478.113 1478.258 1478.586 1478.811 1479.05 1479.348 1479.845 1480.155 1480.462 1480.89 1481.047 1481.188 1481.269 1481.248 1481.322 1481.319 1481.212 1480.784 1479.674 1474.616 1469.734 1465.288 1462.072 1461.572 1460.961 1460.456 1459.701 1459.42 1459.289 1459.149 1459.238 1459.427 1459.818 1460.163 1460.632 1461.118 1462.529 1463.365 1464.063 1465.006 1465.343 1465.586 1466.216 1466.45 1466.739 1466.978 1467.154 1467.245 1467.164 1466.993 1466.847 1466.891 1466.804 1466.303 1466.127 1465.825 1465.443 1465.211 1464.979 1464.579 1464.337 1464.279 1464.209
1478.548 1478.769 1479.165 1479.425 1479.568 1479.783 1480.373 1480.665 1480.896 1481.268 1481.377 1481.6 1481.561 1481.533 1481.609 1481.565 1481.28 1480.764 1479.522 1474.347 1469.816 1465.88 1462.448 1461.875 1461.325 1460.854 1460.126 1459.915 1459.882 1459.716 1459.789 1459.943 1460.384 1460.654 1461.063 1461.545 1462.91 1463.736 1464.392 1465.501 1465.84 1466.142 1466.434 1466.966 1467.132 1467.319 1467.481 1467.446 1467.451 1467.251 1467.088 1466.891 1466.804 1466.089 1465.764 1465.534 1465.032 1464.864 1464.579 1464.315 1464.251 1464.188 1464.192
1478.859 1479.088 1479.646 1479.868 1480.08 1480.221 1480.878 1481.089 1481.312 1481.73 1481.85 1481.932 1481.969 1481.916 1481.916 1481.776 1481.333 1480.733 1479.407 1474.656 1470.436 1466.478 1462.667 1462.118 1461.602 1461.113 1460.502 1460.319 1460.325 1460.203 1460.243 1460.405 1460.579 1461.085 1461.364 1461.85 1463.209 1464.003 1464.643 1465.852 1466.215 1466.54 1466.901 1467.48 1467.569 1467.626 1467.717 1467.665 1467.621 1467.388 1467.22 1466.897 1466.621 1466.089 1465.1 1464.787 1464.509 1464.401 1464.354 1464.218 1464.176 1464.164 1464.013
1479.282 1479.505 1479.95 1480.21 1480.506 1480.735 1481.216 1481.509 1481.733 1482.154 1482.269 1482.335 1482.413 1482.294 1482.219 1482.14 1481.446 1480.624 1479.642 1475.806 1471.694 1467.156 1464.277 1462.184 1461.645 1461.345 1460.877 1460.727 1460.674 1460.578 1460.644 1460.752 1460.944 1461.446 1461.732 1462.172 1463.535 1464.229 1464.922 1466.11 1466.554 1467.004 1467.42 1467.865 1468.062 1468.144 1467.937 1467.997 1467.844 1467.498 1467.209 1466.821 1466.385 1465.541 1465.1 1464.787 1464.184 1464.171 1464.161 1464.121 1464.039 1463.943 1463.722
1479.59 1479.818 1480.114 1480.708 1480.927 1481.149 1481.709 1481.929 1482.15 1482.499 1482.71 1482.848 1482.933 1482.722 1482.712 1482.59 1481.524 1480.944 1480.011 1477.225 1473.569 1468.389 1464.77 1462.269 1461.778 1461.489 1461.215 1461.08 1460.996 1460.889 1461 1461.131 1461.253 1461.778 1462.108 1462.56 1463.786 1464.374 1465.071 1466.436 1466.943 1467.432 1467.799 1468.348 1468.496 1468.539 1468.4 1468.4 1468.289 1467.554 1467.121 1466.45 1465.783 1464.78 1464.496 1464.252 1464.184 1464.171 1464.054 1463.951 1463.826 1463.74 1463.612
1479.908 1480.142 1480.429 1481.047 1481.35 1481.656 1482.119 1482.343 1482.569 1482.978 1483.119 1483.268 1483.429 1483.241 1483.192 1482.824 1482.005 1481.346 1480.547 1478.231 1475.153 1469.692 1465.15 1462.375 1461.967 1461.657 1461.423 1461.216 1461.143 1461.31 1461.371 1461.419 1461.526 1462.031 1462.364 1462.81 1464.032 1464.582 1465.272 1466.714 1467.319 1467.835 1468.346 1468.837 1469.004 1469.028 1468.884 1468.656 1468.466 1468.104 1466.798 1465.986 1465.076 1464.126 1464.145 1464.156 1464.168 1464.131 1464.054 1464.043 1463.709 1463.587 1463.594
1480.254 1480.547 1480.774 1481.44 1481.668 1481.967 1482.496 1482.675 1482.979 1483.383 1483.589 1483.875 1483.964 1483.899 1483.692 1483.373 1482.815 1482.104 1481.233 1478.803 1475.924 1470.958 1465.864 1462.612 1462.252 1461.959 1461.537 1461.394 1461.386 1461.547 1461.563 1461.628 1461.761 1462.2 1462.51 1463.065 1464.343 1464.993 1465.719 1466.355 1467.773 1468.416 1468.96 1469.485 1469.599 1469.64 1469.323 1469.009 1468.7 1468.217 1466.54 1465.147 1464.23 1464.154 1464.123 1464.063 1464.014 1463.925 1463.85 1463.792 1463.709 1463.707 1463.683
1480.562 1480.862 1481.17 1481.775 1482.085 1482.38 1482.844 1483.1 1483.395 1483.907 1484.196 1484.405 1484.558 1484.694 1484.605 1484.283 1483.628 1482.834 1482.109 1479.287 1476.528 1472.151 1467.087 1462.921 1462.539 1462.1 1461.759 1461.71 1461.718 1461.654 1461.725 1461.763 1462.035 1462.411 1462.774 1463.391 1464.631 1465.439 1466.187 1466.875 1468.427 1469.093 1469.671 1470.276 1470.405 1470.387 1469.906 1469.438 1469.038 1468.396 1466.114 1464.345 1464.145 1464.03 1463.96 1463.95 1463.939 1463.85 1463.807 1463.882 1463.688 1463.707 1463.683
1480.562 1480.862 1481.479 1482.095 1482.379 1482.6 1483.214 1483.498 1483.72 1483.933 1484.61 1484.838 1485.14 1485.519 1485.48 1485.378 1484.608 1483.963 1482.949 1481.932 1477.547 1473.918 1468.607 1463.158 1462.646 1462.343 1462.046 1461.9 1461.787 1461.893 1461.819 1462.02 1462.146 1462.643 1463.02 1463.636 1464.996 1465.86 1466.717 1467.526 1469.235 1469.939 1470.552 1471.254 1471.466 1471.438 1470.63 1470.003 1469.467 1468.67 1466.198 1464.685 1464.211 1464.047 1463.96 1463.882 1463.927 1463.885 1463.889 1463.871 1463.787 1463.765 1463.634
1480.872 1481.177 1481.479 1482.408 1482.697 1482.934 1483.519 1483.827 1484.119 1484.351 1485.042 1485.362 1485.745 1486.324 1486.643 1486.618 1485.85 1485.095 1484.018 1482.526 1478.694 1475.768 1470.716 1463.884 1463.062 1462.653 1462.162 1461.95 1461.942 1461.97 1462.03 1462.092 1462.278 1462.877 1463.295 1463.916 1465.6 1466.59 1467.483 1468.35 1470.204 1470.927 1471.525 1472.31 1472.468 1472.438 1471.556 1470.945 1470.104 1469.082 1466.453 1464.857 1464.22 1464.04 1463.965 1463.918 1463.893 1463.886 1463.874 1463.811 1463.811 1463.83 1463.838
1481.188 1481.492 1481.812 1482.408 1482.697 1483.335 1483.834 1484.119 1484.354 1484.653 1485.279 1485.676 1486.134 1487.064 1487.577 1488.095 1487.126 1486.113 1485.245 1484.134 1479.938 1477.069 1472.835 1464.925 1463.411 1462.954 1462.241 1462.042 1462.062 1462.07 1462.103 1462.247 1462.463 1463.208 1463.683 1464.298 1466.341 1467.393 1468.405 1469.466 1471.376 1472.095 1472.748 1473.57 1473.668 1473.579 1473.22 1471.777 1470.928 1469.742 1466.786 1465.222 1464.351 1464.069 1464.017 1464.023 1463.998 1463.932 1463.93 1463.951 1463.964 1464.015 1464.032
1481.513 1481.839 1482.189 1482.711 1483.029 1483.335 1483.834 1484.451 1484.74 1485.043 1485.65 1485.982 1486.43 1487.498 1488.055 1488.577 1488.144 1487.205 1486.588 1485.706 1481.602 1478.757 1475.388 1466.157 1463.741 1463.064 1462.345 1462.15 1462.16 1462.079 1462.378 1462.543 1462.897 1463.634 1464.117 1464.94 1465.979 1468.243 1469.427 1470.627 1472.658 1473.423 1474.053 1474.826 1475.002 1474.909 1474.311 1472.58 1471.548 1470.315 1467.395 1465.914 1464.89 1464.078 1464.067 1464.054 1463.989 1464.159 1464.241 1464.39 1464.587 1464.636 1464.735
1481.87 1482.196 1482.45 1483.05 1483.337 1483.623 1484.149 1484.451 1484.74 1485.128 1485.775 1486.159 1486.536 1487.485 1488.01 1488.461 1488.901 1488.88 1488.7 1487.754 1484.479 1481.618 1477.949 1468 1464.576 1463.291 1462.546 1462.246 1462.187 1462.239 1462.724 1463.146 1463.513 1464.218 1464.877 1465.744 1466.849 1469.284 1470.567 1471.843 1473.984 1474.684 1475.233 1475.781 1475.808 1475.652 1475.011 1473.219 1472.115 1470.971 1468.52 1467.192 1465.916 1464.668 1464.64 1464.74 1464.826 1465.176 1465.473 1465.8 1466.505 1466.743 1467.03
1482.213 1482.463 1482.833 1483.419 1483.63 1483.853 1484.138 1484.701 1484.847 1485.128 1485.832 1486.15 1486.536 1487.449 1487.907 1488.351 1488.679 1489.288 1489.419 1489.393 1488.491 1485.871 1480.375 1469.945 1465.496 1462.852 1462.266 1462.18 1462.181 1462.245 1463.194 1463.687 1464.115 1465.216 1465.919 1466.843 1467.895 1470.369 1471.731 1473.027 1475.256 1476.008 1476.395 1476.738 1476.663 1476.47 1475.947 1474.146 1473.038 1471.869 1469.969 1469.06 1467.985 1466.763 1466.695 1466.962 1467.145 1467.681 1468.081 1468.437 1469.188 1469.582 1470.059
1482.563 1482.891 1483.181 1483.723 1483.945 1484.173 1484.393 1484.884 1485.037 1485.254 1485.832 1486.15 1486.548 1487.403 1487.769 1488.155 1488.557 1489.182 1489.406 1489.578 1490.068 1488.074 1481.77 1470.86 1466.009 1463.001 1462.194 1462.186 1462.19 1462.33 1463.739 1464.384 1465.029 1466.341 1466.97 1467.925 1469.038 1471.534 1472.912 1474.207 1476.447 1477.057 1477.458 1477.886 1477.844 1477.464 1476.895 1474.984 1473.619 1472.832 1471.688 1471.148 1470.689 1470.196 1470.126 1470.084 1470.249 1470.792 1471.244 1471.651 1472.519 1472.983 1473.468
1482.906 1483.279 1483.636 1484.039 1484.286 1484.489 1484.7 1485 1485.161 1485.369 1485.85 1486.175 1486.548 1487.403 1487.574 1487.976 1488.445 1489.112 1489.42 1489.667 1489.16 1486.054 1481.312 1471.135 1466.297 1463.159 1462.238 1462.185 1462.182 1462.259 1463.581 1464.574 1465.641 1467.262 1467.979 1468.924 1470.043 1472.512 1473.839 1475.134 1477.246 1477.953 1478.43 1478.62 1478.601 1478.146 1477.505 1475.423 1474.175 1473.687 1473.437 1473.304 1473.022 1472.97 1473.236 1473.228 1473.557 1474.135 1474.536 1475.084 1475.904 1476.262 1476.743
1483.346 1483.704 1484.11 1484.419 1484.662 1484.802 1484.923 1485.159 1485.315 1485.464 1485.924 1486.246 1486.566 1487.242 1487.574 1487.976 1488.354 1489.058 1489.42 1489.659 1488.369 1484.914 1480.838 1471.302 1466.525 1463.397 1462.292 1462.186 1462.171 1462.174 1463.275 1464.089 1464.867 1466.336 1468.355 1469.436 1470.706 1473.268 1474.524 1475.822 1477.837 1478.645 1479.136 1479.426 1479.258 1478.777 1477.919 1475.732 1474.912 1474.665 1474.942 1474.999 1474.923 1475.001 1475.416 1475.823 1476.434 1477.242 1477.687 1478.318 1479.199 1479.596 1480.085
1484.024 1484.4 1484.61 1484.864 1484.976 1485.073 1485.152 1485.201 1485.358 1485.467 1485.836 1486.145 1486.499 1487.071 1487.48 1487.891 1488.354 1489.023 1489.3 1489.467 1488.032 1484.456 1480.569 1476.362 1466.525 1463.359 1462.284 1462.185 1462.185 1462.188 1462.766 1463.452 1464.141 1465.551 1468.296 1469.795 1471.163 1473.845 1475.06 1476.295 1478.405 1479.102 1479.668 1480.119 1480.147 1479.619 1478.734 1476.284 1475.792 1475.763 1476.397 1476.717 1477.014 1477.36 1478.1 1478.73 1479.473 1480.611 1481.181 1481.793 1482.957 1483.434 1483.826
1484.841 1485.169 1485.327 1485.383 1485.341 1485.309 1485.323 1485.397 1485.487 1485.493 1485.854 1485.996 1486.204 1486.524 1487.315 1487.775 1488.241 1489.023 1489.3 1489.391 1488.251 1484.795 1480.77 1476.524 1466.955 1463.601 1462.322 1462.185 1462.185 1462.19 1462.575 1463.054 1463.817 1465.066 1468.407 1470.065 1471.588 1474.339 1475.596 1476.737 1478.77 1479.56 1480.28 1480.822 1480.99 1480.789 1480.079 1477.896 1477.555 1477.685 1478.664 1479.261 1479.905 1480.432 1481.594 1482.285 1483.063 1484.475 1485.092 1485.708 1486.755 1487.234 1487.757
1485.78 1486.03 1486.207 1486.129 1485.696 1485.573 1485.491 1485.411 1485.457 1485.485 1485.718 1485.895 1486.082 1486.433 1487.186 1487.595 1488.038 1488.866 1489.204 1489.391 1488.251 1485.703 1481.498 1477.343 1467.633 1463.942 1462.345 1462.19 1462.185 1462.185 1462.408 1462.99 1463.843 1465.177 1468.571 1470.314 1471.917 1474.783 1476.056 1477.262 1479.33 1480.17 1480.903 1481.574 1482.215 1482.229 1481.944 1481.155 1481.087 1481.215 1481.531 1482.758 1483.493 1484.185 1485.609 1486.325 1487.079 1488.357 1489 1489.594 1490.094 1490.903 1491.412
1486.891 1487.115 1487.083 1486.807 1486.082 1485.762 1485.584 1485.327 1485.365 1485.45 1485.551 1485.781 1486.004 1486.303 1487 1487.45 1487.85 1488.754 1489.107 1489.389 1488.669 1485.703 1481.498 1478.165 1469.142 1465.451 1462.972 1462.184 1462.185 1462.185 1462.356 1462.984 1464.079 1465.514 1468.947 1470.779 1472.455 1475.256 1476.599 1477.801 1478.883 1480.875 1481.81 1482.567 1483.544 1483.81 1483.955 1484.33 1484.45 1484.615 1485.09 1486.578 1487.283 1487.953 1489.29 1489.97 1490.686 1492.048 1492.74 1493.388 1493.984 1494.793 1495.082
1487.844 1488.03 1487.993 1487.799 1486.351 1485.896 1485.536 1485.211 1485.216 1485.264 1485.401 1485.555 1485.713 1485.982 1486.78 1487.172 1487.642 1488.549 1488.956 1489.355 1489.139 1486.755 1482.461 1478.165 1470.617 1466.702 1463.964 1462.166 1462.185 1462.178 1462.152 1463.31 1464.346 1465.93 1469.476 1471.227 1472.902 1475.864 1477.153 1478.436 1479.589 1481.757 1482.855 1483.69 1485.014 1485.533 1485.857 1486.349 1486.821 1487.399 1487.947 1489.619 1490.394 1491.089 1492.512 1493.304 1494.14 1495.743 1496.59 1497.427 1498.222 1498.903 1499.134
1488.616 1488.705 1488.73 1488.537 1486.454 1485.887 1485.501 1485.021 1484.946 1484.953 1485.031 1485.295 1485.485 1485.695 1486.577 1486.988 1487.423 1488.372 1488.851 1489.246 1489.488 1487.834 1483.566 1479.424 1470.617 1466.702 1465.14 1462.078 1462.185 1462.189 1462.311 1463.713 1464.912 1466.501 1470.076 1471.871 1473.47 1476.569 1477.901 1479.19 1480.476 1482.996 1484.008 1484.838 1486.179 1486.749 1487.236 1488.233 1488.928 1489.738 1490.577 1492.302 1493.122 1494.039 1495.755 1496.622 1497.51 1499.257 1500.174 1501.05 1501.731 1502.416 1502.546
1488.581 1488.417 1488.346 1488.17 1486.351 1485.662 1485.29 1484.68 1484.585 1484.603 1484.647 1484.842 1485.1 1485.396 1486.265 1486.727 1487.13 1488.112 1488.669 1489.121 1489.465 1488.562 1484.714 1480.275 1471.913 1468.128 1465.14 1462.078 1462.175 1462.196 1462.398 1464.141 1465.557 1467.164 1470.619 1472.461 1474.214 1477.367 1478.783 1480.161 1481.603 1484.16 1485.16 1485.986 1487.401 1487.997 1488.728 1490.447 1491.316 1492.184 1493.059 1495.054 1495.994 1496.953 1498.902 1499.878 1500.747 1502.552 1503.385 1504.199 1504.855 1505.441 1505.463
1487.837 1487.376 1487.212 1487.048 1485.893 1485.296 1484.87 1484.234 1484.176 1484.146 1484.14 1484.324 1484.593 1484.953 1485.792 1486.245 1486.746 1487.818 1488.429 1488.922 1489.291 1488.885 1485.641 1480.99 1472.776 1469.275 1466.383 1462.575 1462.175 1462.196 1462.515 1464.417 1465.994 1467.7 1471.295 1473.13 1474.873 1478.17 1479.821 1481.346 1482.868 1485.494 1486.431 1487.325 1488.929 1489.91 1490.859 1491.81 1493.851 1494.872 1495.892 1497.906 1498.835 1499.858 1501.823 1502.863 1503.865 1504.889 1506.649 1507.426 1508.044 1508.513 1508.404
