var/www/cgi-bin/BAERTOOLS/ravel/working/ravel-13306.DEM
NCOLS 92
NROWS 90
XLLCORNER 452068.49
YLLCORNER 3779235.4
CELLSIZE 10
NODATA_VALUE -9999
[rows 0 to 27 of 90, columns 0 to 62 of 92]
582.1246 581.7745 581.452 581.1859 580.5002 580.1481 579.8516 579.5651 579.2345 578.9672 578.3555 578.0402 577.7397 577.4302 577.0034 576.397 576.0784 575.7291 575.3841 575.04 574.6956 574.0037 573.654 573.3129 572.9409 572.485 571.9637 570.9386 570.4333 569.8732 569.2709 568.6551 567.9579 566.5094 565.899 565.3166 564.6813 564.0109 563.4014 562.0472 561.1223 560.0865 559.0141 557.6584 554.5503 553.2006 552.2488 552.3762 552.0546 551.7123 551.1326 550.8993 550.5526 550.1304 549.7224 549.2648 548.4331 548.2827 548.2542 548.185 548.0021 547.8586 547.5128
581.5111 581.1252 580.7281 580.4623 579.7729 579.4915 579.1964 578.839 578.5106 578.2515 577.7405 577.4291 577.076 576.7289 576.3898 575.6943 575.4182 575.1125 574.7639 574.4221 574.0715 573.3868 572.9702 572.5869 572.2207 571.759 571.2525 570.3312 569.8214 569.26 568.6533 568.0272 567.3475 566.0737 565.5534 565.0091 564.3781 563.6976 563.0074 561.5558 560.6172 559.5928 559.0141 557.6584 554.5503 553.2006 552.2488 551.7556 551.4423 551.1285 550.7346 550.4821 550.1783 549.84 549.4451 548.9298 548.1266 547.9292 547.7859 547.6318 547.4849 547.3953 546.959
580.7829 580.4387 580.0943 579.7482 579.0541 578.7704 578.4691 578.1486 577.8947 577.3762 577.0463 576.7626 576.4193 576.0316 575.7657 575.0847 574.7366 574.3828 574.0859 573.782 573.358 572.6624 572.25 571.8681 571.5013 571.0435 570.5439 569.6839 569.1995 568.6388 567.9944 567.3331 566.7608 565.6575 565.1636 564.6041 564.3781 563.6976 563.0074 561.5558 560.6172 559.5928 558.5328 557.2436 554.1728 552.8606 551.79 551.191 550.9227 550.6233 550.308 550.0811 549.7626 549.3595 548.9227 548.4985 547.7283 547.5053 547.2826 547.0533 546.9083 546.7835 546.3707
580.0607 579.7174 579.3721 579.0252 578.4106 578.0938 577.7844 577.5418 577.2604 576.6472 576.3995 576.0863 575.7335 575.3892 575.0624 574.4727 574.1247 573.7746 573.421 573.0795 572.7254 571.9391 571.5317 571.1492 570.778 570.3442 569.9217 568.9849 568.4697 567.9063 567.3005 567.3331 566.7608 565.6575 565.1636 564.6041 564.0041 563.3998 562.7266 561.1086 560.1904 559.219 558.1061 556.7919 553.9178 552.7422 551.6786 550.8218 550.3332 550.1147 549.9063 549.6675 549.2852 548.8386 548.4115 547.9764 547.2975 547.0459 546.8308 546.67 546.4947 546.3177 545.9565
579.2819 579.0025 578.6521 578.3058 577.6895 577.3687 577.114 576.8914 576.5523 575.9497 575.6707 575.3648 575.0106 574.6998 574.4496 573.8447 573.5027 573.1061 572.7019 572.3577 572.0029 571.2249 570.8246 570.4413 570.0603 569.6257 569.9217 568.9849 568.4697 567.9063 567.3005 566.7763 566.344 565.3348 564.8615 564.2936 563.7074 563.125 562.5355 560.9011 559.903 558.8805 557.7432 556.5049 553.7795 552.6592 551.7003 550.7692 549.98 549.6096 549.4005 549.1389 548.7524 548.3307 547.8986 547.4685 546.8441 546.6279 546.4438 546.2971 546.1246 545.9505 545.5098
578.5638 578.2823 577.9308 577.5994 577.0051 576.7086 576.4576 576.1637 575.8315 575.2297 574.9518 574.6389 574.3269 574.0844 573.812 573.116 572.7714 572.437 572.0602 571.6466 571.2947 571.2249 570.8246 570.4413 570.0603 569.6257 569.1974 568.2664 567.7495 567.1937 566.6765 566.2708 565.8345 564.9786 564.4859 563.9272 563.4382 562.934 561.6653 560.7113 559.6649 558.6031 557.4639 556.2145 553.6157 552.6175 551.7569 550.8811 549.9987 549.2924 548.719 548.5009 548.2027 547.8372 547.4092 546.9617 546.404 546.2173 546.0925 545.9648 545.7943 545.6138 545.2081
577.8441 577.558 577.228 576.9665 576.3573 576.0372 575.7275 575.4453 575.1128 574.5106 574.232 573.9308 573.6169 573.357 573.0874 573.116 572.7714 572.437 572.0602 571.6466 571.2947 570.529 570.165 569.7806 569.3379 568.9099 568.4789 567.5571 567.0573 566.6027 566.1902 565.7586 565.3298 564.4987 564.0815 563.6245 563.1584 562.7172 561.4466 560.5071 559.4761 558.4247 557.2534 555.9064 553.519 552.6386 551.8142 551.0469 550.2569 549.407 548.318 548.0212 547.7139 547.3804 547.0091 546.562 546.0952 545.9332 545.7612 545.5716 545.369 545.1979 544.8654
577.126 576.8403 576.5049 575.9984 575.6695 575.3087 575.0098 574.727 574.3933 573.8073 574.232 573.9308 573.6169 573.357 573.0874 572.3987 572.0546 571.7092 571.373 571.0126 570.5976 569.8265 569.4528 569.0581 568.6227 568.1962 567.7537 566.8982 566.5173 566.0844 565.6517 565.2285 564.8483 564.0754 563.6411 563.2159 562.7963 562.3703 561.1299 560.2194 559.2436 558.1903 556.9806 555.6077 553.3306 552.6611 552.0316 551.3245 550.522 549.6867 548.2591 547.7608 547.3946 547.0208 546.6607 546.3348 545.8002 545.6301 545.4436 545.2189 545.0016 544.8306 544.488
576.3965 576.1158 575.8022 575.2593 574.9429 575.3087 575.0098 574.727 574.3933 573.8073 573.5142 573.2639 572.9733 572.6515 572.3694 571.6821 571.338 570.9933 570.6481 570.3094 569.9612 569.1865 568.7769 568.3364 567.9054 567.4795 567.0682 566.2949 565.899 565.4601 565.0289 564.6583 564.3792 563.5453 563.129 562.6995 562.262 561.8166 560.6453 559.7808 558.8751 557.836 556.6097 555.3143 553.3533 552.7431 552.0982 551.3676 550.5357 549.704 548.3934 547.7964 547.3164 546.8784 546.4286 546.0627 545.5186 545.2952 545.0732 544.8682 544.7051 544.5336 544.19
576.3965 576.1158 575.8022 575.2593 574.9429 574.5926 574.2896 574.0135 573.693 573.1687 572.8474 572.54 572.2856 572.01 571.6558 570.9645 570.6196 570.2751 569.9306 569.5865 569.2476 568.4662 568.0386 567.6216 567.192 566.8065 566.4611 565.6816 565.2848 564.8561 564.4788 564.1465 563.7907 562.9889 562.5883 562.1641 561.7087 561.1876 559.9967 559.2891 558.4385 557.429 556.2895 555.0759 553.3954 552.7607 552.0796 551.2985 550.4145 549.594 548.4489 547.8622 547.3677 546.8709 546.3284 545.9053 545.1698 544.9162 544.7364 544.5717 544.3996 544.2279 543.8841
575.5681 575.3504 575.1525 574.4602 574.1888 573.8925 573.5906 573.3333 573.0661 572.4803 572.193 571.8868 571.5777 571.2855 570.9366 570.2689 569.9335 569.5875 569.2452 568.8949 568.5338 567.7086 567.2967 566.9165 566.5331 566.2036 565.8534 565.0692 564.6678 564.2777 563.9461 563.6051 562.8347 562.4268 561.9882 561.5254 561.0491 560.5356 559.3829 558.7188 557.9034 556.9378 555.9344 554.9565 553.3047 552.6945 552.0173 551.187 550.3232 549.5428 548.4257 547.9142 547.3585 546.7792 546.2761 545.8144 544.9341 544.6183 544.4288 544.2662 544.0941 543.9222 543.582
574.875 574.6102 574.3481 573.7722 573.4954 573.2319 572.9689 572.6892 572.3623 571.8298 571.5198 571.2241 570.9199 570.5709 570.2476 569.6245 569.3044 568.9547 568.6168 568.2479 567.8143 567.0497 566.6377 566.265 565.9334 565.5847 565.2088 564.4594 564.0569 563.6625 563.3254 562.9858 562.2188 561.8368 561.4009 560.8881 560.3641 559.8535 558.7211 558.0873 557.3361 556.4831 555.6226 554.7269 553.2145 552.5858 551.8718 551.1057 550.2715 549.4871 548.4676 547.9398 547.2877 546.676 546.225 545.7192 544.8417 544.4408 544.1332 543.9528 543.7882 543.6168 543.2844
574.1477 573.8956 573.6385 573.1303 572.8714 572.565 572.2621 572.009 571.7229 571.1317 570.8718 570.5474 570.199 569.8984 569.6152 568.922 568.5756 568.2321 567.8901 567.5334 567.1281 566.3344 566.0045 565.663 565.3267 564.9628 564.531 563.852 563.4429 563.0476 562.7179 562.3723 561.5613 561.1602 560.7264 560.2558 559.7679 559.2539 558.0612 557.3974 556.7734 556.0739 555.224 554.3076 553.0885 552.4936 551.7899 551.0704 550.2927 549.593 548.577 548.0132 547.3527 546.7214 546.1692 545.5627 544.7357 544.3314 543.9465 543.6794 543.4747 543.3107 542.9321
573.3901 573.1849 572.9593 572.4476 572.1642 571.9191 571.6581 571.3551 571.0385 570.5128 570.1734 569.8334 569.5416 569.2474 568.8946 568.2021 567.8586 567.5114 567.1829 566.864 566.4917 565.7372 565.3954 565.054 564.7003 564.3153 563.9236 563.2373 562.864 562.4735 562.0925 561.7108 560.889 560.5026 560.0648 559.5844 559.1224 558.6414 557.438 556.8168 556.2504 555.5639 554.7181 553.9781 552.9651 552.3953 551.7749 551.1125 550.4338 549.8014 548.7397 548.1466 547.4883 546.7537 545.978 545.4114 544.5905 544.2141 543.8181 543.4599 543.2192 543.0087 542.5945
572.7578 572.5073 572.3128 571.8259 571.571 571.2982 570.9872 570.6826 570.433 569.7992 569.4706 569.1844 568.8782 568.5217 568.1788 567.531 567.186 566.8348 566.5213 566.2068 565.7734 565.1206 564.792 564.4497 564.067 563.6454 563.3073 562.629 562.2648 561.8786 561.4703 561.0435 560.2336 559.8383 559.4034 558.9243 558.4594 557.9775 556.8566 556.3278 555.6896 554.972 554.2969 553.746 552.8995 552.3338 551.754 551.1741 550.6176 550.0377 548.9413 548.2853 547.5524 546.7206 545.909 545.3138 544.4441 544.0623 543.6707 543.3172 543.004 542.524 542.2969
572.1277 571.8824 571.6275 571.1814 570.924 570.6226 570.3291 570.0765 569.7808 569.121 568.8214 568.5031 568.1454 567.8063 567.5038 566.8842 566.534 566.2166 565.8854 565.4873 565.0968 564.4548 564.1294 563.8093 563.4614 563.041 562.6974 561.9818 561.5915 561.2078 560.8076 560.3839 559.5697 559.1813 558.7452 558.2698 557.7787 557.266 556.3247 555.6796 555.0385 554.482 554.0181 553.6091 552.7111 552.2206 551.6746 551.1593 550.7015 550.1942 549.0248 548.3047 547.4893 546.644 545.9001 545.2224 544.2741 543.8802 543.4815 543.1488 542.7984 542.2289 542.0002
571.4864 571.2773 571.0151 570.4904 570.2321 569.9805 569.7151 569.4147 569.1041 568.4764 568.1548 567.8224 567.4872 567.1921 566.8951 566.2024 565.8547 565.5495 565.2255 564.8344 564.4967 563.8022 563.4462 563.1642 562.8586 562.4302 561.7526 561.3324 560.9223 560.5468 560.1447 559.7172 558.9075 558.4764 558.0591 557.5798 557.0759 556.6744 555.6466 555.0266 554.5087 554.0694 553.6758 553.3322 552.4407 551.9476 551.4601 551.0019 550.5227 550.0632 548.908 548.1491 547.3503 546.563 545.8008 545.0615 544.0145 543.6469 543.2913 542.9515 542.6084 541.9387 541.6554
570.9321 570.6614 570.4028 569.8866 569.6283 569.3798 569.0834 568.7422 568.4504 567.7966 567.4854 567.1901 566.893 566.5999 566.2853 565.5988 565.2593 564.8878 564.5126 564.176 563.8314 563.1846 562.8536 562.5293 562.2016 561.8223 561.0925 560.712 560.2979 559.8773 559.4967 559.1122 558.2522 557.7794 557.3218 556.9073 556.4935 556.048 555.0259 554.5377 554.1038 553.6987 553.3181 552.919 552.069 551.6213 551.1479 550.6669 550.2172 549.788 548.6127 547.9307 547.1912 546.3876 545.5624 544.864 543.7348 543.3452 543.0204 542.6772 542.3302 541.7139 541.2095
570.3115 570.0499 569.7911 569.2748 569.0231 568.7473 568.4237 568.0837 567.7751 567.1821 566.8722 566.5762 566.2573 565.9309 565.6752 564.992 564.6591 564.259 563.8448 563.5065 563.1639 562.5133 562.223 561.904 561.5576 561.2098 560.4326 560.0495 559.6276 559.2142 558.84 558.4438 557.5872 557.1218 556.6719 556.2738 555.8627 555.3903 554.5015 554.0679 553.621 553.2542 552.9576 552.5231 551.6644 551.2465 550.7563 550.2916 549.92 549.4227 548.231 547.5865 546.8469 546.0773 545.3406 544.5983 543.4786 543.0887 542.709 542.3737 542.0437 541.4734 540.6899
569.6954 569.4379 569.1793 568.6697 568.3824 568.0746 567.7454 567.4259 567.1619 566.5471 566.3096 566.0049 565.6478 565.3131 565.0144 564.3433 563.9792 563.6163 563.2432 562.9039 562.5559 561.8506 561.561 561.2372 560.8956 560.5334 559.7574 559.3415 558.9377 558.5666 558.1589 557.7195 556.8588 556.4835 556.0472 555.5623 555.144 554.778 553.996 553.5513 553.1858 552.8643 552.4768 552.0453 551.1785 550.7581 550.3148 549.8875 549.4752 548.9505 547.7496 547.0969 546.3916 545.6989 544.9946 543.5644 543.1203 542.7668 542.3828 541.9914 541.658 541.0894 540.3538
569.078 568.8213 568.5687 568.0169 567.7052 567.4351 567.1436 566.8107 566.5505 565.9504 565.6866 565.3906 565.0403 564.6921 564.3447 563.6771 563.3134 562.9755 562.6346 562.2954 561.9499 561.1898 560.8658 560.5153 560.1767 559.8157 559.0377 558.6754 558.2904 557.8684 557.4549 557.0742 556.1995 555.8176 555.3655 554.933 554.5856 554.2389 553.4048 553.0007 552.7184 552.4134 551.9589 551.5378 550.7585 550.2693 549.8171 549.3814 548.8724 548.3576 547.2452 546.5839 545.8892 545.2012 544.5255 543.3474 542.8361 542.3979 541.993 541.5685 541.1659 540.5128 539.9082
568.5254 568.2549 567.96 567.3541 567.0656 566.8242 566.5486 566.256 565.9995 565.3995 565.1014 564.7756 564.4229 564.0897 563.7921 563.0472 562.712 562.3663 562.0284 561.6825 560.8476 560.4837 560.1469 559.8019 559.4629 559.1023 558.3225 557.9918 557.5912 557.1833 556.7883 556.3303 555.5282 555.1445 554.7811 554.3932 554.0011 553.6642 552.8602 552.5446 552.2187 551.8348 551.46 551.0245 550.2559 549.8545 549.327 548.7949 548.3546 547.8348 546.7159 546.0781 545.4203 544.7513 544.0244 542.9916 542.5351 542.0562 541.5422 541.0616 540.6529 539.9808 539.4479
567.973 567.6866 567.3421 566.7948 566.5275 566.2343 565.9666 565.7509 565.4435 564.8439 564.5052 564.148 563.8264 563.5433 563.2325 562.4588 562.0947 561.7625 561.4095 560.9979 560.1885 559.79 559.4235 559.0886 558.7491 558.3875 557.6063 557.2758 556.8673 556.4792 556.1205 555.6557 554.8703 554.5229 554.1852 553.8355 553.4514 553.0443 552.3362 552.0099 551.6744 551.2816 550.8796 550.5171 549.6829 549.2151 548.7382 548.2403 547.674 547.1567 546.1219 545.5407 544.9286 544.2917 543.5973 542.4861 542.0401 541.6146 541.1377 540.613 540.1354 539.457 539.0429
567.352 567.0857 566.7863 566.2101 565.9597 565.6729 565.413 565.1699 564.826 564.2342 563.9253 563.6144 563.2805 562.9655 562.6221 561.8649 561.4893 561.1329 560.7139 560.2906 559.5219 559.1429 558.7488 558.369 558.0308 557.6839 556.9109 556.5512 556.2061 555.7836 555.3289 554.9658 554.255 553.9133 553.5687 553.2268 552.8784 552.515 551.8336 551.4323 551.0526 550.717 550.3436 549.9304 549.0826 548.5919 548.0765 547.5689 547.0378 546.5248 545.4373 544.8943 544.3389 543.7219 543.0986 542.048 541.626 541.2047 540.7365 540.2049 539.6937 538.9943 538.75
566.7257 566.474 566.2153 565.6581 565.4044 565.1572 564.8792 564.5667 564.274 563.669 563.3737 563.0441 562.6962 562.3536 562.0123 561.2379 560.8515 560.4325 559.9912 559.5742 558.812 558.4507 558.0479 557.6459 557.3146 556.9735 556.2042 555.8257 555.4996 555.1052 554.6665 554.3273 553.6434 553.2996 552.9553 552.6113 552.2681 551.925 551.2383 550.8871 550.4913 550.1067 549.7556 549.3266 548.3992 547.9398 547.4659 546.9397 546.4256 545.3996 544.8226 544.217 543.6539 543.1322 542.6021 541.5695 541.1185 540.6929 540.2574 539.8163 539.3748 538.6667 538.4216
566.1852 565.9327 565.6663 565.1424 564.8692 564.5825 564.2882 563.9518 563.7012 563.1104 562.7681 562.4192 562.088 561.7403 561.3336 560.5444 560.1519 559.709 559.3008 558.9309 558.0931 557.7283 557.3809 556.9902 556.5961 556.2568 555.4781 555.1683 554.8256 554.4222 554.0675 553.7174 553.0298 552.6862 552.3418 551.9976 551.6536 551.3095 550.6215 550.2903 549.9006 549.4637 549.0454 548.6163 547.7563 547.2664 546.7929 546.3394 545.8181 544.793 544.1404 543.5446 543.0284 542.5377 542.0913 541.0504 540.6685 540.2747 539.8779 539.5109 539.0799 538.4628 538.1954
565.6124 565.3589 565.09 564.579 564.2612 563.9527 563.7003 563.4047 563.0937 562.5027 562.207 561.8741 561.4604 561.0493 560.1854 559.8277 559.4361 558.9924 558.5939 558.2412 557.3768 557.0112 556.6807 556.2935 555.8793 555.538 554.8342 554.5122 554.1165 553.6967 553.3828 553.1092 552.4175 552.0714 551.728 551.3808 551.0314 550.6879 550.0121 549.6126 549.2291 548.8578 548.4227 547.9944 547.067 546.6024 546.1374 545.6183 545.1219 544.1008 543.4857 542.9274 542.4482 542.0188 541.5958 540.6449 540.1879 539.8187 539.4286 539.0432 538.7722 538.1539 537.9529
565.0418 564.7483 564.5444 563.964 563.6986 563.3848 563.0881 562.8188 562.4759 561.9011 561.5807 561.2094 560.7633 560.332 559.4702 559.1119 558.7208 558.2767 557.8801 557.5313 556.6607 556.295 555.9631 555.5767 555.1614 554.814 554.1387 553.7273 553.3825 553.0886 552.7422 552.402 551.7856 551.4659 551.1063 550.794 550.5183 550.17 549.3975 549.0026 548.5706 548.1483 547.7158 547.2817 546.4208 545.9941 545.5244 545.0006 544.4826 543.4594 542.7966 542.2455 541.8826 541.4915 540.9831 540.1189 539.6729 539.3502 539.0688 538.7107 538.376 537.9308 537.7526
