var/www/cgi-bin/BAERTOOLS/ravel/working/ravel-23367.prodgrd.txt
NCOLS 89
NROWS 110
XLLCORNER 677881.89
YLLCORNER 4377654.9
CELLSIZE 10
NODATA_VALUE -9999
[rows 56 to 83 of 110, columns 0 to 62 of 89]
-27.820855 -27.04755 -26.817882 -36.473191 0 -26.491335 -26.498277 -26.555283 -26.556378 -26.316831 -26.274317 -34.017641 0 -26.64065 -26.847998 -28.18824 -27.120407 -26.396463 -26.370659 -30.973464 -26.410742 -26.402767 -26.432034 -29.5298 -26.423871 -26.439257 -26.359707 -26.712465 -26.233054 -26.203041 -26.720057 0 -26.494944 -26.356334 0 0 -26.761196 -28.09384 -27.596709 -27.42 -27.093588 -27.062243 -26.97073 -26.881104 -26.804558 -26.748225 -26.830004 -26.710693 -26.773961 -26.520742 -29.951944 -29.018527 -26.364983 -26.347736 -27.711495 -29.45364 -26.396582 -26.420092 0 0 0 0 0
-27.633694 -27.707869 -27.04755 -31.021041 -29.212745 -26.397385 -26.491335 -26.498277 -26.555283 -26.434237 -26.316831 0 0 -26.847998 -26.993681 0 -27.624639 -26.370659 -26.368403 -28.479894 -38.601778 -26.432034 -26.477974 -29.989668 -26.439257 -26.359707 -26.445403 -26.733966 -26.203041 -26.19968 -26.182632 -27.439289 -26.356334 -26.48423 -27.45132 -37.330196 -27.573335 -26.761196 -27.143975 -26.986212 -27.13855 -27.144729 -27.032644 -26.946984 -26.881104 -26.804558 -26.905568 -26.914114 -27.248174 -26.773961 -28.114239 -27.334367 -26.409282 -26.364983 -29.45364 -39.445651 -26.36046 -26.391335 0 0 0 0 0
-27.523421 -27.633694 -27.707869 -27.961712 -27.652837 -26.430592 -26.397385 -26.732656 -26.894726 -26.486673 -26.434237 0 0 -26.884106 -26.979918 0 -31.052514 -26.368403 -26.470844 -28.3483 -39.466884 -26.477974 -26.604658 -37.979706 -39.470656 -26.445403 -26.458831 -26.980983 -26.19968 -26.182632 -26.177235 -27.03639 -26.48423 -26.549978 -26.478329 0 -27.06656 -26.910757 -27.628743 -27.143975 -26.986212 -27.238448 -27.621604 -27.918359 -28.396168 -28.479894 -27.741607 -27.650903 -26.891616 -27.248174 -27.256443 -27.273744 -26.490331 -26.409282 -29.196365 -28.146818 -26.329178 -26.36046 0 0 0 0 0
-27.200823 -27.117024 -27.704001 -27.740801 -27.493185 -26.43583 -26.430592 -26.926687 -27.023791 -26.496196 -26.486673 -39.507264 0 -26.713028 -26.884106 0 0 -26.470844 -26.642858 -39.466884 0 -26.604658 -26.808188 -39.470656 -39.48173 -26.458831 -26.475026 -27.819827 -26.859462 -26.177235 -26.184703 -26.920114 -26.549978 -26.478329 -26.332917 -27.06656 -26.910757 -26.443739 -26.311445 -27.628743 0 -32.453994 -28.299257 -27.785279 -27.556087 -27.362645 -27.136829 -27.084393 -26.864068 -26.891616 -27.448712 -27.256443 -26.596886 -26.490331 -27.264751 -27.024767 -26.309578 -26.329178 0 0 0 0 0
-27.096937 -26.842301 -26.965952 -27.554908 -27.24384 -26.517589 -26.43583 -26.956536 -27.210484 -26.485584 -26.496196 -28.185062 -28.303011 -26.483866 -26.713028 -28.274693 -27.510776 -26.392717 -26.498596 -29.482416 -29.716375 -26.634383 -26.725566 0 0 -26.475026 -26.733084 -28.5779 -27.094118 -26.184703 -26.201416 -26.765015 -29.902741 -26.332917 -26.356779 -27.228873 -27.072796 -26.311445 -26.269792 -39.519427 0 -27.136314 -32.453994 -28.299257 -27.785279 -27.556087 -27.362645 -27.136829 -27.084393 -26.864068 -27.386673 -27.709162 -26.617563 -26.596886 -26.759889 -26.733704 -26.322329 -26.309578 0 0 0 0 0
-27.270726 -26.910978 -26.888737 -26.968855 -27.13901 -27.24384 -26.517589 -27.596709 -27.529616 -27.515544 -26.485584 -27.28367 -26.976737 -26.39282 -26.483866 -26.845995 -26.756501 -26.311879 -26.392717 -26.913448 -26.90314 -26.499435 -26.634383 0 0 -26.733084 -27.034301 -31.586533 -27.466503 -26.201416 -26.247312 -26.658021 -30.279401 -26.356779 -26.429461 -28.11642 -27.315161 -26.269792 -26.374342 -27.093641 -28.230409 -27.702202 -27.136314 -29.649077 -28.878766 -29.563237 -28.055884 -28.039535 -28.301132 -27.691739 -27.142816 -26.901805 -26.434446 -26.617563 -26.625435 -26.647116 -26.425606 -26.322329 0 0 0 0 0
-27.762175 -26.888737 -26.968855 -26.957348 -27.241787 -27.13901 -26.833714 -27.820855 -27.210549 -27.033022 -26.405481 -26.84768 -26.764937 -26.885216 -26.39282 -26.62381 -26.491624 -26.275345 -26.311879 -26.541416 -26.742221 -26.538252 -26.499435 -36.861279 0 -26.649331 -26.817882 -30.239211 -29.21916 -26.250763 -26.314803 -26.869461 -27.395072 -26.429461 -26.520537 -27.315161 -29.492115 -26.374342 -26.432904 -28.230409 -29.523738 -26.882551 -27.522291 -28.085328 -29.388819 -26.569059 -26.470678 -26.465868 -26.50367 -26.488707 -26.577209 -26.587854 -26.589774 -26.434446 -26.559828 -26.625435 -26.647116 -26.425606 0 0 0 0 0
-27.578791 -27.09747 -26.957348 -27.01678 -27.161459 -27.148925 -26.816049 -26.833714 -27.128248 -27.063394 -26.364535 -26.405481 -26.84768 -26.764937 -26.334308 -26.430394 -26.435796 -26.491624 -26.275345 -26.692591 -26.541416 -26.593683 -26.538252 -29.839664 -30.664098 -26.605485 -26.649331 -27.673177 -27.263335 -26.31132 -26.345934 -27.395072 -39.477137 -26.520537 -26.598866 -29.492115 -28.011362 -26.432904 -26.374758 -29.523738 -27.059202 -26.501733 -26.351878 -27.972858 -28.085328 -26.451922 -26.569059 -26.470678 -26.465868 -26.50367 -26.488707 -26.577209 -26.587854 -26.589774 -26.69959 -26.559828 -26.635384 -27.946821 0 0 0 0 0
-28.397734 -27.250664 -27.01678 -27.161459 -27.148925 -27.284327 -27.300235 -26.816049 -27.525068 -27.128248 -26.365965 -26.364535 -26.742319 -26.889262 -26.249007 -26.334308 -26.430394 -26.435796 -26.511269 -27.017284 -26.994863 -27.478221 -26.593683 -29.457343 -28.838576 -26.394137 -26.605485 -26.617208 -26.499302 -26.267341 -26.31132 -28.425264 -39.434408 -26.501555 -26.649593 -38.246215 -29.669844 -26.374758 -26.460272 0 -28.536755 -26.351878 -26.382598 -33.866733 -33.346889 -27.285058 -26.451922 -27.242676 -27.986577 -27.875633 -27.031229 -27.179055 -27.076223 -26.935018 -26.595233 -26.997281 -31.128285 0 -39.509204 0 0 0 0
-28.057759 -27.915754 -27.493876 -27.391975 -27.732782 -27.98483 -28.335421 -27.667121 -28.426829 -27.425831 -26.401656 -26.365965 -26.822113 -26.533708 -26.2394 -26.249007 -26.449152 -26.758535 -26.432705 -26.511269 -27.047016 -27.134144 -26.68927 -27.870658 -26.917272 -26.560231 -26.394137 -26.375988 -26.396498 -26.28531 -26.267341 -27.01857 -28.425264 -26.379964 -26.501555 -27.93946 -28.392358 -26.512383 -26.49231 -28.536755 -39.518135 -26.382598 -26.41658 0 -29.724962 -27.00991 -27.285058 0 0 0 -32.998336 -39.539323 -39.167911 -37.669989 -31.944062 0 0 0 0 0 0 0 0
-32.921077 -27.785844 -27.391975 -27.53806 -28.11781 -28.927305 -31.692206 0 -30.017364 -27.453376 -26.409817 -26.401656 -26.512372 -26.447177 -26.283223 -26.2394 -26.827478 -27.15729 -26.378968 -26.432705 -26.799967 -27.047016 -26.447345 -26.463686 -26.365166 -26.34687 -26.207266 -26.338815 -26.375988 -26.396498 -26.28531 -26.76556 -26.91441 -26.646245 -26.379964 -27.370838 -27.93946 -26.486369 -26.512383 -34.9776 -28.336146 -26.41658 -26.41658 -29.724962 -31.549445 -26.540884 -26.83839 0 0 0 0 0 0 0 0 0 0 0 0 0 0 0 0
-27.974584 -27.63951 -27.53806 -27.179548 -26.892074 -26.958649 -27.069643 -26.924827 -26.99425 -26.885077 -26.351117 -26.409817 -26.461081 -26.508711 -26.330504 -26.283223 -27.146765 -27.00465 -26.372507 -26.378968 -26.891088 -26.679803 -26.215037 -26.265726 -26.26592 -26.271395 -26.193 -26.207266 -26.338815 -26.381428 -26.342834 -26.570714 -26.499888 -26.456696 -26.292331 -26.855098 -27.370838 -27.022261 -26.486369 -27.213087 -27.000509 -26.397777 -26.431159 -31.745825 -39.49362 -26.397112 -26.524262 0 0 0 0 0 0 0 0 0 0 0 0 0 0 0 0
-27.974584 -27.974584 -27.179548 -26.892074 -26.958649 -27.069643 -26.924827 -26.906332 -27.063695 -26.818209 -26.318827 -26.351117 -26.447727 -26.461081 -26.366476 -26.330504 -27.078331 -26.806888 -26.31411 -26.372507 -26.435334 -26.322974 -26.177213 -26.215037 -26.265726 -26.26592 -26.231266 -26.193 -26.340722 -26.411124 -26.291087 -26.342834 -26.503715 -26.499888 -26.364594 -26.292331 -26.863672 -26.824064 -26.385328 -26.848285 -27.004203 -26.831349 -26.397777 -27.581161 -27.767661 -26.397112 -26.397112 0 0 0 0 0 0 0 0 0 0 0 0 0 0 0 0
-28.945644 -27.974584 -39.479257 -27.769462 -27.243977 -27.117743 -26.906332 -27.021104 -27.130452 -26.879456 -26.304634 -26.318827 -26.470168 -26.447727 -26.440689 -26.366476 -26.562857 -26.445025 -26.240305 -26.31411 -26.305364 -26.291196 -26.185229 -26.177213 -26.301626 -26.309111 -26.231005 -26.231266 -26.415705 -26.445333 -26.297225 -26.291087 -26.472936 -26.503715 -26.3897 -26.364594 -26.729247 -26.832607 -26.372827 -26.385328 -26.848285 -27.004203 -26.349005 -26.769475 -27.071828 -26.58689 -26.397112 -28.100075 0 0 0 0 0 0 0 0 0 0 0 0 0 0 0
0 -28.945644 -28.03091 -31.394261 -27.86571 -27.607742 -27.021104 -27.023791 -27.395159 -26.828025 -26.593699 -26.304634 -26.434596 -26.470168 -26.377694 -26.440689 -26.377991 -26.375326 -26.226027 -26.240305 -26.324241 -26.305364 -26.182425 -26.185229 -26.326139 -26.341212 -26.247196 -26.231005 -26.43691 -26.465705 -26.354092 -26.297225 -26.570671 -26.580968 -26.420061 -26.3897 -26.674964 -26.64317 -26.343032 -26.372827 -26.685252 -26.704525 -26.25625 -26.349005 -26.769475 -27.071828 -26.979578 -28.100075 0 0 0 0 0 0 0 0 0 0 0 0 0 0 0
-31.479386 -27.813685 -29.298193 -28.03091 -29.311744 -27.193836 -27.023791 -26.778016 -27.052681 -26.909106 -26.79442 -26.360696 -26.563926 -26.75739 -26.677131 -26.377694 -26.438055 -26.377991 -26.254849 -26.226027 -26.2912 -26.278096 -26.19527 -26.182425 -26.333242 -26.334169 -26.288723 -26.247196 -26.492847 -26.498784 -26.404145 -26.354092 -26.701111 -26.78358 -26.366524 -26.420061 -26.503715 -26.483846 -26.242341 -26.343032 -26.395962 -26.344624 -26.245534 -26.25625 -26.650923 -27.003088 -27.182515 -26.979578 0 0 0 0 0 0 0 0 0 0 0 0 0 0 0
-39.538443 -31.479386 -27.813685 -26.535545 -26.897394 -26.897038 -26.678108 -26.465724 -26.409386 -26.905459 -26.847298 -26.421213 -26.360696 -27.075146 -26.702639 -26.254335 -26.415025 -26.438055 -26.449922 -26.254522 -26.251042 -26.2912 -26.209217 -26.19527 -26.354894 -26.35091 -26.339999 -26.288723 -26.557946 -26.659251 -26.438284 -26.404145 -26.792245 -26.605063 -26.260341 -26.366524 -26.339917 -26.317969 -26.227935 -26.242341 -26.377283 -26.395962 -26.338794 -26.245534 -26.736193 -26.985136 -29.657356 0 0 0 0 0 0 0 0 0 0 0 0 0 0 0 0
0 -39.538443 -34.988326 -26.428377 -26.535545 -26.766965 -26.562339 -26.409386 -26.751664 -26.795428 -26.905459 -26.64475 -26.421213 -27.261076 -26.824968 -26.239093 -26.254335 -26.440131 -26.310122 -26.153373 -26.254522 -26.251042 -26.297683 -26.209217 -26.346897 -26.394323 -26.366167 -26.339999 -26.626773 -26.644381 -26.401999 -26.438284 -26.441275 -26.368313 -26.205528 -26.260341 -26.344524 -26.339917 -26.277788 -26.227935 -26.399516 -26.377283 -26.437953 -26.338794 -27.170737 0 0 0 0 0 0 0 0 0 0 0 0 0 0 0 0 0 -28.33373
0 0 0 -26.369422 -26.428377 -26.990541 -26.562339 -26.678108 -26.751664 -26.991803 -27.544903 -27.225803 -26.64475 -27.1758 -26.461609 -26.197783 -26.239093 -26.320379 -26.263231 -26.179884 -26.153373 -26.334605 -26.360707 -26.308705 -26.416764 -26.555583 -26.57866 -26.366167 -26.618104 -26.626773 -26.644381 -26.401999 -26.358632 -26.331392 -26.220916 -26.205528 -26.316849 -26.344524 -26.270987 -26.277788 -26.454617 -26.548801 -26.690916 -26.901697 0 0 0 0 0 0 0 0 0 0 0 0 0 0 0 0 0 0 -26.624328
0 0 -35.761984 -26.318602 -26.369422 -26.881448 -26.990541 -27.479675 -27.060695 -26.79058 -28.256725 -29.554818 -27.225803 -26.50727 -26.376559 -26.201344 -26.197783 -26.321498 -26.320379 -26.188276 -26.179884 -26.369894 -26.334605 -26.327635 -26.308705 -26.453931 -26.511512 -26.334699 -26.567343 -26.641196 -26.504785 -26.22811 -26.319699 -26.341604 -26.331392 -26.220916 -26.436944 -26.429714 -26.481482 -26.270987 -26.589959 -27.52445 0 0 0 0 0 0 0 0 0 0 0 0 0 0 0 0 0 0 0 0 -26.515732
0 -37.284874 -29.621557 -26.289772 -26.318602 -27.121075 -26.965456 -26.58052 -26.5955 -26.436327 -26.623621 -26.683654 -26.542353 -26.464373 -26.444359 -26.218434 -26.201344 -26.321269 -26.314215 -26.185502 -26.188276 -26.325635 -26.430271 -26.263139 -26.327635 -26.479742 -26.453931 -26.336732 -26.334699 -26.417821 -26.347244 -26.209689 -26.22811 -26.319699 -26.341604 -26.305641 -26.451326 -26.438958 -26.429714 -26.520309 0 0 0 0 0 0 0 0 0 0 0 0 0 0 0 0 0 0 0 0 0 0 -26.431555
-30.630828 -28.238594 -30.103555 -26.291554 -26.289772 -26.850042 -26.586205 -26.289772 -26.436327 -26.501532 -26.329491 -26.300237 -26.600811 -26.53627 -26.464373 -26.212402 -26.218434 -26.299699 -26.321269 -26.238135 -26.185502 -26.484979 -26.584746 -26.255545 -26.263139 -26.461741 -26.577741 -26.297142 -26.336732 -26.321887 -26.316573 -26.244918 -26.209689 -26.365817 -26.428044 -26.485062 -26.305641 -26.992501 0 0 0 0 0 0 0 0 0 0 0 0 0 0 0 0 0 0 0 0 0 0 0 -28.191001 -26.34115
-26.511478 -26.86936 -28.727105 -26.36678 -26.291554 -26.448038 -26.545024 -26.586205 -26.289772 -26.329491 -26.300237 -26.378676 -26.486862 -26.600811 -26.438779 -26.190732 -26.212402 -26.347924 -26.299699 -26.300493 -26.238135 -26.723125 -26.567985 -26.304935 -26.255545 -26.774014 -26.875294 -26.215551 -26.297142 -26.365627 -26.321887 -26.316573 -26.244918 -26.489194 -26.655936 -26.855423 -27.007161 0 0 0 0 0 0 0 0 0 0 0 0 0 0 0 0 0 0 0 0 0 -26.8576 -28.142132 -27.295756 -27.135171 -26.320571
-26.455415 -26.511478 -27.831791 -26.538535 -26.250038 -26.323971 -26.657523 -26.545024 -26.395546 -27.166381 -26.719529 -26.486862 -26.630344 -26.600811 -26.438779 -26.221321 -26.190732 -26.342283 -26.39086 -26.317076 -26.300493 -26.547922 -26.683861 -26.36681 -26.304935 -27.083144 -26.626494 -26.177381 -26.215551 -26.306421 -26.382313 -26.527817 -26.396986 -27.057614 -31.561753 0 0 0 0 0 0 0 0 0 0 0 0 0 0 0 0 0 0 0 0 0 0 -28.787737 -26.8576 -26.8576 -27.259176 -27.295756 -26.331129
-26.420931 -26.455415 -27.085175 -26.846662 -26.246002 -26.250038 -26.598914 -26.657523 -26.277423 -26.395546 -26.577283 -26.550059 -26.471858 -26.545024 -26.542496 -26.221321 -26.221321 -26.469962 -26.580849 -26.291938 -26.317076 -26.586509 -26.547922 -26.410473 -26.36681 -26.916862 -26.647357 -26.212703 -26.177381 -26.490523 -27.087633 -28.613422 -26.92237 0 0 0 0 0 0 0 0 0 0 0 0 0 0 0 0 0 0 0 0 0 0 -30.072457 -28.011362 -28.220971 -27.450201 -26.8576 -27.037057 -26.919889 -26.506257
-26.427752 -26.420931 -26.766704 -26.791828 -26.278137 -26.246002 -26.464087 -26.548202 -26.209804 -26.277423 -26.622022 -26.471858 -26.545024 -26.496337 -26.59121 -26.516901 -26.279865 -26.279865 -26.860019 -26.444736 -26.291938 -26.484302 -26.586509 -26.343596 -26.410473 -26.835535 -26.800648 -26.254106 -26.212703 -28.941038 0 0 -39.517606 0 0 0 0 0 0 0 0 0 0 0 0 0 0 0 0 0 0 0 0 0 0 -26.796944 -27.258124 -27.08138 -26.989238 -26.526893 -26.939103 -26.919889 -26.704327
-26.456668 -26.427752 -26.77625 -26.766704 -26.312259 -26.278137 -26.432589 -26.464087 -26.175393 -26.209804 -26.422412 -26.657906 -26.496337 -26.43055 -26.760888 -26.59121 -26.31333 -26.279865 -26.96525 -26.51431 -26.25237 -26.382442 -27.137804 -26.610084 -26.343596 -26.72183 -26.835535 -26.422238 -26.254106 -33.637783 0 0 0 0 0 0 0 0 0 0 0 0 0 0 0 0 0 0 0 0 0 -28.035122 0 -39.511437 -30.181871 -26.533469 -26.796944 -26.874548 -26.800563 -26.426265 -26.526893 -26.827387 -26.704327
-26.424717 -26.456668 -26.92932 -26.77625 -26.259795 -26.294852 -26.368776 -26.432589 -26.164584 -26.175393 -26.343256 -26.422412 -26.43055 -26.405291 -26.468538 -26.712128 -26.391865 -26.31333 -26.713952 -26.51431 -26.30817 -26.25237 -26.950654 -26.532776 -26.397763 -26.714698 -27.217931 -26.84227 -26.476521 -27.692373 0 0 0 0 0 0 0 0 0 0 0 0 0 0 0 0 0 0 0 -37.48588 -30.483426 -26.937582 -27.677655 -27.128361 -27.109719 -26.449197 -26.533469 -26.517803 -26.562269 -26.335381 -26.426265 -26.466196 -26.494132
