var/www/cgi-bin/BAERTOOLS/ravel/working/ravel-22671.prodgrd.txt
NCOLS 83
NROWS 85
XLLCORNER 361207.98
YLLCORNER 3876671.5
CELLSIZE 10
NODATA_VALUE -9999
[rows 52 to 77 of 85, columns 0 to 57 of 83]
-27.052926 -26.870568 0 0 0 -30.610739 -33.268805 -28.454542 -27.409271 -27.212435 -27.13386 -26.746468 -26.961426 -27.732782 -28.148453 -29.443103 -27.335077 -27.062343 -27.386758 -28.311265 -27.145949 -26.732894 -26.260602 -26.840733 -26.87124 0 -26.722107 -26.236317 -26.243061 -26.692634 -26.648827 -26.44723 -26.323275 -26.401914 -26.238213 -27.026585 -27.139585 -27.434349 -26.254289 -26.284447 -27.021474 -26.986212 -27.221623 -27.01413 -26.961426 -27.181957 -26.849914 -26.918765 -27.572239 -28.104382 -26.446345 -27.123698 -29.602481 -37.370151 0 -26.967609 -26.478521 -26.53299
-29.306891 -28.682058 0 -27.015956 -26.552428 -26.441197 -26.417065 -26.783254 -26.918391 -27.248657 -28.07345 -26.961426 -27.357563 -28.148453 -29.203624 -30.554908 -27.317926 -27.335077 -28.077266 0 -27.394469 -26.930508 -26.840733 -26.321433 -26.687569 -27.032691 -26.837923 -26.270601 -26.236317 -26.580266 -26.444412 -26.298084 -26.308853 -26.323275 -26.401914 -33.436456 -27.434349 -27.15949 -26.284447 -26.292749 -27.098539 -27.050965 -27.01413 -26.961426 -27.048524 -28.060201 -27.181957 -26.849914 -26.918765 -26.377195 -26.308853 -27.041267 -32.808334 0 -27.594453 -26.38341 -26.355173 -26.478521
0 -30.848459 -26.580565 -26.335231 -26.30713 -26.321068 -26.229726 -26.304519 -26.427898 -26.604027 -26.771738 -26.972193 -26.808217 -28.48153 -30.554908 -39.491443 -28.44391 -27.317926 -27.605798 -28.008856 -27.671195 -26.930508 -26.321433 -26.687569 -27.032691 -28.995292 -26.891193 -26.268828 -26.270601 -26.48783 -26.305343 -26.312056 -26.298084 -26.308853 -30.658322 0 -28.67253 -27.363303 -26.292749 -26.316875 -26.978516 -27.164876 -27.557053 -27.048524 -27.486301 -39.315518 -28.060201 -28.707801 0 -26.247921 -26.279169 -26.968855 0 0 -26.618596 -26.456456 -26.38341 -26.355173
-32.933834 -26.585991 -26.439908 -26.469171 -26.335231 -26.229726 -26.304519 -26.352951 -26.337084 -26.387292 -26.521898 -26.697126 -27.090576 -27.308755 -27.620789 -28.833587 0 -28.44391 -29.660915 0 -27.671195 -27.037438 -26.473601 -28.628948 -29.326387 -28.438629 -26.69498 -26.241967 -26.268828 -26.326077 -26.292787 -26.305343 -26.312056 -26.436167 0 -27.111523 -27.088472 -27.506138 -26.316875 -26.338195 -26.737444 -26.801615 -26.998428 -27.486301 -27.837159 0 -39.512612 0 0 -26.251065 -26.247921 -27.23838 0 0 -26.358729 -26.376566 -26.442408 -26.455259
-26.587058 -26.525911 -26.585991 -26.439908 -26.469171 -26.472807 -26.352951 -26.337084 -26.387292 -26.517589 -26.534252 -26.422847 -26.928212 -27.107161 -27.530653 -28.5779 0 0 0 -27.82675 -27.037438 -26.473601 -26.395712 -39.446064 0 -29.003264 -26.712083 -26.248658 -26.241967 -26.309658 -26.326077 -26.292787 -26.538073 -26.631932 -27.111523 -27.088472 -26.787902 -27.03601 -26.338195 -26.338754 -26.639271 -26.834824 -26.674622 -26.633529 -26.638006 0 0 -39.489678 -26.268572 -26.285238 -26.251065 -30.554908 0 -27.455626 -26.212929 -26.358729 -26.376566 -26.442408
-26.44485 -26.55955 -26.525911 -26.609574 -26.815518 -26.797649 -26.816403 -26.643463 -26.517589 -26.534252 -26.422847 -26.499269 -26.85734 -26.599534 -28.5779 -28.5779 -39.456684 0 0 -32.84966 -26.972193 -26.395712 -26.399353 -26.627714 -26.615727 -26.467906 -26.452611 -26.219089 -26.248658 -26.343968 -26.309658 -26.420014 -26.665275 -26.787353 -27.488261 -26.787902 -27.03601 -26.963067 -26.338754 -26.639271 -26.434237 -26.587976 -26.633529 -26.638006 -26.34402 0 -27.951535 -27.107704 -26.257304 -26.268572 -26.285238 0 -28.118208 -26.439394 -26.185902 -26.212929 -26.370082 -26.429608
-26.428466 -26.44485 -26.55955 -26.616063 -26.987507 -26.816403 -26.513935 -27.056376 -27.121465 -26.886294 -26.499269 -26.587823 -26.599534 -26.599534 -26.520934 -26.578482 -26.873262 -29.783662 -32.84966 -26.972193 -26.91282 -26.399353 -26.627714 -26.667439 -26.793721 -26.608587 -26.288004 -26.227091 -26.219089 -26.309786 -26.377069 -26.525666 -26.844508 -27.494173 -27.64321 -27.166683 -26.963067 -26.971357 -26.570584 -26.434237 -26.587976 -27.426192 -28.077266 -26.34402 -26.630872 -26.661182 -26.699286 -26.808217 -26.288815 -26.257304 0 0 -27.40576 -26.669419 -26.211493 -26.185902 -26.351522 -26.370082
-26.410242 -26.428466 -26.702333 -26.71615 -26.616063 -26.513935 -26.582814 -26.807639 -26.823252 -26.897573 -26.587823 -27.347834 -26.599534 -26.520934 -26.578482 -26.548401 -26.519136 -26.715242 -26.765456 -26.578185 -26.597946 -26.656566 -27.370755 -27.735447 -27.068377 -26.75019 -26.288409 -26.288004 -26.227091 -26.370143 -26.479742 -26.681342 -26.813754 -26.868892 -27.731453 -27.491211 -27.603516 -26.570584 -26.911714 -34.017641 -26.715696 -26.993156 -27.173965 -26.272134 -26.371728 -26.902237 -26.661182 -26.699286 -26.414765 -26.288815 0 0 -27.62312 -26.731232 -26.237911 -26.211493 -26.38696 -26.442062
-26.566005 -26.410242 -26.791495 -27.019628 -27.245213 -26.582814 -26.652202 -26.823252 -26.897573 -26.93591 -26.93591 -26.689249 -27.082209 -26.729106 -26.548401 -26.519136 -26.715242 -26.765456 -26.578185 -26.597946 -26.46159 -26.627017 -28.2809 -27.82675 -26.604674 -26.402846 -26.265664 -26.288409 -26.361082 -26.394536 -26.482924 -26.541169 -26.717516 -30.620178 -27.491211 -30.005244 -32.494854 -26.37469 -26.792328 -26.479029 -26.429036 -26.582363 -26.728165 -26.293816 -26.272134 -26.698637 -28.224692 -28.685249 -26.980216 -26.414765 0 -27.963419 -26.867223 -26.764419 -26.289854 -26.237911 -26.605323 -26.577593
-26.858971 -26.566005 -27.234992 -27.232295 -27.978913 -26.652202 -27.138435 -27.033637 -27.033637 -26.918391 -26.689249 -26.48573 -26.793721 -26.712757 -26.857014 -27.453751 -27.709162 0 -26.917272 -26.46159 -26.627017 -26.675631 -26.88699 -26.648641 -26.405743 -26.347196 -26.267205 -26.265664 -26.371422 -26.361082 -26.429445 -26.669022 -28.290158 -27.4217 -26.758765 -26.65829 -26.773589 -26.273188 -26.37469 -26.467131 -26.479029 -26.429036 -26.582363 -26.296206 -26.293816 -26.879045 -29.154372 -29.351082 -28.685249 -30.246389 -27.747541 -27.072439 -26.933201 -26.349291 -26.309956 -26.289854 -26.546013 -26.420014
-26.552699 -26.425157 -26.538329 -26.752692 -27.053418 -27.209187 -27.209187 -27.033637 -26.918391 -26.763643 -26.48573 -26.693698 -27.006891 -27.119795 -27.624288 -27.654048 -27.154154 -28.196545 -27.115368 -26.587364 -26.481379 -26.739134 -27.188806 -26.560106 -26.308896 -26.302844 -26.277249 -26.267205 -26.31692 -26.383606 -26.522623 -26.668824 -26.591365 -27.060845 -26.418146 -26.546145 -26.65829 -26.238969 -26.273188 -26.465974 -26.467131 -26.636387 -26.275153 -26.240651 -26.296206 -26.878019 0 0 0 -29.027435 -27.571144 -27.099073 -26.955321 -26.327878 -26.349291 -26.309956 -26.370143 -26.378968
-26.354058 -26.454342 -26.425157 -26.538329 -26.751689 -26.354281 -26.440939 -26.655232 -27.049987 -27.343022 -27.099609 -27.130452 -27.119795 -27.644407 -27.654048 -27.154154 -26.88421 -26.68946 -26.528744 -26.481379 -26.438966 -26.472807 -26.896859 -26.393985 -26.292597 -26.308896 -26.302844 -26.277249 -26.397595 -26.530484 -26.851517 -26.57656 -26.407943 -26.591365 -26.62252 -26.418146 -26.546145 -26.227503 -26.238969 -26.544301 -26.747457 -26.708951 -26.246378 -26.275153 -26.240651 -26.529116 -39.468476 0 -27.173355 -27.755698 -27.043193 -26.841046 -26.832668 -26.24918 -26.32439 -26.336481 -26.358729 -26.370143
-27.55598 -26.354058 -26.454342 -27.053418 -26.354281 -26.440939 -26.416603 -26.379797 -26.378143 -26.48783 -26.779198 -26.772002 -26.987075 -26.934747 -27.317926 -27.944808 -26.68946 -26.528744 -26.553784 -26.438966 -26.472807 -26.648082 -26.718658 -26.383736 -26.311927 -26.292597 -26.313486 -26.319206 -26.639452 -27.342223 0 -26.379861 -26.536921 -26.407943 -26.717972 -26.62252 -26.666061 -26.273023 -26.227503 -26.841046 -26.619105 -26.747457 -26.290114 -26.246378 -26.405233 -27.758433 -26.667242 -26.742539 -26.485835 -26.816403 -26.712083 -26.697989 -26.640178 -26.216858 -26.24918 -26.32439 -26.336481 -26.328881
0 -26.467228 -26.846725 -27.661354 -26.506212 -26.416603 -26.379797 -26.378143 -26.48783 -26.453521 -26.4548 -26.57363 -26.809377 -27.317926 -29.914926 -31.916017 -29.278073 -26.973871 -26.62754 -26.593699 -26.648082 -26.420562 -26.882827 -26.36827 -26.383736 -26.311927 -26.370629 -26.313486 -26.760299 -32.439263 -29.77733 -26.385902 -26.379861 -26.69907 -26.632464 -26.717972 -26.739619 -26.339161 -26.273023 -26.743762 -26.702114 -26.619105 -26.567857 -26.290114 -27.49814 -26.536538 -26.523471 -26.611224 -26.371361 -26.485835 -26.75219 -26.708062 -26.58982 -26.222458 -26.216858 -26.359644 -26.338652 -26.226158
-26.476199 -26.650511 -26.467228 -26.846725 -26.714337 -26.645487 -26.638728 -26.518183 -26.453521 -26.4548 -26.302114 -26.508722 -26.39282 -26.390712 -26.525911 -26.709397 -26.597946 -26.633173 -26.605323 -26.673615 -26.420562 -26.43499 -26.438455 -26.422689 -26.36827 -26.384586 -26.480355 -26.420954 -39.467297 -30.137407 -30.500412 -26.355845 -26.385902 -27.052435 -26.69907 -26.95816 -27.002865 -26.312705 -26.339161 -26.682372 -26.743762 -26.702114 -27.813539 -26.767799 -26.703427 -26.544301 -26.536538 -26.523471 -26.369537 -26.371361 -26.736001 -26.687151 -26.597471 -26.228656 -26.222458 -26.333104 -26.270763 -26.2638
-26.701896 -26.476199 -26.650511 -27.267592 -26.671211 -26.638728 -26.565155 -26.59152 -26.55789 -26.302114 -26.274986 -26.39282 -26.390712 -26.525911 -26.64475 -26.597946 -26.459991 -26.492729 -26.609409 -26.784343 -26.43499 -26.732656 -26.745482 -26.438455 -26.422689 -26.445289 -26.594011 -26.687569 -28.975547 -35.749333 -30.137407 -26.327497 -26.355845 -27.012765 -27.052435 -28.589732 -27.178255 -26.224717 -26.312705 -26.943343 -26.682372 -27.672433 0 -27.400526 -26.683612 -26.567714 -26.544301 -26.332564 -26.36785 -26.369537 -26.759531 -26.694766 -26.57863 -26.22387 -26.228656 -26.306921 -26.315811 -26.270763
-26.799061 -26.701896 -27.219642 -27.52445 -26.888737 -26.565155 -26.59152 -26.79991 -26.771738 -26.274986 -26.258513 -26.732181 -26.708062 -26.714789 -26.910978 -26.459991 -26.460742 -26.609409 -26.607932 -26.848317 -26.732656 -26.849274 -26.604512 -26.400487 -26.270828 -26.339416 -26.445289 -26.787627 -28.734042 -28.975547 -27.919991 -26.324951 -26.327497 -27.307997 -27.949849 -28.819428 -26.243402 -26.221237 -26.224717 -27.123139 -28.586764 0 -27.144207 -26.642547 -26.533746 -26.600331 -26.567714 -26.312661 -26.332564 -26.36785 -26.751189 -26.707174 -26.590746 -26.225458 -26.22387 -26.35229 -26.306921 -26.315811
-27.077559 -26.799061 -27.218983 -27.001085 -28.959938 -27.422596 -27.327226 -27.34703 -26.688408 -26.258513 -26.314535 -26.360046 -26.463963 -26.697557 -26.884557 -26.460742 -26.306879 -26.600971 -26.535138 -26.523593 -26.752441 -27.328007 -26.439736 -26.274952 -26.360678 -26.270828 -26.339416 -26.900079 -27.476577 -28.734042 -29.529248 -26.393779 -26.324951 -28.335179 -29.739775 -32.687296 -26.257627 -26.243402 -26.221237 0 0 0 -26.566289 -26.684649 -26.642547 -26.533746 -26.585839 -26.26337 -26.312661 -26.602575 -26.650136 -26.751189 -26.703208 -26.228055 -26.225458 -26.348052 -26.389431 -26.498938
-28.891675 -27.077559 -27.306482 -27.026118 -27.001085 -28.226887 -28.25808 -28.979475 -27.281265 -26.314535 -26.360046 -26.463963 -26.697557 -26.884557 -26.830218 -26.306879 -26.600971 -26.535138 -26.523593 -26.53211 -26.513701 -26.511605 -26.30584 -26.372525 -26.274952 -26.360678 -27.436175 -27.041748 -27.33114 -28.983414 -32.457688 -26.432241 -26.393779 -31.90055 -39.516137 -39.529642 -26.261508 -26.272726 -26.717516 0 0 0 -26.763643 -26.566289 -26.684649 -26.554192 -26.430017 -26.272331 -26.26337 -26.579521 -26.763901 -26.578927 -26.358388 -26.239121 -26.228055 -26.480252 -26.718658 -26.807639
-29.901391 -26.984492 -26.412265 -26.405233 -26.875294 -26.889437 -27.279086 -27.087948 -26.948496 -26.798213 -27.024256 -27.317926 -27.128192 -26.830218 -26.648827 -26.337285 -26.573484 -26.578037 -26.53211 -26.513701 -26.656375 -26.525788 -26.420405 -26.30584 -26.372525 -26.973871 -26.391525 -27.275472 -27.207893 -28.240149 -39.5132 -26.433153 -26.42182 -39.448425 0 0 -26.272726 -26.302722 -27.091103 -39.514375 0 0 -26.597946 -26.519136 -26.44661 -26.421583 -26.460366 -26.359472 -26.272331 -26.682785 -26.399778 -26.343654 -26.286033 -26.358388 -26.239121 -26.96678 -27.411034 -27.172745
-26.618935 -26.380053 -26.356632 -26.412265 -26.405233 -26.743272 -27.087948 -26.910978 -26.640905 -26.674622 -26.640905 0 0 -39.476135 -26.337285 -26.313138 -26.64771 -26.693059 -26.740104 -26.728635 -26.938635 -26.490054 -26.525788 -26.420405 -26.509066 -26.391525 -26.292825 -26.946905 -27.339038 -28.8443 0 -26.42182 -26.445201 -29.654987 -39.51555 -29.240421 -26.302885 -26.32989 -34.43726 -29.068596 -32.191937 -26.537432 -26.291878 -26.348106 -26.353725 -26.44661 -26.421583 -26.377447 -26.359472 -26.403711 -26.446787 -26.399778 -26.343654 -26.286033 -26.409349 -28.290158 -27.082209 -26.87836
-26.443364 -26.409869 -26.380053 -26.356632 -26.523107 -26.618935 -26.670812 -26.640905 -26.674622 -26.640905 -26.477004 -26.882827 -27.618465 -27.294493 -26.313138 -26.340388 -26.693059 -26.814047 -26.765196 -26.946905 -27.173965 -26.841046 -26.490054 -26.54694 -27.321011 -26.195652 -26.283198 -26.512418 -26.829302 -27.636063 -26.418923 -26.324297 -26.432158 -27.009142 -28.379495 -27.554908 -26.377573 -26.330035 -29.068596 -28.685249 -27.455626 -26.322859 -26.328259 -26.291878 -26.348106 -26.353725 -26.4738 -26.296284 -26.377447 -26.58905 -26.403711 -26.446787 -26.819367 -26.670015 -27.761178 -26.924031 -26.823252 -26.483856
-26.431662 -26.411964 -26.391933 -26.4022 -26.430756 -26.670812 -26.682579 -26.741319 -26.706731 -26.477004 -26.739619 -27.618465 -27.108793 -27.255604 -26.340388 -26.439736 -26.83917 -26.765196 -27.078589 -27.773634 -27.195734 -27.173965 -26.841046 -27.295236 -26.635312 -26.133504 -26.195652 -26.371117 -26.512418 -26.829302 -26.355789 -26.418923 -26.324297 -26.733608 -27.009142 -28.379495 -26.500709 -26.565155 -28.566176 -27.58996 -26.832668 -26.332564 -26.322859 -26.328259 -26.321068 -26.430756 -26.475096 -26.274484 -26.296284 -26.497837 -26.611059 -27.537955 -26.844824 -27.470804 -26.91504 -26.857992 -26.473999 -26.288225
-26.314754 -26.260482 -26.294506 -26.391933 -26.550139 -27.062843 -26.741319 -26.706731 -26.870568 -26.739619 -27.75297 -27.108793 -27.255604 -28.183793 -26.439736 -26.499159 -27.012765 -27.078589 -26.910978 -27.04755 -29.654987 -27.195734 -27.665031 -26.439479 -26.276841 -26.135078 -26.133504 -26.320339 -26.537048 -26.777855 -26.302357 -26.355789 -26.504515 -26.564025 -26.733608 -28.010646 -26.898287 -28.566176 -27.58996 -27.563525 -26.887339 -26.33593 -26.332564 -26.377384 -26.417219 -26.462536 -26.45831 -26.342454 -26.274484 -26.784616 -27.312561 -29.529248 -26.496632 -26.721646 -26.807061 -26.501265 -26.315458 -26.298676
-26.248494 -26.314754 -26.260482 -26.294506 -26.75673 -26.77042 -26.736962 -26.924031 -27.121465 -26.909876 0 0 -33.877716 -27.59784 -26.499159 -26.554873 -27.317157 -26.910978 -27.04755 -27.58438 -27.652837 0 -26.546807 -26.301227 -26.289556 -26.154021 -26.135078 -26.488041 -26.7954 -27.136715 -26.272529 -26.302357 -26.424517 -26.675631 -27.063845 0 0 -28.211612 -27.861402 -28.557452 -27.228271 -26.385572 -26.33593 -26.399212 -26.486778 -26.528249 -26.462536 -26.45831 -26.342454 -27.309514 -27.316388 -27.0224 -26.385572 -26.496632 -26.551753 -26.369839 -26.33593 -26.237511
-26.378016 -26.248494 -26.349021 -27.075505 -26.967609 -29.06443 -27.264751 -28.714314 -26.464153 -28.462576 -39.499091 0 0 -30.629655 -26.554873 -28.944491 -30.648727 -28.473371 -27.58438 -27.652837 0 -27.371588 -26.406401 -26.381466 -26.301227 -26.185948 -26.154021 -26.846725 -27.172136 -27.627803 -26.283661 -26.272529 -26.684027 -27.55598 0 0 -27.984132 0 0 -37.603988 -27.846175 -26.424677 -26.385572 -26.552293 -26.580266 -26.533368 -26.547337 -26.390171 -26.937465 -26.977245 -26.97894 -26.864896 -26.333942 -26.385572 -26.464344 -26.409275 -26.369839 -26.256515
