var/www/cgi-bin/BAERTOOLS/ravel/working/ravel-13116.DEM
NCOLS 92
NROWS 84
XLLCORNER 451988.49
YLLCORNER 3764865.4
CELLSIZE 10
NODATA_VALUE -9999
[rows 28 to 55 of 84, columns 0 to 62 of 92]
252.0389 252.038 252.1409 252.1283 252.1736 252.2451 252.2395 252.2377 252.2372 252.2368 252.2365 252.2319 252.2456 252.3166 252.385 252.3755 252.3185 252.3261 252.3326 252.325 252.3223 252.3224 252.3219 252.3215 252.3208 252.3288 252.3334 252.3218 252.274 252.2175 252.1942 252.0389 252.0256 251.978 251.9116 251.9296 251.9249 251.83 251.7749 251.674 251.5926 251.56 251.5551 251.4611 251.4509 251.4085 251.3339 251.2429 251.1944 251.094 251 250.9137 250.8474 250.7203 250.1451 250.1094 250.0491 250.0606 250.3095 250.6399 251.0298 251.1735 251.3002
252.0389 252.038 252.0377 252.0314 252.0671 252.1264 252.1366 252.1349 252.1346 252.1341 252.1337 252.1336 252.1321 252.1178 252.1872 252.2339 252.2311 252.2304 252.2299 252.2291 252.2287 252.2283 252.2279 252.2275 252.2279 252.2018 252.1985 252.1604 252.1091 252.0796 252.0177 251.9405 251.9019 251.8533 251.8159 251.8256 251.8153 251.7174 251.6626 251.5819 251.5603 251.5566 251.5221 251.4335 251.3826 251.3371 251.2966 251.2615 251.1775 251.1158 251.0467 250.9638 250.8788 250.7192 250.0708 249.9993 249.9508 249.9397 250.1692 250.556 250.9912 251.1094 251.2497
251.9362 251.9353 251.9349 251.9353 251.9241 251.9507 252.0345 252.0341 252.034 252.0325 252.031 252.0307 252.0297 252.0466 252.1046 252.1337 252.1282 252.1279 252.1274 252.1267 252.1263 252.1259 252.1255 252.125 252.1263 252.0704 252.0236 252.0256 251.9917 251.9152 251.9158 251.8296 251.7767 251.7597 251.7465 251.7213 251.715 251.6617 251.6025 251.5588 251.5624 251.5474 251.4691 251.3929 251.3599 251.3394 251.304 251.3062 251.2202 251.221 251.1731 251.0562 250.9291 250.787 250.0061 249.8827 249.8583 249.7901 249.9534 250.4046 250.9378 251.0543 251.193
251.8336 251.8327 251.8323 251.8321 251.8268 251.8486 251.9062 251.9046 251.9023 251.9163 251.9303 251.9284 251.9251 252.0124 252.0361 252.0253 252.0258 252.0254 252.0251 252.0217 252.0201 252.0217 252.0234 252.0226 252.0233 252.0058 251.9526 251.9061 251.862 251.8193 251.8183 251.7352 251.7188 251.7338 251.6943 251.6152 251.6166 251.5969 251.545 251.5219 251.5134 251.4706 251.423 251.3346 251.3165 251.3226 251.3324 251.3094 251.2175 251.2282 251.211 251.1226 250.984 250.856 249.9841 249.786 249.7574 249.6701 249.7943 250.2611 250.937 251.0242 251.1335
251.731 251.7301 251.7298 251.7293 251.7295 251.7266 251.7197 251.7185 251.7114 251.7726 251.8333 251.8262 251.8229 251.9053 251.9316 251.9234 251.9235 251.9233 251.9215 251.9499 251.9626 251.9422 251.9183 251.9217 251.9188 251.8289 251.793 251.7461 251.7087 251.7216 251.7108 251.6096 251.617 251.6227 251.5872 251.5132 251.5156 251.4389 251.403 251.424 251.3884 251.3092 251.3052 251.2043 251.2122 251.2112 251.2103 251.2148 251.1301 251.1066 251.0824 251.047 250.9851 250.8666 250.0678 249.7344 249.6442 249.5749 249.6738 250.1163 250.9544 251.0414 251.0859
251.6285 251.6277 251.6273 251.6269 251.6265 251.6261 251.6257 251.6247 251.6178 251.6758 251.7328 251.7236 251.7215 251.7717 251.8131 251.8238 251.8212 251.8192 251.8231 251.8849 251.8952 251.8559 251.8141 251.8219 251.8101 251.7159 251.6493 251.6017 251.6167 251.6194 251.609 251.5036 251.512 251.5208 251.4854 251.4131 251.4096 251.3244 251.3119 251.2944 251.2451 251.2129 251.127 251.1043 251.1096 251.1092 251.1057 251.1201 251.0384 251.0015 250.9851 250.9345 250.8904 250.8698 250.176 249.7067 249.5277 249.4756 249.5607 249.9724 250.8713 250.9828 250.9993
251.5261 251.5253 251.5249 251.5245 251.5241 251.5237 251.5234 251.5224 251.5179 251.5512 251.604 251.6259 251.6216 251.6091 251.6787 251.7288 251.7236 251.7206 251.7293 251.7309 251.7044 251.7129 251.7164 251.7208 251.7136 251.6127 251.5857 251.5334 251.5049 251.5103 251.5097 251.4606 251.4325 251.4148 251.3836 251.313 251.3037 251.2022 251.2218 251.1702 251.0983 251.1119 251.0267 251.0017 251.0074 251.0068 251.0065 251.0082 250.923 250.8993 250.9106 250.8924 250.8622 250.8682 250.2602 249.6791 249.412 249.3769 249.4456 249.8141 250.8176 250.8972 250.9261
251.4237 251.4229 251.4223 251.424 251.4261 251.4245 251.4211 251.4203 251.4206 251.4111 251.4318 251.49 251.5185 251.513 251.5858 251.6074 251.572 251.5711 251.5708 251.6154 251.6152 251.6143 251.6165 251.6079 251.5654 251.5056 251.5136 251.4903 251.4613 251.4504 251.4082 251.423 251.355 251.3086 251.2819 251.2108 251.2022 251.1057 251.0802 251.0296 251.007 250.9998 250.9111 250.9031 250.905 250.9045 250.904 250.9068 250.8159 250.7941 250.8029 250.8034 250.8068 250.8132 250.425 249.6875 249.2893 249.2861 249.2986 249.5401 250.745 250.8685 250.8855
251.3214 251.3207 251.3227 251.3012 251.2765 251.2895 251.3226 251.319 251.3174 251.3182 251.3082 251.3306 251.4184 251.414 251.4535 251.4453 251.4013 251.4129 251.4558 251.5158 251.5125 251.5119 251.5182 251.4918 251.3971 251.4413 251.4637 251.4391 251.4081 251.4029 251.3613 251.3091 251.247 251.2026 251.1784 251.1025 251.0237 251.0065 250.9474 250.8945 250.9096 250.8907 250.7987 250.8035 250.8026 250.8018 250.8037 250.8105 250.7828 250.7228 250.6947 250.7024 250.7085 250.7247 250.5366 249.6876 249.1753 249.192 249.1699 249.2773 250.5382 250.801 250.8271
251.2191 251.2186 251.2251 251.1649 251.099 251.1225 251.172 251.21 251.2203 251.2148 251.2117 251.2247 251.2657 251.3022 251.3113 251.3092 251.3047 251.3256 251.4133 251.4054 251.4084 251.4049 251.3954 251.3978 251.4071 251.4573 251.4389 251.3833 251.3619 251.3535 251.3072 251.2173 251.1791 251.1365 251.0878 251.0583 250.9128 250.9013 250.8495 250.795 250.8091 250.7965 250.6968 250.7065 250.7089 250.7127 250.6907 250.6329 250.6418 250.6185 250.6131 250.5905 250.5246 250.4712 250.0128 249.3656 249.053 249.0956 249.0747 249.12 250.0956 250.4379 250.5458
251.1163 251.1161 251.1261 251.0697 251.0086 251.0131 251.0062 251.0507 251.1033 251.1195 251.1125 251.1114 251.1028 251.1828 251.2179 251.2068 251.2231 251.2714 251.3067 251.3441 251.3146 251.3434 251.4217 251.4298 251.4673 251.4043 251.3846 251.3347 251.3034 251.3046 251.2645 251.1755 251.1286 251.0845 251.0533 250.9917 250.8682 250.8258 250.7425 250.6976 250.6855 250.6292 250.6068 250.5562 250.5247 250.5313 250.5201 250.4971 250.4391 250.4293 250.3986 250.3568 250.3096 250.1465 249.5408 249.1789 249.005 248.9885 248.9821 249.0044 249.5194 249.864 250.1553
251.0146 251.0163 250.9837 250.9341 250.9099 250.9123 250.9123 250.9039 250.9357 250.9877 251.0135 251.0083 251.0124 251.0995 251.1121 251.0975 251.1351 251.2102 251.1974 251.3442 251.3366 251.3502 251.4134 251.4086 251.3995 251.3616 251.3307 251.2852 251.2437 251.1952 251.1725 251.1179 251.079 251.0461 250.974 250.8891 250.8168 250.7343 250.6379 250.5978 250.5728 250.4966 250.4415 250.4 250.3909 250.3917 250.3982 250.395 250.3038 250.257 250.1726 250.104 250.0244 249.8348 249.2805 249.0597 248.9288 248.8837 248.8846 248.8938 249.1683 249.3748 249.621
250.9093 250.9147 250.8786 250.83 250.8079 250.8101 250.81 250.8097 250.7935 250.8467 250.9156 250.9029 250.9086 251.0082 250.9942 251.0221 251.0629 251.1112 251.219 251.2905 251.3442 251.3631 251.3611 251.3611 251.3611 251.3214 251.2741 251.2324 251.1824 251.1609 251.1087 251.0744 251.0372 250.955 250.8811 250.86 250.7169 250.6298 250.5315 250.4893 250.4722 250.3982 250.312 250.2869 250.2928 250.3008 250.2839 250.2179 250.1361 250.055 249.976 249.8625 249.6994 249.5242 249.1382 248.955 248.8268 248.7812 248.7823 248.7921 248.979 249.0632 249.2666
250.8575 250.8053 250.821 250.7615 250.6969 250.7079 250.708 250.6985 250.7346 250.7878 250.8029 250.8083 250.8618 250.9465 250.9602 250.9984 251.0811 251.1417 251.2063 251.2437 251.2882 251.2945 251.3201 251.3596 251.302 251.2686 251.2628 251.223 251.1599 251.1558 251.0706 251.0197 250.9316 250.877 250.8517 250.7796 250.6044 250.5138 250.474 250.4449 250.3666 250.2949 250.2121 250.1852 250.1963 250.1643 250.1071 250.08 250.0033 249.8799 249.7618 249.6518 249.4707 249.2901 249.0137 248.8606 248.7241 248.6784 248.683 248.6826 248.7672 248.8582 248.9539
250.8096 250.7182 250.7065 250.6909 250.6403 250.5966 250.5959 250.6447 250.6963 250.7018 250.7139 250.7695 250.8026 250.8888 250.9348 251.0144 251.0869 251.1053 251.0965 251.1838 251.2372 251.2619 251.2701 251.2882 251.2609 251.2626 251.2279 251.1819 251.1494 251.0886 251.0033 250.9757 250.918 250.831 250.7828 250.7576 250.5867 250.4999 250.4292 250.3573 250.2612 250.1848 250.1104 250.082 250.1002 250.0577 249.9877 249.986 249.8313 249.7435 249.6054 249.428 249.2792 249.1757 248.9067 248.7601 248.6218 248.5755 248.5809 248.5784 248.6584 248.6882 248.7299
250.7032 250.6253 250.5944 250.6104 250.5952 250.563 250.5605 250.5966 250.597 250.6218 250.678 250.7149 250.7642 250.8489 250.879 250.9434 251.002 250.9971 251.0598 251.1617 251.171 251.2263 251.2644 251.2609 251.2623 251.2152 251.1767 251.1358 251.0822 251.0569 250.9707 250.9171 250.8277 250.7759 250.7535 250.6836 250.511 250.4253 250.3392 250.2432 250.1754 250.1613 249.9978 249.9822 249.9466 249.8957 249.8708 249.7953 249.6212 249.5357 249.4525 249.3245 249.1427 248.99 248.8092 248.6578 248.5196 248.4728 248.4778 248.4776 248.4792 248.5437 248.5827
250.661 250.5747 250.5193 250.4927 250.5035 250.5056 250.5053 250.4914 250.532 250.5883 250.5956 250.6087 250.6937 250.7589 250.8401 250.8763 250.9028 250.9748 251.064 251.1404 251.1619 251.1706 251.1892 251.1874 251.1872 251.1781 251.1229 251.0777 251.0471 250.9842 250.8995 250.8746 250.8154 250.7289 250.6608 250.579 250.4075 250.3161 250.2205 250.1722 250.1539 250.0773 249.9707 249.9195 249.8268 249.7838 249.7716 249.6768 249.5034 249.4234 249.2906 249.1569 249.0468 248.877 248.7076 248.5561 248.4171 248.3698 248.3748 248.3748 248.373 248.371 248.4206
250.5954 250.4981 250.487 250.4292 250.3893 250.3993 250.3969 250.4434 250.4923 250.4925 250.5089 250.5688 250.5896 250.7383 250.7818 250.8117 250.8911 250.9718 251.0446 251.1393 251.1639 251.1611 251.1611 251.1611 251.162 251.1118 251.0697 251.0298 250.9762 250.95 250.8701 250.809 250.7747 250.7428 250.6253 250.4697 250.2937 250.2714 250.2229 250.1375 250.063 249.9721 249.8798 249.8243 249.7305 249.6446 249.5889 249.5715 249.4014 249.3267 249.1929 249.0089 248.8621 248.7709 248.605 248.4541 248.3146 248.2668 248.2717 248.2716 248.2706 248.2628 248.3146
250.4962 250.414 250.3979 250.3911 250.3417 250.2838 250.2906 250.3943 250.3877 250.4185 250.4741 250.4959 250.5601 250.6832 250.7201 250.8083 250.8762 250.8928 251.0455 251.0709 251.1221 251.1626 251.1611 251.1615 251.0986 251.0611 251.0635 251.0268 250.9617 250.9535 250.7902 250.7717 250.7314 250.6492 250.558 250.4601 250.2885 250.2126 250.1326 250.0458 249.9536 249.8746 249.8027 249.7156 249.6294 249.5373 249.4758 249.4682 249.308 249.1595 249.0312 248.91 248.7524 248.6676 248.5059 248.3539 248.2117 248.1637 248.1684 248.1685 248.1674 248.1669 248.1612
250.4014 250.3165 250.2846 250.2992 250.289 250.2632 250.2675 250.2845 250.33 250.3766 250.4011 250.4758 250.564 250.6316 250.7197 250.772 250.7987 250.8708 251.0449 251.1196 251.1566 251.1613 251.1622 251.1495 251.0605 251.0628 251.0211 250.9732 250.9473 250.8785 250.7855 250.7041 250.6243 250.5369 250.4511 250.3666 250.2012 250.115 250.0255 249.9303 249.8692 249.8598 249.6989 249.6125 249.5273 249.4331 249.3688 249.3673 249.126 249.0068 248.9312 248.8081 248.65 248.5671 248.3217 248.2012 248.1135 248.0588 248.0652 248.0653 248.0641 248.0639 248.0566
250.2917 250.2792 250.217 250.1783 250.1844 250.1857 250.1835 250.2424 250.2773 250.3086 250.3924 250.4707 250.4849 250.6284 250.727 250.7614 250.782 250.8715 251.0437 251.1349 251.1631 251.1611 251.1626 251.1447 251.0593 251.0048 250.9672 250.9287 250.8708 250.8505 250.7693 250.7083 250.6167 250.5311 250.4497 250.3511 250.0877 250.0001 249.9675 249.9378 249.8483 249.7679 249.5959 249.5102 249.4175 249.3675 249.3505 249.2692 249.019 248.9032 248.8321 248.7078 248.5475 248.4624 248.2906 248.2043 248.1189 248.0281 247.96 247.9602 247.9607 247.9603 247.9533
250.2616 250.1873 250.1787 250.1609 250.161 250.1611 250.1611 250.164 250.2155 250.306 250.3677 250.3885 250.544 250.635 250.6711 250.7047 250.7875 250.8794 251.0508 251.1407 251.1634 251.1611 251.161 251.1628 251.0832 250.9893 250.9617 250.9278 250.8624 250.8536 250.6892 250.6061 250.5226 250.4399 250.3538 250.2667 250.0883 250.0026 249.9203 249.8378 249.7514 249.6653 249.4933 249.4079 249.313 249.2642 249.2519 249.1672 248.9234 248.7391 248.6125 248.5332 248.4472 248.361 248.1892 248.1031 248.0172 247.9262 247.8567 247.8586 247.7791 247.8058 247.8585
250.1946 250.1033 250.0748 250.0814 250.0759 250.0936 250.1587 250.223 250.2554 250.3023 250.3604 250.3737 250.5445 250.6347 250.6609 250.6992 250.7646 250.7844 250.9549 251.0458 251.0723 251.1079 251.164 251.1525 251.0631 251.0008 250.9083 250.866 250.8408 250.7721 250.6921 250.6085 250.4682 250.3256 250.247 250.1644 249.9928 249.9068 249.8206 249.7346 249.6486 249.5625 249.3905 249.2966 249.2621 249.2375 249.1553 249.0462 248.7526 248.7092 248.623 248.5018 248.3431 248.2578 248.0867 248.0002 247.9144 247.8233 247.7537 247.7549 247.6765 247.6958 247.8022
250.0845 250.071 250.0612 250.0611 250.0611 250.06 250.0795 250.1744 250.2165 250.307 250.3604 250.3739 250.544 250.6342 250.6609 250.7005 250.7602 250.769 250.942 251.0323 251.0628 251.0641 251.0701 251.0681 251.0621 251.0047 250.9035 250.8612 250.8441 250.7563 250.5884 250.5051 250.418 250.3355 250.225 250.0618 249.8878 249.802 249.7161 249.6302 249.5449 249.4597 249.2822 249.2618 249.2292 249.0992 248.9407 248.8553 248.686 248.6007 248.5146 248.428 248.3437 248.2597 248.0151 247.8951 247.8143 247.7203 247.653 247.641 247.5384 247.6031 247.6973
250.0673 250.0032 249.9701 249.9698 250.0006 250.0604 250.0686 250.1289 250.2138 250.3105 250.3625 250.3732 250.5434 250.6338 250.6612 250.6935 250.7886 250.8558 250.9365 251.0328 251.063 251.0611 251.0611 251.0616 250.988 250.966 250.92 250.8214 250.764 250.7533 250.5908 250.4377 250.3092 250.2316 250.1449 250.0578 249.8864 249.8006 249.7146 249.6347 249.5218 249.368 249.2948 249.138 249.0039 248.9262 248.8433 248.7577 248.5807 248.5651 248.4784 248.3234 248.2427 248.1576 247.9894 247.9122 247.7799 247.6277 247.5321 247.4432 247.4301 247.5483 247.7039
249.9735 249.9715 249.9611 249.961 249.9593 249.9845 250.0633 250.1236 250.222 250.2632 250.2836 250.3706 250.5428 250.6335 250.6606 250.6961 250.7576 250.785 250.9642 251.0262 251.0632 251.0611 251.0621 251.0508 250.9615 250.8984 250.8637 250.8282 250.7643 250.7409 250.4818 250.4072 250.2668 250.122 250.042 249.9563 249.7843 249.6983 249.6122 249.5254 249.4419 249.3468 249.0744 248.9952 248.9054 248.8572 248.8435 248.7574 248.584 248.4988 248.416 248.3332 248.2475 248.1621 247.9909 247.9047 247.8363 247.6834 247.4297 247.3351 247.2493 247.3828 247.6442
249.9557 249.8662 249.8646 249.9099 249.962 249.9776 250.0632 250.1231 250.2149 250.3033 250.3547 250.3664 250.5377 250.6261 250.7171 250.7588 250.7782 250.8681 250.9629 251.0254 251.0632 251.063 251.0388 250.9644 250.9613 250.9046 250.8056 250.7607 250.7449 250.6591 250.4075 250.298 250.1659 250.0205 249.939 249.8535 249.6815 249.5956 249.5145 249.3894 249.2315 249.1466 248.9793 248.8899 248.8565 248.8302 248.736 248.6492 248.4778 248.4606 248.4256 248.3336 248.2475 248.1627 247.9948 247.904 247.8396 247.6582 247.3379 247.1468 247.1181 247.2742 247.5625
249.8665 249.8607 249.8611 249.8577 249.8929 249.9638 250.0403 250.1283 250.2139 250.2997 250.3839 250.4662 250.6411 250.6591 250.7121 250.7607 250.785 250.8575 250.9359 251.0311 251.063 251.063 251.0387 250.9666 250.8834 250.8607 250.8195 250.7271 250.64 250.555 250.305 250.1883 250.1171 249.9939 249.8338 249.7491 249.5792 249.4965 249.3567 249.2119 249.1343 249.0489 248.871 248.8525 248.8153 248.7185 248.6322 248.5449 248.4602 248.4618 248.4194 248.3346 248.2471 248.171 248.0383 247.9131 247.8474 247.6711 247.317 247.0267 247.0175 247.1039 247.5625
