var/www/cgi-bin/BAERTOOLS/ravel/working/ravel-23367.DEM
NCOLS 89
NROWS 110
XLLCORNER 677881.89
YLLCORNER 4377654.9
CELLSIZE 10
NODATA_VALUE -9999
[rows 56 to 83 of 110, columns 0 to 62 of 89]
1050.08 1049.239 1046.102 1044.381 1042.651 1040.693 1035.309 1029.624 1023.912 1017.862 1006.256 1001.064 996.5241 992.288 983.9474 979.7361 974.3138 967.9965 957.6219 952.9533 948.1164 943.3484 933.7938 929.0842 924.6049 915.3073 909.5953 903.7449 897.457 883.3034 876.9139 872.7722 867.5795 857.246 853.3287 851.7721 850.4094 848.1017 847.9615 848.0278 848.1063 848.2664 848.3174 848.3757 848.2956 847.468 846.6439 845.1167 843.3341 838.9268 835.504 831.6281 826.8182 815.6939 808.9388 803.0358 797.9146 786.8449 781.9644 778.5397 775.7127 770.5355 768.7974
1043.672 1043.067 1041.311 1039.879 1038.753 1037.211 1030.326 1025.006 1019.786 1014.714 1004.965 1000.625 996.366 992.3824 984.3376 980.0018 975.1592 969.4844 958.9024 953.9703 949.301 944.7913 935.4971 930.8199 926.2189 921.6432 911.7704 906.3055 900.1926 885.8218 878.4374 872.7722 869.3533 858.9189 854.0007 849.9877 846.2044 841.6709 841.5418 841.28 840.9738 840.5723 840.4166 840.2189 840.0407 839.7169 839.2022 838.4014 837.6542 834.6445 832.4841 829.4617 825.1069 814.861 809.4628 803.8513 797.9909 786.4501 781.6221 778.2411 775.3917 770.0461 768.5047
1036.908 1036.517 1035.972 1035.024 1033.896 1032.277 1025.758 1021.472 1016.71 1012.158 1003.743 999.8168 995.7451 991.8338 984.3057 980.1436 975.7046 970.8022 960.6539 955.2019 950.326 945.9925 937.1591 932.1372 927.3519 922.6111 912.9542 908.2668 902.8981 896.5688 880.1138 874.2179 869.3533 861.3293 855.9604 850.4059 844.887 838.9964 835.9656 833.7954 833.218 833.3779 833.407 833.4666 833.5035 833.5277 833.4647 832.9153 832.3174 830.0725 828.3978 825.6431 821.9968 813.819 809.2223 803.939 797.9493 785.9561 781.2599 777.9606 775.1063 770.0291 768.438
1029.653 1029.794 1029.72 1029.173 1028.1 1026.757 1021.262 1017.549 1013.494 1009.552 1001.747 998.0995 994.4528 990.7974 983.5075 979.7502 975.7443 971.2208 961.9365 956.2267 951.1715 946.6652 938.0991 933.2462 928.4866 923.6466 914.3568 909.9118 904.9683 898.6215 882.1691 876.0451 871.2065 866.4523 855.9604 852.7766 847.248 841.7668 830.9071 828.8064 828.2443 827.8498 827.5685 827.3654 827.2687 827.041 826.8441 826.3953 825.7747 824.0126 822.7411 820.828 818.0977 811.6204 807.7083 802.7427 797.1142 785.3195 780.8997 777.6694 774.8793 770.088 768.514
1022 1022.622 1023.136 1022.931 1022.103 1020.815 1015.805 1013.129 1009.911 1006.367 999.23 995.6713 992.2674 988.996 981.8586 978.458 974.6382 970.1262 960.9207 955.7675 950.9984 946.3898 937.7811 933.2319 929.1036 924.8815 916.3438 911.6173 906.4578 900.1619 884.2715 877.6273 872.8041 868.5132 858.291 852.7766 849.6441 843.9273 832.0783 828.6033 826.4354 824.4268 821.7266 820.8134 820.3277 820.0448 819.6112 819.0853 818.5405 817.3892 816.6115 815.6471 813.8055 808.543 805.264 800.1503 794.7668 784.0503 780.3117 777.2216 774.4947 770.062 768.4628
1014.169 1015.026 1015.706 1016.124 1015.755 1014.515 1010.681 1008.618 1005.88 1002.679 995.9456 992.2407 988.8649 985.5139 978.5581 975.4578 971.6923 967.3708 958.6057 954.1086 949.3459 944.6176 937.0586 932.8829 929.0823 925.196 917.2404 912.6353 907.4744 901.2504 886.351 879.1041 874.1569 870.3904 860.3867 855.1708 849.6441 846.2173 834.4147 828.6066 824.527 820.931 816.6671 815.6427 814.7957 814.1905 813.1735 812.7311 812.331 811.509 810.9477 810.0137 808.723 804.3774 801.1332 796.5204 791.3007 781.9913 779.1132 776.3808 773.8652 769.7636 768.2717
1006.775 1007.393 1008.021 1008.635 1008.533 1008 1006.949 1003.668 1001.9 998.993 995.4163 988.398 984.709 980.7807 973.9949 970.7458 967.0165 962.9354 954.3607 950.7822 945.8643 941.0734 934.3251 931.0773 927.7148 924.1304 916.663 912.2579 906.8619 901.1248 888.3075 880.4578 875.4468 871.4155 862.0107 857.1337 851.7288 846.2173 836.4438 831.3124 824.8984 819.1467 813.8316 811.3103 809.2507 808.2382 807.7836 807.4048 806.7208 805.8766 804.4014 803.1993 801.7375 797.7545 795.2405 791.7511 787.2592 780.2243 777.7322 775.2531 773.0268 769.4175 767.99
999.8979 1000.191 1000.504 1001.104 1001.271 1001.463 1001.095 998.4684 996.9248 994.2621 991.0347 984.0767 979.962 975.985 972.4576 965.6915 961.3543 956.6522 948.9651 945.3285 940.8401 937.05 931.1068 928.4587 925.5906 922.2739 914.8811 910.8442 905.952 900.3873 888.8271 882.8381 877.2988 872.12 862.7519 858.1486 853.1129 847.4308 836.4438 831.3124 827.051 821.0877 810.8159 806.9141 804.4545 802.8112 798.4986 797.215 796.7867 796.4663 795.4849 794.7178 793.5865 792.1372 788.7549 785.4355 782.4255 780.3264 776.2578 774.0059 772.1702 768.9772 767.6027
992.7641 992.9259 993.1108 993.5543 993.7251 993.9322 993.9537 992.5558 991.215 989.1509 986.3662 979.0699 975.2628 971.6505 968.2133 959.933 954.6741 950.4019 947.2942 940.973 937.2864 933.5398 927.4749 924.8474 922.0974 919.3332 912.7729 908.0885 903.7218 898.392 887.3642 882.2007 877.2117 872.2941 863.0462 858.4753 853.8193 848.2397 837.5627 832.7599 827.051 823.0034 811.3309 806.3915 802.4359 797.8992 792.0436 790.9089 790.3054 789.8099 788.5042 787.7972 786.8472 785.3992 782.572 780.7183 779.2219 777.947 774.4976 772.835 771.3104 769.7823 767.0969
986.103 986.1592 986.27 986.6487 986.8562 987.0431 987.2138 986.8264 985.8523 984.1306 981.4531 974.4256 970.8437 967.4086 963.4467 953.376 949.1346 945.9252 943.2504 937.1063 933.1713 929.5229 926.4592 921.1458 918.4211 915.5288 907.8334 903.4244 898.6583 893.4281 884.1763 879.3749 875.4966 871.2702 862.0207 857.0055 852.5175 847.5154 837.8818 833.7142 828.817 823.0034 812.4519 807.3028 801.8118 796.3552 790.3694 788.6485 786.9343 785.6769 783.7139 782.7267 781.8523 780.8803 779.246 778.3775 777.265 775.9732 772.9661 771.7114 770.3515 768.9751 766.5463
979.4261 979.2327 979.2538 980.263 980.7025 981.1757 981.5819 981.7628 980.9724 979.2643 976.7742 970.0605 966.4841 962.3249 957.4063 948.2457 944.875 941.9363 938.9984 932.261 928.5115 925.2422 922.4888 917.4113 914.1658 910.1871 905.7267 896.9384 891.6482 887.1926 879.7441 876.2934 872.5027 868.8227 859.5568 854.6485 850.0683 845.8006 837.3371 833.2971 828.9416 823.6432 812.4519 808.1912 802.5354 796.6801 788.3469 786.1014 783.2321 781.6135 780.5446 779.834 779.203 778.5985 777.1576 776.3416 775.3963 774.2688 771.8713 770.7056 769.4089 768.197 765.9629
973.8224 973.3265 973.0221 973.8633 974.6312 975.4119 976.1476 977.3855 976.4279 974.6371 971.9379 965.4935 961.1999 956.3057 951.5043 943.664 940.5056 937.4609 934.2126 927.2694 923.9547 920.9202 918.11 911.6701 906.7704 902.2117 897.907 889.0641 884.5036 879.9576 876.4216 870.6074 867.5718 864.261 859.8976 851.4847 847.2286 843.368 835.3867 831.7545 827.2722 822.202 812.6351 808.1912 802.5354 796.8124 786.7339 783.7012 781.3107 779.9702 778.7392 778.0999 777.3757 776.7598 775.2775 774.5546 773.7976 772.9227 770.8099 769.6654 768.5611 767.4866 765.3596
973.8224 966.9059 966.1764 966.3277 967.2841 968.2641 969.1716 970.4318 969.8977 968.3844 966.3136 959.7365 955.1443 950.5315 946.0956 938.902 935.8501 932.764 929.4409 922.3803 919.078 915.6614 911.8267 901.8409 897.4031 892.5096 888.1221 880.4395 876.6666 873.2404 870.0005 864.0649 860.8793 857.2834 853.5456 846.4036 843.098 839.8335 836.1919 828.7844 824.1205 819.2429 810.7546 806.5886 802.0249 796.8124 785.3555 781.8883 780.162 779.1667 777.4807 776.5972 775.8532 775.1717 773.7217 773.0621 772.4885 771.8068 769.823 768.8064 767.7899 766.7644 764.772
969.0409 966.9059 961.0262 960.2351 960.6763 961.3789 962.1681 963.5895 963.3976 962.0024 959.8525 953.4612 949.1892 944.3299 940.3218 934.1636 931.1333 927.9836 924.1934 916.4822 912.6413 908.1201 902.8999 893.3174 888.5848 884.3282 880.1161 872.5895 869.2368 866.0903 862.9218 856.4735 853.5192 850.6252 847.5983 841.5818 838.3329 834.7278 831.3212 824.5612 820.3503 816.0995 811.9733 803.8768 799.3877 794.9746 785.3555 780.7457 779.1774 778.1049 776.3404 775.4669 774.7016 773.7897 772.3516 771.9189 771.3832 770.6715 768.8886 768.0024 767.0515 766.0051 764.2355
965.201 962.5012 961.0262 960.3333 954.3957 954.9908 955.6057 956.5583 956.3651 955.6276 953.6626 946.6703 942.4945 938.6154 935.3732 929.4269 925.837 921.35 917.1386 909.0279 904.4441 899.4768 894.596 884.9418 880.6237 876.4896 872.457 864.5725 861.6503 858.617 855.2488 849.5549 846.7451 843.8609 841.2032 836.0333 832.8165 829.4645 826.2436 819.4941 816.1107 812.2958 808.608 799.733 795.1702 791.5085 787.5939 780.7457 778.0867 776.8943 775.1074 774.335 773.5642 772.6375 771.2435 770.7571 770.0984 769.4681 767.9521 767.0884 766.1448 765.2433 763.7599
964.1735 960.5369 956.6473 954.1414 954.3957 947.9417 948.5803 949.3974 949.7407 948.9739 947.1284 944.0876 936.8946 933.7411 930.8513 923.6241 918.8413 914.0926 909.5632 901.3798 896.9365 891.7099 886.3564 876.4506 872.3956 868.0963 864.1016 857.5533 854.2196 851.3519 848.6115 843.1014 840.5623 838.0913 835.5772 830.0568 827.1423 823.6992 820.1819 813.8907 810.1231 807.0436 803.3188 794.0269 790.4922 787.1467 783.8264 779.5164 778.0867 775.6625 774.6891 773.0869 772.3804 771.5021 770.65 769.3986 768.817 768.2416 766.9438 766.1245 765.2573 764.5389 763.2206
962.7009 957.9881 953.519 950.1895 947.9407 947.9417 940.723 942.2408 942.9077 941.8232 940.7178 938.5139 932.0569 929.0219 925.8574 921.7447 912.4125 907.9156 903.3028 894.9337 889.4449 883.4125 877.8207 869.0248 864.3176 860.1904 856.5298 850.5111 847.7347 845.0226 842.2079 837.2535 834.9653 832.5645 830.0531 823.646 820.1334 816.8882 813.2611 805.0953 802.3262 798.6497 794.7211 788.3533 785.1877 782.4277 780.7561 778.2878 776.9207 775.6625 774.6891 771.98 771.2192 770.3721 769.5308 768.3458 767.8307 767.2232 766.5577 765.2236 764.55 763.8995 762.8608
961.4278 956.9219 952.6981 948.125 940.2017 939.6522 940.723 931.6212 934.8448 934.2968 933.5571 932.2806 927.3822 924.4937 921.1694 916.8718 907.0973 902.5148 898.0877 893.0431 880.2928 874.6811 870.0573 861.2596 856.7452 852.8205 849.7075 844.1182 841.2655 838.6171 836.02 831.2849 828.9545 826.343 823.0609 815.6104 812.0179 807.7202 804.0167 797.5859 793.6726 790.5706 787.7228 782.2859 780.652 779.6343 778.7363 776.6133 775.5028 774.4969 773.5942 771.98 770.3521 769.4149 768.888 768.345 767.6971 766.7114 765.7699 764.453 763.8264 763.1666 762.8359
960.0715 955.8214 951.6417 946.6735 937.0829 933.2432 930.936 931.6212 926.0687 926.7957 927.0624 926.6665 923.0066 920.4086 917.483 912.6601 901.6587 896.8586 891.6134 885.0366 872.5542 867.7859 862.6506 857.807 850.0707 846.9094 843.9504 837.7703 834.6933 831.8911 829.3411 824.6322 821.7436 818.0664 814.4417 806.3062 802.7138 799.6935 796.6484 790.1185 786.8479 783.7866 781.5305 779.4463 778.5009 777.566 776.7153 774.8399 774.0517 773.2751 772.5328 771.1247 770.3521 768.7786 768.58 768.4903 767.868 766.4539 765.0831 763.7137 763.0979 762.5588 763.6849
959.0404 955.1348 950.8599 945.8888 934.7906 928.7489 925.1912 924.3224 926.0687 926.7957 920.2888 920.654 919.0518 916.8957 912.7156 906.8202 895.4754 890.4213 884.0405 877.2659 866.7164 860.6791 855.2673 851.0804 844.7225 841.3033 837.6813 834.2766 828.0187 825.4356 823.0188 820.2206 813.5457 809.6769 805.4824 798.4519 795.3674 792.4553 789.2325 782.5463 780.5194 779.5939 778.9243 777.2916 776.3973 775.6188 774.8725 773.3601 772.6744 771.9893 771.292 769.9879 769.2634 768.7786 768.2327 768.3057 767.4857 765.7036 764.1898 762.8298 762.454 763.367 766.0037
957.6779 953.7419 949.4293 944.8552 933.0314 927.2283 922.296 918.2652 918.1674 919.55 920.2888 915.6204 914.9913 911.7147 906.673 900.9485 889.8373 884.1065 877.6277 871.4077 859.505 854.012 849.6602 845.9139 838.4183 834.2445 830.5578 827.4955 821.7599 819.098 816.1422 812.7742 804.553 800.7126 797.2965 794.0497 787.6777 784.4523 781.4296 779.1213 778.4279 777.6211 776.8476 775.2675 774.5969 773.932 773.2577 771.7978 771.1915 770.5309 769.8067 768.8453 768.5116 768.2951 768.2327 768.3057 765.8555 764.4951 763.2737 762.4633 763.331 765.429 768.4672
956.2939 952.1892 947.7684 943.0326 931.293 925.2787 919.4416 914.1848 908.6039 910.8962 913.5942 915.6204 906.5456 905.0564 901.081 895.8204 884.8426 878.9288 871.3079 864.6714 853.4675 849.0778 845.2983 841.0398 831.5634 827.7569 824.5645 821.4988 815.0195 811.5703 807.9228 803.8691 796.2374 792.6099 789.6664 786.8701 780.8919 779.6302 778.8749 778.0244 776.4087 775.6652 774.9626 773.6158 772.944 772.3397 771.6893 770.3131 769.6346 769.0731 768.6345 768.1077 767.9537 767.9658 767.9215 766.9107 765.8555 762.9209 762.3892 764.0662 765.5742 767.3513 770.6177
958.9709 950.6013 946.0835 941.4449 929.518 923.1926 916.8501 909.818 900.6226 900.9709 902.3297 903.8868 906.5456 897.0156 895.0743 890.9652 879.4211 872.5822 865.6246 859.3723 849.4203 844.6835 840.4929 835.6651 826.4344 822.874 819.6052 816.0452 808.1298 803.0732 798.7852 795.02 788.8805 785.8503 783.3956 781.2545 778.8557 777.9351 777.0217 776.1633 774.6994 774.0359 773.3526 772.6605 771.3889 770.7628 770.1086 768.789 768.3531 767.975 767.6948 767.5214 767.4657 766.9775 766.3369 764.7557 763.7717 762.9209 764.0668 767.6744 768.9108 770.6945 774.1549
957.3202 948.7848 944.2702 939.4824 934.0035 921.2635 914.4453 906.9356 900.8309 894.6212 894.9766 896.1364 897.7952 897.0156 895.0743 884.1571 873.3586 867.0538 861.0344 855.5042 846.088 841.2028 835.7889 830.7458 822.4902 818.5772 814.8745 811.2532 799.8011 794.9908 791.3963 788.7357 783.5613 780.973 779.671 778.9127 777.0136 776.1321 775.3491 774.5822 773.2034 772.5814 771.9212 771.2629 769.9216 769.075 768.4375 767.9835 767.2112 767.0423 766.8922 766.5271 765.5628 764.944 764.1392 762.6536 762.5112 762.7056 764.0668 772.472 774.5015 776.4261 778.4562
955.1066 946.5909 942.1328 937.2646 931.9484 919.2036 912.1466 905.2393 898.8524 889.3515 888.2477 888.4412 889.1212 889.7293 888.2596 884.1571 868.186 862.9239 857.3947 852.3137 842.6127 837.0613 831.3102 826.7151 818.8194 814.8393 810.8084 805.4985 792.756 789.4265 787.1422 784.7592 780.5153 779.3237 778.2382 777.2009 775.3697 774.5746 773.8203 773.076 771.8325 771.1488 770.4988 769.799 768.3347 767.6523 767.0701 766.6818 766.0053 765.4645 764.9878 764.437 763.1795 762.4787 762.2237 762.287 764.4347 767.2578 769.2887 772.472 780.4218 782.0674 783.9279
952.3032 943.9713 939.6205 934.2795 928.8254 917.0004 909.6131 902.6047 896.1445 884.9435 879.9496 878.5646 879.8148 881.6113 881.2034 878.3258 873.4998 859.6619 854.7647 849.6576 838.8093 832.179 827.4397 823.5696 815.4432 810.8713 806.6042 801.5485 789.1142 786.2151 783.6994 781.5892 778.9447 777.7878 776.6624 775.658 773.9246 773.0969 772.3729 771.7346 770.3893 769.665 768.8513 768.0839 766.6591 765.9627 765.4552 765.0627 764.0576 763.3751 762.7826 762.1716 761.8163 762.327 763.2221 764.5727 768.6147 771.3303 774.0475 776.6185 780.4218 782.0674 790.2944
949.0248 941.2534 936.5515 930.9033 925.6557 914.9374 906.3978 898.9764 892.7142 879.6136 874.4879 871.5187 871.2906 873.3302 873.0056 871.6124 868.6612 859.6619 851.5502 846.3669 840.428 828.7531 824.4219 820.7004 811.2275 806.543 802.3966 798.0118 786.8931 783.0452 780.9471 779.7145 777.394 776.3066 775.2484 774.2572 772.513 771.7524 771.0298 770.3188 768.7728 767.8085 766.8575 766.0565 764.9665 764.3065 763.781 763.2279 761.9854 761.4671 761.4524 762.1 764.4106 765.7711 767.0747 768.3506 773.1782 776.1821 779.1909 782.1025 786.6755 788.5986 790.2944
945.8309 938.3091 933.0513 927.8705 923.2387 912.6544 903.3774 895.407 888.5265 874.0728 867.265 863.3714 862.3147 864.2659 864.9966 865.0135 863.2803 855.6846 851.5502 846.3669 836.2051 825.7115 821.4334 816.9774 811.5778 802.6464 799.2926 793.9435 787.502 780.3949 779.1763 778.0403 775.9868 774.9454 773.8698 772.9099 771.2127 770.3744 769.5114 768.6485 766.4525 765.4604 764.6601 764.1044 763.1961 762.621 762.0761 761.5656 761.7419 763.0388 764.5062 766.0251 768.9825 770.1158 771.5961 773.3879 778.3548 781.3105 784.5363 787.7836 793.1707 795.1374 797.0999
