var/www/cgi-bin/BAERTOOLS/ravel/working/ravel-15207.prodgrd.txt
NCOLS 41
NROWS 41
XLLCORNER 371745.66
YLLCORNER 4053456.8
CELLSIZE 10
NODATA_VALUE -9999
0 0 0 0 0 0 0 -26.574213 -27.60653 -28.377859 -27.104993 -26.868558 -26.194528 -27.091825 -33.240306 0 -35.193357 -26.316875 -27.852236 -26.894372 -26.684442 -26.644014 -26.164375 -26.480355 -26.625084 -26.866357 -26.255615 -26.778587 -26.902447 -26.642169 -26.543224 -26.133543 -26.560567 -26.672 -26.781328 -26.821835 -26.198091 -26.686106 -27.11538 -27.047469 -26.739619 
0 0 0 0 0 0 0 -26.427007 -26.669816 -26.976822 -26.714563 -26.614553 -26.179872 -26.193654 -27.079621 -29.015301 -28.520325 -26.302763 -26.316875 -26.80735 -26.661764 -26.190419 -26.160243 -26.182401 -26.358103 -26.424278 -26.194825 -26.205261 -26.440251 -26.349075 -26.310382 -26.108499 -26.134434 -26.443364 -26.538843 -26.600651 -26.18332 -26.200057 -26.645487 -26.739619 -26.916527 
0 0 0 0 0 0 0 -26.357479 -26.435494 -26.470933 -26.480969 -26.473999 -26.165012 -26.179872 -26.844508 -27.684919 -27.678653 -26.29105 -26.302763 -26.718887 -26.572321 -26.193638 -26.190419 -26.196111 -26.519734 -26.529613 -26.19823 -26.211374 -26.771474 -26.529862 -26.417992 -26.120534 -26.138569 -26.398437 -26.447496 -26.487936 -26.19501 -26.205654 -26.78928 -26.674823 -26.9451 
0 0 0 0 0 0 0 -26.205149 -26.308769 -26.361371 -26.416295 -26.397105 -26.149077 -26.165012 -26.687779 -27.247277 -26.285997 -26.280209 -26.29105 -26.525054 -26.448474 -26.193505 -26.193638 -26.617749 -26.686732 -26.612552 -26.166583 -26.195432 -26.422056 -26.300866 -26.252469 -26.103865 -26.120534 -26.310468 -26.360909 -26.417992 -26.193971 -26.19501 -26.87225 -26.997546 -27.126461 
0 0 0 0 0 0 -26.519615 -26.164903 -26.205149 -26.308769 -26.361371 -26.313356 -26.158232 -26.149077 -26.633173 -27.018248 -26.270374 -26.285997 -26.280209 -26.405451 -26.395504 -26.190307 -26.193505 -26.429445 -26.43752 -26.388025 -26.139979 -26.166583 -26.244351 -26.196812 -26.177412 -26.098679 -26.103865 -26.246539 -26.310468 -26.360909 -26.206803 -26.193971 -26.75219 -26.87225 -26.997546 
0 0 0 0 -26.916155 -26.378396 -26.3037 -26.182845 -26.164903 -26.357649 -26.357593 -26.144505 -26.182092 -26.158232 -27.045125 -27.036962 -26.263708 -26.270374 -26.442582 -26.355285 -26.361314 -26.175508 -26.190307 -26.398789 -26.358843 -26.31401 -26.115489 -26.139979 -26.145483 -26.133781 -26.14364 -26.105739 -26.098679 -26.221824 -26.30456 -26.377195 -26.25472 -26.206803 -26.788178 -26.970939 -27.147698 
0 0 -26.751439 -26.450174 -26.382436 -26.380117 -26.371973 -26.201594 -26.182845 -26.330083 -26.25312 -26.161736 -26.144505 -26.182092 -26.920639 -26.854095 -26.255181 -26.263708 -26.328594 -26.300186 -26.320566 -26.160848 -26.175508 -26.340234 -26.265289 -26.222655 -26.086694 -26.115489 -26.10066 -26.114128 -26.133781 -26.14364 -26.105739 -26.26692 -26.490374 -26.329265 -26.313138 -26.25472 -27.018248 -27.304217 -27.573335 
-31.962908 -27.655261 -26.501934 -26.525911 -26.426765 -26.362183 -26.193754 -26.191811 -26.201594 -26.252667 -26.263185 -26.220115 -26.161736 -26.861594 -26.808507 -26.612053 -26.231707 -26.255181 -26.258869 -26.267015 -26.28963 -26.150168 -26.160848 -26.245814 -26.175631 -26.149432 -26.079424 -26.086694 -26.120451 -26.10066 -26.114128 -26.215965 -26.182771 -26.540004 -27.475612 -26.32346 -26.272496 -26.343968 -26.767277 -26.958567 -29.119493 
0 -30.639171 -26.556241 -26.477206 -26.355229 -26.320384 -26.190163 -26.193754 -26.191811 -26.270083 -26.252667 -26.263185 -26.220115 -26.830523 -26.593231 -26.561779 -26.189428 -26.225728 -26.221824 -26.247594 -26.255123 -26.134298 -26.150168 -26.181419 -26.136227 -26.137598 -26.127724 -26.079424 -26.181434 -26.19329 -26.168826 -26.186255 -26.266889 -26.361082 -26.845774 -26.272496 -26.274284 -26.633707 -26.715242 -26.914669 -28.034205 
0 -26.444062 -26.300066 -26.326691 -26.321113 -26.32309 -26.193372 -26.190163 -26.294429 -26.258987 -26.270083 -26.35635 -26.29836 -26.536538 -26.461402 -26.464344 -26.140861 -26.189428 -26.212909 -26.212328 -26.189907 -26.136351 -26.134298 -26.229867 -26.181419 -26.136227 -26.137598 -26.170845 -26.19329 -26.168826 -26.186255 -26.132043 -26.273056 -26.301308 -26.534252 -26.274284 -26.273122 -26.624242 -26.668626 -27.005546 -27.005546 
-26.527016 -26.246728 -26.336631 -26.300066 -26.314886 -26.317321 -26.20667 -26.193372 -26.320157 -26.342143 -26.46511 -26.321708 -26.35635 -26.437859 -26.437605 -26.337185 -26.119678 -26.140861 -26.194305 -26.189763 -26.174544 -26.189907 -26.136351 -26.260632 -26.306213 -26.26692 -26.205541 -26.164183 -26.309234 -26.43541 -26.132043 -26.158343 -26.301308 -26.297966 -26.39999 -26.273122 -26.217484 -26.668626 -26.668626 -26.870904 -27.333423 
-26.424757 -26.236267 -26.246728 -26.287931 -26.301026 -26.314886 -26.255036 -26.20667 -26.419702 -26.53186 -26.726992 -26.274785 -26.321708 -26.472708 -26.375688 -26.258128 -26.132703 -26.119678 -26.194004 -26.227068 -26.189763 -26.174544 -26.250341 -26.593387 -26.345972 -26.228494 -26.164183 -26.284806 -26.526893 -26.974292 -26.158343 -26.194221 -26.297966 -26.39999 -26.51854 -26.217484 -26.217484 -26.668626 -26.785982 -27.064849 -27.928084 
-26.372772 -26.214121 -26.236267 -26.304437 -26.287931 -26.301026 -26.320794 -26.255036 -26.596366 -26.650323 -26.71029 -26.249814 -26.274785 -26.451344 -26.384652 -26.286251 -26.225887 -26.132703 -26.238012 -26.403422 -26.453156 -26.245681 -26.212069 -26.409721 -26.618426 -26.309319 -26.386034 -26.360275 -26.649761 -26.980642 -26.181361 -26.203797 -26.464631 -26.616568 -26.616568 -26.217484 -26.190275 -26.785982 -26.937465 -27.326446 -28.22945 
-26.347516 -26.266134 -26.214121 -26.304848 -26.346609 -26.430838 -26.364347 -26.320794 -26.620808 -26.688408 -26.816403 -26.272397 -26.249814 -26.501711 -26.652957 -26.384652 -26.286251 -26.225887 -26.429036 -26.492514 -26.245681 -26.212069 -26.527385 -26.731469 -26.582212 -26.184731 -26.29184 -26.386034 -26.519017 -26.649761 -26.198056 -26.181361 -26.671211 -26.616568 -26.671211 -26.171912 -26.180997 -26.943343 -26.965126 -27.439839 -28.86549 
-26.597471 -26.347516 -26.266134 -26.549336 -26.690514 -26.794839 -26.542861 -26.364347 -26.832668 -27.30046 -27.205957 -26.400203 -26.272397 -26.975977 -27.620789 -26.665864 -26.508378 -26.429036 -26.54078 -27.224273 -26.448652 -26.655042 -26.706289 -26.408091 -26.337538 -26.153466 -26.184731 -26.307884 -26.425237 -26.595736 -26.152935 -26.198056 -26.520934 -26.748697 -26.602254 -26.158555 -26.166019 -26.805621 -26.950494 -27.460335 -29.858532 
-27.09534 -26.52677 -26.44892 -26.983634 -26.87124 -26.786256 -26.797367 -26.542861 -32.84966 -35.307091 -28.653676 -26.62338 -26.400203 0 0 -31.721064 -26.608916 -26.768584 -27.140737 -28.563261 -26.263155 -26.425638 -26.370812 -26.29135 -26.292483 -26.153185 -26.153466 -26.380502 -26.601612 -26.58905 -26.143476 -26.152935 -26.391253 -26.464535 -26.53299 -26.184158 -26.158555 -27.067872 -27.094808 -27.654048 -31.482738 
-27.028456 -26.584928 -26.52677 -26.955726 -26.997105 -27.256303 -28.586764 -27.499135 0 0 -35.307091 -26.729341 -26.62338 0 0 -27.130452 -27.226269 -26.519017 -26.601291 -26.687151 -26.197432 -26.263155 -26.267363 -26.266984 -26.29135 -26.235823 -26.153185 -26.654662 -26.712083 -26.573484 -26.167884 -26.143476 -26.461779 -26.424358 -26.464535 -26.26242 -26.184158 -27.293009 -26.87225 -26.471523 -39.443412 
-27.612682 -27.028456 -26.584928 -27.689966 -29.928555 0 -32.243323 -30.658322 0 0 -26.824154 -26.599375 -26.729341 0 0 -26.487409 -26.519136 -26.489099 -26.466552 -26.370995 -26.16184 -26.197432 -26.339059 -26.267363 -26.266984 -26.176331 -26.235823 -26.721876 -26.654662 -26.576855 -26.204665 -26.167884 -26.97894 -26.75194 -27.296724 -26.27848 -26.282101 -26.814635 -26.633885 -26.343183 -26.343183 
0 -27.612682 -27.06939 0 0 0 -39.471422 -32.243323 0 0 -26.518183 -26.824154 -26.599375 -33.042007 -30.756496 -26.274651 -26.43965 -26.414005 -26.331343 -26.293701 -26.284555 -26.16184 -26.260542 -26.292939 -26.368993 -26.200501 -26.176331 -26.706953 -26.721876 -26.637465 -26.227572 -26.204665 -27.034585 -27.296724 -26.542731 -26.282101 -26.396686 -26.633885 -26.602897 -26.233385 -26.295006 
0 -28.812401 -28.704556 0 0 0 0 -39.471422 0 -28.069647 -26.38315 -26.518183 -27.457506 -27.239741 -26.54641 -26.20667 -26.274651 -26.307297 -26.414005 -26.331343 -26.262085 -26.236763 -26.274018 -26.355733 -26.292939 -26.220588 -26.200501 -26.763126 -26.711185 -26.585535 -26.24662 -26.227572 -27.137288 -28.075356 -26.444675 -26.388425 -26.604027 -26.67181 -26.667045 -26.223981 -26.283984 
0 -30.319533 -28.812401 0 0 -30.922481 0 -29.060275 -27.397924 -26.942555 -26.398718 -26.38315 -26.776784 -26.47761 -26.375251 -26.18782 -26.20667 -26.36797 -26.307297 -26.278172 -26.144792 -26.262085 -26.236763 -26.274018 -26.355733 -26.238213 -26.220588 -26.679701 -26.567286 -26.226635 -26.280314 -26.24662 -27.576632 -31.854631 -26.388425 -26.474397 -28.869615 -26.929741 -26.758765 -26.232903 -26.286413 
-30.922481 -31.565868 -30.319533 0 0 -27.388464 -28.607685 -27.476577 -27.18818 -27.218983 -26.43583 -26.398718 -26.505305 -26.427735 -26.381531 -26.375251 -26.18782 -26.29923 -26.281187 -26.272792 -26.155005 -26.144792 -26.290937 -26.391118 -26.43965 -26.25406 -26.238213 -26.607277 -26.577741 -26.26242 -26.226635 -26.280314 -28.294815 0 -26.470148 -26.526156 0 -27.604656 -26.884904 -26.255094 -26.297264 
-31.021041 -30.922481 -31.565868 0 -39.465529 -27.043193 -27.388464 -27.944808 -27.476577 -27.18818 -26.385836 -26.43583 -26.513117 -26.505305 -26.427735 -26.33047 -26.282595 -26.29609 -26.29923 -26.281187 -26.182343 -26.155005 -26.383541 -26.471425 -26.243744 -26.255469 -26.25406 -26.60435 -26.602897 -26.279584 -26.26242 -28.04712 -29.815646 0 -26.453065 -26.470148 0 -29.562674 -27.062343 -26.279031 -26.312207 
-31.380117 -31.021041 0 0 -39.489089 -27.175188 -27.043193 -28.509118 -27.944808 -27.209835 -26.345601 -26.385836 -26.567286 -26.513117 -26.334883 -26.152977 -26.327402 -26.282595 -26.29609 -26.29923 -26.214508 -26.182343 -26.454984 -26.476903 -26.25295 -26.243744 -26.255469 -26.601451 -26.60435 -26.270568 -26.279584 -27.190059 -28.20513 -28.701319 -26.429608 -26.453065 0 -28.884284 -27.172136 -26.327354 -26.345419 
-39.446064 -31.380117 0 0 0 -27.283451 -27.175188 -28.299491 -27.427093 -27.963419 -27.209835 -26.345601 -26.567143 -26.432987 -26.332124 -26.176676 -26.152977 -26.327402 -26.339161 -26.228239 -26.237536 -26.214508 -26.479233 -26.509296 -26.254634 -26.25295 -26.616568 -26.595265 -26.601451 -26.221998 -26.270568 -26.892956 -27.447226 -27.252816 -26.474897 -26.429608 -36.62105 -27.060346 -26.933973 -26.368391 -26.374628 
0 -39.446064 0 0 0 -27.317926 -27.283451 -29.935405 -28.299491 -27.427093 -26.367311 -26.741076 -26.577298 -26.465014 -26.426603 -26.213898 -26.176676 -26.458124 -26.385111 -26.246782 -26.228239 -26.237536 -26.535646 -26.587058 -26.260632 -26.254634 -26.606298 -26.626321 -26.549469 -26.19928 -26.221998 -26.60322 -27.067872 -27.447226 -26.606298 -26.474897 -27.178871 -26.773324 -26.936298 -26.376817 -26.368391 
0 0 0 0 0 -27.260513 -27.317926 -29.643187 -27.32256 -27.167286 -26.411513 -26.367311 -26.616231 -26.563462 -26.229516 -26.233192 -26.213898 -26.539875 -26.518183 -26.245387 -26.246782 -26.557339 -26.593075 -26.604674 -26.267458 -26.260632 -26.640359 -26.64475 -26.629465 -26.264791 -26.19928 -27.056376 -27.936465 -27.504131 -26.619275 -26.606298 -26.742783 -26.733847 -26.773324 -26.418457 -26.376817 
0 0 0 0 0 0 -27.260513 -27.716964 -27.768076 -27.32256 -26.400061 -26.411513 -26.714337 -26.616231 -26.244404 -26.229516 -26.233192 -26.618257 -26.559689 -26.252243 -26.245387 -26.616905 -26.628413 -26.604836 -26.275388 -26.267458 -26.641269 -26.67201 -26.689881 -26.339978 -26.264791 -29.287623 -27.565695 -27.406636 -26.561919 -26.619275 -26.762869 -26.742783 -26.437689 -26.467422 -26.418457 
0 0 0 0 0 -26.88699 -27.953223 -28.534476 -27.716964 -26.444499 -26.3777 -26.400061 -26.695837 -26.712083 -26.239324 -26.244404 -26.67221 -26.619615 -26.640905 -26.275355 -26.252243 -26.671211 -26.616905 -26.629992 -26.276366 -26.275388 -26.683612 -26.771474 -26.816699 -26.380309 -26.339978 -28.379495 -29.287623 -27.565695 -26.612219 -26.561919 -26.898287 -26.762869 -26.546675 -26.437689 -26.467422 
0 0 0 0 0 -27.110976 -26.88699 -27.953223 -27.384206 -26.407796 -26.444499 -26.3777 -26.811413 -26.548002 -26.235282 -26.239324 -26.584323 -26.644198 -26.619615 -26.275523 -26.275355 -26.781356 -26.671211 -26.723496 -26.285454 -26.276366 -26.79205 -26.902237 -26.95816 -26.398578 -26.380309 -28.144371 -28.379495 -26.56304 -26.531234 -26.612219 -27.147698 -26.963478 -26.605973 -26.546675 -29.949178 
0 0 0 0 -30.129836 -30.206814 -27.110976 -28.382006 -27.271162 -26.436083 -26.407796 -26.767538 -26.51747 -26.468197 -26.248987 -26.235282 -26.612884 -26.584323 -26.644198 -26.268094 -26.275523 -26.85539 -26.991847 -26.928594 -26.326549 -26.285454 -26.83917 -26.953304 -26.981068 -26.426926 -26.398578 -27.858336 -28.144371 -26.564731 -26.56304 -26.531234 -27.846175 -27.796219 -26.564589 -26.605973 -33.46104 
0 0 0 0 0 -30.129836 -29.011278 -26.665079 -26.597629 -26.382955 -26.436083 -26.548535 -26.527509 -26.51747 -26.28302 -26.248987 -26.678679 -26.695194 -26.764678 -26.287125 -26.268094 -26.953304 -27.26617 -27.18818 -26.378841 -26.326549 -26.999312 -26.83917 -27.112619 -26.409126 -26.426926 -27.831196 -28.543044 -26.564448 -26.564731 -32.191937 -34.374646 -31.054777 -26.455167 -26.564589 -30.270494 
0 0 0 0 0 -38.787416 -26.541429 -26.398859 -26.489735 -26.339518 -26.382955 -26.541949 -26.548535 -26.527509 -26.319794 -26.28302 -26.79456 -26.829302 -26.908411 -26.32043 -26.287125 -27.23906 -27.750251 -27.596709 -26.375376 -26.378841 -27.007341 -27.00153 -26.55789 -26.411964 -26.409126 -27.631333 -28.760797 -26.588743 -26.564448 -31.291814 -29.637315 -29.278073 -26.457845 -26.455167 -28.409985 
0 0 0 0 -29.649077 -26.816108 -26.478217 -26.474497 -26.398859 -26.348428 -26.339518 -26.540262 -26.541949 -26.586144 -26.359358 -26.319794 -27.017789 -27.114267 -27.114267 -26.36016 -26.32043 -27.766692 -28.306541 -28.540182 -26.375938 -26.375376 -27.401396 -31.839483 -26.58402 -26.55789 -26.411964 -29.163214 0 -26.558166 -26.588743 -36.098307 -31.291814 -29.637315 -26.528497 -26.457845 -33.612023 
0 0 0 0 -26.598263 -26.562619 -26.550676 -26.478217 -26.474497 -26.306296 -26.348428 -26.591365 -26.604998 -26.720954 -26.413853 -26.359358 -27.135 -27.191945 -27.197637 -26.418457 -26.36016 -28.465266 -29.278073 -26.426201 -26.387625 -26.375938 -29.619814 0 -26.568429 -26.58402 -39.454915 0 0 -26.515108 -26.558166 -34.833535 -39.394543 -39.460222 -26.602254 -26.528497 -39.501443 
0 0 0 0 -26.333695 -26.598263 -26.562619 -26.489948 -26.424757 -26.276671 -26.306296 -26.678883 -26.850555 -27.091631 -26.462536 -26.413853 -27.432528 -27.474648 -27.335867 -26.468392 -26.418457 -29.437858 -30.270494 -26.457196 -26.426201 -26.387625 -39.491443 0 -26.543515 -26.568429 0 0 0 -26.574798 -26.515108 0 0 0 -27.218983 -26.602254 0 
0 0 0 -26.816108 -26.27848 -26.333695 -26.436336 -26.323739 -26.361025 -26.32226 -26.276671 -26.91282 -27.183197 -27.303464 -26.563321 -26.462536 -27.855281 -27.702715 -26.546807 -26.521174 -26.468392 -29.31661 -30.23047 -26.511721 -26.457196 -33.877716 0 0 -26.52226 -26.543515 0 0 0 -26.727461 -26.574798 0 0 0 -27.234317 -26.607441 0 
0 -27.598972 -26.671211 -26.582212 -26.290077 -26.27848 -26.32636 -26.348428 -26.323739 -26.361025 -26.32226 -27.05391 -27.125379 -27.216356 -26.751189 -26.563321 -29.437858 -28.847889 -26.581163 -26.546807 -26.521174 -30.998799 -32.457688 -26.598898 -26.511721 0 0 0 -26.606461 -26.52226 0 0 0 -26.756984 -26.524444 0 0 -37.603988 -26.607441 -26.616399 0 
-26.695194 -26.638186 -26.646597 -26.655613 -26.259942 -26.290077 -26.379414 -26.32636 -26.348428 -26.346982 -26.383671 -26.927449 -27.05391 -27.202103 -27.024721 -26.751189 -31.706599 -34.252163 -26.75851 -26.581163 -32.457688 -34.017641 -39.482025 -26.975134 -26.598898 0 -32.89149 -33.823104 -26.582212 -26.376817 -26.904044 -27.999956 -31.254851 -26.524444 -26.464344 -28.142335 -31.242645 -34.764924 -26.616399 -26.707174 0 
-26.734086 -26.695194 -26.638186 -26.596997 -26.250452 -26.259942 -26.371728 -26.379414 -26.556652 -26.384063 -26.346982 -26.963478 -28.43075 -30.716734 -27.202103 -27.024721 0 0 -27.837159 -26.75851 0 -39.447835 -29.311744 -26.925547 -26.523471 -27.028925 -26.747952 -26.740833 -26.376817 -26.319794 -26.574652 -26.686315 -27.241787 -26.464344 -26.513701 -27.825272 -28.267153 -29.259138 -26.707174 -31.90055 0 
-28.595557 -26.734086 -26.737926 -26.712308 -26.596997 -26.250452 -26.455534 -26.616399 -27.249348 -28.132216 -26.384063 0 0 0 -30.716734 0 0 0 0 -31.006002 0 0 0 0 -27.432007 0 -31.028283 -30.689184 -38.038395 -26.614106 -28.076232 -29.450738 0 0 -27.311344 0 0 0 0 0 0 
