var/www/cgi-bin/BAERTOOLS/ravel/working/ravel-17765.DEM
NCOLS 43
NROWS 186
XLLCORNER 364825.66
YLLCORNER 3984981.5
CELLSIZE 10
NODATA_VALUE -9999
[rows 41 to 81 of 186, columns 0 to 42 of 43]
1424.354 1423.196 1421.917 1420.592 1419.271 1416.5 1415.123 1413.793 1412.447 1411.088 1408.336 1406.906 1405.54 1404.178 1403.08 1401.816 1401.743 1402.435 1403.613 1405.116 1408.71 1411.074 1413.302 1415.238 1416.884 1419.835 1421.616 1423.585 1425.473 1427.344 1430.837 1432.405 1434.212 1436.045 1437.734 1440.108 1440.583 1441.206 1441.84 1442.505 1444.176 1445.254 1446.281
1423.273 1422.163 1420.953 1419.732 1418.491 1415.809 1414.479 1413.146 1411.794 1410.438 1407.721 1406.29 1404.848 1403.574 1402.65 1401.523 1401.645 1402.389 1403.598 1405.116 1408.582 1410.777 1412.929 1414.977 1416.735 1419.774 1421.634 1423.737 1425.864 1427.845 1431.297 1433.217 1435.569 1437.707 1439.269 1441.083 1441.681 1442.201 1442.757 1443.391 1444.854 1445.687 1446.81
1422.162 1421.128 1419.999 1418.858 1417.713 1415.179 1413.838 1412.502 1411.162 1409.814 1407.063 1405.682 1404.251 1403.153 1402.417 1401.289 1401.373 1402.389 1403.598 1405.056 1408.229 1410.288 1412.29 1414.287 1416.141 1419.381 1421.466 1423.713 1425.891 1427.863 1431.507 1433.933 1436.485 1438.845 1440.414 1441.8 1442.396 1442.998 1443.478 1443.943 1445.346 1446.265 1447.254
1420.848 1419.983 1419.011 1418.012 1416.986 1414.525 1413.199 1411.906 1410.552 1409.145 1406.494 1405.145 1403.824 1402.886 1402.244 1401.289 1401.373 1402.124 1403.16 1404.452 1407.549 1409.51 1411.396 1413.324 1415.259 1418.928 1421.13 1423.392 1425.611 1427.664 1431.572 1434.026 1436.721 1439.115 1440.616 1442.092 1442.692 1443.274 1443.829 1444.226 1445.5 1446.518 1447.603
1419.668 1418.891 1418.07 1417.252 1415.188 1413.906 1412.606 1411.329 1409.948 1408.53 1406.008 1404.718 1403.542 1402.886 1402.244 1401.087 1401.209 1401.907 1402.657 1403.562 1406.708 1408.614 1410.494 1412.387 1414.288 1418.359 1420.664 1423.011 1425.267 1427.359 1431.345 1433.869 1436.513 1438.924 1440.47 1441.863 1442.541 1443.069 1443.626 1444.088 1445.375 1446.617 1447.835
1418.427 1417.674 1417.007 1416.32 1414.43 1413.258 1412.03 1410.714 1409.312 1406.775 1405.514 1404.227 1403.542 1402.701 1401.323 1400.951 1401.052 1401.478 1402.115 1402.798 1405.481 1407.358 1409.591 1411.724 1413.598 1417.88 1420.288 1422.599 1424.817 1426.877 1430.975 1433.365 1435.795 1438.217 1440 1441.348 1441.99 1442.6 1443.196 1443.635 1445.166 1446.412 1447.627
1416.877 1416.141 1415.624 1415.134 1413.473 1412.474 1411.304 1409.953 1408.598 1406.285 1405.514 1404.227 1403.239 1402.532 1401.11 1400.844 1400.981 1400.949 1401.403 1402.908 1404.069 1406.098 1408.802 1411.293 1415.524 1417.625 1419.941 1422.254 1424.37 1426.349 1430.334 1432.61 1434.967 1437.208 1439.048 1440.92 1441.485 1442.125 1442.725 1443.161 1444.369 1445.542 1447.046
1415.552 1414.846 1414.283 1413.822 1412.485 1411.675 1410.52 1409.101 1408.598 1406.285 1405.095 1403.792 1402.939 1402.351 1401.006 1400.746 1400.712 1400.925 1401.248 1402.1 1402.94 1405.133 1408.212 1411.106 1415.692 1417.78 1419.789 1421.923 1423.98 1427.777 1429.683 1431.711 1433.983 1436.12 1439.489 1440.36 1440.952 1441.501 1442.214 1442.708 1443.268 1444.27 1445.933
1414.563 1413.811 1413.143 1412.619 1411.501 1410.656 1410.52 1409.101 1407.908 1405.886 1404.715 1403.525 1402.738 1402.153 1400.905 1400.561 1400.65 1400.729 1400.852 1401.93 1402.98 1405.22 1408.249 1411.174 1415.944 1417.875 1419.778 1421.764 1423.69 1427.331 1429.158 1431.044 1432.97 1434.973 1438.249 1439.488 1440.2 1440.824 1441.407 1441.746 1441.936 1442.646 1444.092
1413.807 1412.896 1412.196 1411.649 1411.501 1410.656 1409.73 1408.564 1407.451 1405.406 1404.23 1403.253 1402.564 1401.959 1400.739 1400.534 1400.447 1400.501 1400.741 1402.211 1403.516 1405.806 1408.565 1411.342 1416.111 1417.956 1419.777 1421.606 1423.445 1427.009 1428.9 1430.676 1432.175 1433.849 1436.978 1438.129 1439.164 1439.897 1440.333 1440.443 1440.555 1441.121 1442.317
1413.198 1412.195 1411.244 1411.649 1410.216 1409.508 1408.52 1407.674 1406.948 1404.99 1403.808 1402.984 1402.377 1401.76 1400.535 1400.262 1400.193 1400.31 1400.764 1402.624 1404.163 1406.429 1409.083 1411.731 1416.274 1418.037 1419.768 1421.517 1423.265 1426.752 1428.398 1429.983 1431.401 1432.938 1435.866 1436.997 1437.842 1438.511 1438.941 1438.988 1439.068 1439.569 1440.8
1412.231 1412.195 1411.244 1410.426 1408.744 1408.305 1407.535 1406.96 1406.526 1404.61 1403.557 1402.852 1402.291 1401.633 1400.331 1400.043 1400.107 1400.341 1400.917 1402.941 1404.791 1406.998 1409.428 1411.978 1416.43 1418.039 1419.651 1421.38 1423.095 1426.499 1428.097 1429.602 1430.903 1432.153 1434.862 1435.865 1436.566 1436.933 1437.15 1437.558 1437.864 1438.435 1439.294
1412.231 1411.103 1410.066 1408.947 1406.938 1406.37 1406.26 1406.264 1406.005 1404.314 1403.344 1402.736 1402.16 1401.433 1400.131 1399.908 1400.043 1400.538 1401.333 1403.332 1405.253 1407.415 1409.694 1412.056 1416.386 1418.083 1419.59 1421.233 1422.916 1426.176 1427.844 1429.239 1430.423 1431.496 1433.606 1434.557 1435.226 1435.511 1435.66 1436.201 1436.688 1437.304 1438.063
1411.536 1410.286 1408.874 1407.351 1404.973 1404.603 1404.993 1405.588 1405.606 1404.022 1403.217 1402.654 1402.054 1401.408 1400.059 1399.953 1400.117 1400.828 1401.821 1403.802 1405.645 1407.64 1409.847 1412.151 1416.239 1417.851 1419.484 1421.042 1422.587 1425.912 1427.502 1428.821 1429.882 1430.857 1432.537 1433.205 1433.74 1434.109 1434.25 1434.83 1435.371 1436.006 1436.744
1410.067 1408.658 1407.346 1406.079 1403.599 1403.411 1403.779 1404.476 1404.871 1403.642 1403.078 1402.516 1401.918 1401.274 1399.769 1400.278 1400.891 1401.473 1402.132 1403.874 1405.778 1407.816 1409.898 1412.084 1416.101 1417.717 1419.195 1420.729 1422.324 1425.479 1427.077 1428.354 1429.376 1430.309 1431.762 1432.212 1432.432 1432.619 1432.632 1432.834 1433.426 1434.239 1435.123
1409.611 1408.474 1407.215 1404.432 1403.366 1402.859 1403.043 1403.458 1403.738 1403.237 1402.781 1402.235 1401.614 1401 1400.313 1400.505 1401.012 1401.623 1402.175 1403.938 1405.841 1407.812 1409.804 1411.899 1415.852 1417.465 1418.911 1420.415 1421.988 1425.126 1426.691 1427.99 1428.948 1429.741 1430.993 1431.286 1431.373 1431.184 1430.874 1430.474 1430.975 1431.963 1433.109
1408.201 1407.501 1406.713 1403.987 1403.072 1402.413 1402.389 1402.672 1402.86 1402.608 1402.274 1401.734 1401.139 1400.299 1400.377 1400.612 1401.034 1401.593 1402.152 1404.003 1405.828 1407.768 1409.716 1411.709 1415.609 1417.155 1418.682 1420.222 1421.677 1424.652 1426.056 1427.415 1428.453 1429.131 1429.995 1430.15 1430.047 1429.677 1429.112 1428.349 1428.828 1429.867 1431.116
1407.212 1406.673 1405.73 1403.588 1402.771 1402.054 1401.802 1401.846 1401.935 1401.69 1401.421 1401.03 1400.606 1400.082 1400.165 1400.55 1400.972 1401.461 1402.796 1404.037 1405.797 1407.649 1409.513 1413.352 1415.324 1416.903 1418.301 1419.74 1421.235 1424.099 1425.43 1426.802 1427.838 1428.367 1428.86 1428.878 1428.635 1428.187 1427.608 1426.886 1427.228 1428.094 1429.28
1406.105 1405.753 1405.163 1403.289 1402.489 1401.621 1401.169 1401.049 1400.728 1400.716 1400.661 1400.335 1399.828 1399.664 1399.924 1400.408 1400.852 1401.329 1402.657 1403.784 1405.518 1407.392 1409.216 1412.978 1414.875 1416.427 1417.806 1419.168 1421.901 1423.382 1424.731 1425.85 1426.762 1427.452 1427.651 1427.518 1427.247 1426.848 1426.344 1425.905 1426.284 1426.851 1427.676
1405.37 1404.89 1404.381 1402.893 1402.008 1401.106 1400.749 1400.416 1399.788 1399.706 1399.757 1399.552 1399.238 1399.151 1399.476 1400.104 1400.553 1401.032 1402.522 1403.488 1405.149 1407.009 1408.833 1412.501 1414.406 1415.949 1417.233 1418.435 1420.842 1422.428 1423.763 1424.823 1425.582 1426.277 1426.314 1426.175 1425.873 1425.484 1424.849 1424.929 1425.341 1425.876 1426.514
1404.51 1404.137 1403.661 1402.296 1401.494 1400.637 1399.938 1399.51 1399.075 1398.9 1398.702 1398.546 1398.474 1398.627 1399.028 1399.521 1400.078 1400.8 1402.382 1403.248 1404.733 1406.476 1408.261 1411.963 1413.853 1415.566 1416.938 1418.066 1420.147 1421.448 1422.653 1423.65 1424.417 1425.175 1425.182 1424.96 1424.63 1424.277 1423.82 1423.958 1424.259 1424.829 1425.311
1403.558 1403.302 1402.792 1401.288 1400.8 1400.054 1399.211 1398.753 1398.174 1397.958 1397.847 1397.633 1397.548 1398.078 1398.587 1399.258 1399.942 1400.617 1402.168 1402.861 1404.187 1405.892 1407.694 1411.488 1413.318 1415.172 1416.564 1417.624 1419.46 1420.422 1421.41 1422.362 1423.209 1423.991 1424.159 1423.973 1423.585 1423.195 1422.518 1422.357 1422.306 1422.719 1423.181
1402.208 1401.848 1401.425 1400.036 1399.285 1399.003 1398.491 1397.751 1397.382 1396.974 1396.657 1396.792 1397.164 1397.987 1398.68 1399.466 1400.129 1400.651 1401.941 1402.567 1403.612 1405.188 1407.066 1410.9 1412.76 1414.75 1416.215 1417.172 1418.731 1419.444 1420.3 1421.211 1422.053 1422.905 1423.06 1422.999 1422.797 1422.275 1420.861 1420.265 1419.702 1419.609 1419.913
1400.609 1400.312 1399.902 1398.805 1398.176 1397.304 1396.87 1396.587 1396.082 1395.645 1395.383 1395.513 1395.91 1397.131 1398.044 1398.866 1399.536 1400.063 1401.363 1402.183 1403.038 1404.494 1406.406 1410.246 1412.198 1414.245 1415.811 1416.765 1418.238 1418.952 1419.61 1420.292 1420.978 1421.901 1422.127 1422.118 1421.995 1421.544 1419.378 1418.33 1417.402 1416.883 1416.925
1398.829 1398.554 1398.202 1397.443 1396.913 1396.282 1395.702 1395.259 1394.596 1394.346 1394.181 1394.282 1394.744 1396.411 1397.33 1397.962 1398.62 1399.426 1401.036 1401.8 1402.589 1403.905 1405.7 1409.557 1411.557 1413.635 1415.315 1416.432 1418.005 1418.68 1419.271 1419.844 1420.383 1421.268 1421.455 1421.331 1421.081 1420.652 1418.485 1417.043 1415.889 1415.134 1414.961
1396.814 1396.636 1396.522 1395.943 1395.61 1395.298 1394.81 1394.232 1393.326 1393.108 1393.027 1393.235 1393.839 1395.414 1396.318 1397.314 1398.228 1399.054 1400.646 1401.474 1402.265 1403.341 1404.933 1408.807 1410.793 1412.853 1414.776 1416.157 1417.644 1418.269 1418.856 1419.444 1419.98 1420.775 1420.862 1420.765 1420.43 1419.825 1417.598 1416.24 1414.829 1413.801 1413.311
1395.008 1395.083 1395.231 1395.023 1394.498 1393.988 1393.597 1392.633 1392.209 1391.997 1391.994 1392.399 1393.117 1394.747 1395.732 1396.829 1397.815 1398.644 1400.304 1401.13 1401.94 1402.82 1404.12 1407.957 1409.995 1411.993 1414.09 1415.744 1417.111 1417.691 1418.225 1418.792 1419.349 1420.019 1420.274 1420.323 1419.871 1419.026 1416.788 1415.578 1413.91 1413.801 1413.311
1393.816 1394.116 1394.305 1393.938 1393.541 1393.07 1392.516 1391.466 1391.138 1391.012 1391.213 1391.72 1393.278 1394.191 1395.153 1396.171 1397.129 1398.846 1399.698 1400.59 1401.465 1402.283 1403.405 1407.038 1409.033 1411.064 1413.152 1414.95 1416.605 1417.117 1417.67 1418.186 1418.632 1419.323 1419.623 1419.722 1419.41 1418.59 1416.238 1415.578 1413.91 1412.458 1411.802
1393.019 1393.301 1393.381 1393.033 1392.613 1392.133 1391.566 1390.625 1390.364 1390.316 1390.594 1391.132 1392.714 1393.655 1394.544 1395.438 1396.303 1398.038 1398.991 1399.967 1400.902 1401.81 1404.221 1406.125 1408.043 1410.064 1412.016 1415.347 1416.097 1416.587 1417.052 1417.524 1417.982 1418.651 1418.856 1418.942 1418.751 1418.031 1416.238 1414.776 1412.836 1411.205 1410.24
1392.263 1392.546 1392.391 1392.087 1391.629 1391.122 1390.651 1389.93 1389.686 1389.703 1390.075 1390.651 1392.302 1393.276 1394.15 1395.049 1395.912 1397.547 1398.544 1399.47 1400.366 1401.324 1403.404 1405.166 1407.098 1408.991 1410.792 1414.131 1415.379 1416.048 1416.44 1416.849 1417.626 1417.866 1417.98 1417.971 1418.751 1416.896 1415.781 1413.717 1411.644 1409.758 1408.137
1391.305 1391.6 1391.471 1391.081 1390.659 1390.238 1389.799 1389.252 1389.074 1389.162 1389.596 1390.232 1391.906 1392.778 1393.698 1394.609 1395.44 1397.019 1397.965 1398.928 1399.845 1400.795 1402.814 1404.312 1406.119 1407.834 1409.5 1412.656 1413.968 1415.041 1415.813 1416.247 1416.713 1416.967 1417.98 1417.971 1417.775 1416.368 1414.897 1412.578 1410.18 1407.964 1404.914
1390.235 1390.49 1390.355 1390.036 1389.634 1389.214 1388.821 1388.586 1388.487 1388.657 1389.104 1389.784 1391.551 1392.452 1393.272 1394.086 1394.914 1396.446 1397.345 1398.337 1399.314 1400.252 1402.279 1403.522 1405.066 1406.631 1408.12 1411.099 1412.349 1413.494 1414.436 1415.079 1416.713 1416.967 1417.141 1417.136 1416.95 1415.573 1413.638 1411.283 1408.896 1406.444 1402.999
1389.001 1389.023 1388.892 1388.776 1388.571 1388.251 1387.92 1387.734 1387.927 1388.217 1388.684 1389.373 1391.181 1392.157 1392.904 1393.615 1394.35 1395.749 1396.608 1397.584 1398.627 1399.633 1401.624 1402.713 1403.982 1405.481 1406.998 1409.687 1410.88 1411.942 1414.436 1415.079 1415.929 1416.048 1416.149 1416.173 1415.86 1413.833 1411.949 1409.745 1407.459 1405.045 1402.306
1387.629 1387.551 1387.428 1387.315 1387.281 1387.162 1386.949 1386.862 1387.261 1387.659 1388.171 1388.88 1390.739 1391.651 1392.435 1393.12 1393.764 1395.071 1395.786 1396.68 1397.735 1398.823 1400.83 1401.891 1402.971 1404.316 1405.789 1408.264 1409.365 1411.942 1412.759 1413.387 1414.317 1414.464 1414.427 1414.266 1413.844 1411.844 1410.283 1408.425 1406.331 1404.222 1402.098
1386.073 1386.03 1385.892 1385.8 1385.697 1385.722 1385.813 1385.936 1386.27 1386.757 1387.355 1388.095 1389.859 1390.903 1391.72 1392.372 1393.041 1394.406 1395.053 1395.799 1396.696 1397.76 1399.941 1401.002 1402.116 1403.31 1404.534 1408.264 1409.365 1410.35 1411.07 1411.642 1412.455 1412.532 1412.486 1412.268 1411.705 1409.607 1408.317 1406.898 1405.07 1403.516 1401.846
1384.375 1384.347 1384.385 1384.266 1384.198 1384.255 1384.392 1384.645 1384.842 1385.386 1386.096 1386.897 1388.663 1389.711 1390.702 1391.518 1392.218 1393.547 1394.199 1394.958 1395.743 1396.627 1398.788 1399.914 1401.017 1403.31 1404.534 1406.797 1407.831 1408.677 1409.211 1409.634 1410.509 1410.759 1410.472 1410.089 1409.572 1407.814 1406.566 1405.118 1403.741 1402.708 1401.451
1382.986 1382.958 1382.957 1382.955 1382.955 1383.043 1383.125 1383.178 1383.291 1383.741 1384.37 1385.163 1387.184 1388.188 1389.252 1390.332 1391.272 1392.624 1393.274 1394.015 1394.764 1395.535 1397.456 1399.914 1401.017 1402.137 1403.302 1405.417 1406.212 1406.948 1407.58 1408.076 1408.718 1408.672 1408.568 1408.097 1407.483 1406.086 1404.897 1403.7 1402.834 1402.127 1401.029
1381.707 1381.531 1381.555 1381.715 1381.863 1381.941 1381.886 1381.867 1381.952 1382.136 1382.536 1383.235 1385.355 1386.532 1387.657 1388.811 1389.914 1391.57 1392.218 1392.924 1393.673 1395.535 1397.456 1398.614 1399.703 1400.809 1401.985 1404.075 1404.88 1405.717 1406.343 1406.693 1406.886 1406.927 1406.83 1406.486 1405.972 1404.34 1403.367 1402.686 1401.993 1401.282 1400.808
1380.453 1380.147 1380.302 1380.568 1380.786 1380.84 1380.656 1380.59 1380.591 1380.631 1380.882 1382.293 1383.522 1384.828 1386.072 1387.255 1389.315 1390.201 1390.996 1391.68 1393.673 1394.402 1396.108 1397.124 1398.255 1399.375 1400.475 1402.672 1403.656 1404.364 1404.789 1405.031 1405.201 1405.279 1405.108 1404.774 1404.356 1403.09 1402.478 1401.683 1400.934 1400.412 1400.456
1379.288 1379.06 1379.219 1379.438 1379.598 1379.599 1379.388 1379.333 1379.261 1379.224 1379.25 1380.571 1381.807 1383.13 1384.399 1385.637 1387.82 1388.658 1390.996 1391.68 1392.363 1393.928 1394.699 1395.604 1396.477 1397.493 1399.728 1400.79 1401.788 1402.607 1403.141 1403.44 1403.759 1403.685 1403.511 1403.22 1402.849 1402.039 1401.531 1401.05 1400.265 1399.533 1399.802
1378.516 1378.438 1378.495 1378.582 1378.612 1378.585 1378.516 1378.514 1378.42 1378.411 1378.431 1379.122 1380.318 1381.66 1382.949 1384.123 1387.82 1388.658 1389.474 1390.276 1391.033 1392.519 1393.254 1394.006 1394.799 1395.637 1397.451 1398.455 1399.479 1400.106 1400.588 1401.335 1401.618 1401.694 1401.675 1401.614 1401.072 1400.872 1400.488 1399.975 1399.58 1399.144 1398.856
