var/www/cgi-bin/BAERTOOLS/ravel/working/ravel-19198.DEM
NCOLS 84
NROWS 85
XLLCORNER 359546.32
YLLCORNER 3765775.4
CELLSIZE 10
NODATA_VALUE -9999
[rows 32 to 63 of 85, columns 0 to 71 of 84]
1.487425 1.85899 1.962105 2.073406 2.64446 2.821438 2.979041 3.217467 3.353629 3.438914 3.590524 3.812951 4.011302 4.100755 4.320825 4.526483 4.653783 4.838715 5.177535 5.299973 5.457478 5.599148 5.711352 5.844482 6.059169 6.190821 6.266274 6.334293 6.466233 6.618566 7.08515 7.382274 7.778933 8.147234 8.663314 9.592746 11.43273 12.92545 14.52511 15.67022 16.32995 16.73534 17.63132 17.99418 18.47353 19.08038 19.58869 20.08426 21.05625 21.42622 21.7925 22.24242 22.75688 23.38175 25.72505 27.5414 29.13052 30.10155 31.68116 35.30311 41.35807 42.94417 44.57254 46.01812 47.06374 47.72691 48.76283 49.15977 49.70395 50.45771 51.13715 51.69727
0.981 1.475209 1.647679 2.073406 2.243024 2.394961 2.641481 2.791222 2.966535 3.1407 3.312591 3.455606 3.630455 3.775179 3.856402 3.990377 4.229402 4.423921 4.753314 4.874206 5.051379 5.289987 5.478168 5.5892 5.88323 6.016229 6.131722 6.309906 6.523181 6.70787 7.181676 7.495452 7.841673 8.10259 8.50313 9.396646 11.50189 12.82188 14.09831 14.97135 15.62859 16.22505 17.19388 17.72426 18.31744 18.92406 19.50934 20.08837 20.97473 21.35214 21.82594 22.34232 22.84799 23.49114 26.26638 28.12148 29.74298 31.45248 34.53908 38.69837 42.6857 44.30048 45.8444 46.98628 47.52454 48.62063 48.9902 49.36238 49.86554 50.49707 51.0802 51.62
0 1.475209 1.647679 1.78275 1.919997 1.968815 2.190293 2.35743 2.518986 2.696119 2.886111 3.035472 3.319284 3.422053 3.488892 3.602205 3.786214 4.006877 4.388744 4.559492 4.722858 4.906528 5.129835 5.330179 5.706234 5.920093 6.072055 6.274612 6.514415 6.686701 7.197067 7.48701 7.757203 7.981003 8.276611 8.911128 11.2901 12.59558 13.60867 14.25424 14.93482 15.67141 16.97968 17.59961 18.19325 18.78566 19.40597 20.07132 21.02882 21.4491 21.8756 22.33048 22.82569 23.48787 26.94592 28.99925 30.99683 33.84017 37.72134 42.241 43.90305 45.58574 46.75156 47.30849 47.86976 48.79243 49.19578 49.58141 50.03679 50.49644 51.0802 51.62
0 0.926 1.229228 1.454212 1.548821 1.56043 1.687078 1.807839 1.997614 2.222667 2.448396 2.669964 3.01372 3.116084 3.1806 3.293615 3.475905 3.68688 4.080594 4.245322 4.414369 4.570921 4.753493 5.01088 5.443907 5.680114 5.991541 6.304183 6.539756 6.763899 7.286482 7.434176 7.647992 7.932628 8.249907 8.920238 10.98035 12.14393 13.08997 13.82549 14.65459 15.48539 16.95148 17.57888 18.17173 18.76406 19.38573 20.05781 21.0924 21.55274 21.96235 22.44562 23.00997 25.42578 27.79343 29.97568 32.83647 36.65976 39.87385 43.44503 45.06096 46.33641 47.09763 47.57228 48.07032 48.89835 49.38645 49.79535 50.03679 50.49644 50.87377 51.68513
0 0 0.856 1 1.047457 1.097748 1.128401 1.150277 1.405182 1.764283 2.032434 2.33531 2.703541 2.831813 2.944116 3.083194 3.271883 3.486506 3.820023 3.984697 4.150699 4.340478 4.572852 4.826656 5.195642 5.406911 5.743888 6.11052 6.418493 6.723362 7.234026 7.423244 7.74385 8.085319 8.410669 9.181602 10.9653 11.928 12.78805 13.58468 14.53174 15.4619 16.97522 17.55869 18.15618 18.74986 19.36717 20.65964 21.19338 21.642 22.09776 22.62796 23.25247 26.18631 28.73908 31.54443 35.25063 39.02227 41.12854 44.46766 46.03775 46.93247 47.34775 47.8755 48.35487 49.002 49.38645 49.79535 50.11954 50.45915 50.78859 51.76389
0 0 0 0 0 0 0 0 0.846 1.202489 1.602232 1.902845 2.393381 2.586707 2.784684 2.949612 3.116883 3.281217 3.610039 3.823573 3.979303 4.133545 4.410929 4.662908 5.042838 5.291223 5.552721 5.844723 6.215831 6.612562 7.140456 7.546371 7.915638 8.284013 8.822259 9.605318 11.01072 11.84169 12.72801 13.6233 14.49254 16.30891 16.95853 17.59608 18.24737 18.84202 19.44428 20.64776 21.1816 21.68178 22.23767 22.80124 23.50913 27.15878 29.65772 33.26531 37.38859 40.43069 42.21242 45.36691 46.49958 47.15059 47.63408 48.12846 48.54501 49.002 49.29876 49.61555 50.03448 50.47844 50.82387 51.96004
0 0 0 0 0 0 0 0 0 0.802 0.984 1.218412 2.111449 2.331786 2.544964 2.743819 2.904778 3.071593 3.449717 3.663907 3.857168 4.054072 4.257657 4.451401 4.864837 5.121507 5.396175 5.730362 6.070466 6.359013 7.055053 7.493388 7.90297 8.348744 8.894015 10.12323 10.71345 11.61136 12.68018 13.65849 14.65526 16.40206 17.03417 17.68312 18.34613 18.91253 19.43944 20.63691 21.16654 21.72787 22.33468 22.90568 23.75955 28.08408 30.83249 35.14077 39.39733 41.80932 43.54398 46.09436 46.884 47.30831 47.79173 48.12846 48.54501 49.03181 49.20327 49.50655 50.03949 50.58427 50.96035 52.10475
0 0 0 0 0 0 0 0 0 0 0 0.794 1.811711 2.083853 2.273568 2.493735 2.702542 2.870062 3.297839 3.514142 3.733227 3.918397 4.079599 4.25167 4.616096 4.853546 5.212049 5.533608 5.80362 6.457964 6.864311 7.299062 7.736831 8.124547 8.39864 9.352786 10.07866 11.00211 12.33312 13.82718 15.03622 16.62567 17.2157 17.82241 18.44566 18.96431 19.32784 20.59959 21.2237 21.87148 22.54662 23.28763 24.48178 29.0036 32.49881 37.06751 41.44288 44.30015 45.4353 46.40724 47.08134 47.30831 47.79173 48.23402 48.70118 49.21252 49.45143 49.80112 50.28226 50.77199 51.16093 52.1195
0 0 0 0 0 0 0 0 0 0 0 0.802 1.487892 1.829128 2.057512 2.224831 2.437218 2.656223 3.077487 3.28492 3.497099 3.705983 3.869574 4.221107 4.420224 4.678694 4.955876 5.236251 5.569536 6.23935 6.657748 7.039303 7.434952 7.803846 7.963317 8.384722 9.019743 9.983689 11.76453 14.08031 15.60447 17.0207 17.56176 18.03415 18.41645 18.76113 19.20553 20.5527 21.27691 21.95998 22.63748 23.55959 25.14673 29.90737 34.1869 39.21423 43.89451 46.93881 46.91956 46.40724 47.08134 47.51575 47.99502 48.38155 48.70644 49.50081 49.84627 50.2135 50.71305 51.14641 51.37769 52.14349
0 0 0 0 0 0 0 0 0 0 0 0 1.200746 1.594049 1.850736 1.998813 2.184718 2.617593 2.855561 3.055012 3.262311 3.495688 3.673047 4.074008 4.318772 4.526932 4.768614 5.089712 5.364794 6.114201 6.421992 6.782077 7.162047 7.390835 7.559467 7.973722 8.184966 8.566239 10.4432 13.87059 16.35768 17.32855 17.80096 18.18974 18.39396 18.53284 18.97977 20.31564 21.16321 21.99432 22.70603 23.69317 25.61885 31.14317 36.13179 41.76614 45.58653 46.93881 46.91956 46.86036 47.29084 47.77536 48.15471 48.47821 48.83992 49.54472 49.98778 50.51487 51.0222 51.3336 51.50716 52.03829
0 0 0 0 0 0 0 0 0 0 0 0 1.047637 1.447059 1.705663 1.861046 2.036531 2.401014 2.644612 2.849413 3.054859 3.285898 3.468163 3.899089 4.068779 4.282465 4.539599 4.794725 5.064731 5.857796 6.115874 6.429593 6.715967 6.891968 7.140325 7.563292 7.783314 8.050287 7.954706 10.19746 16.68372 18.30252 18.02226 17.76139 17.73745 18.12822 18.6375 20.05018 20.92348 21.84664 22.70242 23.82622 26.07433 33.02798 38.55277 44.02808 45.58653 46.96009 47.19327 47.3828 47.59858 47.96767 48.29708 48.5603 48.95274 49.53583 50.0008 50.60485 51.0933 51.27096 51.65445 51.84052
0 0 0 0 0 0 0 0 0 0 0 0 0.991 1.353137 1.617699 1.769363 1.938716 2.275201 2.463397 2.635132 2.848393 3.088567 3.247913 3.673056 3.852958 4.061299 4.317906 4.593879 4.925134 5.448584 5.835083 6.13834 6.286433 6.467708 6.722542 7.147008 7.366253 7.629691 7.85499 7.804142 8.473859 16.81804 18.72892 18.71328 17.78819 17.69243 18.05175 19.56226 20.57076 21.64189 22.62167 23.96896 26.49741 35.47124 38.55277 44.02808 46.94425 47.12665 47.43668 47.81535 47.94267 48.12631 48.32546 48.47033 49.11657 49.47934 49.95375 50.53219 50.99366 51.17051 51.46568 51.59544
0 0 0 0 0 0 0 0 0 0 0 0 0.813 1.076556 1.412061 1.611606 1.769958 2.097724 2.265059 2.431517 2.603124 2.80776 3.044526 3.383761 3.60987 3.866134 4.119241 4.373756 4.628893 5.20869 5.511723 5.663003 5.796542 6.054567 6.304529 6.73053 6.947604 7.21127 7.429457 7.591967 7.748693 7.579381 12.20998 16.36109 16.98056 17.70745 18.02748 18.89639 19.83602 21.15695 22.47759 24.16676 26.49741 35.47124 41.89301 45.87192 47.1087 47.32446 47.76999 47.923 47.95269 48.02119 48.15781 48.28305 49.06212 49.42005 49.86329 50.35097 50.73534 50.97175 51.21944 51.29052
0 0 0 0 0 0 0 0 0 0 0 0 0 0.804 0.98 1.264117 1.514113 1.893889 2.054895 2.224849 2.391736 2.563416 2.742924 3.149224 3.343052 3.552817 3.808365 4.090663 4.406924 4.893106 5.208856 5.310748 5.329317 5.567432 5.970686 6.308559 6.536931 6.74333 6.934902 7.171245 7.339974 7.782372 7.570543 8.518391 11.71998 15.17698 16.37048 17.85682 18.7773 20.17084 22.47759 24.16676 30.64651 39.06415 45.64797 47.42394 47.3861 47.60283 47.79781 47.84995 47.87858 47.8753 47.90094 48.12164 48.953 49.42287 49.80664 50.1199 50.41541 50.70345 50.95451 51.03653
0 0 0 0 0 0 0 0 0 0 0 0 0 0 0.79 0.836 0.932 1.679171 1.871737 2.018443 2.186527 2.36008 2.527272 2.866605 3.088112 3.348973 3.569389 3.751494 4.016265 4.631236 4.76744 4.820428 4.951016 5.235271 5.559109 5.895033 6.120927 6.327672 6.524464 6.741497 6.828916 7.321572 7.585943 7.728221 7.56844 7.863739 13.57929 15.43189 18.7773 20.17084 21.93614 24.04902 33.49746 43.57371 47.93936 47.46141 47.71431 47.84164 47.91625 47.9193 47.8931 47.8766 47.87832 47.98203 48.89882 49.36265 49.65507 49.88853 50.14196 50.39219 50.74401 50.83936
0 0 0 0 0 0 0 0 0 0 0 0 0 0 0 0 0 1.161102 1.509775 1.787886 1.961845 2.060952 2.227221 2.556303 2.778773 3.046669 3.265357 3.439915 3.693187 4.134784 4.293295 4.459451 4.615534 4.814236 5.145888 5.59109 5.748928 5.905184 6.106413 6.327745 6.647726 6.903257 7.093493 7.296361 7.5313 7.690893 13.57929 15.43189 16.64023 18.27805 20.33073 23.05387 36.80311 45.07715 48.00003 47.79985 47.86732 47.88113 47.96894 47.98071 47.95616 47.91188 47.92955 48.03933 48.75462 49.1129 49.36938 49.62348 49.86061 50.07202 50.52052 50.62518
0 0 0 0 0 0 0 0 0 0 0 0 0 0 0 0 0 0.789 1.04894 1.440071 1.677273 1.755282 1.919499 2.243416 2.471859 2.684956 2.872158 3.130128 3.375887 3.782079 3.986077 4.146042 4.303815 4.507124 5.015372 5.167225 5.335499 5.500828 5.696953 5.91278 6.234612 6.417712 6.637232 6.854883 7.03208 7.690893 7.506974 8.982757 11.80216 14.25037 16.41053 20.26873 37.7949 45.88329 48.30996 48.03726 48.00078 47.96367 47.95667 47.93879 47.95036 47.966 48.00212 48.06313 48.62774 48.90214 49.14318 49.39539 49.65377 49.92161 50.37441 50.48071
0 0 0 0 0 0 0 0 0 0 0 0 0 0 0 0 0 0 0 0.936 1.193456 1.353634 1.530225 1.937244 2.157081 2.370146 2.560467 2.799261 3.214977 3.398311 3.616204 3.831841 4.018409 4.274681 4.705008 4.789332 4.967399 5.19881 5.370413 5.511647 5.817731 6.008591 6.224009 6.854883 7.03208 7.267921 7.618537 7.705931 7.505876 8.15125 10.09995 13.29455 31.90344 41.91425 46.87155 47.92838 48.13155 48.17705 48.00957 47.82272 47.76327 47.82497 47.85175 47.91767 48.54749 48.83393 49.13159 49.42262 49.6727 49.87867 50.26856 50.38215
0 0 0 0 0 0 0 0 0 0 0 0 0 0 0 0 0 0 0 0.784 0.798 0.789 1.198619 1.574211 1.856196 2.056457 2.246146 2.485336 2.898646 3.091988 3.244521 3.454183 3.686293 3.857164 4.36425 4.490642 4.603247 4.816372 5.0672 5.202064 5.400368 6.008591 6.224009 6.449235 6.602661 6.772902 7.204546 7.360359 7.597485 7.762788 7.572991 7.768624 18.32255 28.66177 37.35029 42.42013 45.40818 47.48229 47.76984 47.46976 47.40157 47.45901 47.48637 47.60187 48.39091 48.78798 49.2133 49.53141 49.71376 49.88754 50.19138 50.27645
0 0 0 0 0 0 0 0 0 0 0 0 0 0 0 0 0 0 0 0 0 0 -0.0149 1.086587 1.499099 1.750017 1.933727 2.174856 2.500917 2.737952 2.942446 3.13908 3.367346 3.550539 3.970194 4.139771 4.302504 4.508994 4.755175 5.202064 5.400368 5.6083 5.822405 6.03308 6.19521 6.357646 6.766637 6.961827 7.155806 7.368112 7.598127 7.762717 8.570528 12.69427 19.7422 27.56953 34.62023 40.56453 46.44145 47.55796 47.52416 47.3478 47.18822 47.19072 47.93842 48.49148 49.1449 49.53314 49.70793 49.82019 50.01184 50.14623
0 0 0 0 0 0 0 0 0 0 0 0 0 0 0 0 0 0 0 0 0 0 0 0 0.984 1.410082 1.700853 1.866252 2.19949 2.428704 2.636447 2.787552 2.976891 3.224764 3.63798 3.837715 3.992071 4.508994 4.755175 4.89579 5.026653 5.2576 5.457285 5.612016 5.778912 5.942926 6.35411 6.554544 6.701052 6.897869 7.157501 7.375743 7.663578 7.09057 8.406401 12.52323 18.07066 25.01646 38.40618 41.27438 42.08173 43.40388 45.68868 47.22431 47.42921 47.79423 48.63532 49.46532 49.71521 49.79273 49.87401 49.97871
0 0 0 0 0 0 0 0 0 0 0 0 0 0 0 0 0 0 0 0 0 0 0 0 0 0.862 1.208723 1.549454 1.995645 2.153722 2.317705 2.479615 2.665664 2.899311 3.313192 3.837715 3.992071 4.188534 4.425451 4.587385 4.702595 4.884116 5.061915 5.228154 5.3953 5.56225 5.950779 6.133563 6.310966 6.525083 6.739108 6.936574 7.410439 7.630096 7.60141 7.528604 8.400394 11.43372 23.5273 29.4928 33.67597 36.5036 39.15915 44.53038 46.87966 47.62777 47.78297 48.39681 49.05906 49.77238 49.80609 49.85844
0 0 0 0 0 0 0 0 0 0 0 0 0 0 0 0 0 0 0 0 0 0 0 0 0 0 0.82 1.125317 1.657916 1.812284 1.993026 2.176482 2.334404 2.504559 3.313192 3.516647 3.688721 3.846636 4.031863 4.252989 4.359349 4.55282 4.766231 4.926049 5.095272 5.259415 5.548292 5.73788 5.961526 6.158226 6.334568 6.587197 6.991061 7.190013 7.395041 7.652224 7.721639 8.688158 11.3152 16.67703 22.96155 28.00723 31.77082 37.19776 40.02102 42.5525 44.66796 46.32475 47.47593 49.09089 49.67434 49.844
0 0 0 0 0 0 0 0 0 0 0 0 0 0 0 0 0 0 0 0 0 0 0 0 0 0 0 0.778 1.125891 1.238943 1.511618 1.847529 2.334404 2.504559 2.934692 3.162552 3.383203 3.543838 3.708714 3.87259 4.153235 4.255017 4.424323 4.617875 4.786622 4.949018 5.183871 5.381868 5.577888 5.749005 5.962407 6.384263 6.599295 6.770722 6.972621 7.240689 7.481516 7.760059 7.73891 8.825501 11.87118 16.83059 22.49678 29.26079 31.82576 34.57874 37.32884 39.79476 41.93132 46.00453 47.72189 49.11466
0 0 0 0 0 0 0 0 0 0 0 0 0 0 0 0 0 0 0 0 0 0 0 0 0 0 0 0 0 0 1.511618 1.847529 2.030182 2.219926 2.627848 2.854752 3.071994 3.23266 3.40017 3.738024 3.834541 3.914516 4.086139 4.306493 4.474301 4.818484 4.907795 5.031445 5.203238 5.385954 5.603818 6.030603 6.195352 6.388855 6.601264 6.818558 7.063571 7.480865 7.666257 7.686206 8.133234 9.252464 11.44327 20.72503 23.61384 26.0111 28.70609 31.5156 34.13716 39.22836 41.74545 44.65788
0 0 0 0 0 0 0 0 0 0 0 0 0 0 0 0 0 0 0 0 0 0 0 0 0 0 0 0 0 0 0.942 1.429532 1.755113 2.176849 2.320544 2.539307 2.762149 2.922153 3.090088 3.427066 3.548704 3.698998 3.876272 4.025784 4.158932 4.500842 4.635121 4.754938 4.900915 5.067601 5.239255 5.614509 5.819766 6.032617 6.240916 6.460861 6.65164 7.064082 7.248029 7.468924 7.68187 7.715892 7.985331 10.21595 13.84831 18.26036 21.07476 23.03916 25.47377 30.9625 33.55221 36.73461
0 0 0 0 0 0 0 0 0 0 0 0 0 0 0 0 0 0 0 0 0 0 0 0 0 0 0 0 0 0 0.868 1.189334 1.545246 1.937057 2.063376 2.23948 2.44824 2.608644 2.776012 3.11085 3.283591 3.453778 3.62521 3.773896 3.896889 4.195774 4.359397 4.472565 4.579677 4.756377 4.929164 5.258082 5.452507 5.671541 5.887958 6.069 6.240773 6.66141 6.882084 7.099313 7.268988 7.463724 7.705904 7.823504 8.683987 9.459182 10.78411 13.71599 16.65846 21.89691 24.99263 28.772
0 0 0 0 0 0 0 0 0 0 0 0 0 0 0 0 0 0 0 0 0 0 0 0 0 0 0 0 0 0 0 0.856 1.220875 1.648817 1.806863 1.963804 2.144761 2.340832 2.508683 2.846717 3.016024 3.185201 3.354249 3.527746 3.696089 3.935336 4.098362 4.214558 4.332778 4.496415 4.614252 4.947426 5.114872 5.301013 5.51776 5.730784 5.892968 6.315544 6.525016 6.698439 6.860957 7.026669 7.211847 7.638299 7.704111 7.741676 8.032977 8.531329 9.106667 14.2764 18.0731 21.6862
0 0 0 0 0 0 0 0 0 0 0 0 0 0 0 0 0 0 0 0 0 0 0 0 0 0 0 0 0 0 0 0 0.789 1.187639 1.46733 1.714164 1.887559 2.097697 2.263884 2.597664 2.764815 2.932631 3.099571 3.269462 3.429903 3.720319 3.905081 4.023043 4.107171 4.22998 4.372484 4.714208 4.834196 4.963064 5.145545 5.360248 5.588326 5.935956 6.109682 6.273898 6.435366 6.619344 6.857015 7.213398 7.368273 7.529364 7.692311 7.837144 8.004475 8.443943 11.28211 15.41989
0 0 0 0 0 0 0 0 0 0 0 0 0 0 0 0 0 0 0 0 0 0 0 0 0 0 0 0 0 0 0 0 0 0 0.997 1.365459 1.623966 1.832831 1.995689 2.327155 2.500621 2.673339 2.839812 3.003778 3.173899 3.519813 3.651502 3.778652 3.892388 3.974884 4.096161 4.438391 4.586528 4.744872 4.884928 4.994306 5.192051 5.613518 5.771778 5.944322 6.115858 6.286261 6.466042 6.797432 6.963156 7.129086 7.293909 7.460101 7.778604 7.998113 8.173196 9.224652
0 0 0 0 0 0 0 0 0 0 0 0 0 0 0 0 0 0 0 0 0 0 0 0 0 0 0 0 0 0 0 0 0 0 0 0.841 1.189771 1.557876 1.748279 2.131702 2.263894 2.403362 2.598413 2.810312 2.972691 3.314761 3.415473 3.543664 3.692765 3.764163 3.846876 4.136646 4.280292 4.459804 4.622837 4.773403 4.93366 5.267019 5.481063 5.602069 5.709116 5.878874 6.210085 6.376065 6.541761 6.70782 6.873388 7.036079 7.450629 7.641093 7.789585 8.021117
0 0 0 0 0 0 0 0 0 0 0 0 0 0 0 0 0 0 0 0 0 0 0 0 0 0 0 0 0 0 0 0 0 0 0 0 0.803 1.088185 1.495882 1.928805 2.020885 2.137362 2.331795 2.547874 2.768641 3.106502 3.212391 3.338512 3.481756 3.573097 3.714922 3.906173 4.047876 4.186783 4.304243 4.47889 4.803005 4.98443 5.104037 5.217522 5.385324 5.553105 5.886916 6.053098 6.220184 6.386822 6.553562 6.719839 7.051251 7.287195 7.492585 7.651278
