var/www/cgi-bin/BAERTOOLS/ravel/working/ravel-11268.DEM
NCOLS 28
NROWS 151
XLLCORNER 276906.32
YLLCORNER 3833378.9
CELLSIZE 10
NODATA_VALUE -9999
[rows 0 to 63 of 151, columns 0 to 27 of 28]
1535.86 1534.902 1535.907 1539.772 1539.793 1537.593 1532.68 1525.458 1522.641 1525.077 1528.214 1531.775 1535.236 1538.138 1543.625 1546.423 1549.544 1553.588 1557.808 1560.819 1568.238 1571.512 1573.73 1574.947 1575.097 1574.962 1574.02 1573.302
1537.017 1535.897 1537.185 1540.699 1540.73 1539.787 1536.452 1529.082 1522.687 1524.021 1527.074 1531.455 1536.026 1539.529 1545.983 1548.442 1550.687 1553.918 1557.58 1559.49 1565.208 1569.093 1571.797 1573.36 1574.511 1574.463 1574.077 1573.501
1537.799 1537.442 1538.849 1542.426 1542.829 1541.083 1537.692 1533.23 1524.927 1523.444 1525.556 1530.685 1536.149 1540.09 1548.066 1551.37 1554.223 1557.322 1560.177 1561.179 1564.919 1568.305 1570.98 1572.24 1573.637 1574.671 1574.304 1573.761
1540.506 1540.994 1544.41 1545.369 1544.869 1542.866 1540.403 1538.06 1531.12 1526.114 1524.705 1529.487 1536.128 1539.946 1548.505 1552.198 1556.047 1560.087 1562.633 1565.337 1566.789 1568.68 1570.759 1572.51 1573.695 1574.901 1574.817 1574.279
1546.247 1546.353 1548.504 1548.547 1547.912 1546.204 1544.026 1542.09 1538.142 1533.166 1529.858 1531.761 1535.695 1539.133 1547.571 1551.492 1555.937 1560.509 1563.118 1566.733 1568.318 1569.914 1571.713 1573.526 1574.527 1575.361 1575.372 1575.298
1547.91 1549.326 1551.349 1551.301 1550.537 1548.945 1547.134 1545.992 1543.288 1540.022 1536.859 1535.562 1535.243 1541.579 1545.535 1549.366 1554.169 1559.331 1562.552 1566.699 1569.009 1571.257 1573.054 1574.374 1575.419 1576.012 1575.926 1575.922
1549.963 1551.681 1553.796 1553.669 1552.8 1551.398 1550.153 1549.653 1548.607 1545.553 1540.34 1535.927 1535.119 1539.122 1543.169 1547.277 1552.057 1557.371 1561.166 1566.03 1569.107 1572.055 1574.029 1575.535 1576.307 1576.559 1576.49 1576.123
1553.38 1554.475 1556.225 1556.147 1555.579 1554.667 1553.808 1552.763 1552.217 1550.253 1545.192 1539.237 1537.292 1536.824 1540.952 1546.404 1550.959 1555.288 1559.032 1564.951 1568.807 1572.569 1574.765 1576.064 1577.047 1576.818 1576.669 1576.533
1558.312 1558.531 1558.961 1558.978 1558.806 1558.445 1557.669 1555.285 1553.075 1550.35 1547.108 1544.209 1542.475 1537.991 1540.32 1545.284 1549.744 1553.27 1556.761 1563.688 1568.64 1572.898 1575.506 1576.629 1577.179 1577.084 1576.744 1576.732
1562.162 1562.381 1562.477 1562.415 1562.22 1561.983 1561.53 1558.218 1554.599 1550.646 1548.832 1549.373 1548.659 1543.247 1542.443 1544.191 1547.58 1550.797 1559.358 1563.502 1568.412 1573.118 1575.732 1576.714 1577.5 1577.053 1576.752 1576.712
1567.623 1567.827 1567.656 1567.193 1566.415 1565.404 1564.189 1559.999 1557.867 1555.992 1554.624 1554.383 1552.02 1546.729 1546.669 1546.698 1546.584 1548.753 1559.43 1564.074 1568.251 1572.439 1575.206 1576.966 1577.147 1577.135 1577.045 1576.606
1573.076 1573.123 1572.918 1572.403 1571.23 1569.227 1567.08 1561.844 1561.266 1561.438 1560.872 1559.789 1551.8 1550.157 1550.542 1549.943 1548.212 1547.77 1558.398 1563.525 1567.239 1570.897 1573.74 1575.335 1576.946 1577.082 1576.902 1576.606
1575.714 1575.775 1575.682 1575.348 1574.462 1572.656 1570.088 1565.677 1564.831 1564.761 1564.225 1563.172 1557.408 1556.27 1556.417 1555.516 1553.725 1551.709 1557.559 1562.732 1565.757 1568.725 1571.282 1573.437 1575.723 1576.676 1576.902 1576.761
1577.348 1577.282 1577.082 1576.683 1575.828 1574.229 1571.914 1569.351 1568.411 1567.96 1566.972 1565.545 1561.461 1561.347 1561.922 1561.807 1560.984 1560.004 1559.165 1560.917 1563.831 1566.539 1569.399 1573.002 1574.792 1576.676 1576.911 1576.68
1578.956 1578.97 1578.692 1578.197 1577.215 1575.464 1573.095 1572.734 1571.925 1570.642 1569.189 1567.417 1565.162 1565.24 1565.417 1565.292 1565.164 1564.547 1561.872 1561.908 1564.212 1567.995 1570.844 1573.651 1574.792 1576.138 1576.677 1576.618
1580.631 1580.845 1580.596 1580.069 1579.161 1577.677 1575.952 1575.545 1574.575 1572.747 1570.597 1569.513 1568.872 1569.008 1569.218 1569.099 1569.151 1567.467 1565.797 1566.336 1567.944 1568.634 1571.519 1573.651 1574.998 1576.193 1576.751 1576.879
1582.696 1582.781 1582.596 1582.19 1581.598 1580.663 1578.678 1577.994 1576.461 1573.991 1571.854 1571.296 1571.472 1571.848 1572.399 1572.902 1573.265 1572.762 1571.332 1571.009 1571.607 1571.189 1571.519 1574.992 1576.176 1576.912 1577.306 1577.423
1584.481 1584.759 1584.777 1584.488 1584.004 1583.304 1581.133 1580.108 1578.106 1575.255 1573.223 1572.937 1574.087 1575.039 1575.885 1576.61 1577.088 1576.206 1575.133 1574.031 1571.607 1571.189 1572.812 1576.332 1577.538 1578.184 1578.333 1578.221
1586.062 1586.502 1586.666 1586.425 1585.878 1585.515 1583.678 1582.243 1580.305 1578.12 1576.472 1576.719 1577.631 1578.72 1579.828 1580.764 1581.121 1579.974 1578.293 1574.031 1573.432 1573.517 1574.309 1578.186 1579.215 1579.59 1579.75 1579.509
1587.247 1587.376 1587.394 1587.182 1586.845 1586.602 1585.895 1584.686 1582.869 1581.431 1580.53 1581.067 1581.768 1582.993 1584.289 1585.359 1585.871 1584.25 1578.293 1576.957 1576.587 1576.485 1578.863 1580.504 1581.565 1581.927 1581.537 1580.86
1587.905 1587.851 1587.705 1587.532 1587.28 1586.773 1586.409 1585.996 1585.283 1584.137 1583.63 1584.799 1585.679 1586.501 1587.04 1587.108 1586.867 1584.25 1582.514 1581.17 1580.555 1580.462 1581.573 1582.902 1584.441 1584.548 1583.161 1582.065
1587.959 1587.88 1587.719 1587.415 1587.23 1586.912 1586.693 1586.494 1586.317 1586.221 1586.321 1586.641 1586.714 1586.787 1586.745 1586.303 1586.867 1586.161 1585.884 1584.734 1582.844 1582.797 1584.551 1585.306 1585.72 1585.564 1584.72 1582.945
1587.971 1587.548 1587.164 1586.868 1586.62 1586.63 1586.583 1586.502 1586.672 1587.164 1586.831 1586.227 1586.047 1585.868 1585.583 1586.303 1585.669 1585.102 1584.608 1584.185 1583.692 1583.651 1585.591 1586.48 1586.245 1585.74 1585.029 1582.955
1587.395 1586.507 1586.176 1586.028 1585.939 1586.019 1586.139 1586.303 1586.521 1586.473 1585.816 1584.888 1584.573 1584.223 1585.583 1585.048 1584.224 1583.703 1583.29 1583.064 1582.959 1583.172 1584.861 1585.124 1584.734 1584.071 1583.394 1580.819
1586.904 1585.925 1585.565 1585.008 1584.473 1584.454 1584.856 1585.345 1585.506 1585.003 1583.637 1583.315 1584.573 1584.223 1583.735 1583.282 1582.629 1582.307 1582.066 1581.925 1581.958 1582.19 1582.749 1583.023 1582.984 1582.381 1581.596 1579.963
1587.072 1585.946 1585.323 1584.8 1584.143 1583.486 1583.403 1583.332 1583.185 1582.868 1581.946 1583.315 1582.949 1582.467 1581.995 1581.544 1580.931 1580.63 1580.416 1580.358 1580.425 1580.604 1580.911 1581.058 1580.986 1580.689 1580.25 1578.901
1586.848 1585.941 1585.386 1584.651 1583.219 1582.478 1581.879 1581.421 1580.901 1580.592 1581.946 1581.551 1581.2 1580.721 1580.266 1579.883 1579.139 1578.808 1578.64 1578.624 1578.571 1578.697 1578.941 1579.128 1579.2 1579.169 1578.834 1577.812
1586.21 1585.684 1585.264 1584.403 1582.531 1581.592 1580.591 1579.562 1578.704 1580.592 1580.036 1579.705 1579.375 1578.953 1578.482 1578.013 1577.656 1577.131 1576.602 1576.394 1576.209 1576.653 1577.083 1577.411 1577.486 1577.483 1577.548 1576.668
1585.672 1585.226 1584.522 1583.718 1581.666 1580.609 1579.377 1577.612 1578.704 1578.224 1578.036 1577.908 1577.458 1576.837 1576.359 1576.195 1576.247 1575.777 1574.998 1574.072 1573.516 1574.974 1575.467 1575.784 1575.847 1575.925 1576.3 1576.014
1584.694 1584.373 1583.804 1583.109 1581.245 1579.924 1578.428 1577.612 1575.748 1575.65 1575.939 1576.099 1575.917 1575.216 1574.215 1574.407 1574.704 1574.431 1573.679 1572.489 1571.436 1572.833 1573.2 1573.35 1573.748 1574.259 1574.774 1574.351
1584.345 1583.936 1583.477 1582.806 1580.972 1579.664 1578.428 1576.775 1574.945 1573.622 1573.99 1574.293 1574.219 1573.731 1573.193 1573.12 1573.187 1572.99 1572.189 1570.398 1569.073 1568.054 1567.869 1567.007 1566.696 1567.139 1568.969 1568.946
1584.621 1584.118 1583.683 1583.03 1580.972 1579.664 1578.208 1576.718 1575.188 1573.478 1573.208 1573.081 1572.892 1572.668 1572.326 1572.071 1571.686 1570.937 1570.001 1568.713 1567.026 1562.733 1561.897 1560.928 1560.366 1560.621 1562.232 1562.493
1584.944 1584.755 1584.316 1582.15 1581.044 1579.818 1578.48 1577.083 1575.963 1574.177 1573.306 1572.613 1572.257 1572.192 1571.785 1571.31 1570.855 1570.328 1569.561 1568.272 1563.243 1561.749 1561.649 1561.49 1561.307 1561.031 1560.518 1560.475
1585.924 1585.977 1584.316 1582.596 1581.567 1580.385 1579.074 1577.773 1576.705 1574.764 1574.064 1573.543 1572.876 1572.22 1571.82 1571.429 1571.007 1570.452 1569.804 1568.995 1565.65 1565.017 1565.024 1564.798 1564.514 1564.085 1563.203 1562.89
1589.566 1585.977 1585.759 1583.476 1582.228 1580.942 1579.679 1578.463 1577.446 1575.466 1574.572 1573.735 1573.102 1572.601 1571.899 1571.606 1571.291 1570.979 1570.62 1570.126 1569.385 1569.24 1569.092 1569.088 1569.191 1569.118 1567.933 1565.684
1589.566 1588.454 1587.092 1584.793 1583.255 1581.79 1580.55 1579.327 1578.224 1575.859 1574.624 1573.709 1573.487 1573.323 1572.313 1572.057 1571.911 1571.783 1571.77 1572.177 1572.537 1572.693 1572.869 1573.16 1573.367 1573.514 1571.525 1567.434
1593.976 1590.404 1588.043 1584.989 1583.762 1582.517 1581.31 1580.189 1578.155 1577.078 1576.037 1575.22 1574.571 1573.917 1572.826 1572.568 1572.47 1572.505 1572.91 1573.675 1574.495 1574.594 1575.051 1575.496 1575.155 1574.803 1572.16 1567.559
1595.437 1591.687 1588.749 1585.318 1584.057 1582.921 1582.057 1581.215 1579.397 1578.47 1577.41 1576.299 1575.327 1574.249 1573.271 1572.982 1572.804 1573.032 1573.578 1574.326 1575.346 1575.562 1575.876 1575.938 1575.502 1573.698 1571.367 1567.844
1594.994 1591.782 1589.056 1585.576 1584.39 1583.565 1583.148 1582.553 1581.149 1580.092 1578.823 1577.391 1575.921 1574.804 1574.109 1573.857 1573.436 1573.674 1574.593 1575.669 1575.877 1576.106 1576.2 1576.015 1575.463 1572.868 1570.965 1568.412
1594.398 1590.604 1586.845 1585.584 1585.086 1584.864 1584.662 1584.373 1583.263 1582.058 1580.656 1579.007 1577.341 1576.44 1575.555 1575.283 1574.955 1575.252 1575.948 1576.163 1576.203 1576.156 1576.09 1576.075 1575.737 1573.061 1571.131 1568.784
1592.423 1590.215 1586.298 1585.294 1585.321 1585.88 1586.191 1586.307 1584.874 1583.593 1582.117 1580.642 1579.508 1577.861 1577.38 1577.028 1576.88 1576.904 1576.799 1576.557 1576.331 1576.192 1576.07 1575.918 1576.034 1573.873 1571.492 1568.319
1591.883 1589.251 1585.874 1585.869 1586.295 1586.527 1586.875 1586.878 1585.739 1584.448 1583.062 1582.007 1581.167 1579.751 1579.165 1578.672 1578.28 1577.857 1577.423 1576.719 1576.409 1576.143 1575.657 1575.164 1574.875 1572.078 1569.379 1566.209
1591.954 1590.491 1586.958 1587.21 1587.736 1587.733 1587.672 1587.504 1586.241 1585.215 1584.165 1583.305 1582.491 1581.195 1580.494 1579.803 1579.144 1578.603 1578.011 1576.785 1576.156 1575.347 1574.479 1573.723 1570.392 1567.332 1564.742 1562.865
1591.822 1590.894 1589.405 1588.919 1588.572 1588.37 1588.343 1587.54 1586.861 1586.12 1585.37 1584.713 1583.993 1582.417 1581.446 1580.682 1579.976 1579.231 1578.424 1576.422 1575.512 1574.496 1573.191 1571.004 1564.953 1562.339 1560.191 1558.11
1591.692 1590.953 1589.87 1589.426 1589.061 1588.798 1588.606 1587.998 1587.465 1586.957 1586.465 1585.906 1585.331 1583.128 1582.311 1581.68 1580.991 1580.094 1577.435 1575.479 1573.968 1572.915 1570.857 1567.698 1560.99 1559.491 1558.244 1555.817
1591.203 1590.28 1589.92 1589.582 1589.274 1588.995 1588.818 1588.055 1587.612 1587.17 1586.713 1586.171 1585.509 1583.18 1582.87 1582.934 1582.662 1581.309 1576.926 1574.702 1573.563 1572.924 1570.892 1565.829 1559.216 1557.467 1555.207 1552.262
1590.496 1590.09 1589.859 1589.658 1589.421 1589.139 1588.669 1588.124 1587.632 1587.001 1586.19 1585.582 1584.828 1583.881 1584.233 1584.823 1584.973 1583.858 1578 1575.828 1574.491 1574.497 1572.981 1565.614 1559.731 1557.865 1555.182 1552.761
1589.59 1589.818 1589.845 1589.706 1589.45 1589.027 1588.622 1588.111 1587.657 1586.927 1585.98 1585.592 1584.788 1585.166 1585.64 1585.991 1585.897 1584.424 1579.022 1577.063 1575.847 1573.949 1570.018 1562.743 1559.639 1557.896 1555.739 1553.979
1588.317 1589.451 1589.609 1589.385 1588.949 1588.662 1588.517 1588.071 1587.704 1587.074 1586.401 1585.921 1585.58 1585.987 1586.218 1586.032 1585.414 1583.698 1578.648 1576.683 1575.179 1572.684 1567.647 1560.056 1558.748 1557.386 1556.145 1553.979
1585.851 1587.627 1587.895 1587.872 1587.736 1587.9 1588.097 1587.615 1587.648 1587.778 1586.781 1586.337 1586.173 1586.445 1586.316 1585.398 1583.723 1582.19 1577.809 1575.719 1574.12 1571.257 1567.057 1560.786 1559.36 1558.175 1556.145 1554.441
1579.938 1582.818 1583.707 1584.429 1585.078 1585.609 1586.561 1586.611 1586.925 1587.317 1587 1586.606 1587.07 1586.603 1585.536 1583.951 1581.849 1579.509 1576.66 1575.065 1573.239 1570.826 1567.476 1562.445 1561.024 1558.175 1556.95 1555.076
1574.404 1575.864 1577.198 1578.464 1579.693 1580.875 1582.713 1583.467 1583.997 1584.361 1584.9 1585.294 1586.502 1586.12 1584.291 1581.956 1579.66 1574.418 1573.427 1572.981 1571.786 1569.893 1567.478 1563.395 1561.024 1559.676 1558.113 1556.026
1568.783 1570.498 1571.611 1572.734 1573.863 1574.98 1577.192 1578.326 1579.232 1579.927 1580.829 1581.946 1583.515 1584.364 1583.661 1581.052 1577.994 1573.415 1571.346 1570.179 1569.393 1567.737 1566.573 1563.395 1561.885 1560.553 1559.083 1557.043
1564.832 1566.934 1568.041 1568.898 1569.568 1570.09 1572.08 1573.172 1574.13 1575.069 1576.083 1578.508 1579.655 1580.305 1579.98 1578.751 1576.65 1572.335 1570.501 1568.595 1566.781 1565.014 1566.573 1564.354 1562.799 1561.393 1560.182 1559.089
1562.257 1564.269 1565.37 1565.965 1566.133 1565.753 1565.941 1568.36 1570.137 1571.094 1572.054 1574.475 1575.614 1577.014 1577.591 1576.786 1575.583 1571.783 1569.914 1567.397 1564.241 1565.014 1564.211 1563.397 1563.478 1563.113 1561.913 1561.469
1559.157 1561.648 1562.896 1563.387 1563.069 1560.527 1561.701 1564.508 1566.434 1567.563 1568.721 1571.353 1572.727 1574.16 1575.184 1575.875 1575.724 1571.901 1568.532 1567.397 1564.241 1562.031 1561.806 1562.318 1562.634 1562.769 1562.803 1562.473
1555.491 1557.687 1559 1559.389 1559.021 1557.933 1559.238 1561.697 1563.531 1564.167 1564.34 1568.574 1571.382 1573.254 1574.602 1575.722 1576.184 1572.471 1568.532 1564.985 1562.36 1560.71 1558.941 1559.355 1559.863 1560.165 1560.236 1560.569
1552.937 1554.046 1554.468 1554.419 1554.325 1553.989 1555.228 1557.299 1558.902 1559.682 1560.429 1566.528 1569.926 1572.934 1575.435 1576.937 1575.639 1572.471 1568.757 1564.535 1561.354 1560.514 1556.245 1554.404 1554.537 1554.715 1555.176 1555.657
1550.2 1550.737 1550.61 1550.317 1550.08 1549.786 1551.144 1552.604 1552.584 1552.672 1557.074 1565.988 1569.419 1573.072 1575.94 1576.76 1575.639 1573.987 1571.06 1566.958 1563.557 1561.133 1555.744 1552.071 1549.301 1548.757 1549.138 1549.736
1545.464 1545.92 1546.145 1545.95 1545.558 1545.763 1546.827 1548.087 1548.715 1549.604 1559.737 1564.449 1568.585 1573.255 1576.616 1576.76 1576.838 1575.877 1573.683 1570.479 1566.995 1563.95 1557.131 1553.521 1550.574 1548.539 1547.992 1544.935
1540.753 1540.848 1541.038 1541.004 1540.582 1539.856 1543.162 1547.635 1548.042 1549.819 1557.339 1561.753 1566.916 1572.858 1576.616 1577.392 1577.302 1576.767 1576.004 1573.971 1570.236 1566.59 1560.976 1557.873 1554.522 1551.51 1550.071 1541.163
1536.383 1536.855 1537.044 1537.573 1537.983 1539.136 1544.043 1549.35 1549.645 1549.718 1554.584 1559.034 1563.738 1572.858 1577.15 1578.061 1577.746 1576.839 1576.123 1575.093 1572.538 1565.781 1563.825 1561.933 1559.052 1555.432 1552.463 1543.371
1529.737 1531.827 1535.124 1535.91 1540.538 1545.344 1550.087 1552.752 1553.539 1555.278 1559.65 1559.034 1563.738 1570.154 1576.336 1579.786 1577.207 1576.369 1575.766 1574.749 1572.888 1567.261 1565.262 1564.076 1562.286 1559.099 1555.31 1549.033
1526.055 1530.493 1535.065 1536.028 1541.611 1547.478 1552.07 1555.386 1558.615 1561.618 1559.65 1560.881 1562.661 1567.477 1574.235 1577.767 1576.651 1575.674 1574.75 1573.678 1571.836 1567.435 1565.58 1564.271 1562.943 1560.689 1556.523 1550.334
