var/www/cgi-bin/BAERTOOLS/ravel/working/ravel-12027.DEM
NCOLS 166
NROWS 25
XLLCORNER 615583.99
YLLCORNER 4621845.4
CELLSIZE 10
NODATA_VALUE -9999
[rows 0 to 24 of 25, columns 0 to 62 of 166]
1435.944 1436.058 1436.228 1436.404 1436.619 1437.004 1437.165 1437.306 1437.658 1437.865 1438.015 1438.355 1438.576 1438.707 1438.789 1438.99 1439.118 1439.2 1439.447 1439.529 1439.7 1440.059 1441.28 1441.976 1442.667 1444.238 1445.097 1445.94 1447.541 1448.404 1449.265 1450.114 1451.507 1452.002 1452.306 1452.64 1452.732 1452.813 1453.303 1453.613 1453.922 1454.206 1454.962 1455.315 1455.624 1456.158 1456.502 1456.861 1457.121 1457.687 1458.008 1458.432 1459.168 1459.559 1459.936 1460.762 1461.169 1461.635 1462.091 1462.933 1463.348 1463.786 1464.59
1435.884 1435.986 1436.245 1436.4 1436.567 1437.124 1437.342 1437.529 1437.842 1437.969 1438.131 1438.355 1438.576 1438.762 1438.905 1439.163 1439.261 1439.414 1439.609 1439.716 1439.816 1440.175 1441.248 1441.903 1442.67 1444.11 1444.888 1445.665 1447.367 1448.192 1448.982 1449.838 1451.091 1451.551 1451.935 1452.102 1452.134 1452.281 1452.566 1453.199 1453.525 1453.895 1454.67 1455.045 1455.354 1455.907 1456.185 1456.524 1456.878 1457.37 1457.751 1458.14 1458.914 1459.311 1459.74 1460.641 1461.083 1461.584 1462.126 1463.142 1463.588 1463.99 1465.042
1435.806 1435.854 1436.257 1436.416 1436.65 1437.122 1437.417 1437.732 1438.111 1438.232 1438.383 1438.528 1438.736 1438.762 1439.25 1439.463 1439.598 1439.723 1439.8 1439.806 1439.939 1440.306 1441.266 1441.924 1442.685 1444.023 1444.778 1445.48 1446.317 1447.872 1448.582 1449.368 1450.558 1450.93 1451.25 1451.409 1451.57 1451.942 1452.262 1452.855 1453.114 1453.497 1454.377 1454.74 1455.043 1455.618 1455.89 1456.264 1456.555 1457.098 1457.448 1457.786 1458.625 1459.02 1459.485 1460.469 1460.972 1461.558 1462.139 1463.163 1463.658 1464.156 1465.283
1435.639 1435.804 1436.235 1436.419 1436.648 1437.219 1437.589 1437.884 1438.095 1438.683 1438.816 1438.969 1439.058 1439.198 1439.25 1439.463 1439.949 1439.956 1439.958 1440.032 1440.286 1440.652 1441.525 1442.013 1442.615 1443.996 1444.689 1445.382 1446.07 1447.592 1448.256 1448.805 1450.067 1450.404 1450.629 1450.863 1451.162 1451.56 1451.875 1452.488 1452.792 1453.172 1454.07 1454.449 1454.819 1455.347 1455.637 1455.915 1456.211 1456.824 1457.076 1457.382 1458.224 1458.679 1459.189 1460.209 1460.737 1461.416 1462.042 1463.08 1463.625 1464.163 1465.453
1435.547 1435.694 1436.166 1436.429 1436.656 1437.262 1437.57 1437.907 1438.302 1439.089 1439.296 1439.421 1439.538 1439.553 1439.567 1439.975 1439.949 1439.956 1440.435 1440.703 1440.793 1441.075 1441.673 1442.203 1442.657 1443.854 1444.492 1445.187 1445.886 1447.144 1447.768 1448.389 1449.391 1449.715 1450.095 1450.457 1450.725 1451.059 1451.442 1452.091 1452.493 1452.952 1453.8 1454.228 1454.541 1455.159 1455.45 1455.669 1455.863 1456.38 1456.682 1456.999 1457.708 1458.236 1458.831 1459.381 1460.509 1461.169 1461.839 1462.94 1463.481 1464.059 1465.414
1435.447 1435.632 1436.117 1436.393 1436.661 1437.306 1437.634 1438.026 1438.408 1439.308 1439.729 1439.857 1439.795 1439.729 1439.801 1440.094 1440.21 1440.367 1440.435 1440.703 1441.038 1441.258 1441.905 1442.299 1442.772 1443.823 1444.35 1444.898 1445.582 1446.817 1447.358 1447.898 1448.859 1449.289 1449.591 1450.104 1450.419 1450.738 1451.116 1451.986 1452.366 1452.765 1453.549 1453.952 1454.322 1454.577 1455.082 1455.309 1455.466 1455.94 1456.197 1456.45 1457.259 1457.737 1458.368 1458.91 1460.216 1460.877 1461.525 1462.714 1463.302 1463.921 1465.175
1435.414 1435.65 1436.072 1436.339 1436.618 1437.365 1437.715 1438.104 1438.485 1439.276 1439.583 1439.803 1439.858 1439.786 1439.803 1440.336 1440.487 1440.588 1440.595 1440.94 1441.038 1441.198 1441.938 1442.323 1442.853 1443.722 1444.239 1444.712 1445.308 1446.451 1447.046 1447.509 1448.403 1448.792 1449.177 1449.497 1450.109 1450.441 1450.898 1451.848 1452.275 1452.587 1453.355 1453.717 1454.031 1454.355 1454.725 1454.909 1455.074 1455.418 1455.624 1455.922 1456.757 1457.233 1457.8 1458.382 1459.84 1460.532 1461.196 1462.388 1463.06 1463.677 1464.834
1435.363 1435.554 1435.992 1436.304 1436.564 1437.309 1437.714 1438.068 1438.478 1439.281 1439.474 1439.645 1439.857 1439.782 1439.804 1440.05 1440.465 1440.446 1440.505 1440.774 1440.952 1441.198 1441.938 1442.304 1442.74 1443.133 1444.145 1444.6 1445.051 1446.118 1446.637 1447.097 1447.997 1448.384 1448.776 1449.169 1449.839 1450.232 1450.618 1451.513 1451.895 1452.273 1453.095 1453.556 1453.906 1454.021 1454.375 1454.392 1454.496 1454.786 1454.945 1455.272 1456.032 1456.598 1457.208 1457.877 1459.381 1460.068 1460.76 1462.077 1462.75 1463.317 1464.547
1435.249 1435.395 1435.931 1436.223 1436.574 1436.875 1437.655 1437.969 1438.438 1439.16 1439.392 1439.657 1439.877 1439.798 1439.769 1439.957 1440.144 1440.142 1440.14 1440.272 1440.479 1440.834 1441.826 1442.304 1442.74 1443.023 1443.934 1444.398 1444.852 1445.778 1446.215 1446.607 1447.536 1448.016 1448.466 1448.782 1449.616 1449.944 1450.404 1451.232 1451.703 1452.159 1452.947 1453.325 1453.626 1453.795 1454.005 1454.045 1453.989 1454.101 1454.114 1454.388 1455.276 1455.907 1456.531 1457.208 1458.825 1459.566 1460.314 1461.807 1462.444 1462.974 1464.26
1435.161 1435.362 1435.857 1436.137 1436.531 1436.842 1437.574 1437.93 1438.311 1439.073 1439.306 1439.616 1439.918 1439.813 1439.634 1439.712 1439.656 1439.662 1439.663 1439.721 1439.963 1440.471 1441.694 1442.169 1442.563 1443.023 1443.934 1444.192 1444.572 1445.448 1445.844 1446.309 1447.243 1447.713 1448.167 1448.566 1449.346 1449.733 1450.119 1451.083 1451.613 1452.069 1452.86 1453.213 1453.419 1453.441 1453.494 1453.588 1453.589 1453.307 1453.366 1453.558 1453.919 1455.129 1455.835 1456.646 1458.336 1459.156 1459.922 1461.479 1462.188 1462.761 1463.316
1435.08 1435.315 1435.75 1436.01 1436.365 1436.722 1437.469 1437.772 1438.114 1438.9 1439.18 1439.532 1439.783 1439.567 1439.374 1439.35 1439.333 1439.363 1439.392 1439.646 1439.921 1440.435 1441.528 1441.982 1442.454 1442.921 1443.751 1444.192 1444.38 1445.259 1445.641 1446.017 1446.951 1447.383 1447.773 1448.237 1449.144 1449.55 1450.011 1450.881 1451.419 1451.875 1452.274 1452.854 1452.928 1453.013 1452.99 1452.865 1452.804 1452.532 1452.541 1452.733 1453.093 1454.411 1455.125 1455.972 1457.871 1458.702 1459.53 1461.058 1461.765 1462.438 1463.029
1434.9 1435.129 1435.734 1436.043 1436.297 1436.636 1437.3 1437.579 1437.92 1438.601 1438.938 1439.254 1439.251 1439.119 1439.053 1439.046 1439.067 1439.172 1439.225 1439.72 1440.061 1440.439 1441.349 1441.806 1442.25 1442.712 1443.6 1443.979 1444.38 1445.259 1445.397 1445.706 1446.155 1447.072 1447.47 1447.942 1448.804 1449.32 1449.713 1450.756 1451.191 1451.578 1451.973 1452.447 1452.5 1452.44 1452.194 1452.134 1452.071 1451.904 1451.863 1451.982 1452.347 1453.724 1454.501 1455.348 1457.261 1458.213 1459.051 1460.602 1461.32 1461.954 1462.636
1434.771 1435.068 1435.678 1435.968 1436.248 1436.498 1437.087 1437.367 1437.728 1438.327 1438.531 1438.669 1438.711 1438.723 1438.745 1438.817 1438.976 1439.112 1439.135 1439.63 1439.939 1440.335 1440.772 1441.646 1442.056 1442.519 1443.289 1443.679 1444.134 1444.972 1445.397 1445.706 1445.754 1446.674 1447.08 1447.607 1448.428 1448.827 1449.3 1450.338 1450.808 1451.262 1451.589 1451.972 1451.878 1451.81 1451.641 1451.483 1451.34 1451.371 1451.471 1451.626 1451.847 1453.125 1453.983 1454.833 1456.724 1457.725 1458.631 1460.238 1460.93 1461.598 1462.237
1434.764 1435.015 1435.328 1435.816 1436.076 1436.363 1436.889 1437.178 1437.474 1437.966 1438.076 1438.158 1438.324 1438.481 1438.487 1438.613 1438.806 1438.95 1439.068 1439.597 1439.885 1440.247 1440.594 1441.404 1441.858 1442.324 1443.083 1443.41 1443.772 1444.591 1445.003 1445.33 1445.754 1446.674 1446.75 1447.124 1448.128 1448.528 1448.989 1449.924 1450.37 1450.751 1451.07 1451.382 1451.334 1451.113 1450.944 1450.893 1450.899 1450.94 1451.082 1451.328 1451.62 1452.692 1453.568 1454.42 1456.379 1457.314 1458.23 1459.881 1460.62 1461.306 1461.915
1434.623 1434.919 1435.176 1435.655 1435.941 1436.205 1436.765 1437.023 1437.24 1437.641 1437.791 1437.814 1437.956 1438.269 1438.341 1438.407 1438.687 1438.875 1439.027 1439.507 1439.792 1440.072 1440.421 1441.309 1441.691 1442.124 1442.95 1443.292 1443.575 1444.332 1444.71 1445.095 1445.405 1446.38 1446.75 1446.747 1447.651 1448.094 1448.49 1449.35 1449.775 1450.212 1450.388 1450.65 1450.63 1450.569 1450.577 1450.579 1450.591 1450.668 1450.758 1451.029 1451.405 1452.376 1453.27 1454.121 1455.974 1456.924 1457.922 1458.854 1460.38 1461.005 1461.688
1434.484 1434.727 1434.962 1435.562 1435.852 1436.021 1436.555 1436.755 1437.043 1437.355 1437.472 1437.571 1437.721 1438.037 1438.201 1438.322 1438.511 1438.733 1438.968 1439.397 1439.582 1439.837 1440.299 1441.218 1441.603 1442.012 1442.785 1443.042 1443.295 1443.951 1444.284 1444.68 1445.073 1445.96 1446.345 1446.747 1447.651 1447.614 1448.072 1448.471 1449.144 1449.504 1449.755 1450.028 1450.023 1450.045 1450.124 1450.082 1450.177 1450.336 1450.552 1450.832 1451.291 1452.208 1452.972 1453.822 1455.718 1456.702 1457.627 1458.55 1460.214 1460.877 1461.506
1434.412 1434.706 1434.869 1435.35 1435.597 1435.81 1436.346 1436.511 1436.768 1437.077 1437.208 1437.37 1437.525 1437.885 1437.995 1438.149 1438.458 1438.636 1438.919 1439.411 1439.592 1439.843 1440.259 1441.114 1441.506 1441.916 1442.539 1442.787 1443.102 1443.325 1443.936 1444.309 1444.692 1445.554 1445.955 1446.41 1447.191 1447.614 1448.072 1447.942 1448.694 1448.909 1449.147 1449.412 1449.456 1449.625 1449.922 1449.97 1449.987 1450.127 1450.5 1450.818 1451.126 1451.968 1452.687 1453.614 1455.521 1456.532 1457.521 1458.526 1460.104 1460.784 1461.398
1434.275 1434.451 1434.742 1435.193 1435.364 1435.597 1436.087 1436.314 1436.536 1436.644 1437.029 1437.177 1437.316 1437.709 1437.79 1437.992 1438.455 1438.647 1438.876 1439.189 1439.683 1439.97 1440.347 1441.109 1441.445 1441.739 1442.303 1442.551 1442.838 1443.103 1443.661 1443.962 1444.372 1445.121 1445.513 1445.896 1446.742 1447.19 1447.581 1447.942 1448.694 1448.423 1448.656 1449.005 1449.173 1449.338 1449.595 1449.742 1449.97 1450.057 1450.514 1450.826 1451.132 1451.933 1452.589 1453.524 1455.365 1456.39 1457.528 1458.466 1460.1 1460.767 1461.383
1434.141 1434.416 1434.59 1435.028 1435.25 1435.488 1435.918 1436.109 1436.35 1436.428 1436.731 1436.895 1437.175 1437.518 1437.663 1437.897 1438.321 1438.617 1438.891 1439.149 1439.714 1440.038 1440.383 1441.067 1441.38 1441.683 1442.009 1442.213 1442.424 1442.712 1443.189 1443.48 1443.925 1444.635 1445.028 1445.419 1446.279 1446.693 1447.131 1447.392 1448.192 1448.423 1448.27 1448.703 1448.902 1449.132 1449.408 1449.626 1449.782 1450.021 1450.52 1450.848 1451.232 1452.053 1452.689 1453.548 1455.381 1456.367 1457.461 1458.538 1460.35 1461.046 1461.57
1433.911 1434.143 1434.365 1434.947 1435.157 1435.316 1435.733 1435.949 1435.994 1436.18 1436.551 1436.817 1436.951 1437.358 1437.581 1437.81 1438.236 1438.524 1438.835 1439.118 1439.652 1439.927 1440.242 1440.838 1441.124 1441.428 1441.757 1441.898 1442.026 1442.219 1442.707 1443.042 1443.428 1444.219 1444.609 1444.996 1445.779 1446.184 1446.567 1446.969 1447.699 1448.008 1448.27 1448.703 1448.697 1448.933 1449.109 1449.526 1449.704 1450.008 1450.64 1450.964 1451.348 1452.268 1453.006 1453.783 1454.687 1456.566 1457.568 1458.564 1460.609 1461.41 1462.147
1433.803 1434.029 1434.269 1434.638 1434.879 1435.107 1435.54 1435.668 1435.737 1435.965 1436.396 1436.589 1436.786 1437.217 1437.397 1437.635 1438.174 1438.427 1438.742 1439.011 1439.478 1439.702 1439.924 1440.51 1440.764 1441.075 1441.392 1441.484 1441.53 1441.636 1442.182 1442.535 1442.888 1443.68 1444.091 1444.482 1444.915 1445.793 1446.18 1446.57 1447.221 1447.552 1447.935 1448.389 1448.697 1448.933 1448.994 1449.457 1449.713 1450.027 1450.755 1451.097 1451.55 1452.542 1453.342 1454.11 1454.937 1456.794 1457.794 1458.788 1460.907 1461.858 1462.683
1433.646 1433.914 1434.001 1434.542 1434.746 1434.912 1435.331 1435.476 1435.619 1435.774 1436.307 1436.442 1436.615 1437.062 1437.274 1437.512 1438.042 1438.327 1438.578 1438.809 1439.283 1439.502 1439.65 1440.088 1440.345 1440.616 1440.8 1440.881 1440.853 1440.947 1441.572 1441.94 1442.312 1443.185 1443.625 1444.015 1444.53 1445.423 1445.805 1446.192 1446.956 1447.274 1447.577 1448.174 1448.435 1448.747 1448.994 1449.457 1449.746 1450.122 1450.901 1451.291 1451.679 1452.883 1453.666 1454.429 1455.187 1456.951 1458.025 1459.019 1461.172 1462.212 1463.112
1433.399 1433.622 1433.775 1434.352 1434.551 1434.706 1434.943 1435.266 1435.434 1435.66 1436.048 1436.261 1436.41 1436.915 1437.179 1437.342 1437.624 1438.145 1438.375 1438.614 1439.064 1439.238 1439.394 1439.705 1439.903 1440.092 1440.231 1440.147 1440.115 1440.356 1440.972 1441.32 1441.797 1442.72 1443.206 1443.655 1444.14 1445.109 1445.515 1445.898 1446.717 1447.088 1447.393 1448.028 1448.361 1448.659 1448.895 1449.405 1449.746 1450.134 1450.943 1451.4 1451.874 1453.153 1453.877 1454.638 1455.399 1457.327 1458.25 1459.244 1461.391 1462.48 1463.532
1433.263 1433.429 1433.662 1434.131 1434.373 1434.589 1434.676 1435.178 1435.321 1435.478 1435.892 1436.061 1436.282 1436.72 1436.929 1437.209 1437.47 1437.945 1438.168 1438.345 1438.778 1438.918 1439.077 1439.475 1439.616 1439.71 1439.737 1439.66 1439.666 1439.899 1440.524 1440.874 1441.342 1442.225 1442.819 1443.366 1443.884 1444.776 1445.21 1445.627 1446.528 1446.892 1447.221 1447.89 1448.252 1448.584 1448.816 1449.45 1449.818 1450.134 1450.943 1451.407 1451.873 1452.551 1454.053 1454.764 1455.615 1457.475 1458.481 1459.475 1461.626 1462.685 1463.665
1433.104 1433.314 1433.473 1434.044 1434.244 1434.397 1434.547 1434.97 1435.133 1435.357 1435.724 1435.961 1436.186 1436.549 1436.809 1437.116 1437.293 1437.747 1437.965 1438.12 1438.483 1438.689 1438.845 1439.165 1439.249 1439.331 1439.432 1439.463 1439.534 1439.636 1440.139 1440.531 1440.954 1441.916 1442.532 1443.058 1443.552 1444.598 1444.997 1445.431 1446.34 1446.743 1447.13 1447.533 1448.126 1448.569 1448.83 1449.427 1449.755 1450.128 1451.019 1451.407 1451.873 1452.637 1454.104 1454.926 1455.908 1457.689 1458.702 1459.705 1461.805 1462.778 1463.686
