var/www/cgi-bin/BAERTOOLS/ravel/working/ravel-18054.DEM
NCOLS 44
NROWS 94
XLLCORNER 364845.66
YLLCORNER 3986831.5
CELLSIZE 10
NODATA_VALUE -9999
[rows 40 to 79 of 94, columns 0 to 43 of 44]
1471.046 1471.857 1473.88 1475.192 1476.93 1478.878 1480.798 1484.802 1486.781 1488.483 1489.676 1490.557 1492.218 1493.141 1493.931 1494.972 1496.271 1498.572 1499.67 1500.709 1502.053 1503.766 1508.321 1510.699 1512.923 1514.649 1516.018 1519.826 1522.068 1524.313 1525.837 1526.753 1528.318 1529.016 1528.71 1527.774 1526.761 1524.496 1522.891 1521.116 1518.935 1516.501 1512.556 1511.328
1473.212 1474.353 1474.842 1475.892 1477.481 1479.333 1483.422 1485.462 1487.37 1488.788 1489.81 1490.706 1492.449 1493.368 1494.395 1495.621 1496.942 1499.492 1500.665 1501.972 1503.327 1504.837 1509.296 1511.642 1513.603 1515.212 1516.605 1520.417 1522.633 1524.731 1526.159 1527.013 1528.416 1529.12 1528.765 1527.897 1526.987 1524.737 1522.973 1521.1 1518.804 1516.224 1512.224 1510.923
1475.347 1476.388 1476.706 1477.448 1478.675 1480.245 1484.23 1485.844 1487.497 1488.762 1489.72 1491.458 1492.408 1493.482 1494.833 1496.15 1498.639 1499.93 1501.361 1502.781 1504.048 1507.602 1509.802 1512.104 1513.89 1515.321 1516.76 1520.484 1522.615 1524.615 1525.953 1526.737 1528.335 1529.105 1529.046 1528.305 1527.317 1525.253 1523.446 1521.297 1518.921 1516.427 1512.263 1510.918
1477.298 1478.871 1479.54 1480.166 1480.957 1482.019 1484.573 1485.689 1486.902 1488.119 1489.161 1491.261 1492.472 1493.665 1494.968 1496.182 1498.694 1499.833 1501.155 1502.629 1504.144 1507.684 1509.7 1511.712 1513.442 1514.991 1518.317 1520.106 1522.026 1523.83 1525.178 1527.065 1528.034 1528.858 1529.118 1528.678 1527.788 1525.736 1524.038 1521.787 1519.322 1516.825 1512.48 1510.915
1479.358 1481.226 1482.147 1483.054 1483.874 1484.535 1485.287 1485.52 1486.436 1487.68 1488.817 1491.172 1492.519 1493.747 1495.276 1496.401 1498.238 1499.498 1500.679 1502.089 1503.844 1507.433 1509.302 1511.089 1512.781 1514.456 1517.964 1519.642 1521.352 1522.91 1524.387 1526.569 1527.56 1528.379 1528.797 1528.828 1527.282 1526.243 1524.788 1522.522 1519.945 1514.883 1512.72 1511.116
1481.252 1483.844 1484.874 1485.658 1486.323 1486.721 1486.736 1486.804 1486.987 1487.709 1488.789 1491.13 1492.404 1493.49 1494.637 1495.916 1498.233 1499.185 1500.163 1501.65 1503.516 1507.143 1508.866 1510.47 1512.058 1513.779 1517.509 1519.346 1520.962 1522.401 1523.989 1526.299 1527.294 1528.109 1528.666 1528.863 1527.692 1526.686 1525.408 1523.245 1520.579 1515.524 1513.197 1511.116
1483.37 1486.155 1487.265 1488.255 1489.009 1489.247 1488.874 1488.57 1488.451 1488.705 1489.25 1491.001 1492.093 1493.3 1494.796 1496.187 1498.347 1499.188 1500.066 1501.441 1503.205 1506.976 1508.581 1510.067 1511.537 1513.248 1517.207 1519.106 1520.807 1522.433 1524.126 1526.361 1527.251 1528.146 1528.622 1528.63 1527.584 1526.766 1525.771 1523.723 1520.921 1515.524 1513.197 1511.547
1485.396 1488.481 1489.811 1491.048 1492.012 1492.439 1492.134 1491.746 1491.331 1491.086 1490.812 1491.395 1492.396 1493.904 1495.393 1496.653 1498.607 1499.281 1500.111 1501.43 1503.079 1506.648 1508.471 1510.078 1511.642 1513.341 1517.124 1518.892 1520.748 1522.645 1524.401 1526.566 1527.415 1528.037 1528.244 1528.039 1526.82 1526.114 1525.009 1523.193 1520.921 1515.983 1513.898 1512.073
1487.314 1491.021 1492.818 1494.269 1495.298 1495.89 1495.86 1495.526 1494.815 1494.318 1493.573 1493.739 1494.157 1494.401 1495.333 1496.685 1498.461 1499.228 1500.162 1501.403 1503.008 1506.332 1508.332 1510.313 1512.148 1513.843 1517.133 1518.684 1520.656 1522.828 1524.731 1526.765 1527.395 1527.833 1527.638 1527.021 1525.945 1524.856 1525.009 1523.193 1520.876 1516.381 1514.505 1512.67
1489.686 1493.943 1496.004 1497.764 1499.095 1499.72 1499.523 1499.138 1498.597 1498.041 1497.298 1497.48 1497.191 1495.985 1495.491 1496.21 1497.856 1498.709 1499.921 1501.261 1502.73 1505.907 1508.115 1510.463 1512.519 1514.189 1516.807 1517.878 1519.896 1522.217 1524.267 1526.876 1527.331 1527.197 1526.658 1526.081 1525.945 1524.856 1523.466 1521.951 1520.087 1516.421 1514.65 1512.867
1492.609 1497.25 1499.199 1500.681 1501.66 1502.067 1501.859 1501.778 1501.569 1500.835 1500.396 1499.43 1498.214 1497.038 1495.789 1495.207 1496.823 1497.737 1499.182 1500.757 1502.224 1505.26 1507.457 1509.892 1512.182 1513.859 1515.709 1516.556 1518.243 1520.552 1523.002 1526.337 1526.52 1526.122 1526.658 1526.081 1524.323 1523.038 1521.741 1520.287 1518.721 1515.952 1514.489 1512.828
1498.065 1500.102 1501.377 1502.303 1503.037 1503.426 1503.514 1503.435 1502.953 1502.079 1501.256 1500.167 1498.722 1496.747 1495.432 1494.866 1495.643 1496.573 1498.187 1499.991 1501.497 1504.419 1506.091 1508.238 1510.387 1511.996 1513.89 1514.658 1516.11 1518.19 1520.591 1524.853 1526.52 1526.122 1525.448 1524.56 1522.09 1520.863 1519.589 1518.272 1517.14 1515.12 1513.854 1512.438
1500.556 1501.788 1502.849 1503.786 1504.455 1504.824 1505.369 1504.675 1503.638 1502.658 1500.536 1499.621 1498.206 1495.438 1493.533 1493.421 1494.226 1495.251 1496.835 1498.582 1500.17 1502.978 1504.436 1505.94 1507.572 1509.138 1511.36 1512.355 1513.748 1515.607 1517.87 1524.853 1525.046 1524.38 1523.453 1522.429 1519.511 1518.252 1517.158 1516.104 1515.246 1513.877 1512.718 1511.442
1501.707 1503.024 1504.21 1505.184 1505.878 1506.088 1505.775 1504.656 1503.688 1502.789 1500.115 1498.194 1496.573 1494.535 1492.437 1492.068 1492.853 1493.515 1494.782 1496.476 1499.594 1500.957 1502.28 1503.483 1504.848 1506.247 1508.793 1510.024 1511.457 1515.607 1517.87 1522.252 1523.094 1522.638 1521.498 1520.133 1516.927 1515.582 1514.526 1513.696 1513.069 1511.832 1510.89 1509.808
1502.873 1504.186 1505.523 1506.583 1507.042 1506.881 1505.587 1504.661 1503.685 1502.506 1499.316 1497.201 1495.083 1493.516 1491.879 1490.501 1491.04 1491.474 1492.571 1494.184 1497.228 1498.568 1499.798 1501.026 1502.213 1504.593 1505.986 1510.024 1511.457 1513.312 1517.342 1518.919 1520.742 1521.138 1519.793 1517.754 1514.395 1513.194 1512.262 1511.515 1510.823 1509.306 1508.531 1507.469
1503.729 1505.252 1506.662 1507.59 1507.586 1506.154 1505.359 1504.313 1503.12 1501.901 1498.016 1495.818 1493.666 1491.802 1490.391 1488.685 1488.774 1489.344 1490.449 1491.884 1494.756 1496.069 1497.315 1498.507 1499.611 1504.593 1505.986 1507.749 1509.544 1511.611 1515.326 1516.881 1518.345 1518.943 1517.797 1514.074 1512.708 1511.645 1510.644 1509.746 1507.762 1506.663 1505.683 1504.8
1504.583 1506.23 1507.478 1507.912 1507.55 1505.768 1504.666 1503.486 1502.352 1500.947 1496.41 1494.011 1491.865 1490.008 1488.51 1486.808 1486.832 1487.383 1488.427 1489.696 1492.405 1493.669 1494.852 1495.997 1499.611 1501.695 1503.267 1505.128 1507.295 1509.705 1514.082 1515.589 1516.714 1517.153 1516.194 1513.162 1511.914 1510.735 1509.646 1508.538 1505.376 1503.998 1502.816 1502.114
1505.927 1507.427 1508.226 1508.134 1507.419 1505.066 1503.87 1502.681 1501.389 1499.482 1494.351 1491.883 1489.738 1487.926 1486.582 1485.026 1484.916 1485.427 1486.37 1487.561 1490.133 1491.311 1494.852 1495.997 1497.131 1499.245 1500.664 1502.457 1504.731 1507.37 1512.79 1514.415 1515.578 1516.127 1515.494 1513.004 1511.616 1510.27 1508.942 1507.281 1503.596 1501.984 1500.756 1500.079
1507.738 1508.823 1509.031 1508.439 1507.312 1504.325 1502.984 1501.786 1500.023 1497.561 1492.301 1489.757 1487.706 1485.902 1484.303 1482.474 1482.308 1483.026 1484.172 1485.383 1490.133 1491.311 1492.398 1493.499 1494.675 1497.152 1498.433 1500.04 1502.207 1504.917 1510.84 1513.321 1514.74 1515.261 1515.102 1513.231 1511.83 1510.291 1508.596 1506.434 1502.274 1500.675 1499.604 1498.967
1509.62 1510.079 1509.772 1508.678 1506.999 1503.576 1502.086 1500.468 1498.269 1495.594 1490.229 1487.867 1485.804 1483.773 1481.825 1479.341 1479.545 1480.498 1484.172 1485.383 1487.835 1488.849 1489.886 1491.015 1492.164 1494.749 1496.317 1498.043 1499.821 1502.263 1508.743 1511.868 1513.812 1514.917 1515.12 1513.556 1512.182 1510.527 1508.352 1505.77 1501.138 1499.919 1498.822 1497.923
1511.213 1510.881 1509.907 1508.37 1506.393 1502.84 1501.34 1499.175 1496.542 1493.737 1488.349 1486.135 1484.001 1481.837 1479.667 1476.584 1479.545 1480.498 1481.793 1483.143 1485.639 1486.698 1487.633 1488.534 1489.538 1492.176 1493.821 1495.883 1498.037 1500.468 1506.698 1510.018 1512.877 1514.555 1514.967 1513.808 1512.606 1510.639 1508.269 1505.707 1500.718 1499.53 1498.402 1497.384
1512.274 1511.267 1509.7 1507.705 1505.636 1502.176 1500.393 1497.962 1495.128 1492.194 1486.905 1484.663 1482.356 1479.994 1477.775 1476.584 1476.81 1478.059 1479.602 1480.982 1483.449 1484.527 1485.515 1486.376 1487.24 1489.264 1491.35 1493.79 1496.236 1498.689 1504.657 1508.052 1511.584 1513.882 1514.848 1514.16 1513.029 1511.054 1508.415 1505.677 1500.861 1499.434 1498.169 1497.115
1512.495 1511.119 1509.272 1507.165 1505.113 1501.507 1499.36 1496.794 1493.96 1491.027 1485.829 1483.475 1480.922 1479.994 1477.775 1475.13 1475.382 1476.319 1477.704 1479.169 1481.364 1482.503 1483.476 1484.318 1485.273 1487.523 1489.038 1491.474 1494.386 1497.139 1502.561 1505.979 1509.501 1512.38 1514.264 1514.37 1513.345 1511.179 1508.594 1506.073 1501.05 1499.591 1498.227 1496.862
1511.931 1510.377 1508.483 1506.477 1502.579 1500.78 1498.426 1495.763 1493.015 1487.498 1485.019 1483.475 1480.922 1478.241 1476.079 1474.116 1474.252 1475.07 1476.183 1477.356 1479.481 1480.401 1481.335 1482.381 1483.533 1486.028 1487.518 1489.731 1492.57 1495.539 1500.87 1504.171 1507.508 1510.598 1513.019 1514.113 1513.163 1511.215 1508.827 1506.339 1501.599 1499.913 1498.471 1497.041
1511.04 1509.412 1507.592 1505.68 1501.88 1499.959 1497.469 1494.802 1492.167 1487.498 1485.019 1482.423 1479.715 1477.165 1473.906 1473.04 1472.872 1473.574 1474.591 1476.53 1477.352 1478.218 1479.156 1480.169 1481.498 1484.744 1486.423 1488.316 1490.99 1494.189 1499.866 1502.802 1505.797 1508.674 1511.286 1513.494 1512.929 1511.324 1509.177 1506.839 1502.108 1500.303 1498.769 1497.268
1510.091 1508.503 1506.753 1504.916 1501.343 1499.128 1496.606 1493.999 1492.167 1486.828 1484.258 1481.591 1478.859 1476.409 1472.992 1471.808 1471.044 1471.835 1472.865 1474.284 1475.154 1476.032 1476.945 1478.078 1481.558 1483.519 1485.492 1487.601 1490.188 1496.24 1498.901 1501.609 1504.261 1506.933 1510.901 1511.837 1511.823 1510.966 1509.314 1506.823 1502.322 1500.756 1499.246 1497.553
1509.027 1507.503 1505.896 1504.188 1500.733 1498.368 1496.606 1493.999 1491.376 1486.155 1483.572 1480.906 1478.165 1475.717 1472.064 1470.244 1468.816 1468.888 1469.829 1471.932 1473.033 1473.944 1474.883 1476.15 1480.021 1482.568 1484.958 1487.244 1489.771 1495.363 1498.023 1500.617 1503.01 1505.177 1509.245 1510.443 1510.741 1510.283 1508.727 1504.278 1502.812 1501.323 1499.666 1498.091
1507.965 1506.562 1505.054 1503.508 1500.733 1498.368 1495.83 1493.227 1490.628 1485.481 1482.894 1480.222 1477.59 1475.224 1470.944 1468.487 1466.631 1466.282 1467.076 1469.461 1470.978 1472.105 1473.267 1474.672 1478.747 1481.555 1484.364 1486.886 1489.359 1494.503 1497.152 1499.759 1502.06 1503.895 1507.095 1508.644 1509.128 1508.849 1507.832 1503.965 1502.95 1501.764 1500.233 1498.671
1506.985 1505.658 1505.054 1503.508 1499.989 1497.522 1494.947 1492.453 1489.962 1484.893 1482.312 1479.622 1477.07 1474.698 1470.036 1467.439 1464.973 1464.07 1464.697 1467.321 1468.868 1470.651 1472.255 1473.794 1478.095 1480.894 1483.683 1486.4 1488.997 1493.835 1496.373 1498.805 1500.83 1502.522 1504.297 1506.462 1506.883 1507.208 1507.093 1504.349 1503.238 1502.061 1500.773 1499.279
1506.985 1505.658 1504.245 1502.799 1499.155 1496.712 1494.223 1491.721 1489.218 1484.319 1481.733 1479.172 1476.701 1474.325 1469.446 1466.914 1464.543 1463.257 1463.282 1465.519 1467.063 1469.033 1471.151 1473.225 1477.828 1480.387 1483.245 1486.06 1488.624 1493.057 1495.299 1497.376 1499.406 1501.169 1503.649 1504.747 1504.718 1505.65 1506.33 1504.589 1503.587 1502.451 1501.32 1499.828
1505.912 1504.735 1503.433 1502.046 1498.207 1495.824 1493.436 1491 1488.567 1483.753 1481.317 1478.814 1476.333 1473.955 1469.07 1466.618 1464.439 1462.933 1462.542 1463.979 1465.63 1467.931 1470.347 1472.728 1477.573 1480.047 1482.712 1485.557 1488.224 1492.26 1494.088 1495.954 1497.847 1499.706 1502.612 1503.679 1504.204 1505.03 1505.795 1504.672 1503.759 1502.713 1501.681 1500.31
1504.921 1503.842 1502.625 1501.189 1497.22 1494.936 1492.628 1490.27 1487.926 1483.274 1480.855 1478.404 1476.024 1473.657 1468.794 1466.348 1464.306 1462.855 1462.136 1463.23 1464.725 1467.004 1469.681 1472.358 1477.229 1479.6 1482.073 1484.75 1487.354 1491.205 1492.83 1494.565 1496.37 1498.359 1501.88 1503.05 1503.95 1504.801 1505.425 1504.791 1503.756 1502.784 1501.858 1500.584
1503.67 1502.713 1501.755 1500.384 1496.236 1493.881 1491.721 1489.557 1487.291 1482.714 1480.353 1478.074 1475.719 1473.315 1468.53 1466.072 1464.151 1462.861 1462.03 1462.89 1464.162 1466.402 1469.103 1471.777 1476.926 1479.095 1481.144 1483.476 1485.831 1489.633 1491.277 1492.885 1494.741 1496.824 1501.141 1502.582 1503.942 1504.927 1505.212 1504.601 1503.795 1502.846 1501.945 1500.758
1502.26 1501.432 1500.354 1497.031 1495.084 1492.929 1490.842 1488.715 1486.548 1482.045 1479.911 1477.715 1475.402 1473.022 1468.253 1465.803 1464 1462.792 1461.902 1462.666 1463.87 1465.862 1468.297 1470.917 1476.206 1478.292 1480.097 1481.881 1483.834 1487.717 1489.306 1490.977 1492.898 1495.109 1500.235 1501.961 1503.427 1504.786 1505.17 1504.255 1503.591 1502.835 1502.015 1500.901
1500.757 1499.877 1498.62 1495.459 1493.59 1491.752 1489.89 1487.927 1483.71 1481.545 1479.433 1477.37 1475.106 1470.23 1467.885 1465.583 1463.905 1462.617 1461.621 1462.435 1463.57 1465.323 1467.527 1469.944 1475.068 1476.979 1478.638 1480.177 1481.864 1485.408 1487.041 1488.776 1490.658 1492.942 1498.673 1501.141 1502.869 1504.457 1505.213 1503.662 1503.115 1502.519 1501.836 1500.823
1498.812 1497.815 1496.644 1493.678 1492.124 1490.427 1488.703 1486.928 1482.936 1480.854 1478.896 1477.024 1474.804 1469.852 1467.514 1465.268 1463.662 1462.441 1461.23 1462.09 1463.232 1464.738 1466.676 1471.058 1473.244 1475.193 1476.89 1478.47 1479.978 1483.09 1484.73 1486.422 1488.185 1490.375 1496.886 1500.17 1502.25 1503.815 1504.736 1503.04 1502.511 1501.963 1501.215 1500.148
1496.827 1495.708 1494.544 1491.96 1490.587 1488.988 1487.338 1485.663 1481.876 1480.119 1478.313 1476.308 1474.074 1469.292 1467.112 1464.837 1463.201 1462.201 1460.833 1461.531 1462.768 1464.118 1465.815 1469.425 1471.442 1473.285 1474.893 1476.351 1479.118 1480.615 1482.248 1484.129 1485.983 1490.861 1494.728 1498.625 1501.298 1503.085 1504.089 1502.776 1501.969 1501.366 1500.447 1499.16
1495.032 1493.781 1492.459 1490.119 1488.839 1487.467 1485.984 1484.382 1480.977 1479.314 1477.604 1475.574 1473.264 1468.703 1466.605 1464.58 1462.94 1461.644 1459.922 1460.651 1462.234 1463.416 1464.705 1468.126 1469.655 1471.165 1472.66 1473.967 1476.558 1477.87 1479.497 1481.664 1484.031 1488.918 1492.758 1496.803 1500.199 1502.366 1503.348 1502.528 1501.6 1500.7 1499.566 1497.087
1492.941 1491.636 1490.528 1488.171 1486.962 1485.768 1484.419 1482.931 1479.876 1478.371 1476.827 1474.747 1472.318 1467.974 1465.901 1464.004 1462.422 1460.89 1458.625 1459.045 1461.012 1462.413 1463.558 1466.671 1467.927 1468.957 1470.103 1471.326 1473.964 1475.233 1476.755 1478.973 1482.056 1488.11 1491.568 1495.319 1498.89 1501.384 1502.809 1502.257 1501.456 1500.315 1498.957 1496.399
1491.247 1489.933 1488.718 1486.504 1485.336 1484.073 1482.783 1481.487 1478.76 1477.175 1475.349 1473.27 1471.025 1466.956 1465.053 1463.265 1461.477 1459.708 1456.731 1456.957 1458.464 1460.345 1462.157 1464.932 1465.932 1466.732 1467.434 1468.329 1471.396 1473.17 1474.761 1477.002 1480.526 1487.622 1490.837 1494.133 1497.323 1500.028 1502.358 1502.01 1501.358 1500.209 1498.752 1495.704
