var/www/cgi-bin/BAERTOOLS/ravel/working/ravel-22671.depgrd.txt
NCOLS 83
NROWS 85
XLLCORNER 361207.98
YLLCORNER 3876671.5
CELLSIZE 10
NODATA_VALUE -9999
[rows 26 to 51 of 85, columns 0 to 59 of 83]
0.11975119 0.040456286 0.44175864 0.16734911 0.28598303 0.14037836 0.15836805 0.21506787 0.734339 0.13089476 0.1971708 0.28009273 0.13693592 0.015974528 -3.5527137e-15 0.057845061 0.22488844 0.47711042 0.20149637 0.058710308 0.033204397 0.11210035 0.0085071616 0.042619331 1.7417866e-05 0.016530625 0.036468774 0 3.5527137e-15 3.5527137e-15 0.12921567 0.25630973 0.230906 0 -7.1054274e-15 0.11130726 0.0595154 0.025588319 0.12839012 0.010618429 0.0095217355 0.21807268 0.11798218 0.09403767 0.073323239 0.054525922 0.01588724 0 0.047559187 0.009800741 7.1054274e-15 0.10093812 0 0.2716185 0.4259136 0.1904931 0.37684679 0.060507992 0.046925278 3.5527137e-15
0.30548947 0.08132166 0.16502135 0 0.1690695 0.15468501 0.26525124 0.73899375 0.048326746 0.29597983 -1.0658141e-14 0 0.12065112 0.14174995 0.21611654 0.41024739 0.6052416 0.30627125 0.15905935 0.071806076 0.058742035 0.027886135 0.04886867 0.081675112 -3.5527137e-15 0.10190041 0 -3.5527137e-15 0 0 0.077829834 0.23866338 0.38876811 0.043663823 0.050891155 0.13609836 0.027660526 0.083856656 0.018139993 0.099755214 0.12710057 0.30101202 0 0 0.070023997 7.1054274e-15 0.031155572 0.092597564 0.044914287 0.024321595 0.045811366 0.072454173 0.074550392 0.20200866 0.32924552 0.56487016 0.16929487 0.068146893 0.027677541 0.010860194
0.34823861 0.018567535 0 0.27031238 0.36526417 0.20804185 0.21715495 0.55315286 0.061874328 0.03763247 0.22804732 0.27838187 1.0711134 0.61165956 0.20235226 0.59977703 0.24795411 0.066731269 3.5527137e-15 0.14808067 0.010249662 0.075241827 0.10296338 0.024102491 0.053191228 0.063622216 0.037364324 0 0 0.051487589 0.048391118 0.24709186 0.42466546 -3.5527137e-15 0.041645513 0.10569399 0.07994028 0.20100452 0.092599908 0.032910584 0.21298195 0 0.18430821 0.14537444 0.30528138 0 0.036802692 0.048640952 0.055209025 0.049654655 0.040708631 3.5527137e-15 0.10475665 0.72621349 0.67294869 0.15180818 0.17316607 0.10385334 7.1054274e-15 0.0062670896
0.6939397 0.22426855 0.61781763 0.094555249 0.31445865 0.21549803 0.17824897 0.45494153 0.13898757 3.5527137e-15 0.39100116 0.61575748 1.0613526 0.14591022 0.12517443 0.44025968 0.055469456 0.12864107 0.079517935 0.036610979 0.03465694 0.079705912 0.0011727992 0.034024043 0.021768092 0.064446079 0.085342022 0.033498591 0.032583226 0.091514591 0.085185186 0.48921628 0.61379318 0 0.08622938 0.3019819 0.08005531 0.091187804 0.17571001 0.079324235 0.15900012 0.25624843 0.19045426 0.29898928 0.29023759 0.039016173 0.035435315 0.019589632 0.054869507 0.053047373 0 0.059923569 2.1210393 0.96385925 0.11888195 0.027091121 0.015613253 -3.5527137e-15 0.062825577 0
0.14021993 0.29956893 0.73143585 0.49773772 0.29203886 0.19598996 0.51815292 1.2655873 0.15353504 0.1574548 1.2497037 0.4578029 3.5527137e-15 0.19808997 0.036814537 0.069657905 0.087280775 0.065208068 0.07195376 -3.5527137e-15 0.064817351 0.029560399 0.15622052 0.061895713 0.026903496 0.040845901 0.08434106 0.054672455 0.17876408 0.2170822 0.13592879 0.75141313 0.493758 0.037495753 0.12586799 0.23861352 0.35837877 0.070917981 0.082984019 0.059909806 0.13236314 0.2880783 0.35007963 0.32088399 0.19588967 0.031822695 0.03337977 0.020206537 0.015159297 0.090579764 0.04210895 0.11416355 0.79108456 3.1388095 0.28372839 0.19554263 0.10820252 0.062525076 -7.1054274e-15 0.098800874
0.45572691 0.41959487 0.41820231 0.36734236 0.072771255 0.43383764 0.90689435 2.8639919 0.33025878 0.31629982 0.18738602 0.3672588 0.41598466 0.03723346 0.085545912 0.065658088 0.042382582 0.074490994 0.070528503 0.15569538 0.03160745 0.056480752 0.11187314 0.061862478 0.0054134966 0 0.092658757 0.041270853 0.0078259289 0.18623898 0.23748519 0.62931289 0.60512778 0.10252251 0.077428375 0.29690753 0.061457323 0.16475244 0.21440141 0.20251082 0 0.18151858 0.160699 0.74932971 0.29399169 0.02368362 0.030007909 0.016905491 0.013376497 0.046216329 0.042095992 1.0495603 1.8846561 0.039727145 0.18361661 0.075217261 -3.5527137e-15 0.030746155 0 0.025906069
0.56393927 0.3429198 0.31958748 0.11873817 0.24503662 0.25177099 4.7138795 0.14022225 0.12524723 0.23822639 0.33371924 0.39848129 0.046320563 0.099667374 0.073376169 0.16879379 0.087454993 0.22852417 0.078235658 0.026011417 0.021681333 0.11174016 0.10223326 0.048333903 0.006654138 0.042492245 0.12551664 0.12216929 0.053930346 0.18548496 0.11021838 0.90076872 0.76913671 0.14395177 0.14808222 0.33443186 0.10793367 0.047202175 0.2422088 0.23091374 0.093474886 0.34281387 0.19620643 0.060633412 0.21303523 0.016847252 0.024228288 0.020187633 0.011847869 0.03569975 0.36161506 1.8133754 1.3407211 0.15423523 0.14938157 0.1083568 0.055924886 0.082425136 0.11879282 0.21958022
1.0773451 0.72495187 0.10556706 0.30811738 0.23053077 0.72143922 0.8458328 0.070798999 0.20382456 0.42847915 0.43951401 0.22941285 0.2409706 0.083964598 0.12861066 0.15619301 0.19673888 0.23444917 0.23023712 0.2072148 0.23394432 0.051894261 0.018267915 0.014224391 0.037900592 0 0.10163073 0.24223294 0.025964761 0.17953083 0.24790174 0.90607135 0.79834569 0.05408031 0.37398954 0.23441925 0.14321824 0.10889562 0.22675085 0 0.17930566 0.3389507 0.33114277 0.60245793 0.2930998 0.050705327 0.017769356 0.028194921 0.010212375 0.066068632 1.7056239 4.2361472 0.26605527 0.26311352 0.20071902 0.20191756 0 0.19333925 0.16241559 0.11023763
0.67519335 0.27967012 4.4873232 1.6563649 1.4877159 1.5666941 0.41484295 0.38838323 0.29385455 0.50698106 0.46471664 0.35436086 0.056674948 0.091068907 0.25375893 0.27205433 0.43279289 0.19654672 0.11554879 0.06959372 0.025054981 3.5527137e-15 7.1054274e-15 0.0094720063 0.02833926 0.021079491 0.16608193 0.056527267 0.2394248 0 0.18270537 0.75016207 0.88221437 0.23723311 0.53688095 0.18098325 0.13261496 0.12461675 0.16972726 0.18129278 0.19696644 0.1811415 0.94066178 0.45317659 0.23121912 3.5527137e-15 0.011022959 0.031818772 0.0065822302 3.6272061 4.3849752 0.26202563 0.1652685 0.15097697 0.13037676 0.25775229 0.39606914 0 0.1225451 0.09793926
4.7176274 0.89755029 1.835033 4.5692575 3.4277009 2.836519 1.7749884 1.7089762 1.5744061 0.88775376 1.3715446 0.73624798 0.58762444 0.44418928 0.35435826 0.22584895 0.33351062 0.40619536 0.17903292 0.071390033 0.020754453 0.028830094 0.049431623 0.081699803 0.071589592 0 0 0.033174976 0.046982528 0.21391716 0.18121246 0.96922208 1.0330895 0.40939211 0.62858237 0.10073417 0.071225697 0.15662642 0.20767991 0.16825537 0.68864259 0.18379412 0.86826651 0.31683531 0.18170342 -3.5527137e-15 0.0059690244 0.018100913 2.9211634 0.88203086 1.5592712 0.24474931 0.22147084 0.088104724 0.049571571 0.38834748 -7.1054274e-15 0.22804404 0.050405331 0.022085182
4.096913 3.5367973 4.7035077 2.7106578 2.3153865 1.736809 1.7901689 1.7104243 1.8734461 0.73106138 0.92320753 0.7401549 0.66346489 0.67806436 0.4354141 0.3834748 0.51277905 0.38799046 0.11801889 0.062800004 0 0 0 0.049184914 0 0.013828742 0.033862551 0.0010885211 0.02251663 0.051349668 0.03981552 1.2327191 1.1055103 0.57903966 0.61316028 0.24429838 0.1009253 0.070995473 0.2235272 0.15760247 0.47258254 0.29487928 0.32027102 0.82874033 0.45174119 0.021271204 0.010274786 0.9991771 2.4996748 0.76541024 0.16953424 0.19006395 0 0.041591102 0.24059425 0 0.67611385 0.16333596 0.12438999 0.13906346
6.7404444 2.7739644 1.9253139 1.9535528 2.8616943 1.8855591 1.9700642 0.93270549 0.9140099 1.440958 0.16755848 0.093798246 0.056135853 0.16918214 0.14392606 0.15922001 0.03333477 0.11508036 0.061722315 0.042702792 0 0.040180707 0.027189497 0 0.012051909 0.042531727 0.1133931 0.092112536 0.20942759 0.094294482 0.097258947 1.408651 1.4998171 0.62724507 0.41687908 0.22803079 0.097378633 0.068792518 0.19406294 0.20325664 0.36522301 0.74175413 0.3141698 0.97350982 0.50733145 0.02569956 1.0019127 5.4862919 0.97513834 0.35230216 0.22701135 0 0.20322491 0.19342541 7.1054274e-15 0.66623026 0.1365627 0.15453933 0.14574022 -2.8421709e-14
0.287785 0.36726138 0.29307798 0.083559494 0.066712932 0.14814163 0.099663094 0.070343359 0.11414274 0.13332545 -7.1054274e-15 0.048140889 0 0.094173803 0.015491097 -7.1054274e-15 0 3.5527137e-15 0 0 15.801024 32.741857 0.0038331335 -8.8817842e-16 2.220446e-16 0 0.013281162 0.036222182 0.091679524 0.22458536 0.055191484 1.478244 1.83021 1.0124839 0.5230793 0.21066625 0.14954939 0.12687524 0.26884516 0.10746486 0.38506595 0.63167831 0.55168157 1.0344702 5.0035767 1.8442176 1.2501371 0.37848081 0 0.16922869 0 0.22602819 0.19990044 -1.7763568e-15 0.2750208 0.24362916 0.16934659 0.19092789 0.018639352 0.28683516
0.29860107 0.231581 0.3071437 0.20531408 0.12041657 0 0.09929257 0.15897177 0.15002283 0 0.053025467 0.048148886 0.057787818 0 3.5527137e-15 -3.5527137e-15 3.5527137e-15 0 0 0 0 20.18381 -1.7763568e-15 0 2.7755576e-17 0.063960415 0.0092681905 0.0082747356 0.05372266 0.20501614 0.060400486 1.7640324 2.0022514 0.85114436 0.38679458 0.073586264 0.12601782 0.21547872 0.46568426 0.081765554 0.35876421 0.38229127 0.77535818 7.1646261 4.8968089 2.2540881 0 1.5833531 0.30306757 0 0 0.66270681 0.11026222 -3.5527137e-15 0.17043096 0.26389479 0.18072154 0.45266012 1335.4244 335.90948
0.32284475 0.32722567 0.26958414 0.12586973 0.12261752 0.26829846 0.1737462 2.1316282e-14 -1.7763568e-14 0.03597008 1.0658141e-14 -3.5527137e-15 -3.5527137e-15 7.1054274e-15 0 0 3.5527137e-15 -3.5527137e-15 0 0 0 0 0 0 0.22413387 0 0.030622999 0 0.10545853 0.046139626 0.35797143 1.625356 0.55699972 0.5035905 0.37258894 0.25706935 0.16380367 0.232643 0.45602062 0.10657993 0.22655708 0.24507714 0.99688666 3.0698989 3.4715741 0.0036944153 1.1276343 0.29918033 0.52889412 0 0.12890498 0.22185461 0 0.51045057 0.21706117 0.2004966 0.62253504 0.6124344 0.10020623 0.5598462
0.13702382 0.18391476 0.23060617 0.28264488 0.2752044 0.095654673 0.030060928 0.045593233 3.5527137e-15 -3.5527137e-15 0 -7.1054274e-15 0 0 3.5527137e-15 -3.5527137e-15 0 0 0 0 0 0 0 0 0 0.064295909 0.020989038 3.5527137e-15 0.043629346 0 0 3.4708798 1.9577069 0.58063374 0.33428642 0.089848043 0.16029078 0.43083276 0 0.15571775 0.2882824 1.3903012 3.2146337 1.5171429 0.24332399 0.23319289 0.17646655 0.19946206 0 0 0.29123491 0 63.777087 0.38792585 0.23318917 1.162634 0.5554999 0.34369449 0.40788856 0.20809488
0.18743462 0.14765595 0.13848832 0.15661741 0.053358103 0.024596851 0.034741504 0.031675304 0 1.0658141e-14 -7.1054274e-15 0 -3.5527137e-15 0 3.5527137e-15 0 0 0 0 0 0 7.1054274e-15 3.5527137e-15 3.5527137e-15 0 0 0.040840858 0 0.075560721 0.11694122 3.5527137e-15 3.9346575 4.0253508 3.9572205 0.11289851 0.17394953 0.18142941 0.40939759 0.42670493 0.27746761 0.52484393 3.1206118 3.261418 0.087337169 0.45049911 0.73032871 0 1.5486398 1.6968678 1.2387629 0.0081541848 0.090795204 21.026327 0.37038954 0.63043209 1.0288622 0.69557377 0.63963748 0.37280784 0.16596283
0.17959889 0.14326894 0.083925292 0.067891721 0.047690827 0.087526389 0.040431729 1.4210855e-14 -1.4210855e-14 7.1054274e-15 0 0.023639732 0 0.022166795 0 0 0 0 0 0 7.1054274e-15 0 0 3.5527137e-15 0 0.065326332 0.052342254 0 0.023422133 0.044243004 0.063227663 0.027834808 2.886837 2.4125212 5.9048362 0.21470178 0.21608664 0.18880929 0 2.8588252 341.29571 1.855044 0 0.070982304 0.07628183 0.036541664 0 0.3874053 0.94713504 0.015069136 0 0.14065151 0 0.85136818 1.1286751 1.3136109 0.71006859 0.68858948 0.5795853 0
0.72984472 0.057773197 0.034875037 -3.5527137e-15 1.7763568e-14 1.7763568e-14 0.01734019 7.1054274e-15 0 0 3.5527137e-15 3.5527137e-15 3.5527137e-15 0 0 0 0 0 0 0.052805002 0 0 0 0.033529456 55.63925 0.067767689 0.058189473 0.017492877 0.078496994 7.1054274e-15 0.075158792 0 7.8125252 3.3904447 4.3496856 0.10860563 0.16050906 0.1221377 4.414373 5.1896288 4.2881666 0.033896681 0.0098202364 0.0073616967 0 0.052247676 0.063205237 0.20078149 0 7.1054274e-15 1.6392528 1.3010549 1.0672978 0.47294872 1.237759 0.85257309 1.0240379 0.54683305 -1.7763568e-15 0.19410525
0.096688382 0.58931546 0.25697617 0.37058922 0.044063388 -7.1054274e-15 3.5527137e-15 1.4210855e-14 0 3.5527137e-15 0 0 0 0 0 0 3.5527137e-15 3.5527137e-15 0 0.067973099 0.1684886 0.051446192 0 0.040165853 0 0 9.52787 0.067287279 0.077086627 0.037854139 0.090911958 0.023275281 0.13619763 6.9788878 1.3471908 1.854271 0.28031213 6.4372292 2.7958277 11.873764 7.1054274e-15 0.0058612052 0.047028612 0 0 0 0.036243289 0 0.013838213 0.29335045 0 0 0.88961466 0.030626014 1.314758 0.65506869 0.74400998 0.31703887 0.17253113 0.074504489
0.049846706 0.040668828 0.077146904 0.28328931 0.36964265 0.19536821 0.046734023 0.031207841 -1.0658141e-14 -3.5527137e-15 0 0 0 0 0 0 0 0 0 185.36316 0.093239697 -3.5527137e-15 0.043555972 0 0 0 0.061438671 0.094307915 0.037978304 0.043177699 0.057328372 0.069980732 0.065364982 0.15577356 1.0173259 4.6340536 6.3914882 2.2421312 11.018749 0.62992842 0 0.0060916025 -3.5527137e-15 0 0.067499137 0.022521836 8.8817842e-16 0.037625697 0 0 -3.5527137e-15 0.15666336 0.51918112 0.066031367 0.75389244 0.99067065 0.51028659 0.049741102 1.4554255 0.041878403
-1.0658141e-14 0.016664084 0.19801009 0.063835543 0.25774192 0.053222126 0.039981135 3.5527137e-15 0.079223647 0.027796796 0 0.029226357 0 0 0 0 0 0.02432683 0.049348164 0.12106164 0.16717835 3.5527137e-15 0.090672404 0.038605993 0 0 1.3527855 0.033376715 0.054614652 -7.1054274e-15 3.5527137e-15 3.5527137e-15 0.029082816 0.17996251 4.1878649 10.070618 4.1871458 1.3952726 3.1375137 0 0.071908242 0 -3.5527137e-15 0 0 0 0.13631984 0 0 0.11976835 0.51546915 0.56913559 0.14388112 1.2027501 0.68353328 0.52167042 0.010206912 0.11787197 0.77125684 0
0.051371573 -3.5527137e-15 0.0057113426 0.065364054 0.13045464 0.080718206 -7.1054274e-15 0.049667492 0 0 0 0 0.0034677517 0.024111483 0 3.5527137e-15 7.1054274e-15 0.0217792 0.12154401 0.044368057 0.14625115 0.055484267 0.018902204 0.012748279 0 0 0 0 0.018253669 0.053115209 0.17811998 0.20394903 7.1054274e-15 0.042768438 12.6281 8.1853197 3.3837273 9.5553033 0.0098205613 0.043710854 0 0 -3.5527137e-15 0.010806255 -3.5527137e-15 0 0 0.01658997 0.054183376 0.13192083 0.54212311 0.34177946 0.33912342 0.34554647 0.28590801 0.068379787 0 0.13870315 0 0.036035062
0.13417862 0.088968663 0.069248087 0.11708313 0.041423688 0.19563697 0.089310001 0 0 0.023510926 0.036415728 0 0.059700105 0 0.037634127 7.1054274e-15 0 0.030418871 0.12227326 0.36774696 0.20203742 0.28172089 0 0 0 0 0 -7.1054274e-15 0.026930014 0.055979093 0 0.027483387 0.050036355 0.208222 6.0999886 13.253365 1.0929234 1.2377403 0.13228484 0.055953794 0.055152966 0.031763163 0.025922428 0 0.016677496 0.084431516 0.018478136 0.022640937 0.066094044 0.23308683 1.224155 0.38928721 0.13285928 0.07989792 -3.5527137e-15 0.024333488 0.037099199 0 0 0.029227471
0.1331552 3.5527137e-15 -3.5527137e-15 0 5.5511151e-17 0 0 0.12269826 0 3.5527137e-15 0 0.092685199 0.05524007 -3.5527137e-15 0.028591507 -3.5527137e-15 7.1054274e-15 0.033931704 0.15607729 0.49698363 0.14234729 0.20437084 0 0 7.1054274e-15 0 3.5527137e-15 0.029376699 -3.5527137e-15 0.034942064 0 0.029461289 0.11084592 0.10889332 12.07073 12.60438 1.0262253 7.8676278 0.047895239 -3.5527137e-15 0.040907088 0.043277068 0.004910866 0.00058696807 0.044690244 0.030370138 0.026235559 0.16882752 0.05042698 0.6587259 0.51291304 0.39502734 0.23773283 0.069240606 0.078679561 0 0.026395245 0 7.1054274e-15 0.045523326
3.5527137e-15 0 0 0 0 0 0.048197222 0 0.0086835017 3.5527137e-15 0.036396896 3.5527137e-15 0.029989168 0.033257081 0.030250345 0 3.5527137e-15 3.5527137e-15 0.23266338 0.078514234 0.28327175 0.13532336 0.033294262 0 -3.5527137e-15 30.043068 0 0.02296231 3.5527137e-15 0.039436368 0.037958817 0.070381227 0.070692365 0.083334646 16.20247 3.7351378 15.940504 3.5527137e-15 0.092715788 0.11535781 0.025930045 0.025925394 0.017948645 0.028801889 0 0.10700572 0.033326634 0.11904134 0.06417291 2.4266444 0.60034019 0.051622405 0 3.5527137e-15 0.022339337 0 0.050095008 0.034246488 -3.5527137e-15 0.053461368
