var/www/cgi-bin/BAERTOOLS/ravel/working/ravel-23367.DEM
NCOLS 89
NROWS 110
XLLCORNER 677881.89
YLLCORNER 4377654.9
CELLSIZE 10
NODATA_VALUE -9999
[rows 28 to 55 of 110, columns 0 to 62 of 89]
1110.062 1108.181 1106.57 1102.548 1098.967 1095.196 1092.049 1087.529 1084.552 1080.296 1075.458 1065.885 1061.236 1056.495 1046.738 1041.35 1036.112 1030.517 1019.282 1013.278 1006.493 1000.468 988.4933 984.9401 979.7705 974.9846 965.454 961.4465 958.8461 956.7136 951.8896 950.8444 949.9005 949.0652 946.4252 945.0711 943.8126 941.9344 936.3727 933.1953 929.9673 925.6235 916.8842 910.572 903.1662 895.6028 883.1759 877.5366 871.5488 865.9468 856.0316 850.264 844.4071 838.8901 829.4501 825.4893 821.7097 814.2706 811.6616 810.2781 809.3086 809.7692 811.4568
1105.574 1102.519 1100.29 1096.614 1094.319 1091.572 1089.062 1084.545 1081.397 1077.409 1073.28 1064.478 1059.999 1055.487 1050.815 1039.991 1034.895 1029.724 1019.174 1013.612 1007.499 1001.581 990.287 985.2417 979.9659 974.239 962.1554 957.7208 953.0643 949.8314 945.5485 943.3699 941.8299 940.8983 939.7331 939.4723 938.6965 937.5373 934.1699 931.7854 929.0994 925.6235 916.8842 910.8455 904.6346 897.3427 884.7583 879.4024 873.5657 867.7941 857.7328 852.2654 846.2469 840.498 830.6202 826.5809 822.7697 818.9931 811.364 808.5233 805.5571 803.2899 803.4667
1102.113 1098.451 1095.421 1090.615 1088.499 1086.672 1084.825 1080.13 1077.222 1074.184 1070.727 1063.108 1058.742 1054.175 1049.621 1038.938 1034.003 1029.097 1024.105 1014.013 1008.444 1002.926 997.3597 986.8146 981.2172 975.3905 963.7745 956.621 951.1377 947.0356 939.6963 937.0961 934.7299 932.9934 933.278 931.1211 930.8033 931.0831 930.3289 929.3079 926.8298 923.4982 915.8587 910.8455 905.4116 898.702 885.7941 880.976 875.3622 869.6142 859.3399 854.2731 848.1817 842.2017 831.9612 827.7319 823.8471 820.0843 812.2679 808.537 804.2456 800.5372 796.6723
1099.101 1094.986 1090.627 1084.857 1082.618 1080.467 1078.428 1075.137 1072.886 1070.249 1067.227 1061.069 1056.504 1052.01 1047.803 1038.288 1033.447 1028.562 1023.797 1014.359 1009.239 1003.96 998.6552 988.5831 982.8125 977.061 971.7943 958.8596 952.0695 946.4329 937.5161 933.6445 928.8005 925.8315 924.9445 922.4808 922.4852 923.4772 924.0374 923.6494 921.8522 919.1418 913.573 909.6315 905.4116 899.1626 886.3799 881.2756 876.2234 871.2028 860.7265 855.5828 849.7023 843.887 833.3167 828.9374 824.9435 821.1633 813.2029 808.9005 804.0419 798.4194 791.8951
1099.101 1094.986 1086.579 1078.357 1075.428 1073.61 1072.094 1069.019 1067.63 1065.891 1063.382 1057.604 1053.664 1049.615 1045.67 1037.528 1032.879 1028.044 1023.508 1014.689 1009.929 1004.896 999.8369 990.1266 984.804 979.433 974.1884 961.9423 953.9209 947.5637 942.8238 933.5629 928.8608 925.618 916.9848 913.8906 913.7559 914.5613 915.4005 915.5769 915.482 914.4036 910.2214 907.8844 905.0468 899.1626 885.8392 880.7177 875.6997 870.5305 860.7708 855.7501 850.2129 844.5853 834.5049 830.2275 826.0455 822.0414 813.9509 809.6871 804.5799 797.7141 790.7815
1095.208 1090.84 1086.579 1073.813 1070.182 1067.276 1064.966 1062.974 1061.942 1060.935 1059.001 1053.486 1050.71 1047.319 1043.73 1036.433 1031.991 1027.458 1023.225 1014.925 1010.478 1005.713 1000.907 991.5936 986.8375 982.0696 977.2001 965.1552 956.6583 949.9485 945.094 935.7291 930.8702 926.7401 921.4644 912.8687 910.6404 909.2712 908.5466 908.5269 908.395 908.3293 906.7603 904.9615 901.3596 896.4664 885.8392 877.4808 873.0861 868.8672 859.7885 855.6359 850.1888 844.6083 835.2655 830.9806 826.7348 822.5764 814.3698 810.3367 805.3403 797.8766 788.9478
1090.615 1086.719 1082.431 1073.813 1066.033 1062.361 1057.593 1052.341 1052.674 1052.922 1052.618 1049.317 1046.81 1043.966 1041.119 1034.784 1030.678 1026.752 1022.889 1015.054 1010.978 1006.435 1001.869 992.9253 988.4883 984.1276 979.8856 967.9781 959.9737 952.7087 947.2048 938.4474 933.4293 928.723 923.3665 913.4951 910.3732 906.8091 903.6025 901.639 901.3725 901.3995 901.2004 897.1552 893.2933 890.0411 881.6417 877.4808 873.0861 865.1463 857.4373 853.5571 849.0259 844.5183 835.5303 831.3069 827.1298 822.8776 814.5303 810.2607 805.1093 797.4861 786.8724
1086.097 1082.461 1078.332 1074.092 1066.033 1056.516 1050.909 1045.13 1044.358 1044.552 1044.613 1043.084 1041.856 1039.932 1037.596 1031.814 1028.643 1025.378 1021.77 1014.828 1011.113 1006.823 1002.683 994.0692 989.8276 985.7164 981.7458 970.8973 963.2767 955.1828 949.1018 940.7913 936.0419 931.2052 926.0092 915.5114 911.0786 906.4468 902.2353 894.0923 890.3398 888.3893 887.3368 885.0042 883.1548 880.9957 878.801 872.2355 868.598 865.1463 854.4568 850.8134 847.3213 843.8337 835.2432 831.5359 827.1707 822.7243 814.3349 809.4518 803.7703 796.4419 785.3848
1081.234 1077.64 1074.108 1070.299 1062.252 1056.516 1045.98 1041.706 1036.646 1036.014 1035.357 1034.285 1033.44 1032.161 1030.642 1027.576 1025.299 1022.496 1019.357 1013.528 1010.343 1006.579 1002.934 994.8289 990.6961 986.7659 982.9922 973.7283 965.7866 957.5645 951.2729 942.8677 938.5966 933.7245 928.5834 917.887 913.1615 908.2075 903.378 893.4354 888.9372 884.8533 880.9884 875.4496 873.2501 871.2019 869.3214 865.99 863.6653 860.856 857.7844 847.6121 844.6259 841.2762 833.7272 830.1474 825.6196 821.0553 812.8039 808.2752 802.1995 795.2807 784.5011
1076.716 1073.201 1069.798 1065.901 1056.281 1050.6 1045.98 1041.706 1030.589 1027.324 1025.365 1024.445 1022.208 1020.918 1020.381 1019.743 1018.413 1016.628 1015.344 1010.956 1008.149 1005.319 1002.368 994.8766 991.061 987.3461 983.7963 976.0383 967.8059 959.8745 953.4683 944.7936 940.9943 936.2019 931.0451 920.866 916.2964 911.3221 906.5233 896.4955 891.3674 884.3697 878.5217 869.4725 865.8322 863.7806 862.554 859.73 858.1013 856.1789 853.7854 847.6121 840.5776 837.0237 833.4721 826.9608 822.6572 818.4945 810.0549 805.9861 800.2644 794.1785 783.8074
1073.935 1069.793 1065.809 1061.478 1049.971 1045.93 1042.102 1038.081 1030.589 1022.387 1019.633 1016.88 1012.258 1010.724 1010.432 1010.775 1010.446 1009.815 1009.246 1008.328 1004.721 1002.816 1000.496 994.1204 990.9167 987.6079 984.0356 976.7186 969.5258 962.1246 955.489 946.598 942.8965 938.5945 933.5782 923.6176 919.2445 914.9341 910.3452 900.2963 894.4497 887.4901 880.5632 867.2014 863.5755 860.6031 857.8314 854.2297 852.5811 850.7838 848.6627 843.6301 840.5776 837.0237 829.0626 822.5807 818.9161 814.8641 810.4147 802.3729 797.7636 792.5496 782.6791
1073.066 1067.913 1063.404 1057.148 1046.556 1042.882 1038.784 1034.714 1025.872 1022.387 1015.425 1011.414 1003.906 1002.434 1002.443 1002.804 1002.994 1002.975 1002.485 1001.787 1000.284 998.8464 996.5865 994.3082 989.6958 986.5363 982.821 975.8959 970.0657 963.8701 957.5325 948.2079 944.6069 940.9666 936.1578 925.9355 921.8315 918.0185 913.7571 904.0852 897.8581 891.3463 884.2946 869.0313 864.1599 858.7374 854.3824 849.2188 847.1 845.0045 843.0209 837.8854 834.6157 831.8951 829.0626 818.3298 814.6579 810.5558 806.4959 798.6888 794.5552 789.8254 784.9769
1072.641 1066.988 1061.373 1054.501 1045.263 1041.778 1037.589 1032.604 1022.942 1019.087 1015.425 1005.012 997.1702 995.0063 993.1671 992.7361 993.6024 993.8005 993.8985 993.8887 992.9877 992.1647 991.2027 990.0624 986.4205 983.2284 979.8004 976.6931 969.3823 964.8881 959.2409 949.6782 945.9404 942.4519 938.0349 927.9511 924.0192 920.4059 916.7033 906.6081 900.843 894.924 887.8802 872.4193 865.9821 859.2078 853.8138 845.5836 842.0062 839.4068 836.5776 830.2184 828.0859 826.1505 823.6836 818.3298 808.3657 805.3923 802.4365 795.5349 791.3854 786.6052 782.2896
1074.869 1067.722 1060.813 1053.559 1044.747 1041.245 1037.546 1031.787 1020.732 1015.838 1010.792 1005.012 997.1702 988.309 986.0098 984.2736 984.2324 984.8431 985.2289 985.4015 984.715 984.2428 983.8937 983.3948 980.2404 977.8771 975.5161 973.0144 967.2785 963.8293 959.1639 954.5406 946.5751 942.8221 938.8527 929.8474 925.9269 922.4157 919.2136 909.3929 903.3009 897.6193 891.2297 875.9776 869.1942 861.4434 854.7991 844.0547 839.9267 835.488 831.0977 825.2218 822.9636 820.6844 818.2946 811.9972 808.3657 800.6318 798.2603 791.8624 787.6323 783.3528 779.9111
1076.7 1069.359 1062.362 1054.534 1045.003 1041.806 1038.625 1032.766 1018.439 1012.724 1006.166 1000.2 991.4731 988.309 979.1519 976.0821 976.0908 976.6493 977.031 977.0263 976.4613 976.1653 975.8567 975.6082 973.9301 972.2399 970.5448 968.5538 964.0474 960.7807 956.9967 953.2964 946.1993 942.8757 939.3415 935.3467 927.5554 923.9557 920.395 916.3978 905.4144 899.5998 893.5345 879.0244 872.5255 865.3535 857.5823 845.276 840.1873 834.4427 829.371 820.8811 818.2498 815.4703 812.1915 805.7589 802.9771 800.6318 794.2121 787.6902 783.7664 780.6288 777.9897
1085.514 1070.675 1064.007 1055.899 1045.533 1042.408 1039.231 1033.319 1017.987 1010.634 1003.292 997.3393 987.495 983.9252 979.1519 973.4019 970.7411 969.8538 969.5318 969.345 968.8292 968.4908 968.1504 967.8353 966.9866 966.5142 965.5035 963.7578 959.8047 956.9024 953.8127 950.7728 944.9293 942.1279 939.0935 935.5198 928.3052 924.6151 920.8936 916.9943 906.6235 900.8286 894.7196 888.2521 875.3084 868.544 860.4058 846.9996 841.5799 835.3007 829.2172 817.2388 813.3542 809.4406 805.9162 800.4971 798.1721 796.1712 794.2121 787.6902 780.7996 778.4865 776.1138
1086.175 1071.81 1065.107 1057.036 1050.026 1042.807 1039.754 1033.839 1018.1 1010.127 1001.99 995.847 985.8935 981.4311 976.6888 973.4019 964.9185 963.9343 963.2171 962.6328 961.7593 961.4274 961.159 960.8931 960.3831 960.0173 959.4488 958.4419 954.5395 952.6689 950.2552 947.7372 942.7648 940.1111 937.5004 934.5491 928.4161 924.7197 920.8279 917.2769 907.2966 901.7059 895.6321 889.5544 877.8655 870.5308 862.7349 855.4922 843.165 836.9345 830.3615 815.8752 810.3532 805.7921 801.7311 794.7778 793.1888 791.8827 789.6928 783.4829 780.7996 776.7584 774.5767
1086.518 1072.819 1066.084 1058.018 1050.835 1043.099 1039.756 1033.974 1026.352 1010.41 1002.393 995.733 985.3636 980.6687 975.7656 972.1446 964.9185 963.9343 956.2869 953.9284 953.7961 954.0897 954.2607 954.337 954.4073 954.1329 953.199 952.2788 949.2128 947.7324 945.9097 943.9515 939.7375 937.1803 934.9282 932.7258 927.3158 923.4213 919.0984 915.9112 907.3043 902.1982 896.4437 890.6552 879.2948 872.2848 865.087 858.0646 845.1006 838.7895 832.2885 824.5838 808.7427 803.5148 798.1674 791.363 789.3206 787.6175 785.4275 780.4432 778.6653 776.7584 773.3241
1085.755 1073.08 1065.933 1058.293 1051.506 1043.215 1039.72 1034.022 1026.57 1011.003 1003.471 996.331 990.1437 980.8653 975.7506 970.4247 965.7122 959.9406 956.2869 949.1229 946.2333 944.2684 942.8885 942.3517 942.8818 943.109 943.0588 942.9728 942.4938 941.8776 940.7258 939.2703 935.1061 932.976 930.9863 929.1367 923.1167 919.2687 915.6834 912.774 906.102 901.5798 896.5876 891.4023 880.1609 873.7762 867.1064 860.3896 847.1088 840.5178 833.9888 826.153 809.4271 803.2291 797.2587 792.6842 787.4826 784.6891 782.1468 778.765 777.1185 775.2617 773.3241
1083.99 1072.906 1065.637 1058.498 1052.084 1043.418 1039.635 1033.969 1026.741 1011.49 1004.503 998.0565 991.6342 981.3455 976.451 970.8758 965.1998 956.42 951.9036 949.1229 943.693 937.4638 935.7072 934.4179 934.0865 934.4706 934.8357 935.0182 935.0507 934.4551 933.3304 931.9921 928.7565 927.0058 924.9432 922.506 916.8016 914.093 912.0217 909.9054 904.506 900.5558 895.9407 891.1902 880.867 875.107 868.8462 862.4857 849.1678 842.434 835.4666 827.564 810.9359 803.9274 797.1991 792.4341 786.4297 783.4284 780.943 779.0651 775.9789 774.1863 772.4716
1082.39 1071.787 1065.02 1058.515 1052.531 1043.635 1039.628 1033.976 1026.935 1011.861 1005.066 998.5175 992.3635 981.8849 977.0042 971.0939 965.0638 954.8271 950.4549 947.1389 943.693 933.7581 930.0552 927.8929 927.513 928.6857 929.2072 929.2361 928.1449 926.4777 924.5876 922.8463 919.8419 918.8299 917.0096 914.8318 911.1131 909.849 908.2621 906.3657 901.6074 898.2649 894.2327 890.0962 881.3892 876.2332 870.3619 864.0332 850.9325 844.1985 836.8178 828.8989 812.7733 805.3644 798.3061 793.0496 786.2484 783.1559 780.6804 778.6879 775.2852 773.4815 771.7606
1080.104 1069.928 1063.854 1058.251 1052.95 1043.894 1039.629 1033.76 1026.943 1012.837 1005.683 999.1704 993.0536 982.5478 977.5001 971.7041 965.8091 955.082 949.8368 945.0247 940.7285 933.7581 926.4777 924.0283 922.9197 921.2513 920.6532 919.7246 918.9199 916.5593 915.0152 913.6408 911.205 910.3931 909.2839 908.3334 906.5739 905.6321 904.0942 902.1359 897.4581 894.7148 891.3403 888.1564 881.244 876.7929 871.4429 865.297 852.115 845.4798 837.946 830.0968 814.5621 806.8625 799.6341 794.0507 786.4662 782.9724 780.4597 778.513 774.822 773.0025 771.2146
1076.725 1067.882 1062.509 1057.812 1053.18 1044.009 1039.44 1032.882 1025.756 1012.535 1006.003 999.8372 993.9429 983.2252 977.9882 972.4045 966.6962 956.1581 951.0473 945.7637 940.4565 930.6206 926.4777 924.0283 919.1229 914.4565 912.9958 911.1736 908.8137 906.282 906.0096 905.1649 904.0419 902.2383 901.3509 900.5375 899.0849 898.2639 897.1238 895.6204 892.4254 890.5446 887.9893 885.4724 879.7703 875.911 871.3632 865.8355 852.2997 845.7485 838.6298 831.1575 816.1711 808.0918 801.2428 795.6856 787.1104 783.3735 780.6215 778.5184 774.4618 772.5462 770.6663
1073.197 1065.74 1061.669 1057.426 1053.315 1044.395 1039.176 1033.355 1026.762 1012.809 1006.489 1000.534 994.7579 984.1135 978.9583 973.3997 967.5654 957.1772 952.4102 946.7884 941.1316 930.5126 925.9942 922.3356 919.1229 910.4175 906.9908 904.0772 901.2379 896.367 893.9768 893.0084 892.5942 891.3498 890.8168 890.267 889.7354 888.626 888.1058 887.358 886.5833 884.9798 883.0705 881.486 877.0767 873.5822 869.814 865.1516 852.4072 846.0791 839.3484 832.0868 817.5831 809.651 802.9606 797.288 788.0432 783.9689 780.9025 778.5134 774.1831 772.1111 770.1082
1069.41 1066.871 1060.422 1056.589 1052.933 1045.093 1040.721 1035.138 1028.329 1013.052 1006.96 1001.234 995.5253 984.9033 979.8253 974.3696 968.3867 958.1673 953.4094 947.7743 941.9332 931.5294 926.9587 922.8166 918.803 910.4175 904.4838 899.4177 894.7523 888.6837 885.9079 883.7507 882.0527 880.8073 880.5885 880.2426 879.9109 879.3345 879.1309 878.8809 878.6229 878.0423 876.8705 875.8494 874.4933 869.2425 866.2924 862.6741 852.3201 846.2839 839.8915 832.9404 819.1021 811.303 804.379 798.7623 789.2162 784.5793 781.1348 778.5971 773.9263 771.8391 769.7766
1065.682 1063.659 1058.149 1054.891 1051.489 1048.112 1040.793 1035.962 1029.502 1013.363 1007.323 1001.775 996.2044 985.7863 980.7837 975.4913 969.5923 959.1683 954.4702 949.2073 943.4915 933.2095 928.4973 924.1072 919.8063 910.1956 904.4838 899.419 893.7957 883.2593 879.5158 877.2144 875.4317 871.6034 870.0745 869.1422 868.9319 869.3187 869.5083 869.7549 869.9562 870.2164 869.9698 869.0942 867.8972 864.4864 862.1901 859.5099 856.0599 846.0728 840.2339 833.6641 820.4442 812.999 805.7463 800.0615 790.3276 785.2565 781.3976 778.5997 773.8342 771.5996 769.6544
1061.405 1059.831 1054.539 1051.957 1049.198 1046.177 1040.31 1036.018 1029.254 1021.142 1007.412 1001.907 996.5596 991.4312 981.6984 976.6931 970.9301 960.1476 955.4517 950.5265 945.1746 934.9377 930.217 925.6843 921.295 911.4183 905.0809 899.419 893.7957 881.9993 876.5956 873.425 870.7598 864.7007 861.8661 860.6235 860.5494 861.0851 861.3791 861.696 862.0072 862.5894 862.768 862.4775 861.8213 860.2466 858.5164 856.3198 853.3782 844.3953 839.5208 833.8358 827.7618 814.7277 807.0007 801.0071 791.2861 785.9639 781.676 778.6607 773.644 771.4263 769.4995
1055.805 1054.635 1050.37 1048.393 1046.308 1043.819 1038.594 1033.742 1027.45 1020.257 1007.119 1001.487 996.5222 991.9637 982.9916 978.7605 972.9312 966.5259 956.5303 951.8214 946.726 936.8481 931.9713 927.3218 922.9368 913.5068 907.1782 901.0307 894.8036 881.9993 876.9139 871.9252 867.6708 858.8052 854.881 854.0724 854.45 854.8498 854.9531 855.1485 855.3907 855.9436 856.1646 856.3688 856.2579 855.1366 854.0659 851.9552 849.0344 841.8486 837.6489 833.1747 827.9578 816.031 808.1569 801.9915 797.2905 786.5537 781.9517 778.6943 775.9863 771.1198 769.223
