var/www/cgi-bin/BAERTOOLS/ravel/working/ravel-5155.depgrd.txt
NCOLS 88
NROWS 114
XLLCORNER 772875.31
YLLCORNER 3877126.5
CELLSIZE 10
NODATA_VALUE -9999
[rows 84 to 111 of 114, columns 0 to 62 of 88]
0 0.16027577 0.05290482 0 0.12359203 0 0 102.29794 0.01895827 0.024570995 0.025132865 0.030146138 0.08449637 0.058448375 0.036397002 0.032035647 0.064728619 0.06993648 0.10697639 0.02622337 0.036935733 35.566175 0.28315579 0.14058409 0.14667591 3.5527137e-15 0.039070981 -1.9984014e-15 0.10675221 19.085067 0 0.0028491618 0.10968631 0.093828072 0.11754859 0.10381075 0.23379588 0.10485909 0.47086931 0.31921891 0.22809969 0.21064602 0.041770461 0 -1.0658141e-14 0 0.032649296 0 0.0046839033 0.097107373 0.010071227 -7.1054274e-15 0 0 0 0 22.447219 0.0060803934 0 0 0 0 0
0 0 0.079550257 0.73059444 0.097269802 0.059379316 0.0321773 0.037814721 0.049732883 0.066466494 0.078300871 0.22775413 0.16030834 0.24703292 0.35110088 0.34153619 0.20854159 0.2854545 0.28285098 0.24041447 0.21401138 0.094259497 0.032407811 0 3.5527137e-15 -3.5527137e-15 0 0.087850743 0.018358738 0.0056249444 0.023232649 0 0.079253851 0.12102186 0.14501627 0.12576314 0.06268436 0.4341146 0.551147 0.12979633 0.12791997 0.016440513 0.21037351 0.044929969 7.1054274e-15 0.15624116 0.021695198 0.1786442 0.058976806 0.053493619 0.013284023 0.00144078 3.5527137e-15 0.080787969 7.1054274e-15 0 26.060065 3.5527137e-15 0.035412777 0 0 0 0
0.069736756 11.690164 59.069386 2.0512529 1.2367332 2.0973276 0.043881436 1.8208469 0.28613959 0.22941119 0.15313007 0.27748751 0.34575734 0.3904166 0.30858553 0.33220416 0.19654396 0.033154462 -3.5527137e-15 3.5527137e-15 -1.0658141e-14 0.048108936 0.017379694 3.5527137e-15 0 0.21793306 0.040779479 1.7763568e-15 0.055000399 0.055628689 0.1465537 0.11327102 0.66094307 0.82319059 0.66428771 0.27084775 0.42757508 0.28384227 0.092816851 0.14015088 0.029185705 0.16878256 0.25677751 0.26035413 0.1962959 0.095428433 0.11195556 0.038913859 3.5527137e-15 0.22502262 0.0094746627 0.048937744 0.052080139 0 0.023005084 0.040227148 11.324554 0.04121739 0.0071756035 0 0 0 0
2495.2624 1306.3934 0.29308761 3.1082516 3.1388218 2.6001875 1.7200711 1.6672978 1.5978217 1.6498885 0.30464355 0.5140494 0.31827453 0.32315639 0.32202452 0.1635604 0.036729336 0.079465746 0.065289944 0.091132747 0.10272054 0.033646295 0.047263433 0.15741542 82.644483 3.5527137e-15 0.0055600752 79.08448 0.22408108 0.16845606 0.25851148 0.070436077 0.091296081 399.9766 402.27137 0.17844225 0.32171584 0 425.43677 0.29459654 0.30950429 0.41257299 0.14225177 0.078846451 0.1125072 0.12510414 0.043316591 0.07177497 0.086982828 0.038482088 0.086878566 0.02925729 0 0.016286922 0.0024554699 0.02015929 0.0079811301 0.024259633 3.5527137e-15 0 0 0 0
0.20768656 88.545818 -7.1054274e-15 0 0.035620479 0.030078346 3.5527137e-15 0.017951947 0.9149745 2.6854157 1.0425353 1.0386811 0.23105871 0.17258246 0.12259543 0.057677617 0.15618628 0.021358252 0.065216758 0.076639731 0.082556709 0.095208416 0.39092889 0 108.87657 0.19504462 0 157.26646 119.60236 0.32397133 0.31553422 0.26658476 0.35285155 0 1.3892551 1262.6558 0 0 149.85238 0.22892933 0.12241551 0.18932274 0.080570323 0.11355489 0.091439779 0.13553906 0.052927273 0.16385214 0.060054881 0.025395645 0.089153284 0.04474357 0.028948792 0.04491238 0.0026044402 0.0070504847 7.1054274e-15 0.041761361 0 0 0 0 0
0.053833764 0.091577187 0.093353738 -3.5527137e-15 0.048116716 0.043514168 0.087802622 7.1054274e-15 0.041806013 0.038137111 1.0272446 1.5716056 0.99421071 0.38797865 0.16840218 0.038503739 0.2705275 0.21020931 0.077010045 1.0658141e-14 7.1054274e-15 0.34239069 0.55952546 0.36061859 0.2639075 0 0 0.091667522 0.29774946 0.29474954 0.26398626 0.24476156 0 0 0 76.694302 0.37008855 0.28119655 0.18044465 0.22429039 0.11529322 0.043019509 0.08492749 0.097303732 0.070788394 0.024951092 0.18385105 0.12220687 0.063040891 0.036220487 0.056369049 0.11503798 0.022370875 0.017582423 0.0012513957 -7.1054274e-15 0.048262641 0.047233776 0 0 0 0.048490602 0
0.11289703 0.047469472 0.018552956 0.052880761 0.11600281 0.045773614 0.043955739 0.032900065 0.018763158 -3.5527137e-15 0 3.5527137e-15 1.0079513 0.78870155 0.25411514 0.19368329 0.32365657 -2.1316282e-14 -7.1054274e-15 0.10475214 0.19726813 0 0.035609197 0.25548697 0.043083052 0.149278 0.3736286 0.72036886 0.20437041 0.18693264 0.28116634 3.5527137e-15 0 0 0 142.98103 0.043325282 0.07244865 0.26270058 0.24117517 0.0775063 0.060681695 0.19852849 0.051884394 0.098232994 0.24564829 0.20828806 0.12568006 0.11988371 0 0.037556962 0.084597251 0.087623253 0.061129555 0.035843362 0.087978211 0.073943803 0.084684704 3.5527137e-15 3.5527137e-15 0.0069439725 0.00068460489 -4.4408921e-16
0.022688922 0.024349441 -1.0658141e-14 0.044190953 0.016992439 0.018665476 0.091485635 0.046811815 3.5527137e-15 0 0 0 0 0.079130294 0.18217367 0.054592947 0 0.093131922 0.23651234 0.26989577 0.18478329 0.092245982 0.082509905 0.048428693 0.16316854 0.28952158 0.066429527 193.02672 406.82283 0.2484271 -3.5527137e-15 -3.5527137e-15 0 0 0 0 229.16928 0.18051823 0 409.35169 0.10720124 0.10010848 0.51210311 0.22910714 0.18149637 0.091587229 0.070667915 0.047089313 0.041380753 0.12841877 0.021257376 0.013032285 0.013303851 -3.5527137e-15 0.017711986 0.082973038 0.049426935 0.03741972 0.015976565 0.044826945 0.032559089 0 0.02824133
7.1054274e-15 3.5527137e-15 0 -7.1054274e-15 -3.5527137e-15 -1.0658141e-14 -3.5527137e-15 -3.5527137e-15 0 -3.5527137e-15 0 0 0 0.00077378238 0.0088947474 3.5527137e-15 0 333.20046 226.04632 0.017218892 -7.1054274e-15 0.12960362 0.073790897 0.075933901 3.5527137e-15 0.31309853 0.0040471281 0 34.940702 166.2056 69.774612 0.054101812 0 0 0 0 81.03742 0 0 36.805401 644.00212 0.27086168 0.2832388 0.15093828 0.016635879 0.11705205 0.23017134 3.2127079e-15 1.0658141e-14 -3.5527137e-15 0.035854785 0.041868321 0.15458265 0.020414592 0.029673752 0.060080128 0.18292056 0.059095569 0.0026486259 0.01615334 0.033094241 0 0.046170432
0 0 0 103.43217 0 0.017174722 -1.9984014e-15 3.5527137e-15 0 -3.5527137e-15 0 0 0 0 53.64647 0 0 0 0 160.79731 0.14657013 3.5527137e-15 0.031947128 0 0.32158935 0.19695453 0.023125123 0 0 46.123725 0.074911789 0.025214388 0 3.5527137e-15 0 0 7.5620703 0 0 0 12.444106 709.22831 0.30297224 0.10967439 2.4868996e-14 0.012413474 -1.7763568e-15 0.043423927 3.5527137e-15 0.020677165 0.081040773 0.03674097 3.5527137e-15 0.10941726 0.095948606 0.069584107 0.081107484 0.020029066 0.011490892 0.02644012 -7.1054274e-15 0 0.00112168
0 0 0 91.17281 0.060317121 0.036599126 0 0.04568497 0.0083131404 0.040222884 0 0 0 0 0 0 0 0 0.14847923 0.068092945 0.079214864 0.15046444 0.12993689 0.36690461 0.29696336 0.11177908 0 0 0 0 0.038079342 4.1633363e-16 3.5527137e-15 0 0 0 0 0 0 0 0 0 801.04976 0.037590621 0.023486735 -8.8817842e-16 0.065596702 0.078186098 0.093792672 0.010505533 0.015761762 0 0.10791146 0.14921888 0.16859215 0.19858252 0.1099163 0.013315206 0.02615353 0.0151872 0.10270445 0.081456859 0.027785576
0 0 0 115.55306 0.035361425 0.045876241 0.069740618 0.067700095 0.0034279272 0 3.5527137e-15 -3.5527137e-15 0 0.051948346 0 -3.5527137e-15 3.5527137e-15 0.17654952 0.09866065 0.21755529 0.73334333 0.40316909 0.28415821 0.42186324 0.21775862 0.05760942 0.012002853 -3.5527137e-15 0 0 0 0 0 0 0 0 0 0 0 0 0 0 179.35063 0.23282328 0 221.13155 0.19260761 0.083121 0.10378783 0.055076695 0.11640448 0.07819987 0.11885383 0.088303654 0.13909345 0.074307962 0.054188732 0.11832302 0.12919862 0.078141479 0 0.026254785 0.007108884
1.7763568e-15 0 0 22.83985 72.745534 -1.4210855e-14 0.033241342 0.0094218777 0.045522632 0.056152472 -7.1054274e-15 -3.5527137e-15 0 1.7274865 1.0005248 1.1352437 1.7992809 1.4327516 1.1529282 0.94134567 0.57201356 0.053356094 0.27991737 0.23828972 0.10110018 0.045190099 0.060149783 0 0.056637451 0.024176564 0.031070243 0 3.5527137e-15 -3.5527137e-15 0 0 0 0 0 0 0 46.317715 1.7763568e-15 0.14436493 0.039605825 0.15178285 0.057316528 0.14397851 0.048553838 0.039389612 0 0.14415259 0.10271765 0.19996634 0.2193955 0.062891794 0.094003563 0.13299118 0.16151884 0.042898725 0.040178053 0.0055109287 35.624099
0.054894137 0 0.13849763 0.013426771 0.019035483 0.051952857 0 0 0 3.5527137e-15 0.047177629 0.30332897 4.2353102 1.1629743 1.5032375 1.2101665 1.0417525 0.5571659 0.50135891 0.86803594 0.15370794 0 -3.5527137e-15 0.035167356 0.094523068 0.075379955 0 0.072287038 0.057860025 -6.9388939e-18 0.045002213 0 -3.5527137e-15 0 0 3.5527137e-15 0 0 0 0 0 16.153379 14.514805 0.1255112 0.19033365 0.10851573 0.14159214 0.05863897 0.12803034 0.17037593 0 0.14099904 0.12052494 0.14720063 0.043752296 0.11920012 0.26435664 0.088510655 0.051557831 20.988931 0.059427152 0 0.015907037
0.0041267192 0.022536603 0 0.0097852638 0.017866661 0.033319453 0 -3.5527137e-15 0.087128792 1.9577121 3.2607087 1.352897 0.56988976 3.5527137e-15 0 0 0.018131272 0.040736406 0.033231966 0 0 0 0 0 0 19.763726 44.313705 7.1054274e-15 -3.5527137e-15 0 0.025675236 0.0050044631 0.0032944051 0.021560455 7.1054274e-15 -2.220446e-15 0 2.220446e-16 0 0 0 10.983474 12.996251 0.15278107 0.40711032 0.070025972 0.12231419 1.441353e-06 0.20712111 0.12691004 0 0.04302052 0.1378278 0.036750083 0.050496274 0.17058495 0.059530114 0.11654811 46.061624 23.959309 0.061449357 3.5527137e-15 7.1054274e-15
0.08909387 0.068505442 0.067015854 0.064756762 0.033497914 0 356.29436 2.195142 3.8653507 3.1201504 1.4132288 7.1054274e-15 0.10144763 0.036313813 -3.5527137e-15 3.5527137e-15 0 -3.5527137e-15 0 0 8.8817842e-16 -4.4408921e-16 0 0 14.759866 25.590194 4.8503069 0.048677317 0 0.022953796 0.044772404 0.007029137 0.029661305 0.031897874 0.024450831 0.035072481 0 0.00016572329 0.022382976 0 0 57.76816 0.15973952 0.16182475 0.20862589 0.077133975 0.28767102 0.068703716 0.24355785 0.053218557 0.28503578 0.28916068 0.36620764 0.38163324 0.14423394 -7.1054274e-15 0 0 0 34.198255 0.13751616 0.055667601 0.02933641
0.16088439 0.010556187 0.023796026 62.473296 124.66903 231.70415 3928.653 0.41016747 1.1895364 0.20505967 0.027446166 0.036056539 0.033573929 0 0 3.7747583e-15 0.088923264 0.27634133 0.18797714 0.12842695 0.19836848 0.29267138 0.091768363 0.092254737 0.15338735 17.745322 -3.4972025e-15 3.5527137e-15 0.10627667 0.0046803187 0.0084636545 0.048611507 0.099707653 0.0076879638 -3.5527137e-15 0 0 0.0034898896 0.018298177 0.38037013 0.66409242 0.19513081 112.79811 0.12060984 0.0010835974 0.087893667 0.17310862 0.1652715 0.34264471 0.38965276 0.67183993 0.32918102 0.18141155 0.048474976 110.41655 0.021273053 0 0 5.1755369 33.998744 0.053213578 0 0.017318837
-3.5527137e-15 0 3.5527137e-15 0 3.5527137e-15 3.5527137e-15 3.5527137e-15 0.72720292 0.313306 0.14649987 0.10989015 0 0.20924747 0.29829743 0.2653797 0.16332598 0.034869242 0.05057346 0.29281506 0.19765355 0.12730963 0.11805413 0.055306528 3.5527137e-15 0.088616296 0.10058807 0.038115633 -1.4210855e-14 7.1054274e-15 0.019430421 -1.7763568e-15 0.1271576 0.0063934286 0.015552216 0.047903442 0 0.046870584 0.018028212 0.2161152 0.60603574 0.48445062 0 0.027186036 0.085644704 0.87875286 0.28975181 0.2288133 0.93658164 0.37057407 311.30046 0.16549532 0.046044374 0.12528287 0.21975535 0.060189532 3.5527137e-15 0 26.780322 1.8340996 96.402861 364.98025 0 0
18.033557 0 0 0 0 0 0 0.059866622 0.77700095 0.47352714 0.10757477 0 0.17978844 0.21380311 0.095086085 5.8118151 113.64892 0.23958784 0.085572604 0.066934821 0.13633205 0.10509772 0.032189549 0.043414616 0.14194687 0.063871878 0.012198187 0.1338111 0.036340598 0.085429582 0.091558439 0.028985898 0.033199201 0.012104233 0.029362879 0 0.089442388 0.033342068 0.13546055 0 0 0.11973466 0.34917197 0.44802168 0.3027132 0.034712532 0 322.73099 5.9163917 548.36422 0.46444175 0.25930393 0.47107315 0.49963184 0.078912276 0.021700531 3.5527137e-15 0.036853771 0 3.8025545 198.85203 0.031446634 0
0 0 0 0 0 0 0 0 0.018321391 0.33220311 0.31080088 0 0.17399836 0.19113343 0 65.233809 6.1927126 0.042163042 0.11086102 0.10013163 0.17915709 0.24076578 0.076148007 0.066423132 0.094223328 0.094597651 0.022643294 0.092027788 0.059571341 0.013312648 0.078176888 0.0087719436 0.016801157 0 0.042111619 0.084070777 -7.1054274e-15 0.34881193 0.66496417 0.65893743 0.10526253 0.17050864 0.62864255 0.47651254 -7.1054274e-15 3.5527137e-15 0.51995163 0.67769116 0.67896775 26.560144 0.49947748 0.18490863 0.2317488 0.028482956 0.28055466 0.056879992 0.040148529 0.081927396 0.048961788 0.02371126 96.909282 0.055640072 0.028152444
4.5615753 -1.6653345e-16 0 0 0 0 0 0 0 0.17314605 -3.5527137e-15 0.022391368 0 0.26912428 0.19646632 0.25924734 0.25934739 0.11211527 0.15280371 0.25550263 0.17675782 0.253237 0.098285909 0.11783175 0.028272417 0.0049028266 0.050837454 0.13605622 0.025498241 0.044292608 -3.5527137e-15 0.067791801 -3.5527137e-15 0.13252644 0.032981353 0.10872127 0.31007758 0.55452108 0.30908945 1.2355005 0.66680041 0.89439375 0.38657218 0.38603725 0 1.1326182 0.031884144 0.91958379 1.3632984 0.33699841 0.82987987 0.70255637 0.23960689 0.14699885 0.097296964 0.1409003 0.14041335 0.048380256 0.045564662 0.046178179 0.05423517 3.5527137e-15 0.052072229
81.584695 0 3.5527137e-15 0 0 0 0 0 0 0 0 30.47551 0.18624186 0.1801872 0.22507626 0.17454257 0.26752123 0.37872583 0.15893685 0.21737166 0.012890029 -7.1054274e-15 0.17151815 0.2146235 3.5527137e-15 0.074353916 0.14538396 0.097124845 0.047917404 0.038403121 0.056963042 0.057947513 0.04214419 0.11818371 0.24107778 0.16099347 0.63821934 0.44759592 0.51796647 0.51115535 0.21257157 0.26762908 1.169344 2.9197587 3.285052 1.8174044 1.5512183 1.6717161 0.83394626 0.077255602 0.034720897 0.039654351 0.032792164 0.024365318 0.064202418 0 0 0 33.601413 0.031564504 2.0942975 0.03872667 0.026182815
60.371671 0 0 0 0 0 0 0 0 0 25.726718 0.025370558 0.1492784 0.25889281 0.27994978 0.22372443 0.031390774 0.35034165 0.28212232 0 0.2326671 0.15526162 0.17623553 0.34489666 0.30609898 0.16941337 0.050506869 0.075924708 0 -7.1054274e-15 0 0.043779196 0.075766219 0.11630114 0.39511485 0.59386404 4.4043601 3.1884805 1.9627236 0.94895623 1.4670311 1.7156972 0.87859576 1.2844351 1.766842 0.084273859 0.91767152 1.7561226 0.042780713 0.047491866 0.029039931 -3.5527137e-15 7.1054274e-15 0 3.5527137e-15 -3.5527137e-15 0.031042538 0 0 11.995852 13.252882 0.02193831 0.015105968
46.725587 0 0 0 0 0 0 0 0 0 0 71.003115 0.1982198 0.19958846 -1.7763568e-15 0.010710153 0.26432784 0.28936871 0.18036001 0.1529228 0.069477571 0.1459539 0.1632315 0.27606025 0.2256021 0.16331629 0.19429865 0.073857476 0.087003469 0.017381358 0.15466538 0.20983019 0.26886664 0.20043068 4.403785 4.9906057 2.2305058 1.9722991 0.1723076 3744.5128 3.7423765 0.095299504 1.995177 2.0687891 0.0244945 0.086732184 0.04209123 0.05115366 0.01885572 0.022085537 0.025830162 0.036144475 3.5527137e-15 -3.5527137e-15 -7.1054274e-15 0 3.5527137e-15 0 0 0 9.4326513 25.652646 0.018486186
21.301271 0.0093235725 0 0 0 0 0 0 0 0 0 61.919736 0.26013189 1.7763568e-15 0.18289231 0.14030261 0.22970394 0.029121493 0.063338743 0.085283436 0.19305643 0.13285396 0.14052987 0.18103576 0.12491158 0.12187943 0.11497416 0.20589939 0.057265529 0.11916579 0.23214942 0.38952531 2.2469384 6.4457726 2.2909396 1.9941983 0.11830434 241.34544 121.03491 38.87155 0.29237155 0.095825799 0.043794647 0.070317243 0.028522308 -3.5527137e-15 0.020655178 0.11746158 49.638414 0 7.1054274e-15 0 0 0 0 54.591927 0 0 0 0 0 20.753166 0.031028513
18.266071 0.040879089 0.010182352 0 0 0 0 0 0 0 0 30.57345 0 0.2037927 0.22358377 0.13124213 0.23623452 0.12504885 0.19834861 0.13497327 0.14714274 0.213233 0.21548629 0.077373215 0.062815503 0.051732765 0.16488292 0.08884189 0.062050258 7.0428523 2.7411997 3.3026155 1.705678 3.2434498 2.5356334 0.54705723 0.3420764 1157.2376 0.9815214 0.084369086 0.10431031 0.062719169 0.18468689 0.17055977 0.15169021 0.020595901 0.051522039 -7.1054274e-15 0.0346007 0 22.566701 0.039567864 0 0 0 0 52.534173 -3.5527137e-15 0 0 5.0421894 45.323039 -3.5527137e-15
-3.5527137e-15 0.029892222 0.067997074 0.022322334 0.043761995 0 0 0 0 0 0 -3.5527137e-15 0.28289096 0.15748617 0 0 0 0.11981772 0.17463564 0.12350164 0.1791501 0.33518703 0.22589661 0.15133217 0.026058488 0.071830114 0.039015333 4.6794394 8.31809 3.5607643 3.8598923 0.47034231 0.15551509 0.045154519 0.031953612 0.063106281 0.057839348 0.11220425 0.024900986 -1.0658141e-14 0 0.040339854 0.12750223 0.17672305 0.1282973 0.035618953 0.046025317 0.086918328 0.086874933 0.044501405 1.7763568e-15 3.5527137e-15 0 0 0 0 50.744984 0 0 0 79.02622 -3.1086245e-15 0
147.09144 0.031586513 0.052244352 0 0.026435823 0 0.034557684 0 0 0 0.0019486542 0 0.21474391 0.27302388 0.38834281 0.13579072 0.57199049 0.3116382 0.12792941 0.21560751 0.26609919 0.35718155 0.23352613 0.043103571 3.103476 7.497643 6.2892278 2.7920974 1.1046388 1.6518233 -1.0658141e-14 0 0.038122095 0.072738398 0.041522499 0.048502129 0.10118438 0.078837857 0.022076337 0 3.5527137e-15 0.060607584 0.088403684 0.1412589 0.078409753 0.034778379 0.029828698 0.021678407 0.045395707 0.02056407 0.043831331 0.024738706 0.030471876 0 0 0 61.076228 0.043774825 0.040524427 0.082266407 83.082291 0.0032186296 0.022048606
