var/www/cgi-bin/BAERTOOLS/ravel/working/ravel-12176.DEM
NCOLS 39
NROWS 160
XLLCORNER 617273.99
YLLCORNER 4620205.4
CELLSIZE 10
NODATA_VALUE -9999
[rows 92 to 137 of 160, columns 0 to 38 of 39]
1463.986 1463.985 1463.986 1463.989 1463.992 1463.939 1463.878 1463.875 1463.872 1463.87 1463.862 1463.857 1464.091 1464.147 1464.144 1464.05 1464.092 1464.157 1464.159 1464.524 1464.567 1464.383 1464.217 1464.328 1464.503 1464.568 1464.965 1465.116 1465.057 1464.998 1464.942 1464.944 1464.787 1464.754 1464.65 1464.78 1465.808 1466.204 1466.739
1463.986 1463.987 1463.986 1463.986 1463.986 1463.985 1464.013 1464.071 1463.995 1463.974 1463.986 1464.055 1464.18 1464.198 1464.245 1464.196 1464.092 1464.175 1464.284 1464.765 1464.822 1464.826 1464.6 1464.738 1464.926 1465.09 1465.261 1465.18 1465.157 1464.922 1464.774 1464.638 1464.422 1464.3 1464.127 1464.135 1465.303 1466.002 1466.623
1464.014 1464.09 1464.082 1464.178 1464.094 1464.086 1463.975 1463.998 1464.074 1463.982 1463.996 1464.071 1464.211 1464.35 1464.524 1464.262 1464.217 1464.389 1464.598 1465.051 1465.207 1465.272 1465.29 1465.32 1465.426 1465.595 1465.439 1465.291 1465.201 1464.657 1464.347 1464.296 1464.211 1464.176 1464.186 1464.294 1465.163 1465.908 1466.603
1464.245 1464.42 1464.386 1464.277 1464.2 1464.194 1463.981 1463.986 1463.987 1464.016 1464.102 1464.176 1464.252 1464.43 1464.562 1464.416 1464.164 1464.248 1464.55 1465.247 1465.494 1465.609 1465.736 1465.791 1465.863 1465.915 1465.699 1465.489 1465.289 1464.455 1464.181 1464.185 1464.185 1464.183 1464.29 1464.633 1465.494 1466.055 1466.76
1464.474 1465.032 1465.151 1464.838 1464.513 1464.251 1464.05 1463.985 1463.984 1464.027 1464.086 1464.087 1464.471 1464.717 1464.747 1464.526 1464.177 1464.219 1464.462 1465.275 1465.56 1465.824 1466.101 1466.221 1466.274 1466.216 1465.913 1465.664 1465.33 1464.333 1464.186 1464.185 1464.186 1464.302 1464.635 1465.1 1465.999 1466.547 1467.108
1465.177 1465.749 1465.756 1465.468 1465.129 1464.73 1464.179 1464.176 1464.101 1464.031 1464.013 1464.171 1464.699 1465.011 1464.968 1464.886 1464.25 1464.179 1464.286 1465.275 1465.68 1466.033 1466.255 1466.539 1466.584 1466.501 1466.242 1465.887 1465.376 1464.297 1464.146 1464.19 1464.137 1464.6 1465.056 1465.507 1466.458 1467.002 1467.532
1465.926 1466.298 1466.482 1466.16 1465.754 1465.358 1464.521 1464.198 1464.18 1464.074 1464.098 1464.185 1464.388 1465.178 1465.269 1465.194 1464.497 1464.13 1464.172 1465.211 1465.822 1466.245 1466.611 1467.025 1467.066 1467.042 1466.717 1466.329 1465.751 1464.449 1464.415 1464.614 1464.526 1465.02 1465.515 1466.025 1467.035 1467.534 1468.068
1465.926 1467.099 1467.129 1466.794 1466.461 1466.073 1465.179 1464.745 1464.26 1464.126 1464.171 1464.201 1464.554 1465.445 1465.691 1465.691 1465.018 1464.518 1464.162 1465.16 1465.959 1466.53 1466.999 1467.45 1467.579 1467.651 1467.216 1466.91 1466.466 1465.626 1465.431 1465.448 1465.472 1465.912 1466.293 1466.783 1467.718 1468.153 1468.702
1467.116 1467.099 1467.129 1467.4 1467.076 1466.675 1465.86 1465.353 1464.791 1464.046 1464.084 1464.223 1464.733 1465.876 1466.121 1466.192 1465.576 1465.299 1465.2 1465.795 1466.642 1467.207 1467.601 1468.259 1468.338 1468.265 1468.008 1467.793 1467.532 1467.072 1466.828 1466.682 1466.681 1467.036 1467.359 1467.704 1468.491 1468.883 1469.326
1468.457 1468.139 1467.928 1467.4 1467.076 1467.307 1466.457 1465.947 1465.307 1464.278 1464.273 1464.577 1465.177 1466.332 1466.656 1466.799 1466.567 1466.583 1466.637 1467.077 1467.614 1468.12 1468.425 1469.006 1469.162 1469.144 1469.065 1468.871 1468.577 1468.599 1468.15 1468.117 1468.031 1468.291 1468.486 1468.723 1469.366 1469.687 1470.014
1469.785 1469.183 1468.808 1468.069 1467.769 1467.307 1467.05 1466.6 1465.998 1465.132 1465.109 1465.399 1466.039 1466.957 1467.297 1467.519 1467.766 1467.864 1468.091 1468.377 1468.846 1469.162 1469.529 1470.012 1470.155 1470.059 1470.146 1470.033 1469.777 1469.689 1469.373 1469.309 1469.278 1469.427 1469.54 1469.773 1470.247 1470.511 1470.812
1470.807 1470.271 1469.748 1468.888 1468.418 1468.044 1467.05 1466.6 1467.288 1466.964 1466.776 1466.851 1467.102 1467.809 1468.165 1468.456 1468.794 1469.021 1469.241 1469.521 1470.107 1470.394 1470.684 1471.21 1471.321 1471.366 1471.206 1471.075 1470.909 1470.886 1470.615 1470.545 1470.535 1470.47 1470.548 1470.651 1471.092 1471.32 1471.558
1471.865 1471.243 1470.6 1469.731 1469.297 1468.968 1468.079 1467.64 1467.288 1466.964 1468.288 1468.307 1468.479 1468.918 1469.21 1469.494 1469.926 1470.298 1470.576 1470.792 1471.354 1471.647 1471.937 1472.236 1472.356 1472.41 1472.378 1472.335 1472.233 1472.086 1471.671 1471.601 1471.528 1471.418 1471.497 1471.566 1471.917 1472.141 1472.369
1472.724 1472.086 1471.479 1470.682 1470.322 1469.938 1469.286 1468.955 1468.732 1468.43 1468.288 1468.307 1469.766 1470.078 1470.249 1470.543 1471.025 1471.317 1471.612 1471.91 1472.501 1472.773 1472.985 1473.492 1473.597 1473.648 1473.636 1473.534 1473.274 1473.028 1472.69 1472.527 1472.375 1472.325 1472.345 1472.412 1472.473 1472.952 1473.118
1473.385 1472.792 1472.3 1471.575 1471.364 1471.094 1470.576 1470.331 1470.177 1470.02 1469.75 1469.8 1469.766 1471.197 1471.378 1471.665 1472.103 1472.347 1472.658 1473.032 1473.6 1473.806 1474.017 1474.584 1474.721 1474.694 1474.673 1474.597 1474.406 1474.169 1473.518 1473.349 1473.111 1473.074 1473.084 1473.159 1473.277 1473.718 1473.914
1473.816 1473.488 1473.134 1472.587 1472.488 1472.35 1472.149 1471.81 1471.638 1471.472 1471.12 1471.087 1471.078 1471.197 1471.378 1472.571 1472.787 1473.366 1473.677 1474.051 1474.57 1474.807 1474.88 1475.626 1475.751 1475.724 1475.706 1475.676 1475.517 1475.058 1474.184 1474.008 1473.92 1473.688 1473.71 1473.8 1474.012 1474.406 1474.76
1474.239 1474.063 1473.805 1473.684 1473.719 1473.659 1473.635 1473.323 1473.153 1472.954 1472.353 1472.19 1472.131 1472.253 1472.366 1472.571 1472.787 1474.21 1474.505 1474.868 1475.479 1475.764 1475.976 1476.342 1476.544 1476.498 1476.491 1476.509 1476.297 1475.604 1474.992 1474.678 1474.457 1474.317 1474.342 1474.429 1474.57 1475.123 1475.413
1474.681 1474.588 1474.572 1474.75 1474.866 1474.893 1474.969 1474.81 1474.575 1474.175 1473.455 1473.21 1472.976 1473.068 1473.216 1473.378 1473.602 1474.21 1474.505 1475.73 1476.153 1476.401 1476.53 1476.591 1476.562 1476.489 1476.482 1476.401 1476.324 1475.955 1475.881 1475.663 1475.188 1474.842 1474.813 1474.767 1474.973 1475.716 1476.062
1475.186 1475.299 1475.506 1475.856 1475.988 1476.019 1476.085 1476.128 1475.797 1475.202 1474.156 1473.964 1473.815 1473.736 1473.844 1474.075 1474.37 1475.251 1475.493 1475.73 1476.484 1476.547 1476.586 1476.587 1476.553 1476.47 1476.397 1476.344 1476.297 1476.389 1476.543 1476.384 1475.905 1475.554 1475.22 1475.171 1475.309 1476.067 1476.41
1475.807 1476.129 1476.309 1476.594 1476.74 1476.752 1476.796 1476.69 1476.375 1475.799 1474.722 1474.561 1474.433 1474.505 1474.5 1474.635 1474.904 1476.095 1476.519 1476.487 1476.484 1476.547 1476.591 1476.576 1476.433 1476.386 1476.385 1476.384 1476.407 1476.492 1476.621 1476.467 1476.398 1476.265 1475.503 1475.483 1475.63 1476.257 1476.502
1476.372 1476.616 1476.755 1476.865 1477.092 1477.193 1477.158 1476.905 1476.667 1476.265 1475.284 1475.166 1475.188 1475.261 1475.129 1475.054 1475.218 1476.151 1476.489 1476.502 1476.652 1476.668 1476.591 1476.576 1476.388 1476.397 1476.395 1476.438 1476.551 1476.699 1476.765 1476.681 1476.594 1476.451 1475.862 1475.877 1475.874 1476.398 1476.478
1476.645 1476.905 1477.049 1477.206 1477.395 1477.491 1477.412 1477.144 1476.935 1476.666 1475.962 1475.817 1475.943 1476.031 1475.915 1475.568 1475.542 1476.07 1476.409 1476.486 1476.587 1476.586 1476.578 1476.502 1476.388 1476.523 1476.545 1476.741 1476.862 1476.917 1476.914 1476.864 1476.681 1476.447 1476.301 1476.101 1476.172 1476.448 1476.47
1476.915 1477.217 1477.353 1477.509 1477.666 1477.683 1477.652 1477.392 1477.173 1476.936 1476.592 1476.518 1476.522 1476.548 1476.332 1475.966 1475.78 1476.007 1476.422 1476.489 1476.574 1476.594 1476.602 1476.542 1476.526 1476.523 1476.545 1477.136 1477.121 1477.098 1476.987 1476.942 1476.796 1476.721 1476.56 1476.499 1476.495 1476.607 1476.544
1477.301 1477.523 1477.718 1477.828 1477.96 1477.943 1477.901 1477.65 1477.496 1477.341 1477.079 1477.006 1476.894 1476.72 1476.33 1476.073 1475.944 1476.092 1476.452 1476.486 1476.556 1476.642 1476.685 1476.691 1476.724 1476.779 1476.93 1477.136 1477.121 1477.104 1477.019 1476.977 1476.895 1476.802 1476.625 1476.575 1476.583 1476.535 1476.485
1477.809 1477.949 1478.133 1478.218 1478.268 1478.244 1478.155 1478.033 1477.874 1477.755 1477.491 1477.327 1477.016 1476.617 1476.289 1476.107 1476.03 1476.35 1476.51 1476.526 1476.576 1476.666 1476.661 1476.7 1476.913 1477.046 1477.097 1477.149 1477.183 1477.104 1477.019 1477.063 1476.953 1476.705 1476.379 1476.396 1476.464 1476.48 1476.486
1478.366 1478.5 1478.535 1478.564 1478.557 1478.563 1478.536 1478.311 1478.171 1478.06 1477.866 1477.427 1477.036 1476.555 1476.293 1476.128 1476.129 1476.463 1476.509 1476.559 1476.559 1476.55 1476.594 1476.73 1477.08 1477.117 1477.11 1477.188 1477.185 1477.171 1477.111 1477.063 1476.818 1476.518 1476.385 1476.386 1476.386 1476.433 1476.487
1478.972 1479.031 1479.014 1478.945 1478.966 1478.853 1478.802 1478.57 1478.402 1478.23 1478.057 1477.484 1477.075 1476.653 1476.264 1476.118 1476.181 1476.404 1476.452 1476.44 1476.439 1476.457 1476.526 1476.652 1477.191 1477.224 1477.22 1477.202 1477.164 1477.101 1477.088 1476.967 1476.818 1476.518 1476.385 1476.386 1476.386 1476.431 1476.48
1479.457 1479.525 1479.453 1479.425 1479.32 1479.215 1479.137 1478.868 1478.705 1478.517 1478.269 1477.636 1477.228 1476.792 1476.323 1476.202 1476.169 1476.304 1476.341 1476.378 1476.386 1476.385 1476.386 1476.552 1477.309 1477.326 1477.324 1477.254 1477.184 1477.184 1477.126 1476.989 1476.74 1476.515 1476.385 1476.386 1476.386 1476.386 1476.411
1479.95 1479.964 1479.944 1479.946 1479.788 1479.688 1479.548 1479.246 1479.049 1478.781 1478.519 1477.803 1477.41 1477.038 1476.512 1476.383 1476.306 1476.288 1476.332 1476.441 1476.485 1476.423 1476.445 1476.618 1477.414 1477.433 1477.431 1477.386 1477.183 1477.186 1477.188 1476.877 1476.699 1476.489 1476.385 1476.386 1476.386 1476.386 1476.412
1480.556 1480.457 1480.441 1480.373 1480.261 1480.21 1480.032 1479.642 1479.446 1479.184 1478.959 1478.198 1477.858 1477.493 1477.003 1476.874 1476.792 1476.695 1476.678 1476.913 1476.967 1476.838 1476.906 1477.098 1477.521 1477.519 1477.453 1477.349 1477.198 1477.16 1477.142 1476.737 1476.529 1476.396 1476.386 1476.386 1476.386 1476.386 1476.412
1481 1481.01 1481.055 1480.962 1480.71 1480.65 1480.537 1480.3 1479.931 1479.681 1479.391 1478.855 1478.482 1478.193 1477.597 1477.477 1477.409 1477.374 1477.388 1477.608 1477.567 1477.469 1477.54 1477.521 1477.689 1477.586 1477.427 1477.373 1477.201 1477.041 1476.955 1476.685 1476.548 1476.404 1476.386 1476.386 1476.386 1476.386 1476.386
1481.498 1481.558 1481.494 1481.473 1481.203 1481.132 1481.041 1480.871 1480.517 1480.25 1479.927 1479.496 1479.248 1478.947 1478.425 1478.271 1478.144 1478.082 1478.168 1478.152 1478.061 1478.006 1477.997 1477.96 1477.748 1477.64 1477.453 1477.269 1477.023 1476.91 1476.862 1476.602 1476.519 1476.4 1476.386 1476.386 1476.386 1476.386 1476.386
1482.106 1482.104 1482.096 1482.081 1481.798 1481.73 1481.637 1481.482 1481.148 1480.961 1480.698 1480.127 1479.929 1479.716 1479.249 1479.141 1478.98 1478.891 1478.746 1478.669 1478.647 1478.428 1478.328 1478.149 1477.751 1477.592 1477.266 1476.889 1476.642 1476.657 1476.667 1476.541 1476.457 1476.392 1476.385 1476.386 1476.386 1476.386 1476.386
1482.547 1482.631 1482.617 1482.606 1482.474 1482.336 1482.25 1482.079 1481.819 1481.59 1481.414 1480.904 1480.688 1480.531 1480.053 1479.88 1479.726 1479.598 1479.245 1479.17 1479.032 1478.631 1478.494 1478.301 1478.116 1477.573 1477.062 1476.497 1476.374 1476.42 1476.422 1476.483 1476.421 1476.389 1476.385 1476.386 1476.386 1476.386 1476.386
1483.047 1483.14 1483.146 1483.21 1483.215 1483.017 1482.869 1482.844 1482.547 1482.374 1482.209 1481.764 1481.583 1481.365 1481.131 1480.583 1480.438 1480.225 1479.745 1479.611 1479.306 1478.761 1478.65 1478.45 1478.257 1477.644 1477.058 1476.488 1476.386 1476.386 1476.386 1476.437 1476.486 1476.395 1476.385 1476.386 1476.386 1476.386 1476.386
1483.566 1483.7 1483.769 1483.831 1483.831 1483.693 1483.662 1483.585 1483.362 1483.187 1483.023 1482.653 1482.388 1482.087 1481.849 1481.337 1481.07 1480.852 1480.114 1479.769 1479.523 1478.959 1478.787 1478.548 1478.318 1477.741 1477.103 1476.493 1476.401 1476.437 1476.468 1476.613 1476.601 1476.401 1476.384 1476.386 1476.386 1476.386 1476.386
1484.076 1484.267 1484.394 1484.46 1484.532 1484.444 1484.497 1484.409 1484.216 1484.102 1483.926 1483.514 1483.291 1482.963 1482.654 1482.074 1481.746 1481.333 1480.547 1480.15 1479.815 1479.097 1478.802 1478.589 1478.308 1477.689 1477.008 1476.467 1476.427 1476.555 1476.681 1476.651 1476.542 1476.435 1476.391 1476.386 1476.386 1476.386 1476.386
1484.5 1484.849 1484.938 1485.07 1485.068 1485.147 1485.125 1485.111 1485.151 1485.056 1484.946 1484.419 1484.213 1483.88 1483.568 1482.719 1482.281 1481.824 1480.85 1480.416 1479.975 1479.18 1478.833 1478.452 1478.203 1477.6 1477.085 1476.458 1476.562 1476.858 1476.912 1476.812 1476.502 1476.438 1476.393 1476.386 1476.386 1476.386 1476.386
1485.106 1485.411 1485.564 1485.699 1485.771 1485.939 1486.055 1486.039 1485.976 1485.88 1485.785 1485.383 1485.15 1484.898 1484.53 1483.383 1482.853 1482.27 1481.099 1480.593 1480.082 1479.57 1478.658 1478.272 1477.922 1477.429 1477.258 1477.029 1477.061 1477.051 1476.959 1476.709 1476.399 1476.385 1476.386 1476.389 1476.34 1476.333 1476.294
1485.528 1485.757 1486.074 1486.237 1486.46 1486.62 1486.712 1486.849 1486.787 1486.813 1486.719 1486.7 1486.189 1485.714 1485.261 1484.043 1483.335 1482.591 1481.328 1480.663 1480.022 1479.397 1478.113 1477.628 1477.337 1477.149 1477.228 1477.338 1477.329 1477.029 1476.644 1476.442 1476.384 1476.396 1476.439 1476.559 1476.974 1477.196 1477.1
1485.935 1486.158 1486.63 1486.845 1486.993 1487.337 1487.512 1487.497 1487.464 1487.482 1487.547 1487.551 1487.189 1486.804 1486.217 1484.55 1483.837 1482.995 1481.484 1480.695 1479.821 1478.856 1476.63 1476.576 1476.543 1476.522 1476.633 1476.973 1477.385 1476.961 1476.417 1476.362 1476.386 1476.373 1476.373 1477.475 1478.435 1478.933 1479.276
1486.254 1486.484 1487.038 1487.265 1487.487 1487.845 1488.042 1488.106 1488.141 1488.189 1488.174 1488.162 1488.252 1487.9 1486.852 1484.875 1484.043 1483.201 1481.644 1480.681 1479.482 1478.3 1476.258 1476.372 1476.387 1476.379 1476.453 1476.874 1477.579 1477.048 1476.415 1476.381 1476.387 1476.339 1476.529 1479.123 1480.434 1481.463 1482.132
1486.658 1486.968 1487.367 1487.651 1487.804 1488.253 1488.459 1488.605 1488.703 1488.691 1488.689 1488.685 1488.669 1488.217 1486.985 1485.197 1484.334 1483.479 1481.833 1480.674 1479.231 1477.716 1476.306 1476.348 1476.345 1476.309 1476.586 1477.414 1477.894 1477.593 1476.677 1476.345 1476.348 1476.852 1477.934 1481.417 1483.398 1485.089 1486.156
1486.658 1487.17 1487.644 1487.861 1488.103 1488.514 1488.652 1488.779 1488.62 1488.571 1488.573 1488.577 1488.282 1487.455 1486.685 1485.114 1484.417 1483.854 1483.034 1481.096 1479.772 1478.075 1477.488 1477.518 1477.008 1476.63 1477.36 1478.271 1478.851 1478.539 1477.733 1477.416 1478.049 1478.939 1480.357 1484.195 1486.436 1488.135 1488.957
1486.868 1487.17 1487.937 1488.111 1488.412 1488.691 1488.688 1488.67 1488.6 1488.412 1488.255 1488.102 1487.336 1486.889 1486.43 1485.253 1484.687 1484.064 1483.44 1481.836 1480.942 1480.135 1479.22 1478.854 1478.351 1478.464 1478.765 1479.723 1480.144 1480.047 1479.861 1480.071 1481.404 1482.616 1483.838 1486.86 1488.578 1489.753 1490.404
1487.212 1487.513 1487.937 1488.111 1488.694 1488.676 1488.653 1488.568 1488.494 1488.209 1488.037 1487.805 1487.068 1486.69 1486.313 1485.505 1485.034 1484.554 1484.006 1482.965 1482.397 1481.962 1481.408 1481.228 1481.148 1481.389 1481.681 1481.914 1482.08 1481.914 1482.025 1482.458 1484.918 1486.262 1487.496 1488.817 1489.717 1490.711 1491.15
