var/www/cgi-bin/BAERTOOLS/ravel/working/ravel-26877.DEM
NCOLS 40
NROWS 283
XLLCORNER 276896.32
YLLCORNER 3833168.9
CELLSIZE 10
NODATA_VALUE -9999
[rows 132 to 175 of 283, columns 0 to 39 of 40]
1588.277 1587.959 1587.88 1587.719 1587.415 1587.23 1586.912 1586.693 1586.494 1586.317 1586.221 1586.321 1586.641 1586.714 1586.787 1586.745 1586.303 1586.867 1586.161 1585.884 1584.734 1582.844 1582.797 1584.551 1585.306 1585.72 1585.564 1584.72 1582.945 1580.13 1579.11 1578.326 1577.761 1577.319 1576.696 1576.497 1576.219 1575.979 1575.792 1575.479
1588.524 1587.971 1587.548 1587.164 1586.868 1586.62 1586.63 1586.583 1586.502 1586.672 1587.164 1586.831 1586.227 1586.047 1585.868 1585.583 1586.303 1585.669 1585.102 1584.608 1584.185 1583.692 1583.651 1585.591 1586.48 1586.245 1585.74 1585.029 1582.955 1580.217 1579.222 1578.432 1577.833 1577.318 1576.823 1576.549 1576.324 1576.276 1576.195 1576.06
1588.647 1587.395 1586.507 1586.176 1586.028 1585.939 1586.019 1586.139 1586.303 1586.521 1586.473 1585.816 1584.888 1584.573 1584.223 1585.583 1585.048 1584.224 1583.703 1583.29 1583.064 1582.959 1583.172 1584.861 1585.124 1584.734 1584.071 1583.394 1580.819 1579.722 1578.743 1578.041 1577.526 1577.108 1576.611 1576.383 1576.389 1576.476 1576.23 1575.997
1588.498 1586.904 1585.925 1585.565 1585.008 1584.473 1584.454 1584.856 1585.345 1585.506 1585.003 1583.637 1583.315 1584.573 1584.223 1583.735 1583.282 1582.629 1582.307 1582.066 1581.925 1581.958 1582.19 1582.749 1583.023 1582.984 1582.381 1581.596 1579.963 1579.003 1578.219 1577.649 1577.141 1576.762 1576.325 1576.295 1576.379 1576.316 1576.038 1575.906
1588.547 1587.072 1585.946 1585.323 1584.8 1584.143 1583.486 1583.403 1583.332 1583.185 1582.868 1581.946 1583.315 1582.949 1582.467 1581.995 1581.544 1580.931 1580.63 1580.416 1580.358 1580.425 1580.604 1580.911 1581.058 1580.986 1580.689 1580.25 1578.901 1578.162 1577.387 1576.661 1576.235 1575.842 1575.818 1576.055 1576.133 1575.961 1575.928 1574.9
1588.285 1586.848 1585.941 1585.386 1584.651 1583.219 1582.478 1581.879 1581.421 1580.901 1580.592 1581.946 1581.551 1581.2 1580.721 1580.266 1579.883 1579.139 1578.808 1578.64 1578.624 1578.571 1578.697 1578.941 1579.128 1579.2 1579.169 1578.834 1577.812 1576.935 1576.256 1575.702 1574.778 1574.413 1574.739 1575.357 1575.757 1575.829 1575.641 1574.014
1586.896 1586.21 1585.684 1585.264 1584.403 1582.531 1581.592 1580.591 1579.562 1578.704 1580.592 1580.036 1579.705 1579.375 1578.953 1578.482 1578.013 1577.656 1577.131 1576.602 1576.394 1576.209 1576.653 1577.083 1577.411 1577.486 1577.483 1577.548 1576.668 1575.56 1574.695 1574.443 1573.994 1573.048 1573.729 1574.723 1575.417 1575.804 1575.726 1573.752
1586.109 1585.672 1585.226 1584.522 1583.718 1581.666 1580.609 1579.377 1577.612 1578.704 1578.224 1578.036 1577.908 1577.458 1576.837 1576.359 1576.195 1576.247 1575.777 1574.998 1574.072 1573.516 1574.974 1575.467 1575.784 1575.847 1575.925 1576.3 1576.014 1574.821 1573.469 1572.368 1572.668 1571.586 1572.255 1573.275 1573.989 1574.429 1574.455 1573.458
1585.074 1584.694 1584.373 1583.804 1583.109 1581.245 1579.924 1578.428 1577.612 1575.748 1575.65 1575.939 1576.099 1575.917 1575.216 1574.215 1574.407 1574.704 1574.431 1573.679 1572.489 1571.436 1572.833 1573.2 1573.35 1573.748 1574.259 1574.774 1574.351 1573.086 1571.393 1569.479 1569.082 1568.125 1569.349 1570.66 1571.497 1572.172 1572.4 1572.049
1584.73 1584.345 1583.936 1583.477 1582.806 1580.972 1579.664 1578.428 1576.775 1574.945 1573.622 1573.99 1574.293 1574.219 1573.731 1573.193 1573.12 1573.187 1572.99 1572.189 1570.398 1569.073 1568.054 1567.869 1567.007 1566.696 1567.139 1568.969 1568.946 1568.224 1566.873 1565.527 1564.644 1563.341 1565.184 1567.665 1569.127 1569.749 1570.326 1569.8
1584.876 1584.621 1584.118 1583.683 1583.03 1580.972 1579.664 1578.208 1576.718 1575.188 1573.478 1573.208 1573.081 1572.892 1572.668 1572.326 1572.071 1571.686 1570.937 1570.001 1568.713 1567.026 1562.733 1561.897 1560.928 1560.366 1560.621 1562.232 1562.493 1562.34 1561.95 1561.5 1560.842 1560.352 1562.616 1565.205 1566.528 1567.378 1567.721 1567.325
1585.163 1584.944 1584.755 1584.316 1582.15 1581.044 1579.818 1578.48 1577.083 1575.963 1574.177 1573.306 1572.613 1572.257 1572.192 1571.785 1571.31 1570.855 1570.328 1569.561 1568.272 1563.243 1561.749 1561.649 1561.49 1561.307 1561.031 1560.518 1560.475 1560.302 1559.571 1558.42 1557.816 1558.57 1561.159 1563.172 1564.415 1565.28 1565.454 1564.826
1585.852 1585.924 1585.977 1584.316 1582.596 1581.567 1580.385 1579.074 1577.773 1576.705 1574.764 1574.064 1573.543 1572.876 1572.22 1571.82 1571.429 1571.007 1570.452 1569.804 1568.995 1565.65 1565.017 1565.024 1564.798 1564.514 1564.085 1563.203 1562.89 1562.442 1560.382 1556.468 1554.018 1554.412 1557.177 1560.649 1562.57 1563.2 1563.425 1562.95
1590.263 1589.566 1585.977 1585.759 1583.476 1582.228 1580.942 1579.679 1578.463 1577.446 1575.466 1574.572 1573.735 1573.102 1572.601 1571.899 1571.606 1571.291 1570.979 1570.62 1570.126 1569.385 1569.24 1569.092 1569.088 1569.191 1569.118 1567.933 1565.684 1563.163 1560.841 1556.339 1549.579 1549.949 1550.462 1552.049 1555.99 1559.257 1561.095 1560.507
1597.049 1589.566 1588.454 1587.092 1584.793 1583.255 1581.79 1580.55 1579.327 1578.224 1575.859 1574.624 1573.709 1573.487 1573.323 1572.313 1572.057 1571.911 1571.783 1571.77 1572.177 1572.537 1572.693 1572.869 1573.16 1573.367 1573.514 1571.525 1567.434 1563.328 1560.372 1557.223 1549.775 1548.557 1547.261 1546.724 1548.4 1551.395 1553.656 1552.72
1597.049 1593.976 1590.404 1588.043 1584.989 1583.762 1582.517 1581.31 1580.189 1578.155 1577.078 1576.037 1575.22 1574.571 1573.917 1572.826 1572.568 1572.47 1572.505 1572.91 1573.675 1574.495 1574.594 1575.051 1575.496 1575.155 1574.803 1572.16 1567.559 1563.059 1560.173 1557.266 1552.73 1551.152 1548.418 1543.685 1540.414 1543.056 1545.509 1544.359
1598.305 1595.437 1591.687 1588.749 1585.318 1584.057 1582.921 1582.057 1581.215 1579.397 1578.47 1577.41 1576.299 1575.327 1574.249 1573.271 1572.982 1572.804 1573.032 1573.578 1574.326 1575.346 1575.562 1575.876 1575.938 1575.502 1573.698 1571.367 1567.844 1563.985 1561.391 1559.744 1557.417 1554.038 1548.556 1541.537 1536.032 1535.749 1536.771 1536.106
1597.493 1594.994 1591.782 1589.056 1585.576 1584.39 1583.565 1583.148 1582.553 1581.149 1580.092 1578.823 1577.391 1575.921 1574.804 1574.109 1573.857 1573.436 1573.674 1574.593 1575.669 1575.877 1576.106 1576.2 1576.015 1575.463 1572.868 1570.965 1568.412 1565.493 1563.629 1562.73 1561.728 1555.475 1546.341 1539.871 1534.478 1530.053 1530.203 1529.559
1596.688 1594.398 1590.604 1586.845 1585.584 1585.086 1584.864 1584.662 1584.373 1583.263 1582.058 1580.656 1579.007 1577.341 1576.44 1575.555 1575.283 1574.955 1575.252 1575.948 1576.163 1576.203 1576.156 1576.09 1576.075 1575.737 1573.061 1571.131 1568.784 1566.579 1565.07 1563.684 1558.691 1551.377 1544.436 1538.501 1530.782 1524.339 1524.603 1529.559
1594.589 1592.423 1590.215 1586.298 1585.294 1585.321 1585.88 1586.191 1586.307 1584.874 1583.593 1582.117 1580.642 1579.508 1577.861 1577.38 1577.028 1576.88 1576.904 1576.799 1576.557 1576.331 1576.192 1576.07 1575.918 1576.034 1573.873 1571.492 1568.319 1565.484 1563.564 1558.851 1553.074 1547.223 1542.678 1536.945 1529.25 1523.343 1524.603 1523.974
1593.639 1591.883 1589.251 1585.874 1585.869 1586.295 1586.527 1586.875 1586.878 1585.739 1584.448 1583.062 1582.007 1581.167 1579.751 1579.165 1578.672 1578.28 1577.857 1577.423 1576.719 1576.409 1576.143 1575.657 1575.164 1574.875 1572.078 1569.379 1566.209 1562.919 1560.601 1553.269 1548.826 1544.91 1541.148 1537.063 1529.25 1523.343 1522.887 1521.496
1593.234 1591.954 1590.491 1586.958 1587.21 1587.736 1587.733 1587.672 1587.504 1586.241 1585.215 1584.165 1583.305 1582.491 1581.195 1580.494 1579.803 1579.144 1578.603 1578.011 1576.785 1576.156 1575.347 1574.479 1573.723 1570.392 1567.332 1564.742 1562.865 1560.141 1557.22 1549.224 1545.509 1542.43 1539.939 1537.063 1531.338 1524.736 1524.785 1522.333
1593.078 1591.822 1590.894 1589.405 1588.919 1588.572 1588.37 1588.343 1587.54 1586.861 1586.12 1585.37 1584.713 1583.993 1582.417 1581.446 1580.682 1579.976 1579.231 1578.424 1576.422 1575.512 1574.496 1573.191 1571.004 1564.953 1562.339 1560.191 1558.11 1556.33 1553.92 1547.019 1542.597 1538.947 1539.939 1537.731 1534.24 1527.918 1526.801 1525.449
1592.518 1591.692 1590.953 1589.87 1589.426 1589.061 1588.798 1588.606 1587.998 1587.465 1586.957 1586.465 1585.906 1585.331 1583.128 1582.311 1581.68 1580.991 1580.094 1577.435 1575.479 1573.968 1572.915 1570.857 1567.698 1560.99 1559.491 1558.244 1555.817 1551.701 1549.771 1544.229 1539.386 1538.947 1536.646 1535.161 1528.766 1525.744 1524.796 1523.681
1591.717 1591.203 1590.28 1589.92 1589.582 1589.274 1588.995 1588.818 1588.055 1587.612 1587.17 1586.713 1586.171 1585.509 1583.18 1582.87 1582.934 1582.662 1581.309 1576.926 1574.702 1573.563 1572.924 1570.892 1565.829 1559.216 1557.467 1555.207 1552.262 1549.613 1548.439 1544.656 1539.386 1536.146 1535.536 1534.288 1526.737 1524.676 1523.828 1522.434
1590.577 1590.496 1590.09 1589.859 1589.658 1589.421 1589.139 1588.669 1588.124 1587.632 1587.001 1586.19 1585.582 1584.828 1583.881 1584.233 1584.823 1584.973 1583.858 1578 1575.828 1574.491 1574.497 1572.981 1565.614 1559.731 1557.865 1555.182 1552.761 1551.411 1549.767 1544.656 1541.033 1538.974 1538.245 1537.416 1530.307 1527.438 1525.784 1523.875
1589.163 1589.59 1589.818 1589.845 1589.706 1589.45 1589.027 1588.622 1588.111 1587.657 1586.927 1585.98 1585.592 1584.788 1585.166 1585.64 1585.991 1585.897 1584.424 1579.022 1577.063 1575.847 1573.949 1570.018 1562.743 1559.639 1557.896 1555.739 1553.979 1552.665 1549.767 1547.889 1544.445 1541.36 1540.372 1539.212 1532.843 1529.114 1526.426 1523.93
1587.47 1588.317 1589.451 1589.609 1589.385 1588.949 1588.662 1588.517 1588.071 1587.704 1587.074 1586.401 1585.921 1585.58 1585.987 1586.218 1586.032 1585.414 1583.698 1578.648 1576.683 1575.179 1572.684 1567.647 1560.056 1558.748 1557.386 1556.145 1553.979 1552.665 1550.726 1549.244 1546.296 1542.778 1540.459 1538.575 1533.779 1530.182 1526.878 1524.632
1584.261 1585.851 1587.627 1587.895 1587.872 1587.736 1587.9 1588.097 1587.615 1587.648 1587.778 1586.781 1586.337 1586.173 1586.445 1586.316 1585.398 1583.723 1582.19 1577.809 1575.719 1574.12 1571.257 1567.057 1560.786 1559.36 1558.175 1556.145 1554.441 1552.567 1548.673 1547.684 1545.728 1542.51 1538.795 1536.588 1533.205 1530.632 1527.354 1524.854
1577.888 1579.938 1582.818 1583.707 1584.429 1585.078 1585.609 1586.561 1586.611 1586.925 1587.317 1587 1586.606 1587.07 1586.603 1585.536 1583.951 1581.849 1579.509 1576.66 1575.065 1573.239 1570.826 1567.476 1562.445 1561.024 1558.175 1556.95 1555.076 1552.788 1548.783 1547.483 1545.875 1543.171 1539.556 1535.116 1533.522 1531.328 1528.302 1525.699
1571.286 1574.404 1575.864 1577.198 1578.464 1579.693 1580.875 1582.713 1583.467 1583.997 1584.361 1584.9 1585.294 1586.502 1586.12 1584.291 1581.956 1579.66 1574.418 1573.427 1572.981 1571.786 1569.893 1567.478 1563.395 1561.024 1559.676 1558.113 1556.026 1553.938 1551.076 1549.304 1547.022 1544.208 1541.77 1537.04 1535.265 1533.335 1530.964 1528.969
1565.556 1568.783 1570.498 1571.611 1572.734 1573.863 1574.98 1577.192 1578.326 1579.232 1579.927 1580.829 1581.946 1583.515 1584.364 1583.661 1581.052 1577.994 1573.415 1571.346 1570.179 1569.393 1567.737 1566.573 1563.395 1561.885 1560.553 1559.083 1557.043 1554.629 1552.875 1550.812 1548.692 1546.419 1544.205 1538.376 1536.727 1535.439 1533.92 1532.953
1560.308 1564.832 1566.934 1568.041 1568.898 1569.568 1570.09 1572.08 1573.172 1574.13 1575.069 1576.083 1578.508 1579.655 1580.305 1579.98 1578.751 1576.65 1572.335 1570.501 1568.595 1566.781 1565.014 1566.573 1564.354 1562.799 1561.393 1560.182 1559.089 1557.159 1555.43 1553.108 1550.898 1548.912 1547.014 1541.667 1539.907 1538.069 1536.273 1535.887
1556.555 1562.257 1564.269 1565.37 1565.965 1566.133 1565.753 1565.941 1568.36 1570.137 1571.094 1572.054 1574.475 1575.614 1577.014 1577.591 1576.786 1575.583 1571.783 1569.914 1567.397 1564.241 1565.014 1564.211 1563.397 1563.478 1563.113 1561.913 1561.469 1560.214 1558.46 1555.707 1552.952 1550.783 1549.217 1545.167 1542.829 1540.427 1538.72 1538.63
1551.597 1559.157 1561.648 1562.896 1563.387 1563.069 1560.527 1561.701 1564.508 1566.434 1567.563 1568.721 1571.353 1572.727 1574.16 1575.184 1575.875 1575.724 1571.901 1568.532 1567.397 1564.241 1562.031 1561.806 1562.318 1562.634 1562.769 1562.803 1562.473 1561.819 1560.214 1557.741 1555.121 1552.544 1550.879 1547.766 1545.613 1543.61 1542.107 1540.813
1549.101 1555.491 1557.687 1559 1559.389 1559.021 1557.933 1559.238 1561.697 1563.531 1564.167 1564.34 1568.574 1571.382 1573.254 1574.602 1575.722 1576.184 1572.471 1568.532 1564.985 1562.36 1560.71 1558.941 1559.355 1559.863 1560.165 1560.236 1560.569 1559.822 1559.115 1557.264 1554.384 1552.521 1550.508 1549.602 1548.236 1546.556 1544.462 1541.639
1551.133 1552.937 1554.046 1554.468 1554.419 1554.325 1553.989 1555.228 1557.299 1558.902 1559.682 1560.429 1566.528 1569.926 1572.934 1575.435 1576.937 1575.639 1572.471 1568.757 1564.535 1561.354 1560.514 1556.245 1554.404 1554.537 1554.715 1555.176 1555.657 1555.755 1555.773 1555.407 1554.075 1552.708 1550.028 1549.61 1548.786 1546.91 1543.662 1540.474
1548.291 1550.2 1550.737 1550.61 1550.317 1550.08 1549.786 1551.144 1552.604 1552.584 1552.672 1557.074 1565.988 1569.419 1573.072 1575.94 1576.76 1575.639 1573.987 1571.06 1566.958 1563.557 1561.133 1555.744 1552.071 1549.301 1548.757 1549.138 1549.736 1550.976 1551.311 1552.121 1553.035 1552.596 1549.078 1548.094 1546.908 1544.738 1541.547 1538.721
1544.2 1545.464 1545.92 1546.145 1545.95 1545.558 1545.763 1546.827 1548.087 1548.715 1549.604 1559.737 1564.449 1568.585 1573.255 1576.616 1576.76 1576.838 1575.877 1573.683 1570.479 1566.995 1563.95 1557.131 1553.521 1550.574 1548.539 1547.992 1544.935 1544.797 1546.429 1548.007 1549.328 1549.865 1547.211 1545.537 1543.507 1541.22 1539.227 1537.019
1540.686 1540.753 1540.848 1541.038 1541.004 1540.582 1539.856 1543.162 1547.635 1548.042 1549.819 1557.339 1561.753 1566.916 1572.858 1576.616 1577.392 1577.302 1576.767 1576.004 1573.971 1570.236 1566.59 1560.976 1557.873 1554.522 1551.51 1550.071 1541.163 1537.937 1539.527 1541.702 1543.708 1544.873 1544.781 1542.769 1540.318 1538.14 1536.597 1532.413
1536.039 1536.383 1536.855 1537.044 1537.573 1537.983 1539.136 1544.043 1549.35 1549.645 1549.718 1554.584 1559.034 1563.738 1572.858 1577.15 1578.061 1577.746 1576.839 1576.123 1575.093 1572.538 1565.781 1563.825 1561.933 1559.052 1555.432 1552.463 1543.371 1538.176 1536.062 1536.619 1538.238 1539.719 1542.209 1540.507 1538.013 1535.947 1534.369 1529.046
1529.674 1529.737 1531.827 1535.124 1535.91 1540.538 1545.344 1550.087 1552.752 1553.539 1555.278 1559.65 1559.034 1563.738 1570.154 1576.336 1579.786 1577.207 1576.369 1575.766 1574.749 1572.888 1567.261 1565.262 1564.076 1562.286 1559.099 1555.31 1549.033 1543.113 1538.143 1536.498 1535.739 1535.813 1538.963 1538.032 1535.813 1533.656 1531.901 1527.835
1524.438 1526.055 1530.493 1535.065 1536.028 1541.611 1547.478 1552.07 1555.386 1558.615 1561.618 1559.65 1560.881 1562.661 1567.477 1574.235 1577.767 1576.651 1575.674 1574.75 1573.678 1571.836 1567.435 1565.58 1564.271 1562.943 1560.689 1556.523 1550.334 1545.922 1541.098 1538.462 1535.829 1531.189 1533.191 1533.301 1532.427 1531.336 1530.478 1527.455
1524.482 1529.826 1535.109 1537.961 1539.42 1544.915 1548.521 1552.498 1556.678 1560.406 1561.618 1565.312 1567.013 1570.284 1573.311 1574.65 1576.401 1575.895 1574.713 1573.423 1571.963 1569.921 1564.984 1563.505 1562.525 1561.512 1559.593 1556.113 1549.612 1546.39 1542.863 1540.211 1536.896 1526.064 1527.576 1528.33 1528.574 1528.946 1528.827 1525.721
