var/www/cgi-bin/BAERTOOLS/ravel/working/ravel-31083.DEM
NCOLS 40
NROWS 112
XLLCORNER 277377.98
YLLCORNER 3855781.5
CELLSIZE 10
NODATA_VALUE -9999
[rows 0 to 44 of 112, columns 0 to 39 of 40]
1032.857 1037.005 1044.276 1052.318 1062.731 1068.727 1074.428 1075.243 1075.053 1069.399 1052.558 1047.377 1048.196 1051.471 1055.345 1058.949 1060.567 1060.957 1061.457 1062.281 1061.228 1049.467 1046.693 1045.287 1044.16 1042.509 1041.149 1039.146 1038.081 1037.006 1036.406 1035.871 1035.051 1034.815 1034.647 1034.415 1033.891 1033.497 1032.439 1031.87
1038.455 1044.327 1051.267 1056.314 1066.41 1072.065 1074.428 1077.317 1075.887 1070.669 1055.239 1049.433 1047.383 1049.104 1051.897 1053.935 1054.598 1055.357 1056.13 1057.027 1057.068 1050.644 1047.118 1043.839 1040.447 1038.609 1037.953 1037.133 1036.619 1035.96 1035.434 1035.055 1034.263 1034.024 1033.68 1033.243 1032.921 1032.57 1031.563 1031.149
1041.468 1048.602 1053.336 1058.224 1066.41 1072.065 1076.5 1078.788 1078.313 1075.028 1060.18 1053.506 1048.74 1047.269 1047.868 1048.352 1048.62 1049.301 1050.442 1051.226 1051.808 1050.788 1047.42 1042.439 1038.362 1036.7 1036.123 1035.974 1035.568 1035.063 1034.61 1034.201 1033.457 1033.177 1032.776 1032.327 1032 1031.211 1030.799 1030.435
1039.864 1046.247 1051.784 1058.224 1069.477 1074.685 1077.397 1078.719 1080.437 1077.917 1065.587 1058.008 1051.685 1047.318 1043.156 1043.17 1043.969 1044.784 1045.74 1046.547 1047.231 1048.572 1045.646 1040.765 1037.849 1036.468 1035.581 1035.218 1034.77 1034.348 1033.915 1033.474 1032.632 1032.341 1031.981 1031.6 1031.167 1030.347 1030.037 1029.765
1038.043 1044.158 1051.784 1057.912 1070.682 1076.118 1078.446 1078.634 1078.102 1072.752 1066.695 1059.41 1052.844 1047.682 1041.862 1037.551 1039.342 1040.663 1041.253 1041.746 1042.822 1043.362 1042.688 1040.495 1037.725 1036.478 1035.285 1034.697 1034.107 1033.644 1033.218 1032.782 1031.91 1031.579 1031.16 1030.809 1030.438 1029.611 1029.315 1029.048
1038.742 1044.158 1050.201 1057.437 1070.548 1076.116 1078.737 1078.646 1077.907 1072.73 1066.26 1059.823 1054.742 1049.078 1043.526 1035.749 1035.935 1036.791 1037.215 1037.349 1038.075 1039.575 1040.945 1040.108 1037.732 1036.567 1034.885 1034.121 1033.481 1032.925 1032.433 1031.478 1031.114 1030.814 1030.436 1030.082 1029.724 1029.003 1028.645 1028.322
1038.742 1044.706 1051.143 1065.285 1071.064 1076.263 1078.907 1078.392 1077.805 1073.068 1067.985 1062.662 1058.045 1053.383 1048.261 1036.527 1034.875 1035.216 1035.367 1035.772 1036.617 1038.056 1039.431 1039.058 1037.571 1036.569 1034.391 1033.562 1032.854 1032.221 1031.714 1030.676 1030.293 1030.039 1029.732 1029.376 1029.097 1028.45 1028.145 1027.777
1039.107 1045.88 1052.68 1065.641 1070.937 1075.729 1078.001 1077.64 1077.852 1075.228 1071.588 1067.171 1062.466 1057.716 1044.925 1038.333 1035.201 1034.876 1035.075 1035.342 1035.687 1036.635 1038.017 1038.335 1037.349 1036.27 1033.96 1033.051 1032.25 1031.51 1030.858 1029.731 1029.439 1029.225 1028.962 1028.744 1028.404 1027.954 1027.637 1027.28
1038.223 1045.56 1051.898 1061.546 1065.811 1070.152 1073.307 1075.412 1077.188 1077.394 1075.135 1070.817 1064.971 1059.706 1046.816 1040.034 1035.957 1035.11 1034.857 1034.9 1034.926 1035.706 1036.923 1037.532 1036.844 1034.521 1033.369 1032.388 1031.503 1030.733 1029.975 1028.87 1028.559 1028.359 1028.244 1028.045 1027.769 1027.391 1027.181 1026.855
1034.433 1039.46 1045.096 1052.701 1056.405 1060.389 1065.083 1069.256 1072.081 1076.854 1076.046 1071.11 1064.558 1059.266 1046.98 1040.093 1036.272 1035.766 1034.856 1034.528 1034.267 1034.67 1035.504 1036.276 1035.679 1033.531 1032.465 1031.477 1030.606 1029.738 1028.879 1028.019 1027.794 1027.604 1027.433 1027.326 1027.053 1026.937 1026.747 1026.855
1029.682 1033.063 1035.153 1042.157 1045.878 1050.975 1057.706 1063.511 1071.158 1074.414 1073.719 1068.502 1062.831 1057.774 1045.654 1039.252 1036.118 1035.563 1034.749 1034.077 1033.74 1033.717 1033.845 1034.096 1033.811 1032.277 1031.409 1030.507 1029.712 1028.911 1028.11 1027.187 1026.973 1026.809 1026.721 1026.698 1026.501 1026.476 1026.747 1026.354
1025.67 1027.48 1030.081 1034.1 1040.232 1048.624 1053.557 1057.594 1065.43 1068.754 1069.006 1065.507 1060.479 1055.782 1043.393 1037.549 1035.829 1034.994 1034.238 1033.261 1032.945 1032.638 1032.461 1032.367 1031.998 1030.725 1030.149 1029.592 1028.893 1028.102 1026.923 1026.448 1026.128 1026.009 1025.992 1025.979 1026.131 1026.476 1026.378 1026.084
1022.797 1023.695 1026.826 1036.155 1043.112 1049.684 1047.39 1045.831 1055.546 1059.437 1062.021 1061.951 1057.935 1053.518 1040.492 1036.034 1035.2 1034.433 1033.794 1032.704 1032.155 1031.639 1031.274 1031.023 1030.52 1029.304 1028.888 1028.574 1028.152 1027.656 1026.412 1025.896 1025.423 1025.183 1025.29 1025.979 1026.131 1026.117 1025.987 1025.771
1022.336 1024.547 1035.063 1038.591 1042.428 1045.061 1041.183 1037.459 1044.067 1049.189 1053.706 1056.065 1054.393 1043.385 1037.844 1035.55 1034.677 1034.353 1033.68 1032.293 1031.544 1030.771 1030.121 1029.705 1029.189 1027.979 1027.633 1027.438 1027.371 1027.072 1026.042 1025.408 1024.756 1024.487 1025.29 1025.534 1025.588 1025.523 1025.445 1025.372
1023.061 1025.965 1037.106 1040.196 1040.995 1039.562 1035.831 1031.649 1036.992 1042.041 1046.316 1049.334 1050.489 1043.271 1038.268 1035.884 1035.228 1034.876 1034.14 1031.893 1030.616 1029.587 1028.86 1028.401 1027.03 1026.662 1026.578 1026.459 1026.384 1026.343 1025.282 1024.605 1023.915 1024.487 1024.757 1025.095 1025.181 1024.943 1024.884 1025.308
1023.926 1028.119 1038.256 1039.298 1038.057 1035.079 1030.242 1025.934 1032.554 1037.513 1041.515 1044.385 1047.237 1045.109 1040.707 1038 1036.659 1036.211 1035.629 1031.333 1029.132 1027.663 1027.275 1026.813 1026.051 1025.822 1025.74 1025.636 1025.529 1025.347 1024.369 1023.728 1023.915 1023.547 1023.81 1024.554 1024.39 1024.307 1024.589 1024.994
1024.42 1028.519 1034.06 1033.48 1031.429 1028.048 1023.725 1024.134 1028.744 1033.225 1037.101 1040.456 1045.179 1048.714 1045.89 1042.687 1039.509 1037.811 1036.67 1030.878 1026.977 1025.634 1025.527 1025.398 1025.084 1024.919 1024.857 1024.825 1024.704 1024.438 1023.399 1023.728 1023.151 1022.786 1022.777 1023.382 1023.475 1023.665 1024.116 1024.755
1024.881 1028.112 1025.857 1024.787 1023.799 1021.666 1018.508 1018.367 1023.273 1028.067 1032.008 1036.349 1041.788 1051.449 1050.855 1048.169 1044.314 1040.742 1034.882 1030.176 1026.144 1024.667 1024.451 1024.323 1024.012 1023.9 1023.828 1023.798 1023.679 1023.413 1023.399 1022.694 1022.193 1021.941 1021.761 1022.452 1022.705 1023.001 1023.612 1024.316
1023.091 1026.23 1021.017 1018.381 1017.461 1016.179 1014.016 1012.422 1016.57 1021.568 1026.329 1032.341 1038.525 1050.341 1052.135 1051.201 1047.967 1043.354 1036.096 1031.234 1026.527 1024.456 1024.111 1023.523 1023.06 1022.972 1022.872 1022.75 1022.549 1022.926 1022.393 1021.807 1021.324 1021.115 1020.861 1021.424 1021.708 1022.148 1022.887 1023.61
1019.562 1021.25 1016.485 1013.286 1012.797 1012.482 1011.379 1010.384 1012.687 1017.664 1024.095 1030.608 1036.854 1048.249 1051.823 1052.457 1049.49 1045.133 1036.952 1032.404 1027.576 1024.772 1024.103 1023.403 1022.518 1022.218 1021.904 1022.75 1022.549 1021.943 1021.536 1021.096 1020.685 1020.326 1020.043 1020.022 1020.33 1020.775 1021.276 1021.88
1015.717 1017.081 1013.748 1011.383 1010.366 1010.229 1010.15 1010.528 1012.751 1018.012 1024.872 1030.749 1040.993 1045.273 1048.525 1049.7 1049.023 1045.5 1037.155 1032.928 1028.14 1025.019 1024.217 1022.684 1022.087 1021.598 1021.904 1021.719 1021.524 1020.993 1020.676 1020.313 1019.954 1019.601 1019.253 1019.269 1019.408 1019.567 1019.745 1019.717
1013.443 1014.341 1012.365 1010.665 1009.126 1009.042 1009.346 1011.168 1014.078 1019.496 1025.492 1029.727 1037.628 1039.884 1041.323 1042.307 1043.003 1042.693 1037.06 1032.834 1028.445 1025.326 1024.182 1022.436 1021.623 1021.598 1021.224 1020.813 1020.607 1020.191 1019.865 1019.457 1019.062 1018.784 1018.347 1018.444 1018.521 1018.434 1018.44 1018.442
1012.761 1013.256 1011.532 1009.863 1008.487 1008.236 1008.607 1010.914 1014.716 1020.071 1025.015 1027.451 1031.123 1032.97 1034.431 1035.76 1036.795 1037.601 1035.601 1031.68 1028.055 1025.485 1024.137 1022.076 1021.623 1021.004 1020.564 1020.269 1019.838 1019.372 1018.995 1018.619 1018.339 1017.998 1017.466 1017.537 1017.451 1017.187 1017.31 1017.362
1011.115 1010.935 1009.52 1007.865 1007.206 1007.18 1009.24 1011.268 1014.151 1017.782 1021.194 1023.262 1023.733 1025.503 1028.273 1030.405 1031.423 1032.265 1030.54 1028.727 1027.511 1025.579 1024.183 1022.076 1021.163 1020.502 1019.982 1019.453 1019.089 1018.469 1018.173 1017.891 1017.554 1017.267 1016.659 1016.502 1016.466 1016.479 1016.453 1016.464
1007 1006.102 1005.23 1004.511 1004.741 1005.6 1008.82 1011.157 1013.547 1015.148 1015.595 1016.067 1015.822 1018.913 1023.525 1026.348 1026.772 1025.074 1025.226 1026.022 1026.311 1025.456 1024.183 1021.487 1020.423 1019.643 1019.112 1018.528 1017.789 1017.559 1017.342 1017.059 1016.798 1016.468 1015.867 1015.651 1015.642 1015.651 1015.644 1015.714
1002.959 1002.061 1001.352 1001.566 1002.564 1003.698 1005.701 1008.163 1010.876 1011.712 1011.311 1010.743 1010.769 1012.924 1016.861 1020.292 1020.908 1018.484 1019.717 1022.089 1023.579 1025.456 1023.843 1020.473 1019.057 1018.378 1017.874 1017.45 1016.815 1016.595 1016.326 1016.028 1015.81 1015.522 1015.089 1014.828 1014.761 1014.835 1014.86 1014.95
1001.027 1000.368 999.983 1000.273 1001.066 1002.123 1003.333 1003.733 1004.668 1006.07 1006.338 1006.881 1007.998 1009.961 1012.734 1014.54 1013.756 1011.833 1012.544 1022.089 1023.579 1023.493 1021.831 1018.499 1017.606 1016.925 1016.453 1016.128 1015.724 1015.451 1015.222 1015.019 1014.756 1014.455 1014.13 1013.98 1013.951 1014.071 1014.191 1014.236
999.709 999.4627 999.4327 999.6809 1000.132 1000.632 1000.999 1000.91 1000.922 1001.092 1001.176 1003.001 1004.329 1006.072 1008.097 1008.861 1008.362 1009.63 1012.544 1014.83 1017.413 1018.953 1017.39 1016.654 1015.846 1015.384 1015.187 1015.061 1014.854 1014.687 1014.48 1014.239 1014.045 1013.556 1013.283 1013.146 1013.21 1013.412 1013.535 1013.5
998.8916 998.7646 998.7557 998.9711 999.3262 999.5836 999.836 999.8489 999.8112 999.8018 999.9513 1000.504 1001.008 1001.764 1002.434 1002.813 1003.192 1009.63 1010.926 1012.909 1014.65 1016.74 1015.753 1014.992 1014.186 1014.072 1014.138 1014.226 1014.183 1014.062 1013.895 1013.7 1013.428 1012.813 1012.475 1012.331 1012.48 1012.764 1012.838 1012.811
998.1363 998.0256 998.0349 998.2812 998.4816 998.9119 999.0032 999.0571 999.1115 999.1846 999.3321 999.7152 999.8687 999.9725 1000.078 1000.025 1003.192 1007.707 1010.811 1012.485 1013.734 1015.002 1014.061 1013.073 1012.631 1012.93 1013.177 1013.273 1013.267 1013.22 1013.118 1012.909 1012.64 1012.02 1011.714 1011.563 1011.633 1011.864 1011.938 1012.205
997.5843 997.5512 997.6232 997.7412 997.9001 998.1275 998.286 998.3996 998.4577 998.5554 998.7792 999.2212 999.5206 999.7756 999.99 1000.025 1002.222 1005.95 1009.237 1011.324 1013.178 1013.649 1013.128 1012.428 1012.021 1011.882 1012.069 1012.297 1012.251 1012.186 1012.119 1011.938 1011.667 1011.13 1010.869 1010.752 1010.79 1010.93 1011.002 1011.491
996.9429 996.9477 997.0073 997.2014 997.2921 997.7321 997.9296 998.0942 998.1933 998.2116 998.5223 999.146 999.6018 999.9786 999.99 1000.079 1002.136 1005.626 1008.887 1010.941 1012.854 1013.439 1012.681 1012.204 1011.613 1011.284 1011.222 1011.205 1011.185 1011.135 1011.031 1010.921 1010.695 1010.24 1010.06 1009.958 1009.966 1010.113 1010.453 1010.74
996.2926 996.3743 996.5385 996.7747 996.9252 997.4122 997.6041 997.7812 998.0493 998.355 998.9785 999.4521 999.9835 999.9786 1000.216 1000.661 1004.696 1006.273 1007.944 1010.789 1012.443 1013.278 1012.583 1011.996 1011.325 1010.831 1010.572 1010.26 1010.185 1010.125 1010.015 1009.866 1009.679 1009.213 1008.99 1008.942 1009.155 1009.362 1009.725 1010.014
995.7577 995.8742 996.1239 996.3682 996.5992 997.1423 997.4253 997.6771 998.0527 998.5496 999.3765 999.4521 999.9835 1000.459 1000.936 1002.372 1005.335 1007.043 1008.82 1010.45 1011.985 1013.05 1012.498 1011.763 1011.028 1010.405 1009.891 1009.319 1009.151 1009.048 1008.899 1008.746 1008.603 1008.147 1007.937 1008.021 1008.326 1008.57 1009.066 1009.352
995.2245 995.4579 995.7007 995.9474 996.2604 996.9135 997.2755 997.7327 998.209 998.5701 999.3765 999.9681 1000.485 1001.227 1002.478 1003.274 1005.723 1007.173 1008.898 1010.532 1011.621 1012.866 1012.14 1011.148 1010.253 1009.563 1009.008 1008.3 1008.006 1007.828 1007.65 1007.549 1007.349 1007.216 1007.204 1007.372 1007.567 1007.807 1008.312 1008.555
994.7979 995.0361 995.2934 995.6245 996.3707 996.732 997.2399 997.8121 998.3497 998.5701 999.9424 1000.416 1000.824 1001.488 1002.327 1003.343 1005.503 1006.869 1008.311 1009.522 1010.961 1011.898 1010.849 1009.908 1009.168 1008.551 1008.112 1007.305 1006.947 1006.743 1006.574 1006.471 1006.399 1006.416 1006.513 1006.675 1006.84 1007.076 1007.564 1007.807
994.3303 994.6326 994.8787 995.2034 996.1514 996.6894 997.2161 997.8394 998.3497 999.0236 1000.133 1000.69 1001.239 1001.848 1002.528 1004.355 1005.258 1006.28 1007.418 1008.419 1009.28 1009.771 1008.998 1008.495 1007.943 1007.497 1007.088 1006.395 1006.094 1005.886 1005.729 1005.681 1005.655 1005.718 1005.871 1006.022 1006.188 1006.426 1006.872 1007.066
993.8335 994.0289 994.368 994.7786 995.7534 996.3563 996.9927 997.8394 998.515 999.1189 1000.354 1000.904 1001.512 1002.106 1002.697 1003.935 1004.722 1005.537 1006.295 1007.056 1007.576 1007.737 1007.503 1007.174 1006.725 1006.375 1005.849 1005.651 1005.425 1005.189 1004.986 1004.974 1004.902 1005.008 1005.201 1005.405 1005.565 1005.996 1006.2 1006.399
993.2597 993.5104 993.8441 994.2547 995.3225 995.9572 996.9927 997.6415 998.4792 999.1693 1000.316 1000.972 1001.556 1002.153 1002.718 1003.7 1004.28 1004.8 1005.263 1005.675 1006.1 1006.224 1006.082 1005.899 1005.569 1005.261 1004.898 1004.823 1004.696 1004.482 1004.279 1004.209 1004.211 1004.357 1004.545 1004.799 1005.021 1005.353 1005.572 1005.779
992.5881 992.7833 993.1146 993.5183 994.702 995.9572 996.6993 997.3941 998.1447 999.5098 1000.21 1000.849 1001.422 1001.987 1002.489 1003.297 1003.653 1004.043 1004.335 1004.615 1005.089 1005.08 1004.926 1004.735 1004.493 1004.14 1003.869 1003.845 1003.785 1003.686 1003.497 1003.312 1003.554 1003.787 1003.989 1004.173 1004.417 1004.729 1004.887 1005.086
991.9335 992.0452 992.3834 993.5183 994.702 995.4124 996.2052 997.0596 997.8901 999.3385 1000.126 1000.773 1001.263 1001.764 1002.246 1002.797 1002.971 1003.207 1003.511 1003.772 1004.189 1004.224 1004.033 1003.76 1003.477 1003.121 1002.584 1002.659 1002.959 1002.808 1002.612 1002.69 1002.917 1003.169 1003.406 1003.627 1003.797 1004.206 1004.35 1004.511
991.1027 991.2297 992.3834 993.4336 993.989 994.7375 995.6552 996.4863 997.3366 999.0576 999.8098 1000.442 1001.025 1001.52 1001.941 1002.239 1002.353 1002.508 1002.715 1003.052 1003.49 1003.516 1003.284 1002.925 1002.528 1002.313 1001.735 1001.589 1001.74 1001.82 1001.749 1002.141 1002.322 1002.56 1002.85 1003.027 1003.25 1003.628 1003.884 1004.07
990.2 991.2297 991.6295 992.6456 993.3165 994.0541 994.8876 995.7579 996.7379 998.4987 999.2946 999.9788 1000.662 1001.172 1001.609 1001.719 1001.9 1002.04 1002.153 1002.342 1002.77 1002.713 1002.462 1002.13 1001.796 1001.553 1000.943 1000.718 1000.672 1000.841 1001.015 1001.606 1001.84 1002.092 1002.324 1002.482 1002.718 1003.209 1003.424 1003.551
990.2 990.3757 990.6987 991.8628 992.563 993.2875 994.1544 995.0555 995.8751 997.6072 998.4375 999.23 1000.029 1000.61 1001.101 1001.303 1001.455 1001.618 1001.724 1001.7 1002.005 1001.948 1001.633 1001.28 1001.019 1000.54 1000.205 999.9294 999.9785 1000.418 1000.801 1001.2 1001.379 1001.579 1001.818 1002.053 1002.297 1002.742 1002.899 1003.031
989.4253 989.458 989.8523 990.9643 991.6752 992.4561 993.2775 994.0856 994.8954 996.6188 997.4732 998.3078 999.0573 999.7156 1000.514 1000.731 1000.916 1001.047 1001.062 1001.045 1001.14 1001.068 1000.78 1000.487 1000.286 999.7488 999.3907 999.2217 999.4241 999.8878 1000.376 1000.777 1000.822 1000.98 1001.298 1001.544 1001.96 1002.17 1002.386 1002.516
