var/www/cgi-bin/BAERTOOLS/ravel/working/ravel-5155.DEM
NCOLS 88
NROWS 114
XLLCORNER 772875.31
YLLCORNER 3877126.5
CELLSIZE 10
NODATA_VALUE -9999
[rows 84 to 111 of 114, columns 0 to 62 of 88]
1181.581 1182.995 1182.556 1181.827 1184.87 1187.988 1191.234 1195.011 1199.44 1209.634 1215.235 1220.275 1224.531 1228.594 1238.411 1243.837 1248.84 1253.76 1258.234 1262.267 1270.698 1274.843 1279.119 1283.54 1288.149 1295.964 1299.161 1302.762 1306.141 1309.231 1312.639 1319.494 1321.697 1323.487 1325.315 1327.131 1330.095 1331.771 1333.869 1336.305 1338.983 1342.273 1350.698 1354.868 1359.645 1364.653 1369.233 1376.634 1379.485 1382.779 1385.872 1388.757 1392.307 1400.575 1403.555 1403.815 1405.818 1407.984 1412.716 1414.77 1416.564 1418.245 1419.912
1176.932 1176.796 1175.924 1176.11 1183.868 1187.07 1190.392 1194.137 1198.319 1208.016 1214.025 1219.594 1224.178 1228.37 1232.899 1243.194 1248.063 1252.802 1257.247 1261.59 1270.698 1274.102 1279.268 1283.579 1287.434 1291.443 1297.454 1300.914 1304.182 1307.022 1310.169 1317.166 1319.059 1320.54 1322.159 1323.865 1325.418 1328.259 1329.873 1332.914 1337.044 1341.171 1349.391 1353.67 1358.011 1362.872 1367.29 1370.47 1376.168 1379.521 1383.088 1386.6 1390.241 1398.117 1401.4 1403.815 1403.586 1405.758 1407.97 1412.344 1414.27 1416.082 1417.868
1172.829 1171.808 1171.737 1174.288 1181.801 1184.821 1189.079 1192.919 1196.336 1206.365 1212.304 1218.567 1223.651 1227.887 1232.441 1241.991 1246.62 1251.3 1255.853 1260.298 1269.423 1274.102 1278.245 1282.698 1285.951 1289.23 1295.507 1298.781 1301.629 1303.978 1306.647 1313.456 1315.707 1317.396 1318.919 1320.482 1322.327 1326.05 1327.978 1331.199 1335.778 1340.473 1348.028 1351.896 1355.88 1360.298 1364.578 1367.979 1373.956 1377.276 1380.659 1384.243 1388.124 1395.417 1398.478 1401.213 1400.858 1403.109 1405.17 1409.631 1411.813 1413.93 1416.022
1167.608 1167.828 1169.806 1173.811 1181.238 1184.19 1189.628 1193.726 1196.265 1200.345 1209.234 1216.338 1222.41 1227.205 1232.086 1240.594 1244.931 1249.452 1254.003 1258.458 1267.456 1272.46 1278.245 1280.672 1284.517 1287.698 1294.201 1296.997 1299.442 1301.552 1303.983 1310.022 1312.522 1314.479 1316 1317.405 1319.357 1324.926 1327.375 1330.516 1334.883 1339.628 1346.818 1350.056 1353.498 1357.501 1361.63 1365.283 1371.491 1374.612 1377.72 1381.304 1385.515 1392.876 1395.667 1398.328 1400.858 1399.842 1402.105 1406.864 1409.521 1412.081 1414.528
1163.962 1167.651 1171.263 1175.483 1183.817 1189.321 1194.593 1198.451 1201.995 1205.139 1206.559 1213.297 1220.315 1225.94 1231.136 1238.946 1242.922 1247.187 1251.688 1256.168 1260.498 1269.65 1275.458 1280.672 1283.601 1286.715 1293.52 1295.623 1297.296 1299.296 1302.031 1305.097 1309.976 1312.229 1314.011 1315.876 1318.317 1324.081 1326.831 1329.92 1333.869 1338.591 1342.844 1348.444 1351.59 1355.148 1358.91 1362.489 1368.689 1371.747 1374.978 1378.59 1382.645 1386.686 1392.705 1395.043 1397.441 1399.842 1398.969 1404.635 1407.424 1410.031 1412.576
1166.08 1170.388 1174.801 1179.356 1188.614 1194.806 1199.924 1204.901 1209.12 1210.991 1211.636 1214.838 1219.286 1224.779 1229.952 1237.154 1241.134 1244.799 1249.012 1253.65 1258.06 1266.727 1272.702 1279.101 1283.601 1285.548 1291.417 1292.925 1294.032 1296.048 1299.234 1302.712 1308.352 1310.723 1313.069 1315.47 1317.888 1323.001 1325.722 1328.523 1332.127 1336.419 1340.503 1346.782 1349.76 1353.033 1356.48 1359.83 1365.705 1368.816 1372.545 1376.476 1380.24 1383.755 1389.345 1391.323 1393.511 1396.202 1398.969 1402.849 1405.42 1407.639 1409.777
1169.273 1174.05 1178.809 1183.445 1187.771 1197.563 1202.518 1207.431 1212.57 1216.79 1219.839 1220.693 1222.341 1225.751 1229.264 1231.764 1239.954 1242.985 1246.391 1250.812 1255.413 1264.641 1270.378 1277.625 1282.779 1285.548 1285.829 1289.514 1290.719 1292.75 1296.482 1301.024 1307.375 1309.712 1312.256 1314.895 1317.434 1319.833 1324.662 1327.286 1330.104 1333.605 1337.803 1344.833 1347.796 1351.057 1354.373 1357.48 1360.367 1366.22 1370.1 1374.327 1378.234 1381.405 1385.944 1387.851 1389.994 1392.863 1396.192 1399.512 1402.91 1404.917 1406.73
1172.817 1177.834 1182.454 1186.505 1190.213 1198.844 1203.475 1208.548 1215.21 1220.965 1225.009 1227.521 1229.515 1230.765 1231.496 1232.623 1239.415 1241.614 1243.593 1247.434 1252.504 1262.54 1268.437 1275.569 1281.006 1283.793 1285.829 1286.497 1288.926 1291.321 1294.794 1299.366 1305.922 1308.539 1311.58 1314.43 1316.854 1319.066 1323.626 1326.133 1328.142 1330.457 1334.12 1342.406 1345.48 1348.785 1352.101 1355.194 1358.218 1364.451 1367.995 1372.043 1375.942 1379.024 1382.925 1384.886 1387.301 1390.069 1393.176 1396.623 1402.91 1401.381 1403.333
1175.814 1181.129 1185.152 1188.272 1191.738 1199.525 1203.605 1209.05 1215.981 1221.403 1227.65 1231.012 1233.109 1234.249 1235.828 1238.281 1242.054 1242.711 1242.972 1245.396 1250.171 1260.469 1266.754 1272.628 1277.597 1280.974 1282.809 1286.497 1288.065 1291.589 1294.846 1298.745 1304.827 1307.984 1311.591 1314.079 1315.805 1317.781 1322.575 1324.868 1326.884 1328.246 1330.652 1339.669 1343.049 1346.466 1349.982 1353.373 1356.615 1362.944 1366.212 1369.686 1373.202 1376.144 1379.736 1381.862 1384.386 1387.079 1389.82 1392.718 1398.882 1401.381 1399.527
1178.067 1182.69 1186.215 1189.149 1192.279 1199.399 1203.398 1208.683 1215.382 1220.797 1223.914 1230.977 1233.369 1234.886 1237.368 1241.051 1244.806 1245.115 1245.584 1247.002 1250.011 1254.288 1264.07 1268.529 1271.984 1274.986 1277.823 1283.591 1288.065 1292.284 1295.864 1299.692 1303.516 1309.657 1313.19 1315.049 1315.912 1317.243 1321.888 1324.299 1326.14 1327.878 1330.226 1333.739 1340.832 1344.131 1348.005 1351.761 1355.054 1361.262 1364.502 1367.682 1370.587 1373.024 1374.941 1378.762 1381.36 1383.997 1386.481 1388.886 1393.762 1396.632 1399.527
1179.375 1183.556 1186.601 1189.466 1192.69 1199.171 1202.884 1207.399 1213.947 1219.342 1221.886 1229.921 1232.988 1233.997 1234.784 1237.367 1244.053 1245.129 1245.764 1246.676 1248.97 1252.855 1260.179 1263.665 1266.26 1268.745 1272.884 1282.455 1287.865 1292.284 1296.652 1301.181 1305.647 1312.49 1315.971 1317.754 1318.29 1318.685 1321.365 1323.693 1326.171 1328.52 1330.952 1333.703 1340.013 1343.352 1346.688 1349.994 1353.129 1359.068 1362.425 1365.978 1368.483 1370.2 1372.03 1376.05 1378.557 1380.965 1383.182 1385.434 1389.491 1392.422 1396.315
1180.113 1184.01 1186.953 1189.796 1192.909 1196.028 1202.09 1205.11 1209.496 1214.081 1217.293 1223.248 1226.432 1228.215 1229.201 1230.17 1231.726 1237.799 1240.967 1243.219 1245.365 1248.865 1256.115 1259.66 1263.632 1267.194 1271.806 1277.976 1287.751 1292.479 1296.652 1301.747 1306.156 1314.545 1317.538 1318.486 1319.066 1319.453 1319.404 1322.444 1325.491 1328.525 1331.05 1333.39 1339.754 1342.888 1345.314 1347.932 1350.841 1353.591 1359.561 1362.738 1365.328 1367.3 1369.199 1373.256 1375.495 1377.655 1379.695 1381.948 1384.655 1390.849 1394.644
1179.989 1184.214 1186.979 1189.738 1192.958 1196.022 1201.058 1203.457 1206.344 1209.302 1211.622 1214.677 1215.824 1217.262 1218.803 1220.33 1222.89 1230.737 1233.021 1237.795 1242.391 1245.866 1255.626 1259.422 1264.03 1268.485 1273.075 1278.507 1287.799 1292.19 1296.758 1301.747 1304.703 1313.153 1316.414 1317.227 1316.905 1316.742 1317.133 1320.885 1324.238 1327.156 1329.563 1331.939 1338.256 1341.427 1343.715 1345.608 1347.961 1350.893 1356.499 1359.222 1361.809 1364.311 1366.689 1369.949 1371.77 1374.21 1376.532 1379.065 1382.603 1390.495 1393.764
1177.37 1182.685 1186.252 1188.711 1191.192 1193.976 1198.606 1199.915 1201.547 1202.882 1203.757 1206.314 1207.718 1209.338 1214.437 1219.461 1222.169 1230.83 1233.958 1239.405 1244.501 1248.368 1257.812 1261.244 1265.42 1269.759 1274.122 1278.793 1287.229 1291.271 1295.717 1300.514 1304.703 1308.762 1312.156 1313.675 1313.852 1313.938 1314.795 1319.452 1322.249 1324.927 1327.508 1330.114 1335.846 1338.709 1341.134 1342.938 1344.878 1347.534 1353.348 1355.987 1358.344 1360.882 1363.369 1366.037 1367.413 1370.84 1374.601 1377.944 1381.597 1389.635 1392.819
1170.868 1177.506 1182.354 1185.697 1187.187 1188.464 1192.643 1194.086 1194.961 1195.43 1195.322 1196.589 1206.898 1213.833 1220.302 1224.922 1228.802 1235.84 1240.946 1245.202 1248.404 1252.384 1256.86 1262.385 1265.865 1269.801 1273.947 1278.218 1285.942 1289.745 1293.714 1297.874 1301.8 1305.244 1307.333 1309.031 1310.095 1311.144 1312.855 1317.859 1320.303 1322.898 1325.53 1328.101 1330.632 1335.528 1337.72 1339.506 1341.406 1343.921 1349.944 1352.774 1354.912 1356.828 1358.983 1361.231 1365.977 1369.557 1373.705 1377.653 1381.032 1387.707 1390.862
1171.875 1172.789 1177.326 1181.956 1183.882 1183.749 1183.711 1185.352 1188.491 1192.298 1195.442 1199.355 1212.934 1220.432 1226.034 1230.188 1233.507 1239.771 1243.754 1246.63 1249.638 1253.439 1256.974 1262.251 1265.446 1269.185 1273.216 1277.243 1284.381 1287.836 1291.141 1294.665 1298.341 1301.709 1304.054 1305.465 1306.275 1307.626 1309.974 1315.639 1318.283 1320.866 1323.428 1325.841 1328.056 1332.403 1334.161 1336.271 1338.533 1340.76 1345.897 1348.901 1351.341 1353.031 1355.24 1358.965 1366.678 1369.669 1373.117 1376.525 1379.289 1384.981 1388.057
1171.875 1177.57 1180.138 1182.008 1182.421 1182.267 1181.776 1184.372 1188.289 1193.066 1197.456 1202.277 1216.68 1222.048 1227.093 1231.302 1233.938 1236.03 1241.521 1244.355 1248.119 1251.953 1255.081 1261.224 1264.881 1268.537 1272.19 1275.952 1279.601 1285.673 1288.578 1291.617 1294.872 1298.203 1304.054 1300.721 1301.86 1303.765 1306.696 1309.92 1316.348 1319.084 1321.153 1323.141 1325.287 1329.09 1330.732 1332.462 1335.189 1338.162 1340.146 1345.512 1348.997 1351.925 1354.907 1358.687 1366.985 1369.583 1371.996 1374.604 1377.042 1379.291 1385.421
1178.358 1177.57 1185.106 1184.667 1184.561 1184.792 1184.29 1185.672 1189.356 1193.753 1198.377 1203.255 1216.479 1221.593 1226.102 1229.741 1232.37 1234.825 1239.705 1242.59 1246.202 1249.807 1253.021 1259.714 1263.475 1267.156 1270.587 1274.176 1277.882 1283.537 1286.14 1288.745 1291.384 1294.204 1299.212 1300.721 1296.665 1299.852 1303.441 1306.837 1313.648 1316.818 1318.832 1320.294 1321.998 1325.967 1327.54 1329.183 1332.32 1335.807 1338.416 1344.416 1347.133 1351.573 1355.765 1358.624 1365.199 1367.617 1370.249 1373.139 1375.474 1377.236 1383.839
1183.244 1185.26 1185.106 1187.2 1188.674 1191.471 1193.502 1190.703 1191.307 1194.404 1198.95 1203.868 1215.688 1220.32 1224.317 1227.571 1230.362 1233.128 1238.413 1241.372 1244.581 1247.815 1251.089 1257.608 1261.224 1265.04 1268.392 1271.667 1275.328 1281.388 1283.543 1285.611 1287.763 1289.963 1293.301 1294.473 1296.665 1295.359 1299.295 1302.906 1308.698 1312.266 1315.135 1316.779 1318.176 1324.595 1328.298 1331.005 1332.911 1334.418 1336.262 1341.427 1344.126 1348.765 1353.168 1356.757 1364.436 1367.045 1369.928 1372.878 1375.056 1376.727 1383.653
1180.578 1182.594 1185.919 1187.2 1191.146 1194.071 1196.661 1196.337 1195.536 1197.105 1201.08 1205.875 1210.565 1219.556 1222.962 1225.897 1228.747 1231.508 1236.894 1239.703 1242.528 1245.459 1248.596 1251.824 1258.072 1261.677 1265.159 1268.455 1271.942 1278.569 1280.798 1282.541 1284.068 1285.445 1286.695 1288.957 1291.667 1295.359 1294.102 1296.937 1302.36 1305.08 1308.85 1312.521 1315.776 1319.464 1328.699 1331.364 1332.301 1332.645 1332.847 1337.959 1341.584 1346.789 1352.76 1357.676 1361.966 1369.161 1371.531 1374.547 1376.891 1377.964 1384.491
1178.015 1180.384 1183.834 1187.711 1191.146 1194.372 1196.74 1199.274 1200.994 1202.883 1205.037 1207.995 1211.775 1218.892 1221.422 1224.133 1227.025 1229.615 1234.378 1237.197 1239.998 1242.747 1245.562 1248.531 1254.368 1257.607 1261.187 1264.573 1267.642 1273.781 1276.576 1278.84 1280.374 1281.148 1281.573 1284.486 1287.513 1290.96 1294.102 1291.345 1296.724 1300.906 1305.43 1310.295 1315.607 1319.803 1323.988 1326.593 1328.808 1330.121 1330.643 1337.036 1342.534 1348.605 1354.751 1359.802 1363.931 1371.013 1373.954 1377.25 1379.738 1381.136 1386.318
1176.387 1179.44 1183.616 1188.214 1191.948 1194.372 1197.28 1198.82 1202.129 1204.572 1206.757 1208.792 1211.439 1216.735 1218.882 1221.567 1224.379 1226.995 1229.48 1234.557 1237.19 1239.955 1242.399 1244.568 1250.43 1253.437 1256.536 1259.632 1262.579 1268.089 1270.709 1273.296 1275.226 1276.249 1276.8 1280.281 1283.211 1286.324 1289.048 1291.345 1294.769 1299.983 1304.882 1308.495 1312.495 1316.776 1319.48 1320.477 1324.421 1329.169 1332.647 1341.017 1346.401 1351.845 1356.961 1361.308 1364.959 1371.847 1375.602 1379.21 1382.038 1384.196 1388.944
1175.808 1179.594 1186.107 1189.85 1193.447 1195.769 1197.28 1198.277 1201.646 1203.492 1204.995 1206.976 1209.496 1213.871 1216.073 1218.684 1221.494 1224.222 1226.816 1231.605 1234.009 1236.348 1238.39 1240.443 1246.309 1249.23 1251.888 1254.581 1257.151 1259.545 1264.776 1267.521 1269.545 1270.74 1271.683 1276.484 1279.543 1282.28 1285.2 1288.376 1291.469 1298.998 1302.627 1305.771 1308.515 1312.045 1319.986 1322.785 1326.693 1331.059 1335.323 1339.908 1350.294 1355.488 1359.403 1362.668 1365.753 1372.717 1376.595 1379.975 1383.147 1386.38 1389.439
1175.658 1179.564 1186.724 1190.646 1194.254 1196.158 1197.105 1198.277 1200.304 1201.971 1203.446 1205.23 1207.429 1211.523 1213.391 1215.719 1218.068 1220.3 1222.687 1227.719 1229.816 1231.96 1234.349 1236.863 1242.382 1244.676 1246.899 1249.163 1251.466 1253.74 1258.47 1260.994 1263.253 1265.223 1267.205 1273.865 1277.274 1280.254 1283.621 1287.439 1291.41 1298.998 1302.711 1306.032 1309.134 1313.06 1321.503 1324.969 1328.309 1332.024 1336.686 1342.329 1352.941 1357.72 1361.342 1364.342 1367.421 1374.085 1377.752 1381.06 1384.396 1387.974 1391.46
1174.648 1178.162 1181.671 1188.614 1192.052 1194.233 1195.491 1196.797 1200.304 1200.648 1202.1 1203.901 1206.092 1208.112 1210.588 1212.105 1213.905 1215.12 1216.068 1220.397 1223.638 1227.187 1230.654 1233.691 1236.07 1239.953 1241.887 1243.937 1246.047 1248.209 1252.728 1255.155 1257.688 1260.081 1263.148 1267.528 1276.082 1279.778 1283.538 1287.486 1291.446 1298.168 1302.711 1309.682 1312.691 1315.907 1318.621 1325.934 1329.665 1333.291 1337.627 1342.716 1353.359 1357.896 1361.862 1365.789 1369.21 1371.978 1378.903 1382.079 1385.296 1388.802 1392.302
1172.065 1175.124 1178.372 1184.443 1187.834 1190.877 1193.402 1195.599 1199.183 1200.648 1200.24 1202.202 1204.663 1206.777 1206.982 1206.257 1206.839 1207.744 1208.485 1211.875 1215.419 1220.488 1225.93 1230.321 1232.974 1235.426 1236.32 1237.811 1240.015 1242.8 1247.434 1250.374 1254.748 1258.046 1260.99 1265.819 1275.285 1279.306 1283.036 1288.296 1294.045 1302.219 1306.65 1309.682 1317.992 1319.907 1321.07 1326.855 1330.571 1334.194 1338.129 1342.41 1352.469 1357.197 1361.355 1365.176 1368.666 1372.087 1378.943 1382.26 1385.65 1389.183 1392.961
1168.391 1171.365 1174.587 1180.32 1183.479 1187.558 1191.767 1195.077 1197.992 1199.013 1200.24 1199.252 1201.513 1203.436 1202.946 1201.267 1200.349 1200.488 1201.57 1206.876 1210.649 1214.807 1218.386 1220.99 1222.855 1227.154 1229.41 1231.797 1234.877 1238.877 1246.694 1251.064 1256.521 1260.553 1263.761 1267.7 1276.258 1280.835 1285.489 1291.722 1298.621 1308.02 1311.76 1314.981 1317.992 1322.959 1324.498 1328.859 1332.073 1335.813 1339.216 1342.583 1351.695 1356.528 1360.795 1364.351 1367.91 1371.561 1378.304 1382.049 1385.721 1389.521 1393.709
1165.294 1168.417 1171.591 1177.528 1180.858 1184.723 1188.898 1192.304 1194.474 1196.389 1197.45 1193.739 1195.376 1196.572 1197.366 1195.959 1194.743 1194.955 1196.759 1199.44 1205.905 1209.474 1211.912 1213.885 1215.917 1220.675 1224.763 1229.255 1233.844 1238.863 1244.046 1253.607 1258.676 1263.032 1267.106 1271.136 1278.977 1284.442 1289.658 1295.795 1302.015 1307.054 1314.846 1318.306 1321.054 1322.959 1327.55 1332.164 1335.017 1338.449 1341.135 1344.219 1347.651 1356.592 1360.404 1363.855 1367.396 1370.817 1377.716 1381.837 1385.777 1390.02 1394.692
