var/www/cgi-bin/BAERTOOLS/ravel/working/ravel-31083.DEM
NCOLS 40
NROWS 112
XLLCORNER 277377.98
YLLCORNER 3855781.5
CELLSIZE 10
NODATA_VALUE -9999
[rows 45 to 89 of 112, columns 0 to 39 of 40]
988.5421 988.7212 989.0463 990.3393 990.985 991.6663 992.3926 993.1154 994.5955 995.4327 996.3502 997.2327 998.0491 998.7401 999.6797 999.9565 1000.15 1000.229 1000.249 1000.277 1000.159 1000.064 999.9092 999.6813 999.3876 998.782 998.5351 998.5308 998.8214 999.2586 999.6946 1000.029 1000.193 1000.457 1000.775 1001.017 1001.438 1001.591 1001.749 1001.913
988.0289 988.1326 988.4461 989.5588 990.175 990.8274 991.4655 992.132 993.6749 994.4402 995.2299 996.0666 996.8871 997.6002 998.6353 998.9222 999.1055 999.1989 999.2692 999.2711 999.1541 999.0623 998.9493 998.7286 998.3635 997.988 997.8297 997.9297 998.2618 998.5482 999.1241 999.3376 999.6097 999.9374 1000.266 1000.586 1001.082 1001.285 1001.405 1001.913
987.6486 987.8292 988.0681 989.0342 989.6133 990.1852 990.7729 991.3843 992.64 993.3956 994.1222 994.9003 995.6922 996.4269 997.468 997.7937 997.9712 998.0666 998.1819 998.2328 998.108 997.9697 997.8461 997.631 997.3912 997.1252 997.1572 997.4093 997.6474 997.8227 998.4576 998.7204 998.9897 999.3188 999.6445 999.9641 1000.516 1000.765 1001.405 1001.471
987.2495 987.4996 988.0529 988.4629 988.9794 989.5562 990.1049 990.5863 991.6602 992.3549 993.0871 993.7761 994.5258 995.8073 996.2126 996.535 996.7288 996.8781 996.9847 997.1456 996.9971 996.8105 996.7178 996.6475 996.5278 996.4343 996.4981 996.7131 996.9406 997.1027 997.7442 998.0064 998.2673 998.593 998.9127 999.2332 999.8247 1000.765 1000.88 1000.951
986.8322 987.0761 987.7148 988.0664 988.4316 988.8912 989.3616 989.8626 990.8971 991.3788 992.0029 992.7485 993.4847 994.5367 994.965 995.3192 995.5808 995.7589 995.8168 995.9292 995.9401 995.8597 995.825 995.8112 995.7567 995.7258 995.7864 995.9597 996.1139 996.2671 996.798 997.1221 997.4338 997.7747 998.173 998.5027 999.8247 1000.059 1000.274 1000.414
986.3929 986.6411 987.2964 987.623 987.9446 988.2715 988.6583 989.0953 989.9873 990.5012 991.0875 991.6984 992.4366 993.4243 993.8262 994.2198 994.477 994.5583 994.6646 994.8613 994.9331 994.9833 995.0159 994.9921 995.0322 995.0565 995.1219 995.2417 995.4713 995.6331 996.0933 996.3763 996.6983 997.0367 998.173 998.8255 999.1004 999.2902 999.4351 999.5676
985.8881 986.1331 986.78 987.1097 987.4191 987.7529 988.071 988.7013 989.1412 989.6337 990.1315 990.699 991.4047 992.3649 992.7114 993.0571 993.3193 993.4441 993.6483 993.925 993.9802 994.0504 994.1317 994.238 994.3804 994.3873 994.4342 994.5986 994.7527 994.9058 995.372 995.6017 995.8601 997.0367 997.4357 998.0892 998.3633 998.5592 998.672 998.7314
985.4522 985.6966 986.3185 986.6548 986.9202 987.2299 987.5556 988.1034 988.4319 988.7859 989.225 989.7488 990.3097 991.3049 991.6758 992.0674 992.4058 992.5649 992.9144 993.0272 993.1481 993.173 993.2109 993.5029 993.6585 993.7242 993.7789 993.8873 994.1174 994.2811 994.6274 994.912 995.8601 996.1995 996.6039 997.2881 997.5222 997.6779 997.7301 997.8058
984.9787 985.1985 985.8192 986.1567 986.4719 986.7468 987.0339 987.6 987.8685 988.1581 988.5037 988.7791 989.2593 990.3245 990.7984 991.1874 991.5036 991.7209 992.114 992.2181 992.3005 992.3574 992.4269 992.6041 992.9458 992.9916 993.0833 993.2586 993.4924 993.8676 994.1143 994.912 995.2414 995.5677 995.8784 996.4198 996.6502 996.7518 996.854 996.9775
984.6169 985.0228 985.303 985.6204 985.957 986.2869 986.5687 987.0873 987.3848 987.6805 987.9271 988.1413 988.521 989.5492 990.031 990.4319 990.7961 991.0434 991.5327 991.6229 991.6326 991.7155 991.7868 991.8639 992.2292 992.3801 992.4608 992.619 992.7722 993.1309 994.1143 994.3484 994.6094 994.9131 995.1591 995.6717 995.8037 995.9683 996.108 996.123
984.116 984.6254 984.8585 985.136 985.4768 985.8057 986.1031 986.6469 986.9102 987.205 987.4876 987.7401 988.4734 988.9304 989.3585 989.7802 990.1769 990.4181 990.916 991.0648 991.0789 991.0884 991.1592 991.3719 991.5348 991.6887 991.8408 991.9949 992.1472 993.1309 993.4301 993.7311 993.9343 994.1031 994.4119 994.8284 994.9788 995.1325 995.2086 995.1597
983.7092 984.1578 984.4222 984.7301 985.0738 985.3939 985.6373 986.2499 986.4774 986.7512 987.0721 987.3281 988.0728 988.4165 988.8013 989.2104 989.5533 989.8713 990.3166 990.4819 990.5715 990.5652 990.6326 990.7419 990.9087 991.0617 991.2156 991.3688 992.1472 992.5182 992.7636 992.998 993.2336 993.4805 993.8832 994.0347 994.1859 994.2602 994.2903 994.4411
983.2557 983.6678 983.9764 984.3029 984.5944 984.9215 985.5113 985.7594 986.0203 986.3391 986.654 986.9103 987.6783 987.9987 988.337 988.6855 989.0129 989.2748 989.7612 989.9213 989.9873 990.0403 990.0291 990.124 990.2272 990.3553 991.2156 991.3688 991.5226 991.9971 992.2449 992.4498 992.6096 992.8399 993.2588 993.4103 993.4645 993.4975 993.6619 993.7324
982.7802 983.2733 983.5404 983.8258 984.1273 984.4583 984.9906 985.259 985.5806 985.9209 986.2387 986.4904 987.1695 987.4963 987.8343 988.1478 988.4012 988.881 989.1432 989.3099 989.3675 989.4257 989.4118 989.4286 989.5436 990.3553 990.615 990.8369 990.9189 991.3665 991.6075 991.8165 991.9747 992.1296 992.5212 992.6194 992.7213 992.835 992.9619 993.0386
982.3146 982.8035 983.0681 983.3588 983.6539 983.9825 984.5095 984.8392 985.1743 985.5095 985.8312 986.0803 986.7007 987.0345 987.3048 987.6218 987.8649 988.3642 988.5052 988.6067 988.7484 988.8057 988.7919 988.7994 989.5436 989.7394 989.9877 990.2178 990.5274 990.7339 990.9322 991.1124 991.3377 991.5159 991.783 991.9258 992.1542 992.2974 992.392 992.4683
982.025 982.309 982.6036 982.8894 983.1843 983.4588 984.0404 984.3403 984.6746 985.0064 985.3287 985.5844 986.1205 986.4598 986.7847 987.0991 987.3444 987.7765 987.9317 988.0523 988.1221 988.1827 988.1719 988.7994 988.9691 989.2316 989.4461 989.5902 989.8965 990.0392 990.2355 990.463 990.6379 990.8583 991.171 991.3712 991.5319 991.7184 991.8493 991.954
981.5866 981.8329 982.1301 982.4199 982.7042 982.9993 983.5693 983.8899 984.2259 984.5701 984.8865 985.3481 985.691 985.9827 986.256 986.578 986.8257 987.1485 987.3096 987.4326 987.4963 987.5666 988.1719 988.2336 988.5112 988.7643 988.8055 988.8715 989.1623 989.3104 989.4988 989.7499 989.9869 990.162 990.6151 990.776 990.9506 991.1245 991.225 991.3893
981.1519 981.3958 981.6855 982.0046 982.2519 982.5776 983.1346 983.4844 983.7913 984.0607 984.3882 984.8702 985.1781 985.4691 985.7353 986.0502 986.2196 986.5212 986.6835 986.8089 986.8733 987.5666 987.6314 987.7787 988.0527 988.2075 988.1985 988.2538 988.4471 988.6032 988.7914 989.0394 989.2809 989.7752 990.0304 990.2426 990.3712 990.4704 990.599 990.7272
980.7256 980.9895 981.2391 981.5179 981.84 982.1713 982.7219 983.0249 983.3019 983.6147 983.8674 984.3465 984.6475 984.9516 985.1926 985.4276 985.5889 986.011 986.118 986.1803 986.8733 986.9408 987.1599 987.3214 987.4793 987.613 987.6652 987.662 987.861 988.0225 988.2194 988.454 988.7242 989.1972 989.437 989.6467 989.8092 989.9686 990.0421 990.105
980.3091 980.5757 980.8415 981.1304 981.3387 981.9796 982.3133 982.6071 982.843 983.1179 983.4306 983.9277 984.1763 984.4227 984.6683 984.9046 985.218 985.379 986.118 986.1803 986.2448 986.3297 986.6737 986.7784 986.9545 987.0677 987.0646 987.1387 987.4031 987.5605 987.7767 987.9771 988.2855 988.7098 988.9183 989.1439 989.2934 989.4052 989.4794 989.5554
979.8111 980.1105 980.4088 980.675 980.9625 981.5571 981.8502 982.1404 982.4175 982.5928 982.9135 983.4197 983.6608 983.9062 984.132 984.2875 984.5953 985.379 985.4947 985.5544 985.6425 985.8015 986.0402 986.1669 986.3285 986.4606 986.5514 986.7649 986.9527 987.1215 987.3041 987.5617 987.8026 988.2189 988.4331 988.6126 988.7231 988.8355 988.916 988.9648
979.4514 979.704 979.9944 980.3065 980.5696 981.0701 981.3248 981.5719 981.8419 982.1538 982.4095 982.7915 983.0392 983.2823 983.5046 983.6651 984.5953 984.7555 984.8706 984.9666 985.1291 985.2738 985.4321 985.6554 985.772 985.8685 986.0286 986.2502 986.4688 986.6854 986.8611 987.1119 987.3547 987.7476 987.9373 988.0355 988.1559 988.2762 988.3525 988.337
979.1098 979.4006 979.6427 979.9132 980.2296 980.7394 980.9422 981.1338 981.3849 981.6387 982.0597 982.2054 982.4022 982.6489 982.8925 983.6651 984.0836 984.1746 984.3232 984.531 984.595 984.6671 984.8877 985.0499 985.2145 985.3817 985.5433 985.7855 985.9553 986.1536 986.3314 986.5834 986.8299 987.2214 987.3555 987.4747 987.5868 987.6573 987.7844 987.7828
978.7358 978.9924 979.257 979.5745 979.8406 980.3378 980.5337 980.7144 980.968 981.2095 981.6003 981.7913 981.9842 982.2063 982.8925 983.1316 983.4388 983.6653 983.8541 983.9026 983.981 984.3091 984.4719 984.6198 984.7701 984.9507 985.1079 985.3541 985.5215 985.6755 985.8487 986.0657 986.3105 986.6742 986.7847 986.8898 986.9591 987.0381 987.1791 987.2168
978.4167 978.6631 978.9152 979.1752 979.421 979.9176 980.1159 980.2996 980.5329 980.7013 981.1191 981.2628 981.4592 982.2063 982.3737 982.6061 982.8814 983.144 983.3182 983.3824 983.4835 983.7816 983.9494 984.0552 984.1707 984.4196 984.5857 984.9125 985.0703 985.2283 985.3839 985.5466 985.9692 986.1373 986.2626 986.3267 986.3922 986.4139 986.6767 986.7566
978.013 978.259 978.5043 978.7491 979.2442 979.4987 979.6986 979.8795 980.1156 980.2783 980.593 980.7443 981.4592 981.683 981.8479 982.0773 982.4171 982.5739 982.6959 982.8122 983.0428 983.2734 983.4613 983.5763 983.6819 983.8995 984.0678 984.3842 984.5655 984.7549 984.9149 985.0802 985.456 985.5883 985.7038 985.8193 985.8882 985.9323 986.1685 986.3126
977.6846 977.9322 978.1795 978.4273 978.8572 979.0713 979.2808 979.4599 979.6968 979.8598 980.593 980.7443 980.9373 981.1654 981.3263 981.7061 981.8998 982.0515 982.213 982.3788 982.5266 982.8215 983.0093 983.1312 983.2675 983.4181 983.7039 983.8579 984.0734 984.3103 984.4595 984.6161 984.9624 985.0342 985.1494 985.3035 985.3704 985.4456 985.7228 985.8814
977.2787 977.5283 977.773 978.0185 978.4417 978.6499 978.8681 979.0211 979.1791 979.8598 980.1725 980.331 980.4845 980.6627 980.8995 981.222 981.3714 981.5313 981.6879 981.8503 982.0295 982.3568 982.4706 982.5891 982.8229 983.0117 983.2286 983.4004 983.5596 983.7305 983.9409 984.1497 984.4988 984.5911 984.6746 984.7903 984.9188 985.1441 985.3125 985.4722
976.9167 977.0992 977.3519 977.5979 978.0248 978.2286 978.449 978.6027 979.1791 979.3365 979.6501 979.8019 979.9969 980.2244 980.3844 980.7443 980.8665 981.0405 981.2153 981.3914 981.616 981.8856 982.0385 982.1498 982.3768 982.5574 982.7965 982.9466 983.0823 983.2117 983.4268 983.6749 984.0796 984.194 984.2533 984.3483 984.5059 984.7295 984.896 985.0663
976.5456 976.7626 976.9373 977.1746 977.5586 977.8149 978.0281 978.6027 978.7612 979.0861 979.1805 979.3338 979.5629 979.715 979.8724 980.246 980.4537 980.6641 980.8959 981.0366 981.3054 981.4319 981.54 981.6929 981.981 982.0945 982.2979 982.4155 982.5841 982.7381 982.9028 983.1486 983.5946 983.7355 983.8464 983.9371 984.092 984.3135 984.4867 984.6154
976.1399 976.3541 976.5182 976.7539 977.1437 977.3533 978.0281 978.1822 978.3423 978.6592 978.8271 978.9876 979.1431 979.3043 979.4649 979.7769 979.9691 980.22 980.4326 980.537 980.8863 981.029 981.145 981.2645 981.5038 981.6377 981.7738 981.8882 982.0793 982.288 982.4521 982.8773 983.1138 983.3141 983.4424 983.5236 983.6777 983.8976 984.0721 984.1953
975.617 975.8525 976.0938 976.5085 976.7206 977.3533 977.4984 977.676 977.9068 978.1946 978.407 978.5684 978.7283 978.8884 979.0492 979.3685 979.5358 979.7352 979.9521 980.1242 980.4156 980.568 980.7062 980.8511 981.0443 981.1177 981.2977 981.4424 981.6235 981.8156 981.9676 982.3442 982.6082 982.8242 982.9704 983.1158 983.2734 983.48 983.6589 983.7863
975.0928 975.3294 975.5695 976.0596 976.7206 976.9327 977.0886 977.2473 977.4025 977.7183 977.9239 978.138 978.296 978.4711 978.8126 978.9813 979.1797 979.3929 979.5397 979.6741 979.9692 980.0803 980.2389 980.3749 980.5303 980.66 980.8088 980.9882 981.1406 981.3031 981.5157 981.902 982.1211 982.2881 982.4469 982.6077 982.7661 983.0763 983.1956 983.2938
974.5626 974.804 975.5695 976.0596 976.2465 976.4426 976.6748 976.8324 976.991 977.3135 977.4705 977.6194 977.8002 978.0493 978.4642 978.6567 978.8096 978.9713 979.1188 979.1964 979.5292 979.6995 979.8008 979.8463 980.011 980.1819 980.2542 980.3859 980.5618 980.7862 981.0318 981.5031 981.6999 981.8486 982.0102 982.1713 982.4929 982.665 982.7797 982.8688
974.038 974.804 975.0447 975.5277 975.7729 976.0206 976.2383 976.4031 976.5614 976.8777 977.045 977.2218 977.411 977.639 978.0724 978.2229 978.3873 978.5566 978.7104 978.7914 978.9868 979.2057 979.3579 979.3873 979.4967 979.658 979.7261 979.8245 980.0142 980.2647 980.5104 980.9964 981.2382 981.4455 981.5964 981.7559 982.0833 982.1867 982.2914 982.4606
974.038 974.2793 974.5206 975.0045 975.2545 975.4576 975.6279 975.8703 976.1934 976.343 976.5536 976.835 977.0706 977.2285 977.6778 977.8556 978.0027 978.1409 978.2963 978.3809 978.5313 978.6121 978.752 978.9287 978.9937 979.0956 979.1729 979.3228 979.4976 979.7443 979.9894 980.5305 980.7753 980.955 981.1793 981.3411 981.6597 981.8232 981.9426 982.0392
973.5143 973.76 974.0032 974.4807 974.731 974.94 975.1125 975.3499 975.6722 975.8304 976.0879 976.4163 976.6511 976.8403 977.323 977.519 977.6389 977.7258 977.8837 978.0103 978.0719 978.1285 978.1699 978.2889 978.4749 978.5333 978.6035 978.7475 978.9881 979.2336 979.7095 980.0078 980.2941 980.5297 980.7678 980.925 981.2414 981.4081 981.53 981.6208
973.0089 973.3347 973.5844 973.9518 974.2094 974.4204 974.5918 974.8292 975.1658 975.385 975.6819 975.9962 976.2446 976.5281 976.929 977.0913 977.2216 977.3152 977.4743 977.5499 977.5767 977.6308 977.6873 977.6843 977.813 977.9719 978.0321 978.1963 978.3895 978.63 979.1552 979.5369 979.8822 980.0873 980.2625 980.498 980.8231 980.9908 981.1142 981.2025
972.4762 972.8045 973.2343 973.4378 973.6868 973.9028 974.0722 974.3085 974.7008 974.9491 975.2288 975.55 975.831 976.3495 976.5154 976.6836 976.8168 976.8963 977.0135 977.0844 977.1213 977.1648 977.1727 977.165 977.2355 977.3733 977.4852 977.5911 977.7642 978.002 978.5903 979.0176 979.4044 979.6786 979.8287 979.989 980.4196 980.5231 980.6171 981.2025
971.8746 972.2723 972.7787 972.9725 973.1512 973.365 973.5515 973.79 974.1743 974.4194 974.6915 975.0347 975.3651 975.864 976.0605 976.2166 976.3732 976.4844 976.5089 976.6343 976.6685 976.6749 976.6744 976.7238 976.7264 976.7881 976.8798 976.9666 977.1299 977.3643 978.0616 978.4897 978.8751 979.1808 979.4089 979.5705 979.9377 980.0378 980.6171 980.7852
971.4297 971.7409 972.2023 972.4393 972.5815 972.773 973.0274 973.2734 973.6672 973.9136 974.2043 974.5115 974.8368 975.345 975.544 975.701 975.8557 975.9611 976.0005 976.1558 976.185 976.1558 976.1677 976.2459 976.2222 976.2117 976.2341 976.3536 976.5989 976.9154 977.5734 977.9546 978.3481 978.653 978.8936 979.3132 979.4668 980.0378 980.2053 980.3666
970.8008 971.124 971.6179 971.8047 972.0084 972.2631 972.5077 973.0076 973.2074 973.4496 973.7378 973.9917 974.3207 974.7963 974.9706 975.1323 975.2711 975.3404 975.4158 975.5658 975.6322 975.6585 975.6412 975.653 975.7128 975.7396 975.7625 975.8032 976.0627 976.3951 977.0468 977.424 977.8163 978.1401 978.463 978.896 979.4668 979.6279 979.7899 979.9308
970.3014 970.6138 971.0316 971.2403 971.498 971.7462 971.9885 972.4779 972.7285 972.9752 973.213 973.4657 973.7522 974.188 974.3383 974.5083 974.6502 974.7236 974.8696 974.9431 975.0192 975.0919 975.1342 975.1177 975.1595 975.2233 975.3111 975.4784 975.7255 975.9785 976.629 976.9506 977.3063 977.7134 978.463 978.896 979.0496 979.2161 979.3496 979.4277
969.8594 970.0837 970.4952 970.7726 970.9948 971.1945 971.4642 971.9593 972.205 972.453 972.7026 972.9498 973.1959 973.6148 973.7648 973.8793 974.0328 974.1077 974.2529 974.327 974.3963 974.4644 974.5383 974.5953 974.6236 974.7395 974.8952 975.0711 975.312 975.7978 976.0869 976.4538 976.9108 977.7134 978.0429 978.4781 978.6324 978.7945 978.927 979.0163
969.3533 969.7395 970.0236 970.3035 970.4858 970.6058 970.9343 971.4399 971.6928 971.9211 972.1285 972.3745 972.5751 972.9385 973.1719 973.3273 973.416 973.4891 973.6356 973.7034 973.8068 973.9373 974.0121 974.0782 974.1539 974.3237 974.4731 974.66 974.9787 975.5331 975.9286 976.3157 976.9108 977.3827 977.6349 978.0604 978.2217 978.3441 978.4269 978.5927
