var/www/cgi-bin/BAERTOOLS/ravel/working/ravel-20711.DEM
NCOLS 69
NROWS 75
XLLCORNER 276826.32
YLLCORNER 3833038.9
CELLSIZE 10
NODATA_VALUE -9999
[rows 0 to 27 of 75, columns 0 to 62 of 69]
1498.134 1496.398 1494.65 1493.078 1491.877 1490.3 1489.303 1487.716 1486.215 1484.143 1479.171 1478.183 1477.303 1476.432 1474.848 1473.751 1474.645 1475.31 1476.083 1476.576 1476.272 1475.601 1476.819 1478.313 1479.778 1481.115 1482.547 1483.844 1485.299 1486.762 1487.313 1488.397 1492.214 1498.845 1501.576 1505.495 1510.176 1513.005 1515.676 1517.611 1519.175 1520.345 1521.469 1522.969 1526.959 1530.636 1534.419 1537.574 1540.308 1543.57 1551.841 1555.869 1560.197 1562.28 1562.166 1558.565 1557.092 1556.07 1555.314 1554.828 1554.697 1555.671 1556.685
1496.913 1495.785 1494.475 1493.209 1491.279 1490.376 1489.303 1487.958 1486.183 1483.874 1477.853 1476.263 1476.12 1475.386 1473.704 1473.166 1474.536 1475.417 1476.165 1476.535 1476.149 1475.521 1476.357 1477.593 1478.462 1478.63 1479.604 1483.053 1484.817 1486.458 1487.974 1490.657 1495.11 1502.768 1506.743 1510.905 1513.579 1513.956 1513.95 1514.115 1514.468 1515.077 1516.349 1518.596 1524.654 1528.041 1531.335 1534.045 1540.308 1543.57 1548.683 1551.974 1556.091 1559.32 1559.735 1555.759 1554.394 1553.493 1552.948 1552.769 1552.676 1553.241 1553.644
1496.62 1495.238 1493.927 1492.883 1490.95 1490.376 1489.319 1487.911 1485.569 1482.461 1477.938 1476.26 1475.326 1474.484 1473.155 1472.635 1474.354 1475.536 1476.292 1476.538 1476.206 1474.972 1475.456 1476.217 1476.436 1476.296 1477.043 1482.716 1484.689 1486.432 1489.999 1495.402 1499.753 1504.194 1507.59 1511.022 1512.408 1512.355 1511.157 1510.96 1511.075 1511.199 1511.807 1514.388 1522.732 1525.929 1527.949 1534.045 1536.658 1541.387 1544.534 1547.641 1550.031 1551.787 1553.254 1552.766 1552.029 1551.076 1550.419 1550.593 1550.816 1550.845 1550.602
1496.687 1494.65 1493.167 1492.883 1490.95 1490.106 1489.157 1487.709 1485.494 1483.35 1478.218 1476.733 1475.378 1474.188 1472.927 1472.548 1473.902 1475.268 1476.26 1476.634 1476.249 1474.402 1474.489 1474.648 1474.889 1475.72 1477.388 1484.716 1485.967 1487.918 1492.942 1499.528 1502.371 1504.022 1506.299 1507.708 1508.047 1508.155 1507.594 1507.626 1507.949 1508.524 1509.567 1512.122 1518.688 1521.872 1527.949 1529.837 1531.946 1536.077 1538.782 1542.266 1545.531 1547.613 1548.564 1549.234 1549.037 1548.081 1547.309 1547.665 1548.073 1548.355 1548.228
1495.597 1493.315 1493.167 1491.985 1490.282 1489.436 1488.522 1487.07 1484.924 1482.681 1478.506 1476.601 1475.367 1474.154 1472.784 1471.663 1472.938 1474.403 1475.697 1476.459 1476.178 1474.011 1474.153 1474.543 1475.55 1477.281 1480.099 1487.27 1489.765 1492.958 1497.21 1501.124 1501.803 1501.878 1502.146 1502.837 1503.587 1503.616 1502.89 1502.671 1503.206 1504.749 1506.755 1511.341 1513.825 1521.872 1523.746 1524.848 1526.415 1530.993 1533.4 1536.038 1538.461 1540.224 1541.533 1543.999 1544.314 1543.855 1543.463 1543.669 1544.388 1545.331 1546.242
1494.605 1493.315 1491.884 1490.924 1488.541 1487.768 1487.132 1485.811 1484.112 1480.934 1479.204 1477.115 1475.293 1474.178 1472.992 1470.751 1471.327 1472.722 1474.168 1474.835 1474.314 1473.02 1473.759 1475.202 1476.808 1479.454 1487.039 1488.823 1490.331 1493.964 1498.559 1500.439 1499.946 1499.454 1499.406 1499.795 1499.88 1499.804 1499.197 1499.028 1499.784 1501.268 1502.952 1507.013 1513.825 1516.372 1518.404 1519.668 1521.057 1525.354 1527.66 1530.351 1532.559 1533.686 1534.45 1537.654 1538.692 1538.811 1539.006 1539.497 1540.049 1540.801 1543.162
1494.605 1492.241 1490.672 1489.579 1487.474 1486.451 1485.488 1484.315 1483.285 1481.322 1479.97 1477.722 1475.52 1474.914 1474.511 1470.752 1470.081 1470.441 1471.071 1471.603 1471.422 1471.029 1473.33 1475.278 1477.393 1480.527 1487.937 1489.609 1491.233 1493.695 1495.964 1497.607 1497.587 1497.332 1497.283 1497.288 1496.879 1496.933 1496.409 1496.51 1497.261 1498.462 1499.48 1507.013 1509.231 1511.132 1512.78 1514.268 1515.784 1519.889 1522.623 1525.411 1527.608 1529.075 1531.972 1532.964 1533.465 1533.852 1534.387 1535.094 1535.986 1536.817 1540.419
1493.633 1491.467 1489.646 1487.446 1487.009 1486.418 1485.577 1484.626 1483.361 1481.504 1480.382 1478.281 1476.25 1476.24 1476.363 1472.019 1469.864 1469.249 1468.589 1466.841 1466.982 1469.08 1472.518 1474.936 1476.866 1479.57 1486.183 1488.14 1489.672 1490.838 1491.937 1493.61 1495.099 1494.873 1494.69 1494.555 1494.063 1493.895 1494.052 1494.171 1494.669 1498.462 1499.48 1502.575 1504.456 1506.35 1508.237 1509.632 1510.646 1514.775 1518.146 1521.053 1523.566 1525.174 1527.808 1528.214 1528.375 1528.699 1529.481 1530.348 1533.043 1535.403 1539.543
1492.631 1490.792 1489.357 1488.523 1488.771 1488.973 1488.896 1487.679 1484.822 1481.223 1480.303 1478.997 1477.671 1477.316 1477.158 1472.895 1470.201 1469.298 1467.84 1464.146 1464.59 1467.24 1470.754 1473.148 1474.863 1476.646 1483.361 1486.077 1487.162 1488.226 1489.366 1490.997 1493.01 1492.448 1491.578 1491.276 1490.972 1491.48 1491.668 1491.494 1494.669 1495.71 1496.68 1499.033 1500.322 1502.084 1504.242 1505.908 1508.671 1510.968 1513.626 1515.95 1518.039 1520.383 1523.613 1523.944 1523.755 1523.843 1524.762 1525.736 1529.776 1534.436 1539.826
1491.385 1490.199 1489.215 1489.422 1489.662 1489.834 1489.917 1489.027 1486.343 1480.638 1479.59 1478.881 1478.66 1477.638 1475.304 1472.885 1470.416 1468.995 1467.715 1464.881 1463.776 1466.096 1469.578 1472.266 1473.398 1475.482 1481.141 1483.856 1485.355 1486.697 1488.507 1491.469 1491.423 1490.099 1488.533 1488.102 1488.151 1489.276 1489.408 1491.494 1491.547 1492.446 1493.66 1496.824 1498.149 1499.583 1501.418 1502.844 1504.706 1506.613 1509.012 1511.113 1512.956 1515.334 1518.573 1519.297 1519.779 1520.291 1521.078 1522.34 1527.832 1534.308 1540.374
1489.388 1488.589 1488.25 1487.856 1487.549 1487.376 1487.17 1485.863 1483.174 1479.455 1478.645 1478.21 1478.096 1477.131 1474.325 1472.239 1470.214 1468.857 1467.469 1465.256 1463.921 1466.204 1469.197 1472.172 1474.961 1477.093 1481.001 1483.018 1484.57 1486.276 1488.166 1489.447 1489.274 1488.383 1486.89 1486.047 1486.066 1487.16 1489.408 1488.909 1488.522 1489.237 1491.069 1494.591 1496.218 1497.632 1499.186 1500.034 1500.709 1501.754 1504.094 1506.92 1509.017 1511.179 1513.72 1514.666 1516.002 1517.273 1518.028 1522.626 1527.981 1534.434 1539.623
1485.989 1484.799 1483.97 1482.032 1481.271 1480.718 1480.186 1479.101 1477.663 1477.669 1477.422 1477.212 1477.136 1476.535 1472.874 1470.916 1469.683 1468.626 1467.059 1464.572 1463.949 1466.251 1469.305 1472.344 1475.305 1477.882 1479.045 1480.567 1482.327 1484.515 1486.319 1487.063 1486.979 1486.069 1484.54 1484 1484.018 1487.16 1487.423 1487.099 1486.932 1487.589 1490.409 1492.006 1493.674 1495.432 1497.026 1497.98 1498.709 1499.277 1500.769 1503.161 1505.325 1507.263 1509.764 1511.091 1512.909 1514.016 1514.273 1522.162 1527.604 1532.934 1537.265
1481.852 1480.207 1478.33 1476.455 1475.681 1474.942 1474.522 1474.157 1473.434 1473.361 1473.735 1474.262 1474.251 1473.64 1469.759 1468.491 1467.929 1467.46 1466.426 1464.156 1463.775 1465.47 1467.998 1470.885 1473.808 1476.35 1477.402 1479.056 1480.696 1482.136 1483.374 1484.212 1484.143 1483.939 1483.208 1482.454 1484.018 1485.202 1485.666 1485.574 1485.8 1486.437 1488.745 1490.239 1491.962 1493.662 1495.104 1496.294 1497.492 1498.345 1499.339 1500.631 1502.086 1505.19 1506.667 1508.401 1510.098 1510.974 1512.078 1520.859 1525.583 1530.076 1534.296
1483.461 1481.599 1478.699 1475.866 1475.04 1474.357 1473.916 1473.322 1471.421 1470.363 1469.874 1469.827 1469.217 1467.565 1466.352 1466.397 1466.556 1466.466 1465.768 1463.335 1463.556 1465.065 1467.113 1468.798 1471.033 1474.516 1476.008 1477.63 1478.896 1479.816 1480.756 1481.266 1481.4 1481.118 1480.72 1482.454 1482.485 1483.021 1483.73 1484.455 1484.975 1485.438 1487.758 1489.051 1490.736 1492.373 1493.655 1494.705 1496.313 1496.987 1497.789 1498.819 1499.592 1502.362 1504.14 1505.708 1507.13 1508.693 1511.058 1518.171 1522.436 1526.266 1529.542
1489.387 1487.864 1482.357 1479.955 1478.226 1477.426 1477.264 1476.321 1474.123 1473.027 1471.086 1468.838 1466.97 1464.153 1464.397 1464.854 1465.284 1465.439 1465.085 1463.409 1463.448 1464.219 1465.015 1465.858 1468.023 1472.736 1474.221 1475.727 1476.907 1477.675 1478.305 1479.148 1479.118 1481.118 1480.72 1480.321 1480.297 1481.029 1481.867 1483.047 1484.45 1485.777 1488.36 1489.29 1490.386 1491.653 1492.663 1493.541 1495.006 1495.711 1496.492 1497.357 1498.042 1500.317 1501.511 1502.366 1503.974 1506.99 1509.414 1514.527 1517.95 1521.785 1525.051
1494.953 1493.088 1488.258 1485.963 1484.69 1484.057 1483.673 1482.797 1479.193 1477.252 1475.076 1472.245 1468.943 1463.808 1463.689 1464.046 1464.393 1464.698 1464.693 1463.848 1463.467 1463.256 1463.304 1463.911 1465.788 1470.188 1471.957 1473.504 1474.641 1475.58 1476.758 1476.832 1479.118 1478.841 1478.378 1478.065 1478.027 1478.729 1479.744 1481.527 1484.509 1486.672 1488.937 1489.685 1490.417 1491.152 1491.865 1493.097 1493.774 1494.501 1495.273 1496.072 1496.874 1498.876 1499.607 1500.457 1502.307 1505.009 1506.864 1511.252 1513.199 1516.332 1520.293
1499.623 1497.875 1493.197 1491.701 1491.266 1491.08 1490.689 1489.699 1486.328 1482.972 1479.595 1476.395 1472.627 1465.478 1464.039 1463.759 1463.98 1464.266 1464.42 1463.683 1463.111 1462.903 1462.909 1463.399 1464.449 1467.839 1469.237 1470.775 1472.24 1473.176 1474.097 1476.832 1476.642 1476.434 1476.213 1475.735 1476.052 1476.535 1478.153 1481.615 1484.886 1486.887 1489.363 1489.911 1490.249 1490.567 1490.948 1491.933 1492.527 1493.248 1494.029 1494.967 1495.949 1498.144 1499.095 1500.374 1502.178 1503.59 1504.337 1508.523 1510.391 1512.917 1516.239
1504.696 1502.636 1498.002 1496.949 1496.582 1496.586 1496.327 1494.926 1490.622 1487.873 1483.951 1479.443 1475.557 1467.683 1464.894 1463.618 1463.576 1463.693 1463.882 1463.099 1462.515 1462.401 1462.503 1462.799 1464.731 1465.806 1466.947 1468.415 1469.858 1470.845 1474.097 1474.074 1473.753 1473.723 1473.995 1473.653 1474.601 1475.944 1478.498 1482.055 1485.291 1488.864 1489.498 1489.68 1489.472 1489.348 1489.776 1490.62 1491.148 1491.932 1492.849 1493.853 1494.859 1497.195 1498.455 1499.767 1500.817 1501.261 1503.075 1506.606 1509.94 1512.396 1514.743
1510.572 1507.516 1501.656 1500.784 1500.999 1501.091 1500.913 1496.307 1492.882 1489.927 1485.898 1480.71 1476.439 1468.007 1464.896 1463.286 1463.091 1462.903 1462.809 1462.296 1461.823 1461.7 1461.777 1461.881 1463.008 1463.48 1464.5 1466.159 1467.548 1470.845 1470.572 1470.468 1470.285 1470.327 1471.159 1472.021 1475.14 1477.29 1480.186 1483.451 1486.731 1489.158 1489.109 1488.612 1487.972 1487.775 1488.286 1489.199 1489.736 1490.638 1491.757 1492.803 1493.808 1496.056 1497.124 1497.925 1498.396 1498.827 1501.834 1505.592 1509.607 1512.706 1514.803
1513.537 1511.778 1505.797 1504.467 1504.448 1503.801 1502.546 1497.001 1493.161 1489.407 1484.895 1479.727 1475.737 1469.184 1466.249 1465.672 1465.579 1463.751 1461.757 1461.538 1461.236 1460.987 1460.881 1461.122 1461.965 1462.568 1463.584 1464.943 1467.548 1468.338 1467.701 1466.424 1465.925 1466.294 1467.909 1473.407 1475.31 1477.325 1479.653 1482.529 1485.866 1488.382 1488.003 1487.151 1486.291 1486.169 1486.766 1487.645 1488.441 1489.625 1490.844 1491.95 1494 1494.983 1495.988 1496.93 1497.62 1498.037 1501.773 1505.701 1509.736 1512.442 1513.82
1513.476 1511.033 1508.287 1506.641 1505.82 1504.572 1502.366 1496.143 1492.019 1487.958 1484.003 1479.561 1476.013 1472.476 1471.675 1471.292 1470.929 1467.655 1462.699 1461.449 1460.658 1460.347 1460.089 1459.922 1460.932 1461.674 1462.581 1464.943 1466.037 1466.392 1465.814 1464.481 1463.317 1464.244 1467.035 1472.103 1474.612 1476.385 1478.069 1480.626 1483.685 1486.479 1486.06 1485.256 1484.673 1484.747 1485.276 1486.693 1487.973 1489.419 1490.686 1491.656 1493.05 1494.114 1495.348 1496.71 1497.858 1498.865 1501.182 1504.258 1508.411 1511.025 1511.936
1511.746 1510.583 1508.958 1507.402 1505.683 1503.628 1501.462 1495.66 1492.247 1488.679 1484.712 1480.103 1476.153 1475.573 1476.446 1477.033 1476.373 1473.065 1465.291 1464.494 1463.122 1460.172 1459.531 1459.124 1459.544 1461.674 1462.581 1463.489 1464.028 1463.767 1463.328 1462.716 1462.8 1464.242 1466.241 1471.286 1473.572 1475.696 1477.796 1479.632 1481.142 1483.629 1483.679 1483.38 1483.088 1483.27 1485.017 1486.41 1487.945 1489.391 1490.398 1491.143 1491.574 1493.161 1495.403 1497.258 1498.826 1499.999 1502.396 1504.544 1506.4 1508.197 1509.392
1511.736 1511.288 1510.372 1508.153 1504.615 1501.4 1499.483 1494.872 1492.337 1489.563 1486.511 1483.201 1478.672 1479.663 1480.694 1480.668 1478.732 1475.573 1469.005 1467.43 1466.143 1463.151 1459.628 1458.771 1459.544 1460.108 1460.798 1461.596 1462.132 1461.566 1461.482 1461.555 1462.148 1463.266 1464.843 1469.609 1472.117 1474.55 1476.779 1478.219 1478.959 1481.396 1481.605 1481.38 1480.869 1480.779 1483.667 1485.529 1487.427 1488.804 1489.493 1489.601 1489.685 1492.49 1496.343 1499.012 1500.215 1500.759 1502.734 1503.893 1505.087 1505.889 1506.02
1513.189 1512.952 1512.147 1509.989 1506.156 1501.755 1499.432 1495.127 1492.314 1489.325 1487.073 1485.803 1483.469 1484.297 1485.27 1484.669 1481.403 1477.568 1471.792 1469.705 1467.664 1464.949 1462 1458.402 1458.531 1458.881 1459.198 1459.741 1460.2 1459.597 1459.951 1460.19 1460.858 1462.044 1463.337 1467.479 1470.377 1473.248 1475.545 1476.978 1479.182 1479.54 1479.213 1479.004 1478.465 1477.95 1481.271 1483.518 1485.664 1487.352 1487.773 1487.672 1489.796 1494.307 1498.648 1500.404 1500.977 1501.947 1502.513 1502.998 1503.447 1503.929 1504.197
1513.602 1513.697 1513.382 1511.51 1507.943 1504.096 1498.868 1497.233 1495.053 1492.041 1489.675 1488.78 1487.937 1488.958 1489.545 1488.736 1485.51 1480.42 1473.593 1471.424 1469.097 1466.51 1462 1457.964 1457.565 1457.365 1457.531 1457.984 1458.248 1457.592 1457.866 1458.705 1459.74 1460.904 1462.123 1465.353 1468.382 1471.6 1474.203 1475.887 1477.83 1477.369 1476.736 1476.72 1476.382 1475.859 1479.011 1480.69 1482.594 1484.787 1485.372 1486.173 1490.844 1495.769 1499.855 1501.032 1501.14 1501.485 1501.535 1501.589 1501.695 1502.242 1503.275
1513.524 1514.049 1513.824 1511.752 1508.703 1505.282 1500.411 1499.58 1498.282 1495.748 1493.147 1491.989 1492.12 1492.741 1492.32 1490.796 1488.293 1483.809 1476.029 1473.72 1471.418 1466.51 1463.757 1459.468 1458.208 1457.005 1456.18 1456.249 1456.32 1454.967 1455.871 1457.187 1458.306 1459.714 1462.318 1464.144 1467.066 1470.588 1473.618 1475.736 1476.673 1475.605 1474.817 1474.764 1474.469 1474.537 1477.635 1478.502 1479.24 1481.392 1484.553 1488.673 1492.167 1496.469 1499.877 1501.209 1501.366 1500.717 1500.307 1500.199 1500.605 1501.252 1502.044
1512.506 1512.591 1511.986 1510.766 1508.907 1505.673 1501.907 1501.08 1500.339 1498.766 1496.656 1495.846 1495.881 1496.09 1495.154 1492.895 1490.322 1483.161 1479.538 1476.571 1471.418 1468.595 1465.771 1461.641 1459.691 1457.916 1456.674 1455.283 1452.956 1452.975 1454.502 1455.558 1456.741 1458.325 1461.668 1463.841 1466.806 1470.204 1473.401 1475.964 1475.496 1473.944 1473.231 1473.104 1473.104 1473.541 1475.829 1476.067 1477.109 1480.148 1483.39 1489.199 1492.831 1496.631 1499.508 1500.917 1500.604 1499.365 1498.812 1498.619 1499.088 1499.934 1502.044
1508.443 1508.42 1507.552 1506.669 1506.392 1505.395 1502.406 1502.319 1501.985 1500.843 1500.054 1499.48 1499.432 1500.103 1499.16 1495.701 1491.049 1486.785 1483.585 1476.571 1474.047 1471.417 1468.437 1463.803 1461.988 1459.809 1457.582 1455.594 1453.408 1451.783 1452.975 1454.074 1455.087 1456.729 1461.402 1463.603 1465.977 1468.626 1471.487 1473.731 1473.098 1471.675 1471.332 1471.498 1471.99 1473.658 1474.874 1476.171 1478.039 1481.007 1484.589 1489.177 1491.391 1494.45 1497.702 1499.033 1498.607 1497.616 1497.414 1497.185 1497.373 1499.934 1500.661
