var/www/cgi-bin/BAERTOOLS/ravel/working/ravel-22208.DEM
NCOLS 88
NROWS 54
XLLCORNER 677881.89
YLLCORNER 4378214.9
CELLSIZE 10
NODATA_VALUE -9999
[rows 0 to 27 of 54, columns 0 to 62 of 88]
1169.453 1165.751 1162.384 1155.564 1141.961 1138.255 1134.069 1118.755 1111.004 1105.443 1100.988 1085.703 1081.106 1077.118 1072.237 1062.154 1059.886 1057.698 1055.431 1050.488 1047.141 1044.471 1042.14 1037.33 1033.948 1030.383 1026.751 1019.046 1014.897 1009.86 1004.184 997.9268 997.6918 999.3761 1001.955 1007.177 1009.453 1011.281 1013.01 1015.122 1015.368 1015.497 1015.139 1012.657 1009.93 1006.521 999.324 996.4888 993.4912 989.9564 980.0305 975.3593 968.3416 964.1829 961.1503 961.9794 963.3588 964.7715 970.2363 973.2693 976.1558 979.2876 986.3753
1167.614 1164.188 1159.987 1152.545 1139.971 1136.352 1131.435 1125.501 1108.26 1103.821 1099.411 1084.855 1079.382 1074.784 1068.848 1056.921 1052.787 1049.652 1047.017 1043.298 1041.637 1039.984 1037.43 1031.378 1028.127 1025.206 1022.008 1014.664 1010.727 1005.523 999.5818 992.5084 992.1059 992.9954 994.8903 1000.493 1003.147 1005.149 1006.726 1008.298 1008.526 1008.569 1008.239 1005.683 1003.317 1000.793 998.2296 993.1619 990.6298 987.1804 977.6053 972.9078 968.3416 960.6866 955.0423 955.9064 957.9346 959.9243 965.0914 968.0757 970.8837 973.6284 979.7691
1165.706 1162.31 1155.184 1147.37 1137.961 1133.701 1128.222 1121.462 1108.26 1102.101 1097.121 1090.676 1077.712 1072.341 1066.737 1052.386 1047.399 1042.333 1039.701 1036.489 1034.103 1031.546 1029.083 1024.33 1021.915 1019.658 1017.073 1010.099 1006.12 1001.414 995.9847 986.2618 984.4231 984.447 985.3072 991.6516 995.5798 998.1381 999.913 1001.822 1002.055 1001.544 1000.678 999.3624 998.0491 996.3449 994.369 990.0527 987.1168 983.407 979.144 969.7706 965.4933 960.6866 950.8711 950.9734 953.1828 955.4819 960.4495 963.2773 966.1414 968.8246 973.9537
1163.396 1159.456 1151.269 1143.91 1135.598 1131.01 1125.494 1118.338 1106.248 1102.101 1097.121 1088.84 1076.257 1070.761 1065.297 1058.226 1044.001 1038.252 1034.304 1027.489 1025.019 1022.727 1020.842 1017.615 1015.971 1014.191 1011.743 1005.452 1002.136 997.5412 992.4337 981.6489 977.1863 975.7016 976.4374 982.2865 985.1421 988.0984 991.0466 995.0052 995.8572 996.0488 995.7744 994.514 993.4921 992.1034 990.5646 986.6371 983.2896 979.4843 975.33 966.4531 960.9534 954.9437 950.8711 945.3672 947.4797 950.5039 953.3848 958.5768 961.4862 964.4698 969.1901
1160.463 1154.802 1148.037 1142.218 1133.491 1128.677 1123.319 1116.349 1105.106 1100.015 1094.738 1088.84 1076.247 1070.187 1064.286 1056.941 1042.944 1037.279 1031.888 1026.992 1020.233 1017.267 1014.638 1011.395 1009.749 1006.96 1004.353 999.8983 996.9602 992.652 988.1971 978.689 974.197 972.2863 972.1983 976.0387 979.0176 981.6919 983.924 987.9688 989.6217 990.4574 990.7994 990.2618 989.4103 988.1618 986.3375 981.5032 978.8124 975.5955 971.1837 961.2949 954.3746 949.5161 946.901 945.3672 939.8067 943.0327 947.2709 953.7023 956.5139 959.4367 962.1453
1158.127 1152.214 1146.825 1141.524 1132.288 1127.817 1122.556 1116.252 1104.902 1099.408 1094.435 1089.431 1076.247 1070.916 1064.58 1057.456 1044.002 1038.276 1032.124 1026.645 1018.464 1014.365 1011.27 1008.855 1003.963 1000.469 997.549 995.1948 990.7542 987.7708 984.2424 976.4279 971.0598 969.0822 968.8237 970.9441 973.6434 976.611 979.0749 982.6991 984.0896 984.9354 985.4731 984.9961 983.7936 982.3217 980.4626 976.0315 973.4096 969.4148 964.9326 954.412 949.7768 946.1592 942.7725 939.5057 939.8067 943.0327 940.942 948.1128 951.1526 953.967 956.6331
1156.327 1151.111 1146.369 1141.906 1133.42 1128.837 1124.575 1118.134 1105.898 1101.23 1096.358 1091.307 1077.557 1070.916 1066.581 1059.58 1045.647 1039.692 1033.708 1028.123 1018.615 1014.164 1010.802 1007.404 1000.147 996.7902 992.5591 989.0231 985.4418 983.4153 980.8154 977.8523 967.7339 964.1733 963.3267 964.4365 966.6221 969.5051 972.4955 977.0622 978.0046 978.3835 978.4623 977.4094 976.3931 975.5243 974.3308 969.9494 966.4473 962.741 958.6743 949.7889 945.9248 942.5916 939.5219 935.5314 935.6978 937.6414 940.942 942.6294 945.8251 948.6995 951.4844
1155.813 1150.968 1146.834 1142.951 1134.6 1130.562 1126.849 1120.514 1107.147 1102.935 1098.639 1093.562 1080.347 1073.112 1066.581 1059.58 1047.327 1041.729 1036.167 1030.311 1019.876 1015.149 1011.298 1007.304 999.0352 994.5179 989.7479 986.3354 981.3776 978.974 976.7094 973.6174 964.1885 959.4578 956.8378 956.1927 958.9536 960.7099 963.0179 968.8674 970.3573 970.7925 971.0343 970.7595 970.0165 969.1522 968.1849 963.9643 960.7805 957.0895 953.2296 945.7702 942.358 939.0142 935.589 930.7678 930.175 931.416 934.7466 942.6294 940.7258 943.5799 946.2021
1156.353 1152.5 1149.069 1145.105 1135.937 1131.839 1128.108 1123.126 1108.689 1104.683 1100.845 1095.926 1083.21 1075.642 1068.943 1062.11 1047.327 1044.052 1038.95 1033.09 1022.132 1017.069 1012.62 1008.302 999.9927 995.0095 990.2543 986.6122 978.0603 975.1025 972.1537 968.3964 959.2977 954.58 950.7761 949.1069 951.9215 954.3245 956.378 958.1066 961.3593 962.132 962.8345 963.7369 963.3079 963.014 962.35 958.5247 955.4272 951.9391 948.3919 941.9396 938.5431 934.7913 930.8812 925.5469 924.6373 925.3278 928.4756 937.0473 940.7258 937.8526 940.6414
1161.984 1153.883 1150.839 1147.433 1142.854 1132.875 1128.74 1124.415 1110.478 1106.346 1102.642 1098.233 1085.647 1078.356 1071.497 1064.908 1049.485 1044.052 1041.369 1035.888 1025.277 1019.964 1014.585 1010.036 1001.818 996.9979 992.2173 987.8254 977.8509 974.0405 969.4763 964.6835 954.0469 950.0244 946.5301 944.1161 944.2062 946.4116 949.1946 952.0759 955.9855 956.9766 957.6727 958.1721 958.1186 957.4905 956.3754 952.8608 950.123 946.9045 943.4714 937.5428 934.0854 930.3071 926.6765 919.5397 916.6456 917.6139 921.507 930.9731 934.7449 937.8526 940.6414
1163.365 1154.82 1152.095 1149.498 1145.138 1133.929 1129.234 1124.551 1118.782 1107.871 1104.019 1100.46 1088.083 1081.099 1074.1 1067.329 1052.824 1046.776 1041.369 1038.556 1028.44 1023.507 1017.86 1012.698 1003.888 999.1871 994.3912 989.6443 980.0862 975.6107 969.8893 963.9418 951.4491 947.4875 943.3327 939.5621 937.0786 937.5325 939.6447 942.9638 948.4897 950.595 952.0994 953.0463 953.0178 952.0687 950.9272 949.4983 944.8024 941.7195 938.6638 935.7036 929.4209 925.9852 922.3894 914.8143 912.465 912.3135 913.3745 923.6926 928.4565 931.6849 934.4365
1164.442 1155.607 1152.789 1149.955 1145.9 1134.897 1129.505 1124.524 1119.213 1109.045 1104.916 1101.023 1096.191 1083.464 1076.597 1069.715 1056.041 1049.651 1043.99 1038.556 1031.319 1026.829 1021.488 1015.984 1006.19 1001.32 996.4353 991.644 982.4339 977.9806 971.9116 965.1392 952.1386 947.0144 941.6651 936.9378 931.7946 930.489 930.8134 932.5516 937.4684 940.7371 943.4678 945.1709 945.9882 945.4636 944.7004 943.7903 939.8737 936.945 934.0451 931.306 925.3176 921.7983 918.1874 914.5516 908.776 907.8649 908.6319 914.8412 920.0236 924.5591 927.9936
1164.603 1156.228 1152.932 1150.018 1146.029 1134.613 1129.034 1123.995 1118.917 1109.289 1105.418 1101.667 1096.937 1084.701 1078.546 1072.181 1065.455 1052.471 1046.758 1041.089 1031.319 1026.829 1024.726 1019.4 1008.953 1003.702 998.6476 993.7254 984.5179 980.1333 974.4238 967.3791 953.6638 947.536 941.3483 935.8491 927.6693 925.778 925.3198 926.3949 930.4687 932.3231 934.0659 935.3033 936.9047 937.4497 938.0244 938.0544 934.7874 931.9055 929.2572 926.8553 921.2319 917.9243 914.173 910.0253 903.184 902.6266 903.754 905.8311 912.8723 917.2713 921.2718
1164.287 1156.783 1152.665 1149.137 1144.765 1133.384 1127.848 1122.814 1118.16 1109.573 1105.606 1101.859 1097.323 1085.634 1080.111 1074.547 1067.776 1054.961 1049.653 1043.887 1038.32 1029.366 1024.726 1022.288 1017.29 1006.373 1000.886 995.8346 986.4158 981.9112 976.9051 969.8607 955.5227 949.0693 942.6666 937.0113 926.8249 924.3696 923.3843 922.0108 923.0947 925.2426 927.3676 929.2615 931.2621 931.4107 931.5139 931.2849 928.3629 926.381 924.4952 922.3676 917.222 913.4456 908.5972 903.9705 898.3144 897.394 898.13 899.9498 906.3889 910.9466 915.4447
1163.692 1156.626 1151.71 1147.594 1142.617 1131.439 1126.277 1121.719 1117.551 1109.907 1105.445 1101 1096.596 1086.085 1081.251 1076.865 1069.902 1056.754 1052.069 1046.692 1040.879 1031.444 1027.156 1022.288 1019.537 1008.682 1003.046 997.8428 993.0109 983.7091 978.8135 972.0552 957.5248 950.9952 944.8087 939.0771 927.5619 923.4024 921.0814 917.8687 915.3236 916.8807 919.2801 921.9928 924.9515 925.1721 925.1815 925.2197 922.9753 921.3475 919.6458 917.9037 911.7087 906.3656 901.5124 897.0711 891.2076 890.6702 891.8017 893.8537 899.6859 903.2388 907.8115
1162.784 1155.057 1149.619 1144.456 1139.12 1128.837 1124.063 1120.109 1116.462 1109.856 1104.468 1099.785 1095.88 1086.563 1081.855 1077.62 1070.777 1057.782 1053.695 1049.301 1043.672 1033.158 1028.907 1024.47 1019.537 1009.802 1004.494 999.439 994.7136 985.5022 980.4849 974.2232 966.9201 952.7117 946.7726 941.1822 929.4554 924.2546 920.0447 916.259 910.3214 908.4829 909.9659 912.715 917.7208 919.0732 919.3757 919.113 917.6011 916.0799 914.3427 912.3562 903.1715 898.6249 894.2859 890.1598 884.948 884.4172 885.2885 887.4373 893.7839 896.9565 900.2273
1161.705 1152.578 1146.581 1140.31 1134.801 1124.959 1121.071 1117.538 1114.156 1108.123 1102.416 1097.731 1093.837 1085.8 1081.373 1076.684 1070.308 1058.364 1054.345 1050.583 1044.949 1033.899 1029.742 1025.571 1020.607 1009.802 1004.494 1000.288 995.6458 986.5639 981.879 976.4905 969.5082 954.5902 948.5973 943.1365 937.5418 926.3411 921.3106 916.4648 906.0868 902.5779 902.5883 904.1635 908.8214 910.679 911.3916 911.5695 910.8309 909.1556 906.9015 903.6697 895.8154 891.5301 887.5408 883.6971 877.8386 876.7171 877.5152 880.1546 887.5035 891.1571 894.4592
1159.923 1155.425 1142.611 1135.846 1130.54 1121.505 1118.349 1115.11 1111.816 1103.323 1098.423 1094.284 1090.846 1083.576 1079.429 1075.318 1069.341 1058.233 1054.369 1051.112 1045.64 1034.307 1030.32 1026.493 1021.571 1010.591 1005.267 1000.288 996.272 987.189 982.9198 978.5771 972.0505 956.5652 950.3492 944.9942 939.6809 928.4551 923.0386 917.4334 910.6382 899.9553 898.3143 897.1777 896.7902 898.6566 900.0088 900.8135 901.2774 900.1199 898.4237 896.049 888.5708 884.5341 880.5282 876.8489 870.3842 868.5952 867.2145 869.6171 879.4349 884.0161 888.3989
1157.169 1151.793 1138.153 1132.263 1127.08 1122.714 1115.806 1112.578 1109.036 1099.976 1095.727 1090.938 1087.321 1080.882 1076.455 1071.635 1066.064 1056.573 1053.048 1049.635 1044.773 1034.338 1029.906 1026.36 1021.467 1011.238 1005.702 1000.929 996.272 987.7531 983.6464 979.5511 973.5638 958.4608 951.9433 946.6226 941.7036 930.6817 924.8198 918.3082 911.3243 899.3698 895.6894 892.4322 889.8326 889.3145 890.186 890.9831 891.9046 891.7969 890.1502 887.9035 881.1996 877.0919 873.7693 870.5103 863.3447 861.214 860.8514 861.8172 870.2488 875.5753 880.407
1153.548 1147.941 1134.823 1129.295 1124.304 1120.173 1113.355 1109.698 1105.652 1101.147 1092.692 1088.304 1085.792 1077.669 1072.917 1067.278 1061.938 1053.671 1049.797 1046.439 1042.095 1032.773 1028.095 1024.085 1018.932 1009.18 1004.589 1000.279 995.8475 987.7531 983.2662 979.7078 974.2818 959.8896 953.335 948.1313 943.4816 932.9904 927.1908 920.5237 913.4861 900.6395 895.7229 891.1519 887.2098 883.9189 882.7003 881.7202 881.8055 880.6476 879.7233 877.7064 875.2127 869.9589 867.3596 864.496 856.9204 854.4326 855.0852 857.2496 863.2396 867.5538 872.3989
1149.418 1143.952 1132.154 1126.749 1122.261 1118.501 1111.453 1107.082 1102.357 1098.036 1090.159 1086.881 1083.596 1079.22 1068.465 1062.734 1057.886 1049.743 1045.963 1042.171 1038.37 1029.084 1024.642 1020.066 1015.441 1006.33 1002.158 998.5251 994.7556 987.2863 983.2662 978.4284 973.5453 961.0996 954.8495 949.6893 945.1899 935.1292 929.5178 923.3675 916.6752 902.1282 897.0269 892.0521 886.9636 879.783 876.1896 872.3447 870.0688 866.1078 865.4471 864.6334 863.7244 862.592 860.9073 858.6183 855.5102 850.7325 851.2332 852.8835 858.2035 861.7138 865.6041
1144.995 1139.98 1129.375 1124.424 1120.345 1116.852 1109.599 1104.335 1099.348 1095.281 1088.107 1085.865 1081.023 1075.115 1064.01 1058.777 1053.88 1049.301 1040.593 1036.975 1033.171 1024.263 1019.85 1014.769 1010.577 1002.892 999.3024 995.7803 992.3077 985.8988 982.1068 978.4284 973.5453 962.1668 956.4412 951.7036 947.1312 937.3199 931.7949 925.9409 919.877 904.6469 898.8832 893.3453 888.0634 878.0164 872.2258 866.765 862.7445 857.2257 854.677 854.3571 855.0699 855.5375 854.5611 853.0273 850.8625 847.398 847.4349 848.5627 850.6389 856.875 860.3398
1140.394 1136.148 1126.692 1122.361 1118.699 1115.152 1106.994 1100.91 1096.423 1092.943 1086.408 1082.52 1076.749 1070.614 1059.823 1054.464 1049.447 1044.272 1035.022 1031.303 1027.13 1022.974 1014.037 1010.002 1005.947 1002.056 995.5518 992.3737 989.2051 983.178 980.0372 976.6114 972.1719 962.1668 957.3855 953.1847 948.6458 939.3546 933.9507 928.3749 922.5869 908.8676 902.3043 895.6514 889.6375 878.4693 871.9348 866.2968 861.8513 854.2977 851.0255 849.6075 849.106 848.7335 848.087 846.6535 844.5509 842.1201 842.3501 843.6301 845.9139 851.903 855.2275
1136.047 1132.502 1124.261 1120.47 1116.839 1113.722 1103.113 1097.649 1093.947 1090.845 1084.795 1078.449 1072.532 1066.873 1055.781 1050.24 1044.94 1039.705 1030.847 1026.675 1022.258 1017.641 1009.006 1004.958 1001.121 997.6706 991.7155 989.0123 986.1508 983.2161 977.1877 974.1883 970.2403 961.6155 957.3855 953.8027 949.6961 940.6919 935.7178 930.4056 924.8911 913.017 906.1741 898.7028 891.6915 880.0176 873.7583 867.7354 862.7421 854.0841 849.8541 846.7366 844.3188 841.6003 840.7753 839.188 836.6802 834.2479 835.7794 838.1149 840.8398 846.9062 850.2431
1131.953 1129.1 1122.412 1118.527 1114.869 1112.22 1098.86 1094.847 1092.018 1089.179 1081.482 1074.506 1068.924 1064.029 1052.644 1047.304 1041.436 1036.19 1027.601 1023.169 1017.602 1012.329 1003.957 1000.049 996.3629 993.0273 987.5648 985.1998 982.6766 980.0037 974.3748 971.2924 967.9515 964.435 957.3531 953.8027 950.2338 941.2371 936.6937 931.9848 927.04 915.9686 909.4602 902.1356 894.1777 881.864 875.8802 869.6253 864.2381 854.7648 850.0314 845.2476 841.0817 835.7284 833.1683 830.5262 827.9203 826.1601 828.5757 831.8644 835.1033 841.1343 844.2855
1127.925 1125.764 1120.086 1116.027 1112.561 1107.78 1095.634 1092.093 1088.883 1087.019 1077.512 1071.767 1066.58 1061.549 1050.265 1045.187 1039.951 1034.61 1024.183 1019.214 1013.636 1007.94 999.1025 995.0993 991.3021 988.1279 983.2562 981.1268 978.6832 976.262 971.0886 968.3652 965.6418 962.8173 956.6962 953.8765 950.2338 945.8212 937.4182 933.0368 928.4567 918.3934 912.6105 905.7746 896.9774 883.614 877.9266 871.6315 865.9315 856.0182 850.9711 845.2196 840.1807 831.838 828.1846 825.6627 823.7935 820.3526 821.5377 824.5563 828.3367 835.3271 837.9303
1122.963 1121.379 1119.118 1112.569 1108.273 1102.233 1093.23 1089.578 1086.633 1084.888 1074.256 1069.222 1064.325 1059.337 1048.571 1043.63 1038.868 1033.078 1021.635 1016.346 1010.668 1004.293 994.587 990.3304 986.5921 983.5096 978.9384 976.6013 974.0295 971.456 966.826 964.6449 962.2623 959.7777 955.4367 953.2368 949.8425 945.6724 937.4182 933.3617 929.3375 925.0717 915.6247 908.2282 899.2928 891.3037 879.7681 873.6753 867.7747 857.7059 852.5145 846.4468 841.0212 831.2791 827.5061 824.1568 821.1354 816.0117 815.6623 816.9601 819.8864 827.8889 830.9792
1116.776 1114.563 1112.885 1108.393 1103.042 1098.067 1094.306 1088.681 1086.078 1082.725 1072.254 1067.365 1062.589 1057.63 1047.73 1042.476 1037.415 1031.545 1020.08 1014.379 1007.856 1001.742 990.9502 987.1357 982.9739 978.866 973.0496 969.5564 966.4366 964.3827 961.0996 958.9349 956.6873 954.9957 951.9031 950.171 947.8403 944.5933 937.5159 933.3617 929.9673 926.0693 916.9056 909.7815 901.4562 893.5524 881.4619 875.6194 869.6284 864.186 854.3172 848.3677 842.6545 832.455 828.2658 824.5472 820.7718 814.8422 813.6356 813.3329 813.5967 817.7738 821.7928
