var/www/cgi-bin/BAERTOOLS/ravel/working/ravel-13933.prodgrd.txt
NCOLS 92
NROWS 90
XLLCORNER 452078.49
YLLCORNER 3782565.4
CELLSIZE 10
NODATA_VALUE -9999
[rows 52 to 77 of 90, columns 0 to 59 of 92]
-26.306859 -26.251992 -26.569059 -26.828937 -26.82842 -26.699633 -26.295981 -26.313286 -26.710872 -26.511362 -26.551093 -26.347613 -26.297201 -26.445993 0 0 -26.808217 -26.208342 -26.297221 -26.315833 -26.291625 -26.322112 -26.507647 -26.244086 -26.384744 -26.564886 -26.361725 -26.442114 -26.62295 -26.697277 -26.777641 -27.088787 -26.635115 -26.473651 -26.453393 -26.547576 -26.656528 -27.424661 -28.283901 0 -30.615454 -31.445016 -26.467509 -26.744891 -26.638566 -27.09327 -26.750065 -26.376691 -28.848968 -27.237023 -28.223596 -28.013157 -29.163657 0 0 0 0 0 -26.827539 -26.837115
-26.337957 -26.306859 -26.844034 -27.016734 -26.838702 -26.653979 -26.275988 -26.295981 -26.622314 -26.572451 -26.511362 -26.398718 -26.347613 0 0 -26.846091 -26.396477 -26.191252 -26.208342 -26.357893 -26.372384 -26.4278 -26.491816 -26.267202 -26.244086 -26.361725 -26.442114 -26.569031 -26.740152 -26.65241 -26.380733 -27.261147 -26.932469 -26.708128 -26.532864 -26.776651 -26.929244 -26.98462 -27.74228 -34.349859 -26.494088 -26.88193 -27.301435 -26.638566 -27.09327 -27.456848 -27.352195 -26.750065 0 -27.572677 -27.237023 -33.072903 0 0 0 0 0 0 -26.301501 -26.706201
-26.365355 -26.337957 -26.932469 -27.059152 -26.683861 -26.428816 -26.318877 -26.275988 -26.723659 -26.622314 -26.572451 -26.679537 -26.398718 0 -28.438629 -26.441111 -26.299187 -26.213963 -26.191252 -26.434588 -26.444973 -26.44279 -26.524591 -26.315075 -26.267202 -26.650511 -26.569031 -26.843908 -26.65241 -26.380733 -26.354036 -35.212119 -27.261147 -26.848668 -26.75767 -26.532864 -26.776651 -28.25808 -28.210096 -29.233921 -26.947382 -26.494088 -26.88193 -27.48944 -27.456848 -27.160027 -28.470663 -36.887476 0 -30.185749 -27.572677 0 0 0 0 0 0 -28.170562 -26.365639 -26.301501
-26.472788 -26.365355 -27.327773 -27.425561 -27.127346 -26.683861 -26.428816 -26.318877 -27.009188 -26.841767 -26.999622 -26.973032 -26.664687 0 -26.866224 -26.469542 -26.441111 -26.247896 -26.213963 -26.626268 -26.566616 -26.575194 -26.616046 -26.375051 -26.315075 -27.047405 -27.057415 -27.120741 -26.835968 -26.354036 -26.279942 -26.75209 -27.77252 -27.802531 -26.848668 -26.340872 -26.888667 -28.210096 -29.234848 -28.236154 -29.233921 -26.947382 -31.25975 -27.880321 -27.160027 -28.470663 -29.699925 -27.01163 0 -31.515541 0 0 0 0 0 0 0 -39.467827 -26.459878 -26.365639
-30.772835 -26.472788 -28.035489 -27.463555 -27.809323 -27.178255 -26.569433 -26.764367 -26.610167 -26.400843 -26.366649 -26.436885 -26.27617 -27.080138 -26.810248 -26.673414 -26.469542 -26.313962 -26.247896 -26.426555 -26.371153 -26.307364 -26.437893 -26.337341 -26.375051 -27.960349 -26.738989 -26.474757 -26.630608 -26.279942 -26.231353 -26.690874 -27.175432 -27.77252 -27.802531 -26.369597 -26.340872 -26.584837 -26.481924 -26.412921 -26.388445 -27.036438 -36.950868 0 0 0 -26.72503 -26.832822 0 0 0 0 0 0 0 0 0 -32.665571 -26.868424 -26.459878
-26.790486 -26.369646 -27.263618 -26.983034 -27.230816 -26.569433 -26.401706 -26.363133 -26.356863 -26.327136 -26.308296 -26.27617 -26.207251 -26.406745 -27.542158 -26.810248 -26.673414 -26.366798 -26.313962 -26.657484 -26.426555 -26.371153 -26.307364 -26.325377 -26.337341 -29.382724 -27.202231 -26.738989 -26.434237 -26.231353 -26.293091 -26.500753 -26.496654 -27.233103 -39.488088 -26.455884 -26.369597 -27.644647 -26.412921 -26.388445 -26.593371 -26.84854 -27.036438 -39.523479 0 0 -26.486086 -26.598945 0 0 0 0 0 0 0 0 0 -26.557106 -31.522288 -26.868424
-26.4406 -26.235808 -26.517791 -26.767773 -26.694231 -26.401706 -26.363133 -26.31296 -26.327136 -26.308296 -26.327331 -26.207251 -26.211896 -26.305137 -26.607768 -27.025419 -27.116306 -26.427833 -26.372944 -26.80897 -26.752617 -26.764367 -26.435561 -26.471248 -26.325377 -27.295384 -26.939416 -26.78771 -27.430168 -26.293091 -26.287414 -26.496654 -26.801558 -26.877745 -28.975155 -26.593777 -26.455884 -27.654291 -29.467436 -28.626806 -26.84854 -26.987291 -26.716059 -29.709656 -39.523479 0 -26.530622 -26.486086 0 -34.300724 0 0 0 0 0 -39.496915 -26.689481 -26.540676 -26.557106 -26.859233
-26.452613 -26.242513 -26.524957 -26.549162 -26.406913 -26.426579 -26.31296 -26.280791 -26.392703 -26.359632 -26.383619 -26.211896 -26.295056 -26.440474 -26.557932 -29.146017 -27.025419 -26.380053 -26.448296 -26.752617 -26.867323 -27.580054 -27.427545 -26.33617 -26.511327 -27.525068 -27.295384 -26.939416 -26.78771 -26.287414 -26.50569 -26.801558 -26.877745 -28.236154 -37.568301 -28.975155 -26.739546 -28.811701 -27.636775 -30.701994 -27.052141 -26.978134 -26.823613 -26.716059 0 0 -26.724216 -27.016643 -27.28579 -28.066804 -31.712376 0 0 0 0 0 -30.265651 -26.689481 -26.540676 -26.923124
-26.531166 -26.269091 -26.42021 -26.305881 -26.298593 -26.398732 -26.280791 -26.392703 -26.357445 -26.466099 -26.523787 -26.295056 -26.289906 -26.452539 -26.544288 -28.396932 -29.146017 -26.332564 -26.380053 -26.812231 -27.096564 -27.427545 -27.419822 -26.314623 -26.301239 -28.681102 -39.452437 -27.897234 -38.693918 -26.50569 -26.401185 -27.658668 -27.557698 -27.497246 0 0 -28.603174 -27.391288 -27.330669 -27.636775 -30.701994 0 0 0 -32.661636 0 -34.080796 0 -28.036958 -27.28579 -28.239483 0 0 0 0 0 0 -35.929482 -26.783553 -26.466639
-26.460963 -26.277956 -26.384613 -26.427719 -26.305881 -26.298593 -26.208236 -26.357445 -26.369319 -26.343309 -26.433054 -26.289906 -26.343743 -26.505509 -26.442504 -26.637195 -39.493267 -26.393992 -26.332564 -27.092371 -27.631687 -28.022175 -27.282065 -26.301239 -26.330848 0 0 -39.452437 -27.897234 -26.401185 -26.388171 -27.557698 -27.497246 -26.901553 -26.822263 -28.996087 -27.355199 -27.050818 -27.391288 -27.330669 0 0 0 0 0 -32.661636 0 0 0 0 0 0 0 0 0 0 0 0 -26.458608 -26.458608
-29.617596 -26.384613 -26.657197 -26.606624 -26.445271 -26.208236 -26.198934 -26.369319 -26.343309 -26.433054 -26.506678 -26.343743 -26.255817 -26.442504 -26.637195 -27.134258 0 -26.503479 -26.393992 -27.140448 -27.122134 -27.631687 -27.035629 -26.356497 -26.359049 0 0 0 0 -26.388171 -26.941297 -28.887605 -26.901553 -26.822263 -26.463068 -27.405935 -27.40218 -27.355199 -27.050818 -27.463081 -26.93467 0 -27.782881 -29.113468 -39.510673 -39.516431 -27.635944 0 0 0 0 0 0 0 0 0 0 0 -26.458608 -26.435687
0 -26.919439 -26.880141 -27.173233 -26.836185 -26.198934 -26.231034 -26.371648 -26.456391 -26.497892 -26.445078 -26.255817 -26.192367 -26.681383 -27.134258 -27.001974 -28.721514 -26.514415 -26.503479 -26.832392 -27.140448 -27.893255 -26.876859 -26.441336 -26.390313 0 0 0 0 -26.941297 -31.729779 -28.384523 -27.107976 -26.463068 -26.610513 -27.546915 -27.405935 -27.40218 -27.73518 -27.777825 -26.660641 -26.93467 -28.193343 -26.71488 -27.633576 -27.635944 -28.355653 -39.517254 0 0 0 0 0 0 -29.59674 -28.549363 0 0 -26.435687 -26.689123
0 -27.487379 -27.387952 -26.880141 -27.060645 -26.231034 -26.321704 -26.456391 -26.474986 -26.445078 -26.382067 -26.192367 -26.164002 -26.80307 -26.908374 -26.39953 -26.274798 -26.277696 -26.514415 -26.746518 -28.675381 -26.979875 -26.765897 -26.459719 -26.441336 0 0 0 -27.299636 -34.393332 -27.016185 -26.815312 -26.928938 -26.610513 -27.030946 -31.201564 -27.759256 -28.564426 -32.804229 -27.214784 -27.125267 -26.660641 -26.71488 -27.633576 0 0 0 0 0 0 0 0 0 0 0 -29.59674 -28.549363 -39.449664 -26.627801 -26.94283
-37.491728 -27.179117 -27.737719 -29.552021 -27.241992 -26.321704 -26.36815 -26.474986 -26.570037 -26.632251 -26.464325 -26.164002 -26.18671 -26.684919 -26.428808 -26.274798 -26.277696 -26.258391 -26.626286 -27.072133 -26.826418 -26.548721 -26.744425 -26.428417 -26.459719 0 0 0 -26.52841 -27.016185 -26.815312 -26.771843 -26.870668 -26.961385 -26.799967 -28.092481 0 -39.517195 0 -28.9353 -27.214784 -27.125267 0 -27.864477 -27.007206 -29.656171 0 0 0 0 0 0 0 0 0 0 -29.242749 -26.672912 -26.65258 -26.627801
0 -28.231953 -27.179117 -27.737719 -29.822755 -26.36815 -26.410705 -26.696073 -26.707928 -26.660467 -26.838328 -26.18671 -26.288689 -26.542079 -26.589296 -26.428808 -26.258391 -26.280004 -26.308233 -26.680931 -26.615895 -26.55392 -26.548721 -26.451254 -26.428417 -31.560383 -29.627377 -27.728006 -26.568371 -26.52841 -26.771843 -26.937543 -26.961385 -26.799967 -28.092481 0 -39.4759 0 0 -27.487869 -27.187305 -27.578175 -27.864477 -27.007206 -29.656171 0 0 0 0 -39.470951 -31.734146 -39.523772 0 0 0 -27.185434 -26.917272 -27.545538 -26.672912 -26.65258
-27.652716 -30.902167 -28.231953 -29.822755 -30.241601 -26.410705 -26.378968 -26.748424 -27.168979 -27.221424 -26.773616 -26.288689 -26.658309 -26.439471 -26.542079 -26.589296 -26.280004 -26.308233 -26.3078 -26.649687 -26.680931 -26.615895 -26.55392 -26.467015 -26.451254 -30.295691 -31.560383 -29.627377 -27.376524 -26.568371 0 -32.564753 -27.889293 -28.728423 -27.655747 -27.820561 0 -39.4759 -30.600401 -28.001374 -27.365117 -27.187305 0 0 0 0 0 0 -28.764517 -27.230749 -28.153784 -28.669053 -29.765985 0 -27.034111 -26.701198 -27.185434 -26.917272 -27.545538 0
-26.440002 -26.96459 -27.280175 -26.853708 -27.15215 -26.378968 -26.51157 -26.976019 -27.431983 -27.269517 -26.938439 -26.667834 -26.564505 -26.383684 -26.439471 -26.465052 -26.343884 -26.3078 -26.479956 -26.866889 -26.649687 -26.739861 -27.625107 -26.705296 -26.467015 -28.351725 -28.167643 -27.814852 -26.830584 -27.376524 -32.564753 -27.889293 -28.728423 -27.655747 -27.820561 0 0 0 0 -30.600401 -26.713907 -27.365117 0 0 0 0 0 0 0 -28.764517 -27.230749 -29.765985 -26.531747 -29.386277 0 -27.034111 -26.701198 -37.074457 0 -35.99102
0 -26.440002 -26.853708 -27.15215 -26.954917 -26.51157 -26.893486 -27.431983 -27.099127 -27.572896 -27.110702 -26.525421 -26.414354 -26.564505 -26.383684 -26.343884 -26.462678 -26.479956 -27.28858 -26.67169 -26.67139 -27.149217 -26.420303 -26.403307 -26.705296 -28.021089 -28.351725 -28.167643 -26.957876 -26.830584 0 -39.444884 -37.031154 -31.275733 -39.44512 0 0 0 0 0 -26.399297 -26.713907 0 0 -28.596286 -39.461284 0 -30.145006 0 0 0 0 -26.763385 -26.531747 0 0 -27.778386 -26.817024 -26.970605 -30.683455
-33.530746 -31.561753 -27.580054 -26.954917 -28.067372 -26.542666 -26.69005 -27.267094 -27.431983 -27.099127 -27.958308 0 -26.525421 -26.414354 0 -27.256513 -26.422111 -26.405248 -26.888807 -26.963272 -27.38251 -26.67139 -26.447744 -26.420303 -26.403307 -27.441403 -28.021089 -28.8103 -26.476773 -26.957876 -39.477196 -27.096777 -30.135133 -39.44512 -33.955467 -39.523126 0 0 0 0 -26.332657 -26.399297 -28.5779 -28.596286 -39.461284 -29.736061 -26.784888 0 -30.145006 0 0 0 -27.215635 -26.734277 0 -27.778386 -26.817024 -26.970605 -27.248519 0
0 0 0 0 0 -26.547019 -26.542666 -29.002065 -27.267094 -28.377239 0 -26.38575 -26.583311 -26.959586 -29.002464 -26.422111 -26.405248 -26.606396 -27.64321 -26.888807 -26.963272 -27.38251 -26.535202 -26.447744 -27.01372 -27.350092 -29.568871 -29.225601 -26.354487 -26.476773 -27.096777 -26.596839 -27.054303 -33.955467 -39.523126 0 0 0 0 -28.748358 -26.339059 -26.332657 0 0 -29.736061 0 -26.951014 -26.784888 0 0 0 0 -26.734277 -27.889609 -35.999873 0 0 -27.248519 -28.963046 0
0 0 0 0 0 -26.524969 -26.518076 -28.322444 -28.872902 -28.872902 0 -26.275873 -26.38575 -26.583311 -26.918541 -26.465743 -26.362166 -26.784534 0 -31.690771 -31.748752 -31.175323 -26.929244 -26.535202 -27.218654 -29.239491 0 -29.611705 -26.466061 -26.354487 -26.596839 -27.054303 -26.73911 -27.878912 0 -30.850543 -36.226425 0 0 -27.667737 -26.506371 -26.339059 0 0 0 0 -39.526121 -26.951014 -30.354536 -28.089769 0 0 -27.889609 -35.999873 0 0 0 -27.067014 -27.352762 -32.45584
0 0 0 0 0 -26.498255 -26.45899 -31.663638 -28.322444 -29.441527 -27.349688 -26.242107 -26.275873 -26.686712 -26.856721 -26.362166 -26.492557 -26.587716 0 0 0 0 -32.005749 -26.929244 0 0 0 0 -26.646838 -26.466061 -27.439197 -26.73911 -27.878912 -31.958185 -30.850543 -29.463179 -31.13295 -35.384489 0 0 -27.458448 -26.506371 0 0 0 0 0 0 -28.089769 0 0 0 -29.278549 -27.93996 -39.532518 0 0 -26.837581 -27.067014 -27.741339
0 0 0 0 0 -26.45899 -26.446823 -30.75349 -29.441527 0 -27.207376 -26.247627 -26.242107 -26.717174 -26.827691 -26.492557 -26.587716 -27.665153 0 0 0 0 0 -32.005749 0 0 0 0 -26.724867 -26.646838 0 0 -34.906742 -35.246085 -29.463179 -31.13295 -35.384489 0 0 0 -27.713054 -27.458448 0 0 -39.106735 -30.584515 0 -34.549119 0 0 0 -27.388635 -28.488095 -29.130743 -27.93996 -39.532518 -39.331248 -26.697019 -26.837581 -28.365281
0 0 0 0 0 -26.446823 -26.462954 -32.103193 0 0 -26.930431 -26.263102 -26.247627 -26.906696 -26.804443 -26.903393 -27.012856 -27.277711 0 0 0 0 0 0 0 0 0 0 -26.697493 -26.523896 0 0 0 0 -39.529994 -32.039499 0 0 0 -28.985782 -27.345103 -27.713054 -33.520709 -28.528797 -27.213478 -39.106735 -27.393006 -26.591986 0 0 0 -26.958405 -27.388635 -28.488095 -29.130743 -39.537152 0 -26.74825 -26.697019 -28.956835
0 0 0 0 0 -26.471641 -26.467499 -31.73852 0 -27.468411 -26.644989 -26.293163 -26.263102 0 -27.286303 -26.867623 -26.829211 -26.86344 0 0 0 0 0 0 0 0 0 0 -26.523896 -26.490832 0 0 0 0 -32.039499 0 0 0 0 0 -28.985782 -27.345103 -28.528797 0 -31.917568 -27.213478 -26.591986 -26.852225 0 0 0 -26.9327 -26.958405 -31.437145 0 0 0 -26.814253 -26.74825 -33.498221
0 0 0 0 0 -26.561527 -26.471641 -29.698107 0 -27.084237 -26.818238 -26.320357 -26.293163 -28.830034 -26.773828 -26.456973 -26.721 -26.639597 0 0 0 0 0 0 0 0 0 0 -26.490832 -26.626025 0 -28.004396 -37.256732 0 0 0 0 0 0 0 0 0 0 0 0 -28.910319 -27.539003 -29.072774 0 0 0 -27.02152 -26.9327 0 0 0 0 -26.749268 -26.814253 0
