var/www/cgi-bin/BAERTOOLS/ravel/working/ravel-3052.prodgrd.txt
NCOLS 44
NROWS 39
XLLCORNER 286236.32
YLLCORNER 3844268.9
CELLSIZE 10
NODATA_VALUE -9999
0 0 0 0 0 0 0 0 0 -27.640821 -27.116472 -26.675227 -26.492622 -26.404942 -26.374628 -26.210998 -26.440939 -26.529737 -27.226269 -27.629591 -27.518272 -26.915411 -27.128192 -27.248657 -27.266881 -27.335077 -26.329698 -27.103372 -26.759276 -26.791217 0 0 -39.459043 -32.457688 -27.62663 -39.498503 0 0 0 0 0 0 -35.514123 -28.675698 
0 0 0 0 0 0 0 0 0 -26.340132 -26.406181 -26.356182 -26.326502 -26.31862 -26.22748 -26.220243 -26.210998 -26.440939 -26.529737 -26.845457 -26.658098 -26.519854 -26.77121 -26.551349 -26.844508 -27.266881 -26.372341 -26.329698 -27.103372 -26.759276 -26.791217 -26.610068 -39.454915 -29.822108 -29.235775 -27.62663 -39.498503 0 0 0 0 0 -28.675698 -28.967722 
0 0 0 0 0 0 0 0 -28.100465 -26.211711 -26.340132 -26.381016 -26.356182 -26.326502 -26.2634 -26.22748 -26.220243 -26.37967 -26.471425 -26.896859 -26.519854 -26.320885 -26.396477 -26.454342 -26.551349 -26.302357 -26.275995 -26.372341 -28.14641 -39.490855 -28.220315 -26.62964 -26.610068 -39.454915 -29.822108 -29.235775 0 0 0 0 0 0 0 0 
0 0 0 -26.783526 -27.070912 -27.308755 -27.519319 -27.499135 -26.895792 -26.205916 -26.211711 -26.354058 -26.381016 -26.380823 -26.286833 -26.2634 -26.401199 -26.413095 -26.459523 -26.600651 -26.320885 -26.425879 -26.463391 -26.396477 -26.454342 -26.269889 -26.302357 -26.275995 -39.467886 0 0 -28.220315 -26.62964 0 -39.08394 -27.098004 -27.039828 -27.618465 0 0 -28.412561 0 -27.726156 0 
-32.89149 -27.109883 -26.635133 -26.298834 -26.531985 -26.555146 -26.585839 -26.687151 -26.368872 -26.241268 -26.205916 -26.440165 -26.451164 -26.408756 -26.378905 -26.286833 -26.474897 -26.565438 -26.720954 -27.103372 -27.293009 -26.675227 -26.765716 -26.613217 -26.535138 -26.613384 -26.269889 -29.631463 0 -39.467886 -31.230495 -26.845457 -26.308389 -26.43092 -26.467519 -26.842931 -27.098004 -27.039828 -27.618465 -28.412561 -39.49615 0 -26.283091 -27.726156 
-26.825058 -26.522139 -26.453886 -26.316698 -26.298834 -26.531985 -26.555146 -26.585839 -26.633351 -26.368872 -26.241268 -26.708951 -26.668428 -26.516878 -26.408756 -26.378905 -26.860609 -27.137861 -27.392748 -28.088802 -28.622837 -27.439839 -31.182453 -29.949178 -29.874601 -31.218401 -26.690303 0 -26.977668 -26.387292 -26.667637 -26.308389 -26.430756 -26.539746 -26.43092 -26.467519 -26.842931 0 0 -39.49615 0 -35.268868 -26.274184 -26.283091 
-26.506325 -26.535901 -26.400061 -26.388359 -26.316698 -26.523957 -26.547337 -26.576708 -26.613717 -26.4438 -26.796804 -27.355932 -27.224938 -27.104993 -26.504515 -26.577298 -27.210484 -28.548787 -32.14139 0 0 -29.287623 0 0 0 -31.218401 -26.589512 -26.369658 -26.292256 -26.380758 -26.387292 -26.430756 -26.706068 -26.946111 -27.335867 0 0 0 0 0 0 0 -26.255817 -26.274184 
-26.449278 -26.440509 -26.303373 -26.392546 -26.388359 -26.43191 -26.421111 -26.368331 -26.413398 -26.323368 -26.317143 -26.653903 -26.881448 -26.344283 -26.490587 -26.504515 0 0 0 -26.576413 -26.417296 -27.109338 -29.287623 0 0 -26.589512 -26.613051 -26.558166 -26.369658 -26.292256 -26.380758 -27.212435 -27.085332 -27.715659 -27.602378 0 0 0 0 0 0 -26.28852 -26.241967 -26.255817 
-26.352951 -26.323321 -26.262268 -26.303373 -26.356801 -26.400843 -26.43191 -26.421111 -26.347356 -26.317143 -26.494781 -26.461402 -26.653903 -26.259255 -26.344283 -26.490587 -26.728165 -26.777587 -26.990106 -26.38289 -26.576413 -26.417296 -27.606941 -27.682407 -28.435997 -27.809178 -27.996417 -27.158895 -26.872587 -27.505134 -26.859298 -28.84072 -26.969687 -26.806196 -28.045265 -27.602378 0 0 -28.750703 -30.807151 -28.023263 -26.276773 -26.28852 -26.241967 
-36.982842 -26.352951 -26.323321 -26.262268 -26.325607 -26.356801 -26.404072 -26.459149 -26.559273 -26.494781 -26.461402 -26.784888 -26.89972 -26.416219 -26.259255 -26.468878 -26.408091 -26.728165 -26.777587 -26.990106 -26.38289 -27.11592 -27.606941 -27.587723 -27.103912 -27.736783 -34.252163 -28.306541 -29.854748 0 -26.328546 -26.624242 -26.900797 -26.969687 -26.806196 -28.045265 -28.979475 -26.785982 -26.746468 -28.19441 -28.001729 -26.351741 -26.276773 -26.672812 
-27.332277 -26.473402 -26.62132 -26.425638 -27.886293 -26.850555 -26.537816 -26.674017 -26.739134 -27.107161 0 0 0 -26.708284 -26.643096 -26.528621 -26.468878 -26.408091 -27.063344 -29.268578 -26.475597 -27.098004 -27.11592 -27.103912 -26.983634 -26.787078 -26.926307 0 -27.777825 -26.624242 -26.273752 -26.328546 -27.251427 -26.900797 -28.045265 0 -26.462821 -26.930124 -26.785982 -26.746468 -28.001729 -26.584171 -26.351741 -26.984062 
-27.543304 -26.526401 -26.425638 -26.287674 -26.84768 -26.472214 -26.52335 -26.537816 -26.541169 -26.745236 -28.635086 0 0 -30.183421 -27.422596 -26.643096 -26.528621 -27.226935 0 -26.638548 -27.187555 -26.475597 -27.098004 -26.983634 -26.787078 -26.926307 -27.456566 -27.596709 -26.757746 -26.73865 -26.280174 -26.273752 -26.93243 -30.026682 0 -27.593328 -27.660132 -26.462821 -26.930124 -27.87221 -35.503032 -26.727461 -26.584171 -27.231622 
-39.535493 -26.442929 -26.287674 -26.287381 -26.583266 -26.483131 -26.472214 -26.52335 -26.333251 -26.768061 -26.647896 -26.861266 0 -39.458453 -27.773634 -27.01322 -27.164275 -28.884284 -27.444447 -27.936465 -26.638548 0 0 0 -26.516168 -26.4022 -26.442322 -26.559689 -26.619785 -26.720494 -26.35005 -26.280174 -27.982389 0 0 -28.260341 -27.593328 -27.660132 -36.376884 -39.49615 -27.87221 -26.615727 -26.727461 -26.668824 
0 -26.75019 -26.287381 -26.968855 -26.68382 -26.583266 -26.483131 -26.333251 -26.258306 -26.550273 -26.721184 -26.845457 -28.910319 -39.49615 -39.458453 -27.773634 -27.01322 0 -26.650511 -27.444447 0 0 0 -27.674916 -26.307339 -26.484895 -26.4022 -26.442322 -26.559689 -26.399424 -26.720494 -26.35005 0 -26.854742 -26.720954 -30.129836 -28.260341 0 0 0 0 -26.53923 -26.615727 -27.144207 
-39.449983 -26.86556 -26.366655 -27.144787 -26.576413 -26.589512 -26.708062 -26.258306 -26.316032 -26.554737 -26.46159 -26.804759 0 0 -39.49615 -28.891675 -27.998185 -27.116472 -26.479233 -26.650511 -28.451875 -28.330357 -28.098512 -26.897573 -26.282065 -26.307339 -26.484895 -26.48573 -26.519854 -26.64383 -26.399424 -26.722801 -26.672411 -26.442062 -26.789004 -26.720954 -30.129836 -28.8443 -30.198987 0 -26.423879 -26.590746 -26.53923 0 
-27.419273 -26.366655 -26.298163 -27.446298 -27.323335 -26.576413 -26.589512 -26.316032 -26.554737 -26.46159 -26.454892 -26.411139 -30.114778 0 0 -27.110976 -26.737444 -27.269732 -27.116472 -26.479233 -26.723496 -27.177026 -26.891193 -26.266134 -26.271349 -26.282065 -26.524444 -26.511026 -26.529489 -26.702114 -26.743762 -39.47319 -26.716377 -26.672411 -26.442062 -26.789004 -28.181682 -27.529616 -28.8443 -30.198987 -26.389028 -26.389028 -26.590746 0 
0 -26.298163 -26.292863 -26.459616 -26.903321 -27.436175 0 -26.607932 -27.029394 -26.454892 -26.411139 -26.411589 -26.711409 -39.492032 -27.18818 -26.735042 -27.110976 -26.737444 -27.269732 -26.515932 -26.667242 -26.723496 -26.992719 -26.270926 -26.266134 -26.271349 -26.579224 -26.524444 -26.600012 -27.744839 0 0 -27.985878 -26.716377 -26.78928 -26.970939 -26.81083 -27.82823 -27.366605 -27.103372 -26.464535 -26.465302 0 0 
0 -26.292863 -26.459616 -26.749194 -27.197637 0 0 -27.029394 -27.336659 -26.59858 -26.411589 -26.406913 -26.711409 -26.875294 -27.296724 -27.18818 -26.735042 -27.730126 -26.44892 -26.670214 -26.515932 -26.667242 -27.448154 -26.449636 -26.270926 -27.177026 -28.707801 -26.933973 -29.998149 0 0 -27.985878 -27.002865 -26.54747 -26.598421 -26.755463 -26.970939 -27.547445 -27.103372 -27.142469 -27.045609 -26.611059 -27.861402 0 
-27.126502 -26.886294 -26.720724 0 -28.470663 0 0 0 -28.04712 -26.478724 -26.406913 -26.406913 -26.569145 -27.014586 -26.875294 -27.296724 -31.445016 -27.572239 -26.344178 -26.44892 -26.670214 -28.548787 -39.512025 -26.513584 -26.567428 -26.554464 -26.933973 -27.128756 -27.750251 0 0 -28.08687 -26.54747 -26.598421 -26.430345 -26.290003 -26.712983 -27.541105 -27.142469 -27.045609 -26.855714 -26.690514 -27.136715 0 
-26.573193 -26.493052 -26.662347 -29.54032 0 -28.470663 0 0 0 -39.49615 -26.406913 -26.499601 -27.305726 -26.569145 -27.205313 -39.538443 0 -28.198685 -27.34703 -26.344178 -39.489678 0 -30.077607 -26.567428 -26.554464 -26.949694 -27.128756 -27.750251 -39.48438 -27.128192 -26.594794 -26.500043 -26.562059 -27.482396 -26.290003 -26.447673 -26.745236 -26.56108 -33.108547 -28.177473 -26.690514 -27.13443 -27.039349 -27.136715 
-26.542418 -26.281152 -28.00707 0 0 0 0 0 0 -27.809178 -26.499601 -26.893663 -26.852482 -27.305726 0 0 0 -27.34703 -27.430712 -26.60908 -26.617242 -30.077607 -30.807151 -26.349616 -26.606787 -27.351061 -27.460335 0 -28.185908 -26.720954 -26.911714 -26.594794 -26.500043 -26.562059 -26.508035 -26.601291 -26.56108 -27.006442 -26.734564 -28.320772 -27.023791 -27.039349 -27.984132 -32.14139 
-26.358702 -26.336381 -30.629655 0 -27.602378 0 0 0 0 0 -26.893663 -27.359198 -27.816458 -26.852482 -32.647901 0 0 -27.660132 -26.60908 -26.617242 -31.218401 -28.465266 -26.734803 -26.421977 -26.349616 -26.606787 -28.470663 0 -29.081164 -28.001729 -26.720954 -26.911714 -27.740801 -30.145006 -26.586448 -26.508035 -27.006442 -26.734564 -28.320772 -26.679701 -26.370995 -28.862336 -26.827782 -37.603988 
-26.291538 -26.291538 -27.542158 -26.864234 -28.387045 -27.602378 -28.462576 -26.476903 -29.167653 0 0 0 0 0 -29.529248 -26.828693 -39.476724 0 0 0 -39.492032 -31.218401 -27.560283 -26.581013 -26.421977 -26.602575 -26.663905 -26.905859 -27.309514 -29.081164 0 0 0 0 -26.461968 -26.586448 -26.989672 -27.241787 0 -26.370995 -26.920264 -29.573957 -27.427093 -26.827782 
-26.633351 -26.362183 -26.456641 -26.619615 -26.864234 -26.774651 -26.476903 -26.527016 -26.496632 -28.308901 0 0 0 0 -27.766692 -29.529248 -26.828693 -39.476724 -30.092394 -28.25357 -32.787858 -39.530229 -27.202743 -26.375938 -26.602575 -26.832361 -26.847361 -26.663905 -26.905859 -28.207286 0 0 0 -26.777319 -26.423005 -26.461968 -26.608916 -26.772002 -26.478623 -26.606787 -26.740347 -30.206814 -26.754453 -27.11592 
0 -26.456641 -26.511489 -26.487725 -26.417914 -27.660132 -26.527016 -26.496632 -26.439736 -26.458217 -28.198685 0 0 -28.641254 0 -27.766692 -26.953304 -26.698205 -26.534378 -26.970939 -28.25357 -34.046225 -26.375938 -26.682992 -26.832361 -27.671195 -28.724142 0 -28.207286 0 0 0 0 -26.926307 -26.777319 -26.423005 -27.219642 -26.814635 -26.772002 -26.478623 -26.933201 -27.261217 -27.015956 -28.421373 
0 -29.758459 -26.619615 -26.469073 -26.433653 -26.417914 -26.786256 -26.439736 -26.458217 -26.427573 -26.483856 0 -27.391889 -26.752692 -28.641254 0 -26.378396 -26.768584 -26.698205 -26.534378 -27.089523 -30.352857 -26.975134 0 0 0 0 0 0 0 0 0 0 -26.790386 -26.854742 -26.950093 -27.686178 -27.219642 -26.814635 -26.845774 -26.667242 -26.725123 -27.261217 -27.475612 
0 -27.296724 -26.703208 -26.535011 -26.469073 -26.433653 -26.682785 -26.509526 -26.427573 -26.483856 -26.716832 -28.00707 -27.251427 -27.254208 -26.752692 -26.890139 -26.357366 -26.378396 -28.07918 -29.154372 -30.352857 -28.162866 -27.370755 -26.975134 0 0 0 0 0 0 0 0 0 -27.103912 -26.950093 -26.595265 -26.633529 -26.989238 -26.696481 -26.334585 -26.667242 -27.033164 -26.759787 -27.696316 
-26.419468 -26.377132 -26.44564 -26.703208 -26.535011 -26.968855 -26.792328 -26.690937 -26.945318 -26.716832 -27.355932 -27.216356 -28.00707 -27.251427 -26.918018 -26.788453 -26.491977 -26.357366 -28.628948 -28.07918 -28.162866 -27.370755 -35.193357 -27.704001 0 0 0 0 0 0 0 0 -33.933096 -28.402289 -26.595265 -26.633529 -26.67161 -26.827478 -26.334585 -26.427735 -27.236345 0 0 0 
-28.376989 -26.419468 -26.377132 -26.44564 -26.589974 -26.224493 -26.397105 -26.801615 -26.690937 -26.945318 -27.705288 -31.40589 -27.216356 -26.814635 -26.586601 -26.64475 -26.636387 -26.491977 -26.858971 -28.628948 0 0 0 0 0 0 0 -27.467934 -28.244605 -28.858711 -39.540202 -27.744839 -26.488781 -26.40846 -27.212435 -26.67161 -27.104993 -26.942555 -26.273221 -26.273221 -26.747952 0 0 0 
-27.344622 -27.221623 0 -26.486358 -26.381983 -26.329842 -26.224493 -26.594794 -26.801615 0 0 -35.463186 -27.243155 -26.498717 -26.384652 -26.462916 -26.64475 -26.636387 -28.698089 0 0 0 0 0 0 0 0 -26.940983 -27.467934 -28.244605 -28.320772 -26.488781 -26.40846 -26.400558 -26.474597 -27.085332 -27.07397 -26.668032 -26.28852 -26.283768 0 0 0 0 
0 0 0 -27.151798 -26.486358 -26.381983 -26.329842 -26.934747 0 0 -26.842301 -26.995785 -26.623036 -26.432572 -26.360046 -26.384652 -26.462916 -27.172136 0 0 0 -29.901391 0 0 0 0 0 -27.234992 -26.940983 -32.532452 -28.25808 -28.906571 -26.400558 -26.474597 -30.591977 -27.286377 -27.085332 -27.07397 -26.578778 -26.28852 -34.868245 0 0 0 
-28.669369 0 0 -26.634419 -26.397035 -26.255759 -27.033164 0 0 -28.520325 -26.440509 -26.577446 -26.442322 -26.416988 -26.432572 -26.360046 -26.647153 0 0 0 -26.499048 -26.357366 -26.880073 -26.535774 -26.513234 0 0 -30.23047 -27.234992 -28.880603 -29.351082 -28.25808 -26.647339 -26.294084 -27.49814 -27.766692 -27.323335 -29.77733 -26.4022 -26.547869 -30.070253 0 0 0 
-27.779227 -27.592204 -27.188806 -26.523836 -26.217841 -26.28963 -27.686178 0 -26.784343 -26.623552 -26.294429 -26.440509 -26.577446 -26.442322 -26.416988 -26.581612 0 0 -26.867223 -26.419702 -26.402487 -26.499048 -26.357366 -26.513234 -26.42725 -26.353006 -28.325555 -28.409985 -30.23047 -29.9561 -28.880603 -29.351082 -26.294084 -26.307716 -27.181339 -26.563181 -27.58438 -27.323335 -26.4022 -26.347142 -29.935405 -30.070253 0 0 
0 -27.779227 -27.542158 -26.79991 -26.523836 -26.217841 -26.953304 -26.405743 -26.328641 -26.364995 -26.248576 -26.294429 -26.442322 -26.580864 -27.435261 0 0 -39.539616 -26.990106 -26.867223 -26.419702 -26.402487 -26.524566 -26.42725 -26.353006 -26.58905 -27.889451 -28.325555 -28.409985 -27.079105 -26.572466 -26.451344 -26.307716 -26.25751 -27.034111 -27.154744 -26.563181 0 -26.347142 -26.402918 -28.399735 -30.890482 0 0 
0 0 -29.047877 -27.418126 -26.79991 -26.565296 -26.398859 -26.296206 -26.27824 -26.230713 -26.364995 -26.248576 -26.805621 -27.406636 -28.500777 -28.175374 -27.239741 0 -32.14139 -26.990106 -26.936687 -28.140304 -27.125379 -26.729341 -26.58905 -26.500043 0 0 0 -27.221623 -26.724193 -26.572466 -26.25751 -26.759276 -26.482511 -28.384523 -29.422219 -27.049499 -26.526893 -26.482408 -30.890482 -28.124188 0 0 
0 -29.047877 -27.418126 -27.79765 -27.732782 -26.50082 -26.378333 -26.305054 -26.287454 -26.27824 -26.230713 -26.412793 -26.595893 -26.471622 -27.406636 -27.239741 -26.290975 0 -31.750216 -39.500855 -26.686315 -26.686315 -28.140304 -26.777052 -26.500043 -26.396338 -27.113717 0 -30.16797 -26.859626 -26.445113 -26.274251 -26.296168 -26.482511 -27.166683 -28.384523 -27.247967 -27.91673 -27.049499 -26.61758 -28.124188 -28.128194 0 0 
0 0 -27.79765 -27.732782 -26.311625 -26.358274 -26.330277 -26.357027 -26.305054 -26.287454 -26.447762 -26.482924 -26.43432 -26.457288 -26.471622 -26.290975 -26.205317 -26.864234 -27.669959 -27.183817 -26.255008 -26.392001 -26.686315 -27.027052 -26.396338 -26.3897 -26.478623 0 0 -26.445113 -26.274251 -26.258809 -26.245922 0 -28.384523 0 -28.438629 -27.247967 0 -27.522394 -28.124188 -29.060275 0 0 
0 -28.43337 -27.732782 -26.333006 -26.355229 -26.311625 -26.358274 -26.330277 -26.357027 -26.246971 -26.36821 -26.447762 -26.467325 -26.43432 -26.457288 -26.205317 -26.361198 -26.871576 -26.864565 -26.805908 -26.207373 -26.255008 -26.392001 -26.595893 -26.3897 -26.478623 -26.35273 -26.691572 0 -31.066124 -26.658482 -26.178126 -26.178126 0 0 0 0 0 0 -39.443703 -27.522394 -28.124188 0 0 
-28.43337 0 0 -27.016414 -26.333006 -26.355229 -26.418689 -26.714111 0 0 -26.246971 -26.36821 -26.535011 -26.467325 -26.456087 0 -26.724485 -32.077419 0 0 -26.805908 -26.207373 -26.717744 0 -29.396021 -27.113538 -26.607061 -27.960522 0 0 -33.535775 0 -26.204813 0 0 0 0 0 0 0 -39.443703 0 0 0 
