var/www/cgi-bin/BAERTOOLS/ravel/working/ravel-180072.DEM
NCOLS 134
NROWS 43
XLLCORNER 275906.32
YLLCORNER 3833378.9
CELLSIZE 10
NODATA_VALUE -9999
[rows 0 to 27 of 43, columns 63 to 125 of 134]
1543.731 1543.419 1543.141 1542.499 1541.293 1540.282 1536.446 1534.539 1533.702 1533.284 1534.216 1535.721 1536.066 1536.411 1535.707 1532.447 1528.039 1524.903 1523.278 1521.131 1518.384 1515.84 1513.751 1511.33 1509.683 1507.416 1504.412 1503.002 1501.568 1499.893 1497.833 1494.776 1490.654 1489.541 1488.439 1487.798 1486.782 1485.412 1483.527 1482.067 1479.335 1478.177 1477.09 1475.85 1474.757 1474.821 1475.248 1476.133 1477.584 1479.234 1479.268 1477.679 1479.722 1482.576 1485.229 1487.707 1488.987 1488.948 1489.808 1490.924 1492.386 1495.844 1500.088
1540.843 1540.667 1540.531 1539.709 1538.452 1537.81 1534.705 1532.613 1530.747 1529.075 1529.687 1531.183 1531.836 1531.921 1530.425 1526.862 1522.868 1517.913 1516.463 1515.323 1514.162 1513.027 1511.089 1509.712 1507.562 1505.207 1503.275 1502.187 1500.7 1499.682 1497.163 1493.913 1492.302 1491.399 1489.75 1488.803 1487.716 1485.412 1483.52 1480.269 1478.873 1477.855 1476.989 1475.569 1474.281 1474.868 1475.296 1475.871 1476.821 1477.694 1476.631 1476.739 1478.346 1480.344 1483.216 1485.412 1486.142 1486.813 1488.187 1489.149 1489.774 1492.179 1498.146
1539.054 1538.978 1538.552 1537.784 1536.961 1534.27 1532.09 1530 1527.744 1525.256 1525.206 1526.29 1526.936 1527.369 1526.347 1522.857 1518.88 1512.755 1512.132 1511.813 1511.5 1511.102 1509.238 1507.011 1504.47 1502.543 1500.827 1500.312 1499.325 1498.134 1496.398 1494.65 1493.078 1491.877 1490.3 1489.303 1487.716 1486.215 1484.143 1479.171 1478.183 1477.303 1476.432 1474.848 1473.751 1474.645 1475.31 1476.083 1476.576 1476.272 1475.601 1476.819 1478.313 1479.778 1481.115 1482.547 1483.844 1485.299 1486.762 1487.313 1488.397 1492.214 1498.845
1537.361 1537.803 1537.827 1537.669 1537.392 1532.804 1530.528 1528.509 1526.691 1524.815 1523.462 1522.568 1522.575 1522.486 1521.338 1518.13 1512.184 1511.057 1510.606 1510.156 1509.504 1509.147 1507.342 1505.703 1503.888 1502.107 1500.579 1499.597 1497.995 1496.913 1495.785 1494.475 1493.209 1491.279 1490.376 1489.303 1487.958 1486.183 1483.874 1477.853 1476.263 1476.12 1475.386 1473.704 1473.166 1474.536 1475.417 1476.165 1476.535 1476.149 1475.521 1476.357 1477.593 1478.462 1478.63 1479.604 1483.053 1484.817 1486.458 1487.974 1490.657 1495.11 1502.768
1536.647 1537.306 1537.65 1537.603 1536.785 1532.318 1529.833 1528.084 1526.972 1525.588 1523.533 1520.15 1518.868 1517.373 1515.549 1513.549 1511.268 1510.624 1509.849 1509.059 1508.559 1508.123 1505.971 1505.059 1503.599 1502.116 1501.404 1500.582 1498.024 1496.62 1495.238 1493.927 1492.883 1490.95 1490.376 1489.319 1487.911 1485.569 1482.461 1477.938 1476.26 1475.326 1474.484 1473.155 1472.635 1474.354 1475.536 1476.292 1476.538 1476.206 1474.972 1475.456 1476.217 1476.436 1476.296 1477.043 1482.716 1484.689 1486.432 1489.999 1495.402 1499.753 1504.194
1536.145 1536.684 1537.086 1536.83 1535.685 1531.505 1529.485 1528.125 1527.043 1525.636 1523.833 1519.139 1517.313 1515.753 1514.41 1513.301 1511.063 1510.102 1509.303 1508.545 1507.909 1507.18 1505.497 1504.583 1503.423 1502.577 1501.901 1500.028 1498.574 1496.687 1494.65 1493.167 1492.883 1490.95 1490.106 1489.157 1487.709 1485.494 1483.35 1478.218 1476.733 1475.378 1474.188 1472.927 1472.548 1473.902 1475.268 1476.26 1476.634 1476.249 1474.402 1474.489 1474.648 1474.889 1475.72 1477.388 1484.716 1485.967 1487.918 1492.942 1499.528 1502.371 1504.022
1535.131 1535.005 1534.651 1534.646 1533.621 1530.401 1529.222 1527.986 1526.673 1525.37 1521.585 1519.193 1517.363 1516.242 1515.166 1513.955 1511.681 1510.138 1508.883 1508.119 1507.279 1506.45 1504.798 1503.773 1502.773 1502.168 1502.025 1500.08 1498.077 1495.597 1493.315 1493.167 1491.985 1490.282 1489.436 1488.522 1487.07 1484.924 1482.681 1478.506 1476.601 1475.367 1474.154 1472.784 1471.663 1472.938 1474.403 1475.697 1476.459 1476.178 1474.011 1474.153 1474.543 1475.55 1477.281 1480.099 1487.27 1489.765 1492.958 1497.21 1501.124 1501.803 1501.878
1533.405 1532.227 1530.844 1530.37 1529.518 1529.316 1528.512 1527.588 1526.531 1525.361 1522.008 1520.042 1518.266 1516.551 1515.035 1514.198 1511.963 1510.248 1508.638 1507.698 1506.994 1504.889 1503.985 1503.053 1501.88 1500.746 1500.809 1499.314 1497.112 1494.605 1493.315 1491.884 1490.924 1488.541 1487.768 1487.132 1485.811 1484.112 1480.934 1479.204 1477.115 1475.293 1474.178 1472.992 1470.751 1471.327 1472.722 1474.168 1474.835 1474.314 1473.02 1473.759 1475.202 1476.808 1479.454 1487.039 1488.823 1490.331 1493.964 1498.559 1500.439 1499.946 1499.454
1530.947 1528.398 1526.922 1526.75 1528.073 1528.095 1527.667 1527.137 1526.573 1525.817 1523.137 1521.027 1518.354 1516.011 1515.3 1514.385 1511.98 1510.892 1509.575 1507.953 1505.658 1504.16 1503.271 1502.45 1501.59 1500.466 1499.834 1497.426 1495.599 1494.605 1492.241 1490.672 1489.579 1487.474 1486.451 1485.488 1484.315 1483.285 1481.322 1479.97 1477.722 1475.52 1474.914 1474.511 1470.752 1470.081 1470.441 1471.071 1471.603 1471.422 1471.029 1473.33 1475.278 1477.393 1480.527 1487.937 1489.609 1491.233 1493.695 1495.964 1497.607 1497.587 1497.332
1529.619 1526.395 1524.547 1525.284 1527.099 1526.798 1526.794 1526.642 1526.274 1525.932 1524.79 1521.641 1517.9 1515.871 1514.981 1514.828 1512.978 1512.376 1510.644 1507.507 1505.509 1503.442 1502.665 1501.947 1501.442 1500.774 1499.085 1496.083 1495.599 1493.633 1491.467 1489.646 1487.446 1487.009 1486.418 1485.577 1484.626 1483.361 1481.504 1480.382 1478.281 1476.25 1476.24 1476.363 1472.019 1469.864 1469.249 1468.589 1466.841 1466.982 1469.08 1472.518 1474.936 1476.866 1479.57 1486.183 1488.14 1489.672 1490.838 1491.937 1493.61 1495.099 1494.873
1529.714 1527.097 1524.73 1524.487 1525.856 1525.872 1525.922 1526.048 1525.972 1525.176 1521.985 1517.819 1514.896 1514.337 1513.986 1513.809 1513.626 1513.076 1510.747 1507.002 1504.934 1502.781 1502.283 1501.735 1501.344 1500.506 1498.246 1496.083 1494.456 1492.631 1490.792 1489.357 1488.523 1488.771 1488.973 1488.896 1487.679 1484.822 1481.223 1480.303 1478.997 1477.671 1477.316 1477.158 1472.895 1470.201 1469.298 1467.84 1464.146 1464.59 1467.24 1470.754 1473.148 1474.863 1476.646 1483.361 1486.077 1487.162 1488.226 1489.366 1490.997 1493.01 1492.448
1529.687 1527.392 1525.322 1524.237 1523.796 1523.699 1523.199 1521.702 1519.508 1518.097 1514.815 1512.776 1511.873 1511.705 1512.049 1510.901 1510.499 1508.993 1506.223 1503.445 1502.098 1501.655 1501.316 1500.947 1500.218 1498.545 1498.246 1494.375 1492.869 1491.385 1490.199 1489.215 1489.422 1489.662 1489.834 1489.917 1489.027 1486.343 1480.638 1479.59 1478.881 1478.66 1477.638 1475.304 1472.885 1470.416 1468.995 1467.715 1464.881 1463.776 1466.096 1469.578 1472.266 1473.398 1475.482 1481.141 1483.856 1485.355 1486.697 1488.507 1491.469 1491.423 1490.099
1529.982 1528.155 1526.618 1525.265 1523.571 1522.277 1520.699 1519.297 1517.89 1515.489 1514.124 1513.206 1512.911 1511.843 1508.923 1505.306 1504.084 1502.953 1501.855 1500.625 1500.68 1500.724 1500.113 1498.432 1500.218 1498.545 1494.011 1492.074 1490.529 1489.388 1488.589 1488.25 1487.856 1487.549 1487.376 1487.17 1485.863 1483.174 1479.455 1478.645 1478.21 1478.096 1477.131 1474.325 1472.239 1470.214 1468.857 1467.469 1465.256 1463.921 1466.204 1469.197 1472.172 1474.961 1477.093 1481.001 1483.018 1484.57 1486.276 1488.166 1489.447 1489.274 1488.383
1530.922 1529.487 1528.384 1527.239 1525.634 1524.734 1523.033 1521.047 1519.98 1517.841 1516.813 1516.244 1515.658 1514.845 1513.544 1508.491 1506.878 1505.523 1503.465 1500.652 1498.695 1497.071 1495.238 1498.432 1496.175 1494.016 1490.611 1489.368 1487.706 1485.989 1484.799 1483.97 1482.032 1481.271 1480.718 1480.186 1479.101 1477.663 1477.669 1477.422 1477.212 1477.136 1476.535 1472.874 1470.916 1469.683 1468.626 1467.059 1464.572 1463.949 1466.251 1469.305 1472.344 1475.305 1477.882 1479.045 1480.567 1482.327 1484.515 1486.319 1487.063 1486.979 1486.069
1532.015 1530.822 1529.39 1526.232 1525.263 1524.584 1523.549 1522.794 1522.361 1520.775 1520.006 1519.28 1518.389 1517.56 1516.337 1513.642 1513.274 1512.344 1510.901 1508.795 1502.222 1498.589 1495.238 1493.082 1491.296 1489.773 1487.636 1486.012 1483.761 1481.852 1480.207 1478.33 1476.455 1475.681 1474.942 1474.522 1474.157 1473.434 1473.361 1473.735 1474.262 1474.251 1473.64 1469.759 1468.491 1467.929 1467.46 1466.426 1464.156 1463.775 1465.47 1467.998 1470.885 1473.808 1476.35 1477.402 1479.056 1480.696 1482.136 1483.374 1484.212 1484.143 1483.939
1533.517 1532.453 1531.078 1527.398 1526.027 1525.621 1525.241 1524.985 1524.787 1524.238 1523.209 1521.889 1521.035 1520.383 1519.632 1518.347 1517.995 1517.319 1516.67 1515.821 1511.259 1498.589 1496 1494.72 1493.515 1491.737 1488.398 1486.93 1484.878 1483.461 1481.599 1478.699 1475.866 1475.04 1474.357 1473.916 1473.322 1471.421 1470.363 1469.874 1469.827 1469.217 1467.565 1466.352 1466.397 1466.556 1466.466 1465.768 1463.335 1463.556 1465.065 1467.113 1468.798 1471.033 1474.516 1476.008 1477.63 1478.896 1479.816 1480.756 1481.266 1481.4 1481.118
1535.157 1534.109 1533.264 1531.357 1530.305 1529.423 1529.217 1528.584 1527.819 1526.526 1525.356 1524.098 1523.189 1522.914 1522.547 1522.406 1522.433 1522.254 1521.751 1520.929 1511.259 1505.437 1501.063 1499.966 1498.526 1496.55 1494.181 1492.45 1490.604 1489.387 1487.864 1482.357 1479.955 1478.226 1477.426 1477.264 1476.321 1474.123 1473.027 1471.086 1468.838 1466.97 1464.153 1464.397 1464.854 1465.284 1465.439 1465.085 1463.409 1463.448 1464.219 1465.015 1465.858 1468.023 1472.736 1474.221 1475.727 1476.907 1477.675 1478.305 1479.148 1479.118 1481.118
1536.349 1535.394 1534.796 1534.797 1534.87 1534.909 1534.662 1532.894 1531.314 1528.527 1527.169 1526.096 1525.502 1525.41 1525.558 1525.505 1525.564 1525.679 1525.676 1520.929 1516.533 1512.834 1509.165 1506.605 1504.221 1501.992 1500.953 1500.33 1498.198 1494.953 1493.088 1488.258 1485.963 1484.69 1484.057 1483.673 1482.797 1479.193 1477.252 1475.076 1472.245 1468.943 1463.808 1463.689 1464.046 1464.393 1464.698 1464.693 1463.848 1463.467 1463.256 1463.304 1463.911 1465.788 1470.188 1471.957 1473.504 1474.641 1475.58 1476.758 1476.832 1479.118 1478.841
1537.499 1536.682 1536.923 1537.589 1538.144 1538.286 1537.489 1536.098 1532.975 1531.211 1529.544 1528.337 1527.544 1527.23 1527.186 1526.865 1526.973 1526.849 1525.676 1525.467 1520.726 1516.914 1514.581 1513.179 1510.549 1508.339 1508.106 1506.968 1503.549 1499.623 1497.875 1493.197 1491.701 1491.266 1491.08 1490.689 1489.699 1486.328 1482.972 1479.595 1476.395 1472.627 1465.478 1464.039 1463.759 1463.98 1464.266 1464.42 1463.683 1463.111 1462.903 1462.909 1463.399 1464.449 1467.839 1469.237 1470.775 1472.24 1473.176 1474.097 1476.832 1476.642 1476.434
1541.581 1540.301 1539.686 1539.703 1539.891 1539.674 1538.633 1537.571 1534.521 1533.231 1531.916 1530.487 1529.431 1528.777 1527.781 1527.383 1526.973 1526.849 1526.515 1525.905 1523.333 1520.265 1517.097 1514.977 1514.315 1514.208 1514.13 1512.381 1508.469 1504.696 1502.636 1498.002 1496.949 1496.582 1496.586 1496.327 1494.926 1490.622 1487.873 1483.951 1479.443 1475.557 1467.683 1464.894 1463.618 1463.576 1463.693 1463.882 1463.099 1462.515 1462.401 1462.503 1462.799 1464.731 1465.806 1466.947 1468.415 1469.858 1470.845 1474.097 1474.074 1473.753 1473.723
1547.088 1545.852 1542.992 1541.847 1541.149 1540.356 1539.464 1538.375 1535.952 1534.856 1533.632 1532.065 1530.76 1529.665 1527.874 1527.383 1527.1 1526.828 1525.992 1524.277 1523.153 1521.077 1518.701 1517.173 1516.152 1515.374 1514.879 1514.287 1513.052 1510.572 1507.516 1501.656 1500.784 1500.999 1501.091 1500.913 1496.307 1492.882 1489.927 1485.898 1480.71 1476.439 1468.007 1464.896 1463.286 1463.091 1462.903 1462.809 1462.296 1461.823 1461.7 1461.777 1461.881 1463.008 1463.48 1464.5 1466.159 1467.548 1470.845 1470.572 1470.468 1470.285 1470.327
1550.558 1549.345 1545.601 1543.615 1542.14 1541.177 1540.293 1539.486 1537.362 1536.192 1534.944 1533.406 1531.414 1529.988 1527.874 1527.269 1526.745 1525.898 1525.056 1523.457 1522.45 1521.124 1519.619 1518.27 1517.223 1515.641 1515.112 1514.656 1514.178 1513.537 1511.778 1505.797 1504.467 1504.448 1503.801 1502.546 1497.001 1493.161 1489.407 1484.895 1479.727 1475.737 1469.184 1466.249 1465.672 1465.579 1463.751 1461.757 1461.538 1461.236 1460.987 1460.881 1461.122 1461.965 1462.568 1463.584 1464.943 1467.548 1468.338 1467.701 1466.424 1465.925 1466.294
1551.46 1549.601 1545.875 1544.072 1542.518 1541.275 1540.477 1540.328 1538.174 1536.996 1535.47 1533.45 1531.475 1528.757 1527.682 1526.442 1525.318 1524.738 1524.09 1522.594 1521.786 1520.846 1519.841 1518.817 1517.706 1515.697 1514.469 1513.671 1513.659 1513.476 1511.033 1508.287 1506.641 1505.82 1504.572 1502.366 1496.143 1492.019 1487.958 1484.003 1479.561 1476.013 1472.476 1471.675 1471.292 1470.929 1467.655 1462.699 1461.449 1460.658 1460.347 1460.089 1459.922 1460.932 1461.674 1462.581 1464.943 1466.037 1466.392 1465.814 1464.481 1463.317 1464.244
1551.107 1549.308 1545.919 1543.701 1541.843 1540.414 1539.557 1538.937 1538.038 1536.965 1535.491 1533.233 1531.475 1528.265 1527.018 1525.808 1524.767 1523.94 1523.001 1521.801 1521.166 1520.448 1519.654 1518.844 1517.931 1515.25 1513.541 1512.455 1512.189 1511.746 1510.583 1508.958 1507.402 1505.683 1503.628 1501.462 1495.66 1492.247 1488.679 1484.712 1480.103 1476.153 1475.573 1476.446 1477.033 1476.373 1473.065 1465.291 1464.494 1463.122 1460.172 1459.531 1459.124 1459.544 1461.674 1462.581 1463.489 1464.028 1463.767 1463.328 1462.716 1462.8 1464.242
1550.893 1549.079 1546.583 1543.48 1539.67 1538.113 1537.543 1537.08 1536.75 1535.889 1534.395 1533.233 1530.524 1527.125 1526.054 1525.105 1524.239 1523.401 1522.661 1521.447 1520.72 1520.021 1519.321 1518.519 1516.654 1515.106 1513.641 1512.854 1512.317 1511.736 1511.288 1510.372 1508.153 1504.615 1501.4 1499.483 1494.872 1492.337 1489.563 1486.511 1483.201 1478.672 1479.663 1480.694 1480.668 1478.732 1475.573 1469.005 1467.43 1466.143 1463.151 1459.628 1458.771 1459.544 1460.108 1460.798 1461.596 1462.132 1461.566 1461.482 1461.555 1462.148 1463.266
1550.65 1548.492 1544.315 1541.556 1538.37 1536.8 1536.392 1535.776 1535.34 1534.909 1534.395 1532.204 1528.936 1525.158 1524.613 1524.318 1523.69 1523.117 1522.788 1521.48 1520.52 1519.529 1518.657 1517.75 1516.225 1515.424 1514.534 1513.741 1513.303 1513.189 1512.952 1512.147 1509.989 1506.156 1501.755 1499.432 1495.127 1492.314 1489.325 1487.073 1485.803 1483.469 1484.297 1485.27 1484.669 1481.403 1477.568 1471.792 1469.705 1467.664 1464.949 1462 1458.402 1458.531 1458.881 1459.198 1459.741 1460.2 1459.597 1459.951 1460.19 1460.858 1462.044
1549.779 1548.062 1546.365 1543.602 1539.702 1537.788 1536.871 1535.513 1535.34 1534.909 1534.049 1532.179 1530.212 1525.862 1525.07 1524.522 1524.033 1523.675 1522.861 1521.947 1520.489 1518.715 1517.059 1516.328 1515.341 1514.915 1514.516 1514.097 1513.737 1513.602 1513.697 1513.382 1511.51 1507.943 1504.096 1498.868 1497.233 1495.053 1492.041 1489.675 1488.78 1487.937 1488.958 1489.545 1488.736 1485.51 1480.42 1473.593 1471.424 1469.097 1466.51 1462 1457.964 1457.565 1457.365 1457.531 1457.984 1458.248 1457.592 1457.866 1458.705 1459.74 1460.904
1551.2 1549.001 1547.578 1545.217 1542.815 1540.528 1538.573 1535.513 1535.141 1534.744 1534.017 1532.582 1530.85 1527.534 1526.467 1525.681 1525.264 1524.824 1523.519 1522.307 1520.622 1518.143 1515.282 1514.006 1513.746 1513.826 1513.816 1513.667 1513.555 1513.524 1514.049 1513.824 1511.752 1508.703 1505.282 1500.411 1499.58 1498.282 1495.748 1493.147 1491.989 1492.12 1492.741 1492.32 1490.796 1488.293 1483.809 1476.029 1473.72 1471.418 1466.51 1463.757 1459.468 1458.208 1457.005 1456.18 1456.249 1456.32 1454.967 1455.871 1457.187 1458.306 1459.714
