var/www/cgi-bin/BAERTOOLS/ravel/working/ravel-12043.DEM
NCOLS 83
NROWS 57
XLLCORNER 616413.99
YLLCORNER 4621855.4
CELLSIZE 10
NODATA_VALUE -9999
[rows 0 to 27 of 57, columns 0 to 62 of 83]
1472.872 1472.932 1472.93 1472.929 1472.904 1472.81 1472.658 1472.209 1471.94 1471.553 1470.882 1470.446 1469.884 1468.556 1467.858 1466.985 1466.071 1463.952 1462.56 1461.029 1457.294 1455.218 1453.63 1451.689 1451.418 1451.132 1450.92 1450.572 1450.381 1450.208 1449.919 1449.718 1449.651 1449.527 1449.295 1449.197 1449.194 1449.209 1449.249 1449.288 1449.528 1449.684 1449.829 1449.965 1450.474 1450.77 1451.224 1452.254 1452.576 1452.818 1453.225 1453.361 1453.428 1453.518 1453.64 1453.63 1453.63 1453.511 1453.503 1453.501 1453.904 1453.867 1453.799
1473.19 1473.234 1473.228 1473.231 1473.201 1473.111 1472.961 1472.619 1472.383 1472.145 1471.384 1470.95 1470.392 1469.776 1468.382 1467.557 1466.488 1464.521 1463.218 1461.524 1457.651 1455.738 1454.097 1452.791 1451.532 1451.301 1451.01 1450.556 1450.339 1450.192 1449.996 1449.815 1449.689 1449.575 1449.418 1449.348 1449.345 1449.33 1449.344 1449.427 1449.679 1449.832 1449.986 1450.183 1450.628 1450.917 1451.339 1452.317 1452.802 1453.156 1453.556 1453.745 1453.839 1453.991 1454.137 1454.143 1454.137 1454.108 1454.049 1454.008 1453.904 1453.867 1454.405
1473.19 1473.435 1473.444 1473.513 1473.441 1473.443 1473.374 1473.179 1473.006 1472.767 1471.992 1471.583 1471.099 1470.489 1469.021 1468.062 1467.058 1465.039 1463.829 1462.177 1458.345 1456.5 1454.765 1453.41 1451.683 1451.507 1451.204 1450.682 1450.42 1450.272 1449.935 1449.828 1449.684 1449.664 1449.452 1449.444 1449.443 1449.509 1449.514 1449.591 1449.833 1449.99 1450.144 1450.283 1450.795 1451.088 1451.463 1452.279 1452.812 1453.305 1453.805 1454.043 1454.219 1454.367 1454.569 1454.63 1454.624 1454.683 1454.7 1454.575 1454.472 1454.414 1454.405
1473.39 1473.435 1473.735 1473.755 1473.891 1473.97 1473.973 1473.725 1473.641 1473.466 1472.655 1472.338 1471.908 1471.229 1469.731 1468.748 1467.661 1465.693 1464.443 1462.942 1459.084 1457.092 1455.439 1454.033 1451.951 1451.617 1451.313 1450.808 1450.506 1450.293 1450.063 1449.903 1449.751 1449.688 1449.596 1449.538 1449.537 1449.598 1449.666 1449.735 1449.964 1450.137 1450.243 1450.428 1450.936 1451.186 1451.571 1452.343 1452.857 1453.351 1453.668 1454.256 1454.481 1454.688 1454.981 1455.033 1455.049 1455.174 1455.191 1455.269 1455.131 1454.997 1454.93
1473.568 1473.648 1473.735 1473.755 1474.246 1474.373 1474.38 1474.367 1474.23 1474.005 1473.66 1473.218 1472.743 1472.21 1470.63 1469.678 1468.666 1466.178 1465.071 1463.723 1459.916 1457.948 1456.225 1454.748 1452.373 1451.704 1451.399 1450.806 1450.539 1450.379 1450.029 1449.944 1449.852 1449.77 1449.686 1449.723 1449.721 1449.759 1449.76 1449.9 1449.972 1450.283 1450.413 1450.646 1451.047 1451.344 1451.689 1452.444 1453.036 1453.512 1453.908 1454.509 1454.773 1455.092 1455.384 1455.454 1455.56 1455.758 1455.78 1455.826 1455.784 1455.578 1455.552
1473.676 1473.784 1473.962 1474.117 1474.246 1474.373 1474.873 1474.961 1474.893 1474.803 1474.229 1473.989 1473.65 1473.125 1471.593 1470.683 1469.592 1467.177 1465.834 1464.417 1462.691 1458.722 1456.915 1455.29 1452.666 1451.789 1451.5 1450.798 1450.519 1450.308 1450.194 1450.03 1449.952 1449.872 1449.839 1449.855 1449.848 1449.927 1450 1450.046 1450.17 1450.458 1450.612 1450.791 1451.236 1451.545 1451.803 1452.581 1453.147 1453.686 1454.161 1454.869 1455.203 1455.473 1455.804 1455.912 1456.069 1456.256 1456.3 1456.281 1456.272 1456.347 1456.194
1473.868 1474.022 1474.229 1474.334 1474.718 1474.797 1474.873 1474.961 1475.497 1475.396 1475.186 1474.688 1474.356 1473.917 1472.782 1471.924 1470.829 1468.137 1466.709 1465.217 1463.551 1459.5 1457.398 1455.687 1452.933 1451.935 1451.432 1450.757 1450.426 1450.277 1450.199 1450.143 1450.053 1449.979 1449.957 1449.96 1450.017 1450.079 1450.166 1450.215 1450.299 1450.691 1450.88 1451.02 1451.495 1451.741 1451.96 1452.807 1453.288 1453.821 1454.331 1455.204 1455.564 1455.813 1456.314 1456.473 1456.586 1456.872 1456.929 1456.915 1456.931 1456.969 1456.888
1473.775 1474.191 1474.362 1474.581 1474.957 1475.175 1475.278 1475.469 1475.497 1475.903 1475.768 1475.353 1475.129 1474.911 1474.059 1473.31 1472.363 1469.43 1467.755 1466.118 1464.44 1460.114 1457.855 1456.001 1452.973 1451.938 1451.421 1450.626 1450.456 1450.372 1450.225 1450.188 1450.151 1450.007 1450.034 1450.167 1450.233 1450.217 1450.348 1450.418 1450.544 1450.984 1451.198 1451.399 1451.737 1451.937 1452.272 1453.184 1453.694 1454.27 1454.73 1455.551 1455.935 1456.32 1456.863 1457.052 1457.145 1457.429 1457.513 1457.533 1457.578 1457.579 1457.545
1473.927 1474.307 1474.515 1474.68 1475.183 1475.443 1475.68 1476.019 1475.982 1475.903 1475.768 1476.313 1476.177 1476.026 1475.472 1475.007 1474.097 1470.805 1468.858 1466.885 1464.872 1460.573 1458.179 1456.02 1452.803 1451.72 1451.215 1450.465 1450.365 1450.289 1450.194 1450.259 1450.182 1450.161 1450.186 1450.283 1450.343 1450.442 1450.554 1450.689 1450.78 1451.271 1451.597 1451.811 1452.129 1452.428 1452.823 1453.221 1454.157 1454.73 1455.195 1456.02 1456.411 1456.834 1457.362 1457.578 1457.762 1457.914 1458.074 1458.138 1458.156 1458.253 1458.227
1473.973 1474.349 1474.509 1474.767 1475.428 1475.785 1476.026 1476.328 1476.396 1476.399 1476.336 1476.313 1476.177 1476.919 1476.904 1476.677 1475.694 1472.058 1469.843 1467.569 1465.384 1460.814 1458.272 1455.723 1452.382 1451.485 1450.911 1450.369 1450.249 1450.198 1450.265 1450.181 1450.185 1450.188 1450.35 1450.399 1450.608 1450.746 1451.005 1451.083 1451.15 1451.556 1451.951 1452.282 1452.815 1453.118 1453.443 1453.861 1454.842 1455.262 1455.708 1456.611 1456.984 1457.354 1457.924 1458.148 1458.381 1458.577 1458.699 1458.808 1458.881 1458.914 1458.874
1474.043 1474.381 1474.552 1474.839 1475.443 1475.738 1476.073 1476.53 1476.673 1476.74 1476.761 1476.914 1476.968 1476.919 1477.421 1477.503 1476.901 1475.301 1470.972 1468.457 1466.037 1461.284 1458.339 1455.32 1451.625 1451.026 1450.69 1450.53 1450.16 1450.192 1450.27 1450.228 1450.198 1450.343 1450.524 1450.685 1450.919 1451.214 1451.428 1451.498 1451.567 1451.921 1452.336 1452.782 1453.506 1453.861 1454.215 1454.6 1455.525 1455.963 1456.469 1457.207 1457.595 1457.973 1458.613 1458.807 1458.992 1459.231 1459.36 1459.482 1459.594 1459.589 1459.582
1474.121 1474.474 1474.654 1474.849 1475.384 1475.673 1476.035 1476.305 1476.744 1476.828 1476.908 1477.029 1477.048 1477.131 1477.421 1477.503 1477.49 1476.554 1472.123 1469.543 1467.041 1461.819 1458.41 1455.088 1451.242 1450.745 1450.475 1450.307 1450.328 1450.19 1450.26 1450.381 1450.381 1450.463 1450.88 1451.123 1451.419 1451.665 1451.826 1451.891 1451.953 1452.557 1452.99 1453.384 1454.23 1454.592 1454.97 1455.394 1456.286 1456.75 1457.236 1458.001 1458.334 1458.715 1459.329 1459.534 1459.723 1459.907 1460.089 1460.203 1460.312 1460.335 1460.346
1474.26 1474.5 1474.762 1474.908 1475.354 1475.639 1475.974 1476.297 1476.728 1476.878 1476.979 1477.121 1477.196 1477.311 1477.416 1477.485 1477.49 1476.554 1473.274 1470.57 1467.859 1462.207 1458.586 1454.968 1451.185 1450.755 1450.493 1450.401 1450.348 1450.48 1450.404 1450.413 1450.511 1450.661 1451.196 1451.564 1451.856 1452.073 1452.427 1452.489 1452.621 1453.212 1453.726 1454.088 1454.89 1455.338 1455.771 1456.214 1457.214 1457.64 1458.033 1458.901 1459.234 1459.555 1460.113 1460.321 1460.496 1460.647 1460.807 1460.926 1461.035 1461.055 1461.073
1474.255 1474.56 1474.825 1474.975 1475.366 1475.57 1475.946 1476.281 1476.609 1476.771 1476.932 1477.098 1477.168 1477.372 1477.569 1477.528 1477.362 1477.335 1473.274 1470.57 1468.688 1462.801 1458.873 1455.033 1451.153 1450.89 1450.67 1450.441 1450.428 1450.476 1450.4 1450.469 1450.545 1450.861 1451.53 1451.849 1452.09 1452.525 1453.087 1453.202 1453.341 1454.052 1454.464 1454.906 1455.348 1456.143 1456.604 1457.113 1458.085 1458.576 1458.945 1459.731 1460.083 1460.378 1460.688 1461.065 1461.204 1461.298 1461.51 1461.585 1461.698 1461.748 1461.735
1474.248 1474.634 1474.822 1475.011 1475.381 1475.604 1475.875 1476.098 1476.508 1476.631 1476.785 1477.168 1477.319 1477.381 1477.563 1477.551 1477.674 1477.675 1474.242 1471.391 1468.688 1463.185 1459.206 1455.171 1451.126 1450.828 1450.597 1450.585 1450.452 1450.569 1450.504 1450.673 1450.82 1450.993 1451.43 1452.138 1452.6 1453.057 1453.756 1453.951 1454.16 1454.792 1455.193 1455.639 1456.09 1457.002 1457.529 1458.05 1459.075 1459.515 1459.88 1460.634 1460.992 1461.282 1461.54 1461.822 1461.918 1462.04 1462.236 1462.287 1462.304 1462.442 1462.466
1474.371 1474.716 1474.883 1475.119 1475.542 1475.739 1475.907 1475.97 1476.352 1476.456 1476.61 1477.098 1477.322 1477.441 1477.567 1477.79 1477.834 1477.705 1474.881 1472.022 1469.208 1463.185 1459.206 1455.144 1452.182 1450.752 1450.593 1450.58 1450.503 1450.414 1450.571 1450.708 1450.98 1451.3 1451.672 1452.494 1453.028 1453.487 1454.255 1454.608 1454.897 1455.505 1455.965 1456.557 1457.021 1457.902 1458.385 1458.982 1459.914 1460.367 1460.804 1461.526 1461.844 1462.131 1462.296 1462.644 1462.704 1462.798 1462.944 1463.013 1463.045 1463.084 1463.125
1474.532 1474.82 1474.988 1475.225 1475.583 1476.015 1476.178 1476.218 1476.24 1476.355 1476.517 1477.048 1477.403 1477.623 1477.702 1477.955 1477.913 1477.695 1475.671 1472.647 1469.578 1463.173 1459.14 1455.144 1452.182 1450.712 1450.666 1450.586 1450.526 1450.612 1450.7 1450.985 1451.221 1451.603 1451.907 1452.935 1453.453 1453.908 1454.781 1455.152 1455.521 1456.298 1456.786 1457.313 1457.758 1458.781 1459.299 1459.828 1460.944 1461.368 1461.745 1462.462 1462.728 1462.953 1463.162 1463.484 1463.542 1463.607 1463.721 1463.752 1463.831 1463.885 1463.891
1474.562 1474.931 1475.109 1475.401 1475.746 1476.254 1476.468 1476.506 1476.3 1476.317 1476.409 1477.074 1477.483 1477.717 1477.798 1478.035 1477.968 1477.772 1476.201 1473.194 1469.901 1462.949 1458.88 1454.956 1451.927 1450.712 1450.666 1450.496 1450.666 1450.665 1450.885 1451.2 1451.52 1451.836 1452.29 1453.362 1453.876 1454.331 1455.308 1455.696 1456.143 1456.986 1457.523 1458.061 1458.657 1459.718 1460.257 1460.851 1461.844 1462.236 1462.679 1462.997 1463.616 1463.9 1464.071 1464.147 1464.226 1464.302 1464.322 1464.322 1464.35 1464.444 1464.319
1474.694 1474.994 1475.216 1475.483 1475.791 1476.333 1476.505 1476.63 1476.5 1476.449 1476.443 1477.203 1477.567 1477.862 1477.983 1478.152 1478.07 1477.956 1476.437 1473.507 1470.029 1462.788 1458.768 1454.807 1451.642 1450.619 1450.561 1450.496 1450.803 1450.941 1451.031 1451.547 1451.847 1452.191 1452.712 1453.865 1454.325 1454.852 1455.88 1456.328 1456.778 1457.223 1458.264 1458.788 1459.316 1460.509 1461.107 1461.71 1462.84 1463.227 1463.547 1463.931 1464.305 1464.413 1464.568 1464.707 1464.765 1464.778 1464.822 1464.76 1464.763 1464.747 1464.495
1474.851 1475.07 1475.337 1475.618 1475.876 1476.384 1476.566 1476.713 1476.764 1476.722 1476.808 1477.491 1477.866 1478.078 1478.212 1478.395 1478.408 1478.339 1476.891 1474.01 1470.24 1462.577 1458.376 1454.381 1451.412 1450.588 1450.588 1450.621 1450.803 1450.941 1451.348 1451.652 1452.355 1452.837 1453.365 1454.469 1455.047 1455.495 1456.503 1456.98 1457.504 1457.961 1459 1459.525 1460.05 1461.287 1461.954 1462.555 1463.713 1464.09 1464.301 1464.478 1464.674 1464.813 1464.897 1465.068 1465.124 1465.115 1465.089 1465.112 1465.031 1464.895 1464.708
1474.872 1475.184 1475.439 1475.696 1475.925 1476.382 1476.626 1476.869 1477.053 1477.19 1477.344 1477.547 1478.222 1478.324 1478.358 1478.673 1478.73 1478.719 1477.51 1474.704 1470.592 1466.515 1457.901 1453.857 1451.049 1450.597 1450.67 1450.799 1450.949 1451.083 1451.348 1451.652 1452.999 1453.468 1453.994 1455.063 1455.572 1456.03 1457.086 1457.59 1458.043 1458.568 1459.555 1460.159 1460.688 1461.969 1462.707 1463.304 1464.264 1464.53 1464.742 1464.892 1465.155 1465.23 1465.312 1465.27 1465.356 1465.347 1465.204 1465.185 1465.154 1464.988 1464.906
1475.022 1475.163 1475.532 1475.763 1475.992 1476.443 1476.692 1477.008 1477.385 1477.623 1477.818 1477.993 1478.485 1478.633 1478.578 1478.935 1479.013 1479.104 1477.969 1475.25 1470.979 1466.48 1457.44 1453.335 1450.852 1450.827 1450.985 1450.986 1451.152 1451.357 1451.656 1451.975 1452.999 1453.468 1454.642 1455.705 1456.237 1456.756 1457.712 1458.225 1458.67 1459.114 1460.16 1460.701 1461.305 1462.559 1463.265 1463.934 1464.679 1464.951 1465.163 1465.317 1465.524 1465.63 1465.561 1465.564 1465.456 1465.461 1465.309 1465.232 1465.178 1465.151 1464.991
1475.238 1475.313 1475.639 1475.873 1476.103 1476.588 1476.862 1477.113 1477.723 1477.917 1478.101 1478.291 1478.745 1478.9 1478.888 1479.161 1479.215 1479.303 1478.204 1475.857 1471.432 1466.513 1457.13 1453.128 1451.074 1451.346 1451.356 1451.408 1451.583 1451.766 1452.045 1452.494 1453.582 1454.116 1454.642 1456.433 1456.944 1457.398 1458.354 1458.855 1459.308 1459.756 1460.794 1461.321 1461.846 1462.987 1463.679 1464.262 1464.591 1465.279 1465.484 1465.639 1465.802 1465.872 1465.861 1465.718 1465.638 1465.568 1465.484 1465.332 1465.255 1465.193 1465.035
1475.363 1475.484 1475.723 1475.965 1476.2 1476.699 1477.007 1477.287 1477.96 1478.222 1478.362 1478.592 1478.948 1479.055 1479.229 1479.436 1479.454 1479.3 1478.399 1476.353 1471.537 1466.427 1457.077 1453.478 1452.101 1451.887 1451.823 1451.87 1452.066 1452.3 1452.712 1453.16 1454.31 1454.835 1455.363 1456.433 1456.944 1458.135 1458.679 1459.52 1460.045 1460.5 1461.396 1461.856 1462.379 1463.495 1464.031 1464.401 1464.857 1465.52 1465.787 1465.866 1466.05 1465.971 1465.975 1465.886 1465.739 1465.674 1465.671 1465.435 1465.365 1465.288 1465.071
1475.547 1475.686 1476.01 1476.237 1476.405 1476.879 1477.189 1477.491 1478.239 1478.57 1478.756 1478.927 1479.142 1479.278 1479.474 1479.641 1479.493 1479.282 1478.68 1476.467 1471.535 1466.377 1457.847 1454.649 1453.328 1452.573 1452.439 1452.589 1452.721 1453.103 1453.476 1453.903 1454.935 1455.454 1456.001 1457.065 1457.599 1458.135 1458.679 1460.347 1460.79 1461.238 1462.209 1462.583 1463.031 1463.972 1464.449 1464.829 1465.281 1465.873 1466.012 1466.163 1466.188 1466.167 1466.087 1465.931 1465.849 1465.773 1465.71 1465.441 1465.375 1465.3 1465.151
1475.743 1475.889 1476.219 1476.383 1476.529 1477.093 1477.401 1477.774 1478.16 1478.805 1479.029 1479.235 1479.43 1479.596 1479.701 1479.669 1479.572 1479.503 1479.247 1476.599 1471.588 1466.047 1459.254 1456.714 1455.115 1453.748 1453.548 1453.572 1453.629 1453.992 1454.302 1454.667 1455.648 1456.141 1456.732 1457.818 1458.333 1458.866 1459.411 1460.347 1461.633 1462.083 1462.932 1463.329 1463.76 1464.497 1464.872 1465.25 1465.624 1466.193 1466.302 1466.295 1466.245 1466.184 1466.182 1466.029 1465.956 1465.871 1465.719 1465.511 1465.375 1465.302 1465.038
1476.126 1476.136 1476.377 1476.474 1476.689 1477.315 1477.781 1478.092 1478.474 1479.082 1479.306 1479.537 1479.783 1479.81 1479.817 1479.796 1479.771 1479.637 1479.42 1476.793 1471.536 1465.56 1460.186 1458.401 1456.93 1455.146 1454.782 1454.693 1454.724 1454.876 1455.203 1455.55 1456.4 1456.955 1457.506 1458.61 1459.079 1459.622 1460.236 1461.18 1461.633 1462.083 1463.71 1464.112 1464.392 1465.021 1465.412 1465.769 1466.075 1466.392 1466.493 1466.417 1466.287 1466.268 1466.192 1466.148 1466.03 1465.883 1465.803 1465.517 1465.364 1465.219 1464.834
1476.348 1476.337 1476.64 1476.854 1477.07 1477.715 1478.127 1478.489 1478.798 1479.399 1479.623 1479.851 1480.033 1480.106 1480.196 1480.062 1480.049 1479.872 1479.589 1476.612 1471.056 1464.982 1460.625 1459.368 1458.145 1456.558 1456.091 1455.897 1455.845 1455.865 1456.17 1456.464 1457.164 1457.68 1458.247 1459.387 1459.938 1460.49 1461.077 1462.029 1462.469 1462.918 1463.71 1464.112 1464.994 1465.217 1465.977 1466.197 1466.475 1466.611 1466.618 1466.685 1466.38 1466.377 1466.286 1466.132 1465.96 1465.872 1465.724 1465.414 1465.264 1465.113 1464.734
