var/www/cgi-bin/BAERTOOLS/ravel/working/ravel-13157.DEM
NCOLS 92
NROWS 90
XLLCORNER 452038.49
YLLCORNER 3773695.4
CELLSIZE 10
NODATA_VALUE -9999
[rows 28 to 55 of 90, columns 0 to 62 of 92]
369.7466 369.8906 369.9648 370.0516 370.1526 370.2211 370.2071 370.1409 370.128 370.0411 369.868 369.7887 369.6598 369.4799 369.303 369.1318 368.7843 368.6686 368.5406 368.3951 368.3294 368.5162 368.3327 368.1425 367.9164 367.6515 367.4119 366.8065 366.5573 366.4581 366.3923 366.3286 366.3316 366.3343 366.3163 366.3066 366.3523 366.4425 366.5276 366.7055 366.7747 366.853 366.9075 366.9347 367.0224 367.2017 367.2928 367.3324 367.3239 367.3219 367.3262 367.2436 367.2123 367.2326 367.1943 367.1122 367.1163 367.0967 367.086 367.0562 367.0117 367.0086 367.0938
369.6462 369.7827 369.8617 369.946 370.127 370.1561 370.1015 370.0502 370.0253 369.9387 369.7657 369.6885 369.5504 369.3611 369.1914 369.0199 368.7843 368.6686 368.5406 368.3951 368.3294 368.1162 367.9404 367.7095 367.4431 367.2334 367.0592 366.4863 366.4177 366.3875 366.2876 366.2259 366.2297 366.2121 366.1408 366.1614 366.2651 366.3505 366.4333 366.6106 366.6194 366.6548 366.753 366.8437 366.9286 367.0985 367.1901 367.2275 367.2346 367.2515 367.226 367.1453 367.1149 367.1094 367.0654 367.0128 366.9833 366.9343 366.9138 366.8976 366.8837 366.9198 367.0403
369.5438 369.6797 369.7583 369.8428 370.0179 370.0435 370.0479 370.0186 369.9213 369.8348 369.6656 369.6885 369.5504 369.3611 369.1914 369.0199 368.6744 368.5049 368.3769 368.2864 368.1693 367.8308 367.6647 367.4313 367.2098 367.0573 366.867 366.4608 366.3634 366.2775 366.1848 366.1212 366.1295 366.0417 366.0103 366.0736 366.1496 366.2171 366.3302 366.4785 366.5313 366.5839 366.6497 366.7367 366.8219 366.9916 367.0858 367.1203 367.1582 367.2118 367.1237 367.0772 367.0388 366.9695 366.9118 366.9012 366.8171 366.7864 366.7753 366.7406 366.7272 366.8259 367.0069
369.428 369.565 369.6555 369.7398 369.9147 370.0435 370.0479 370.0186 369.9213 369.8348 369.6656 369.5809 369.3999 369.1607 368.9772 368.8067 368.4824 368.3634 368.231 368.0487 367.9039 367.6361 367.4648 367.2526 367.0298 366.8463 366.6662 366.3432 366.2575 366.1724 366.0965 366.0473 366.0236 365.9381 365.916 365.9514 366.0015 366.0829 366.2273 366.2997 366.4467 366.5506 366.5847 366.6735 366.7561 366.9289 366.9961 367.0109 367.0469 367.112 367.0603 367.0209 366.965 366.8612 366.8112 366.8019 366.7205 366.6237 366.6033 366.6013 366.6277 366.7167 366.8942
369.428 369.565 369.6555 369.7398 369.9147 369.9411 369.9418 369.9116 369.8192 369.7334 369.5536 369.3974 369.2289 369.0265 368.7747 368.6294 368.3736 368.1927 368.0082 367.8709 367.7802 367.4522 367.2903 367.1093 366.8904 366.6621 366.511 366.2931 366.1892 366.0787 366.0177 366.0114 365.918 365.8167 365.8181 365.8198 365.9083 366.0486 366.0881 366.1846 366.341 366.4758 366.5542 366.6457 366.7656 366.9404 366.963 366.96 366.9803 367.0251 367.025 366.9613 366.9125 366.8142 366.7468 366.7027 366.5169 366.4978 366.5032 366.5185 366.5771 366.6664 366.7888
369.1982 369.3848 369.5566 369.6384 369.8117 369.8402 369.8271 369.7913 369.7203 369.6339 369.3653 369.1894 369.01 368.7917 368.5807 368.4754 368.1602 367.9842 367.8199 367.6874 367.569 367.3194 367.1695 366.9481 366.7388 366.5739 366.4146 366.2502 366.1662 366.0544 365.9816 365.9234 365.7723 365.7032 365.7416 365.7918 365.8522 365.8726 365.8764 366.0897 366.2378 366.3641 366.4512 366.58 366.7209 366.9137 366.9314 366.9053 366.8697 366.866 366.8661 366.8698 366.8413 366.7738 366.6875 366.5893 366.4557 366.4614 366.4588 366.4912 366.5835 366.6663 366.8013
368.9986 369.2192 369.437 369.5389 369.7122 369.7486 369.6873 369.6167 369.5962 369.5056 369.1343 368.9578 368.75 368.5318 368.3659 368.0829 367.9253 367.7587 367.6515 367.5546 367.4109 367.1546 366.9867 366.8188 366.6526 366.4756 366.3132 366.14 366.0782 366.0513 366.0138 365.8731 365.6494 365.6005 365.6875 365.7041 365.6765 365.7116 365.7611 365.9832 366.1251 366.2768 366.4237 366.576 366.6631 366.8299 366.7904 366.735 366.7021 366.7046 366.7039 366.7401 366.7637 366.7302 366.6304 366.4824 366.3769 366.4502 366.4599 366.4825 366.5949 366.7205 366.8427
368.8532 369.0735 369.2317 369.3828 369.5654 369.5872 369.5528 369.4762 369.3799 369.2654 368.8672 368.6696 368.4909 368.3019 368.1312 367.7788 367.6255 367.5263 367.4504 367.358 367.2358 367.0072 366.8624 366.6819 366.5057 366.342 366.2155 366.0419 365.9994 365.963 365.8806 365.7486 365.632 365.5778 365.5998 365.5893 365.5602 365.6265 365.7202 365.9191 366.0818 366.2245 366.3879 366.5825 366.6696 366.6787 366.623 366.6053 366.6167 366.6162 366.6135 366.6813 366.7264 366.6885 366.5487 366.3399 366.3305 366.4295 366.4923 366.5523 366.6594 366.7566 366.8342
368.6771 368.8299 368.9791 369.0657 369.2678 369.2518 369.2621 369.2432 369.1337 368.9539 368.61 368.4485 368.2433 368.0234 367.855 367.5105 367.381 367.2869 367.2067 367.0994 366.9613 366.7998 366.6472 366.4962 366.3452 366.1815 366.0715 365.9043 365.8068 365.7938 365.7072 365.5017 365.477 365.4945 365.4632 365.4861 365.5324 365.5655 365.6187 365.8295 366.0074 366.1743 366.3481 366.5751 366.6124 366.5247 366.4995 366.4858 366.4487 366.4483 366.4509 366.5859 366.6242 366.6039 366.4207 366.1453 366.3459 366.4215 366.507 366.5949 366.6824 366.767 366.852
368.42 368.5348 368.6706 368.7904 368.9572 368.9458 368.9514 368.9274 368.8192 368.6496 368.3476 368.146 367.9538 367.7914 367.6222 367.2771 367.1222 367.0152 366.9331 366.8492 366.7688 366.6007 366.448 366.3026 366.1885 366.0384 365.8647 365.6653 365.5599 365.4842 365.373 365.2643 365.2724 365.2664 365.2856 365.3576 365.463 365.5233 365.5196 365.7252 365.8881 366.1099 366.3611 366.5543 366.5628 366.4961 366.4317 366.3583 366.2966 366.3054 366.3404 366.4264 366.4849 366.3834 366.1672 366.0704 366.3289 366.4735 366.5807 366.6705 366.7406 366.7742 366.8617
368.1214 368.2538 368.3709 368.5134 368.6364 368.6412 368.6462 368.6255 368.516 368.225 368.0668 367.8747 367.6943 367.5105 367.3047 366.9571 366.8571 366.7786 366.6878 366.6017 366.5146 366.3503 366.204 366.0147 365.853 365.7522 365.6679 365.3091 365.2506 365.092 364.9357 364.9691 364.9534 364.9637 365.1073 365.1868 365.2238 365.3145 365.4051 365.6368 365.847 366.0904 366.3722 366.559 366.5608 366.4381 366.3506 366.2597 366.1817 366.1386 366.1407 366.1707 366.1534 366.0222 365.9182 366.0074 366.328 366.509 366.6358 366.683 366.7118 366.769 366.8492
367.8114 367.9125 368.0527 368.1266 368.2959 368.3506 368.3241 368.2692 368.1738 367.8536 367.7023 367.5906 367.457 367.2658 367.041 366.6865 366.5533 366.4788 366.4254 366.3358 366.2506 366.0481 365.8841 365.7403 365.5984 365.4395 365.3 364.9012 364.7896 364.679 364.5703 364.5387 364.5868 364.7166 364.8286 364.9417 365.0262 365.1263 365.3018 365.6026 365.796 366.038 366.2934 366.468 366.5158 366.3564 366.2409 366.165 366.0753 365.9983 365.9437 365.9236 365.9123 365.8761 365.8794 365.9753 366.2495 366.4323 366.5584 366.6274 366.6712 366.696 366.7937
367.6031 367.6918 367.741 367.8192 367.9451 367.9905 367.9591 367.8958 367.7991 367.5826 367.5061 367.3637 367.1844 367.003 366.7831 366.4711 366.3542 366.2793 366.2283 366.1384 366.056 365.7608 365.5689 365.4396 365.283 365.0553 364.8295 364.4274 364.2714 364.2206 364.2364 364.2625 364.3526 364.5119 364.632 364.7648 364.8866 365.0314 365.2024 365.5541 365.722 365.9069 366.1061 366.2659 366.3503 366.2576 366.1552 366.0334 365.9167 365.8887 365.7978 365.7966 365.7482 365.7358 365.8207 365.9002 366.2069 366.3596 366.4444 366.5307 366.6129 366.6697 366.6897
367.3595 367.4775 367.4691 367.5547 367.6637 367.6543 367.6434 367.5885 367.4935 367.324 367.2847 367.1675 366.9889 366.8016 366.5861 366.3293 366.2156 366.1066 366.02 365.9357 365.86 365.5316 365.2916 365.0756 364.8289 364.5915 364.4115 364.0139 363.9195 363.8676 363.9044 363.9966 364.0809 364.363 364.4876 364.6111 364.7609 364.9399 365.1241 365.4034 365.547 365.7282 365.8872 365.9984 366.0841 366.0679 366.0014 365.8805 365.8003 365.7892 365.6895 365.7027 365.6817 365.6669 365.709 365.804 366.1557 366.2667 366.3392 366.4245 366.5166 366.598 366.5837
367.1281 367.2429 367.3263 367.4584 367.4611 367.4668 367.4217 367.3326 367.2972 367.1295 367.0751 366.9615 366.7746 366.6058 366.4353 366.1795 366.0223 365.8878 365.813 365.711 365.5864 365.2775 365.0082 364.7426 364.4721 364.242 364.0654 363.6368 363.5638 363.5816 363.6576 363.7623 363.9001 364.1886 364.2911 364.4112 364.6074 364.7501 364.8047 365.187 365.35 365.5058 365.5714 365.6119 365.7103 365.682 365.6687 365.6385 365.6186 365.6162 365.603 365.5331 365.545 365.5926 365.6034 365.7069 365.9873 366.1302 366.2467 366.3294 366.3985 366.4153 366.4872
366.9164 367.0495 367.183 367.2574 367.295 367.2861 367.2279 367.2068 367.1983 367.0282 366.904 366.7788 366.6368 366.4571 366.2848 365.9737 365.8529 365.756 365.6784 365.571 365.3932 364.9537 364.6832 364.46 364.2443 363.9876 363.7556 363.41 363.4195 363.4791 363.4935 363.5529 363.7302 363.971 364.135 364.2605 364.3654 364.4662 364.5883 364.9794 365.1079 365.1999 365.2736 365.3409 365.3655 365.389 365.4137 365.443 365.5026 365.4809 365.4063 365.4457 365.4816 365.4841 365.5042 365.5931 365.8448 365.9586 366.1026 366.2033 366.2198 366.2875 366.3686
366.737 366.893 366.9698 367.1076 367.1522 367.1355 367.1044 367.1108 367.0976 366.9296 366.7742 366.6172 366.4969 366.3637 366.1907 365.8427 365.687 365.5828 365.5104 365.4092 365.2296 364.6971 364.4878 364.2805 364.0325 363.785 363.5841 363.2993 363.3498 363.4026 363.4134 363.4669 363.5199 363.7816 363.9421 364.071 364.1584 364.3171 364.4946 364.6999 364.8443 364.931 364.9812 365.1273 365.1269 365.1718 365.2603 365.2942 365.3344 365.384 365.2701 365.3492 365.3947 365.3797 365.4021 365.4871 365.7439 365.8582 365.9456 366.0391 366.0896 366.1035 366.1965
366.5594 366.6727 366.7585 366.8917 366.9356 366.9473 366.9667 367.0134 367.0031 366.8275 366.6797 366.4922 366.3661 366.2707 366.0902 365.7435 365.6183 365.4799 365.361 365.2502 365.0229 364.5715 364.3243 364.1185 363.8998 363.6544 363.4851 363.2774 363.2696 363.2776 363.3049 363.3957 363.4599 363.6621 363.7548 363.8812 364.048 364.217 364.3942 364.5284 364.6708 364.7 364.7641 365.0096 365.0089 364.9802 365.0999 365.1965 365.1896 365.1982 365.2487 365.283 365.285 365.2743 365.2924 365.386 365.5679 365.6564 365.7396 365.8243 365.9117 365.9816 366.0599
366.45 366.5345 366.6134 366.634 366.6989 366.7682 366.8473 366.9008 366.8389 366.7355 366.5866 366.4073 366.2426 366.1087 365.9946 365.6451 365.4862 365.4048 365.334 365.1495 364.8924 364.4671 364.2512 364.0486 363.7925 363.561 363.4629 363.2845 363.257 363.2815 363.3315 363.3672 363.4545 363.5537 363.6371 363.7719 363.9327 364.0194 364.2516 364.4327 364.4976 364.5612 364.7106 364.8243 364.8994 364.8657 364.9853 365.1025 365.0832 365.0779 365.1585 365.1878 365.1741 365.2089 365.2689 365.2861 365.4588 365.5453 365.6296 365.7196 365.7834 365.7981 365.8911
366.2794 366.3715 366.4451 366.4805 366.5607 366.6542 366.7219 366.7269 366.7021 366.5784 366.4045 366.2271 366.08 365.9635 365.8148 365.5341 365.37 365.2602 365.1698 364.9821 364.7891 364.4302 364.2057 363.9474 363.7094 363.5233 363.3826 363.2712 363.2786 363.3836 363.4458 363.4438 363.4593 363.4669 363.5322 363.6302 363.7521 363.8921 364.1436 364.3435 364.4009 364.4282 364.5286 364.6097 364.6951 364.8066 364.8869 364.9257 364.9799 364.9887 365.0798 365.0787 365.0707 365.1106 365.1764 365.1855 365.2815 365.3382 365.428 365.5204 365.5841 365.5883 365.6788
366.1476 366.2123 366.2369 366.3857 366.4724 366.5644 366.6107 366.6084 366.6093 366.4366 366.2794 366.0969 365.9677 365.866 365.683 365.3649 365.2466 365.1632 365.0471 364.8648 364.694 364.3468 364.1628 363.9204 363.6844 363.5391 363.4356 363.3965 363.4372 363.4527 363.4618 363.4611 363.4611 363.4608 363.4631 363.5005 363.6144 363.7974 364.0665 364.1009 364.1528 364.2323 364.3483 364.4903 364.5519 364.7195 364.7883 364.8118 364.8752 364.8815 364.9803 364.975 364.9677 365.0069 365.0728 365.0828 365.1729 365.2246 365.3256 365.3759 365.3925 365.4673 365.5452
365.9736 366.0569 366.1034 366.2101 366.2997 366.3904 366.4428 366.4199 366.3689 366.2707 366.1066 365.9142 365.7829 365.7042 365.5847 365.177 365.0418 364.9246 364.7884 364.6685 364.5048 364.2363 364.112 363.974 363.741 363.5162 363.4454 363.4576 363.4617 363.4611 363.4611 363.4611 363.4611 363.4611 363.4571 363.5191 363.6729 363.7725 363.9687 363.9906 363.979 364.0211 364.1151 364.2202 364.4655 364.5437 364.6226 364.7055 364.7965 364.8661 364.8727 364.8723 364.8622 364.8999 364.9735 364.9698 365.04 365.1369 365.1716 365.2007 365.2682 365.2768 365.3684
365.8102 365.8422 365.9304 366.0139 366.077 366.1776 366.2426 366.1892 366.0359 365.9509 365.9333 365.8123 365.6173 365.5114 365.4932 365.0439 364.9663 364.8809 364.7359 364.6444 364.4722 364.2018 364.1194 364.0291 363.9275 363.8015 363.6296 363.4589 363.4611 363.4611 363.4611 363.4611 363.4611 363.4596 363.4913 363.6351 363.7646 363.7839 363.8068 363.7737 363.8336 363.8838 363.9058 363.991 364.2306 364.4677 364.6365 364.6692 364.6876 364.7679 364.7692 364.7599 364.8109 364.8714 364.8678 364.8647 364.9399 364.9659 365.01 365.0651 365.0815 365.1593 365.1566
365.6436 365.7233 365.7996 365.8791 365.9711 366.0202 366.0284 366.0003 365.8603 365.653 365.6284 365.6161 365.5358 365.3244 365.2194 365.0549 364.923 364.8077 364.632 364.4756 364.3112 364.0569 363.9427 363.8623 363.7731 363.7025 363.6711 363.5494 363.563 363.518 363.4592 363.4759 363.5609 363.5569 363.5547 363.611 363.6858 363.6822 363.68 363.6765 363.6805 363.6776 363.6948 363.7933 364.1189 364.3708 364.4764 364.5334 364.6713 364.6696 364.6614 364.7255 364.7708 364.7645 364.7641 364.7614 364.8367 364.8615 364.9049 364.9666 364.9572 364.9644 365.0624
365.5052 365.5448 365.6171 365.7026 365.7362 365.7776 365.8139 365.789 365.8474 366.0164 365.7952 365.4355 365.3154 365.4726 365.2697 364.9432 364.721 364.6745 364.5189 364.2587 364.0966 363.8509 363.7311 363.6562 363.5615 363.4879 363.4923 363.4831 363.4837 363.4791 363.4642 363.4695 363.4798 363.4787 363.4775 363.4794 363.4829 363.481 363.4752 363.4745 363.4741 363.4659 363.4825 363.5784 364.0737 364.3102 364.4195 364.502 364.5681 364.5653 364.5572 364.623 364.6687 364.661 364.6606 364.6601 364.6529 364.7169 364.7577 364.7837 364.8568 364.8578 364.8525
365.315 365.3276 365.403 365.4004 365.4459 365.5181 365.5939 365.8232 366.2682 366.49 366.3655 366.1519 365.9001 365.5753 365.2538 364.6517 364.5492 364.3673 364.1906 364.144 363.9726 363.7124 363.5721 363.4305 363.3827 363.3661 363.2891 363.2869 363.2853 363.2844 363.2835 363.2823 363.2802 363.2791 363.2781 363.2773 363.2717 363.285 363.3716 363.3629 363.3542 363.3962 363.4529 363.4825 364.0034 364.1307 364.2565 364.4062 364.4649 364.4597 364.5354 364.5655 364.5579 364.5577 364.5573 364.5568 364.5502 364.6133 364.662 364.6482 364.6649 364.7429 364.7466
365.1255 365.2043 365.2886 365.42 365.5465 365.6962 365.9235 366.24 366.4556 366.5609 366.5593 366.4845 366.2217 365.7479 365.201 364.397 364.2956 364.2442 364.1622 364.1358 363.973 363.5562 363.406 363.3336 363.2481 363.1838 363.0938 363.0701 363.0772 363.078 363.0768 363.0757 363.0736 363.0725 363.0714 363.0709 363.0646 363.0723 363.2348 363.3947 363.4743 363.4549 363.4771 363.5634 363.8062 363.9806 364.1585 364.3023 364.3576 364.3658 364.4615 364.4551 364.455 364.4545 364.4539 364.4535 364.4469 364.5096 364.5583 364.5511 364.5497 364.5454 364.5438
365.0192 365.1089 365.1861 365.4167 365.6429 365.8318 366.0823 366.3858 366.4635 366.6425 366.6235 366.4674 366.1453 365.5389 364.7227 363.9691 363.877 363.9801 364.0946 364.0456 363.8732 363.5273 363.3571 363.1851 363.0385 362.9709 362.9713 362.9781 362.9193 362.8646 362.8701 362.8691 362.8669 362.866 362.8654 362.8525 362.8924 363.0851 363.4527 363.4674 363.4552 363.4898 363.5892 363.6514 363.5336 363.7174 364.0073 364.2044 364.2555 364.2657 364.3574 364.352 364.3518 364.3512 364.3507 364.3503 364.3437 364.406 364.4552 364.4478 364.4473 364.4468 364.4459
