var/www/cgi-bin/BAERTOOLS/ravel/working/ravel-26931.DEM
NCOLS 47
NROWS 172
XLLCORNER 276896.32
YLLCORNER 3833168.9
CELLSIZE 10
NODATA_VALUE -9999
[rows 0 to 37 of 172, columns 0 to 46 of 47]
1536.042 1535.86 1534.902 1535.907 1539.772 1539.793 1537.593 1532.68 1525.458 1522.641 1525.077 1528.214 1531.775 1535.236 1538.138 1543.625 1546.423 1549.544 1553.588 1557.808 1560.819 1568.238 1571.512 1573.73 1574.947 1575.097 1574.962 1574.02 1573.302 1572.523 1571.862 1571.343 1569.812 1568.377 1566.096 1563.456 1561.678 1561.368 1561.596 1561.682 1561.686 1554.955 1551.383 1546.722 1544.892 1545.236 1546.518
1538.409 1537.017 1535.897 1537.185 1540.699 1540.73 1539.787 1536.452 1529.082 1522.687 1524.021 1527.074 1531.455 1536.026 1539.529 1545.983 1548.442 1550.687 1553.918 1557.58 1559.49 1565.208 1569.093 1571.797 1573.36 1574.511 1574.463 1574.077 1573.501 1572.869 1572.305 1571.982 1570.571 1569.264 1567.195 1564.904 1563.762 1564.063 1563.395 1563.285 1561.686 1560.182 1556.011 1550.619 1546.96 1542.749 1540.757
1539.53 1537.799 1537.442 1538.849 1542.426 1542.829 1541.083 1537.692 1533.23 1524.927 1523.444 1525.556 1530.685 1536.149 1540.09 1548.066 1551.37 1554.223 1557.322 1560.177 1561.179 1564.919 1568.305 1570.98 1572.24 1573.637 1574.671 1574.304 1573.761 1573.212 1572.873 1572.797 1571.696 1570.231 1569.21 1567.76 1565.564 1564.774 1564.159 1563.285 1562.783 1561.157 1557.934 1552.373 1550.831 1546.635 1540.979
1542.016 1540.506 1540.994 1544.41 1545.369 1544.869 1542.866 1540.403 1538.06 1531.12 1526.114 1524.705 1529.487 1536.128 1539.946 1548.505 1552.198 1556.047 1560.087 1562.633 1565.337 1566.789 1568.68 1570.759 1572.51 1573.695 1574.901 1574.817 1574.279 1573.715 1573.663 1573.686 1573.71 1573.328 1572.111 1570.169 1567.908 1564.774 1564.159 1563.002 1561.382 1559.73 1557.426 1552.605 1551.389 1548.673 1544.092
1545.16 1546.247 1546.353 1548.504 1548.547 1547.912 1546.204 1544.026 1542.09 1538.142 1533.166 1529.858 1531.761 1535.695 1539.133 1547.571 1551.492 1555.937 1560.509 1563.118 1566.733 1568.318 1569.914 1571.713 1573.526 1574.527 1575.361 1575.372 1575.298 1574.999 1574.804 1574.743 1574.686 1574.473 1573.301 1571.351 1567.908 1565.678 1564.141 1562.274 1560.588 1558.865 1556.781 1551.491 1549.815 1548.368 1545.469
1548.085 1547.91 1549.326 1551.349 1551.301 1550.537 1548.945 1547.134 1545.992 1543.288 1540.022 1536.859 1535.562 1535.243 1541.579 1545.535 1549.366 1554.169 1559.331 1562.552 1566.699 1569.009 1571.257 1573.054 1574.374 1575.419 1576.012 1575.926 1575.922 1575.726 1575.474 1575.216 1574.999 1574.444 1573.432 1571.351 1569.355 1566.145 1564.222 1562.089 1560.112 1557.96 1555.667 1549.945 1548.159 1546.986 1545.652
1549.351 1549.963 1551.681 1553.796 1553.669 1552.8 1551.398 1550.153 1549.653 1548.607 1545.553 1540.34 1535.927 1535.119 1539.122 1543.169 1547.277 1552.057 1557.371 1561.166 1566.03 1569.107 1572.055 1574.029 1575.535 1576.307 1576.559 1576.49 1576.123 1575.955 1575.725 1575.36 1575.082 1574.723 1573.432 1571.911 1570.376 1566.086 1564.235 1562.64 1560.839 1558.732 1552.858 1550.398 1548.768 1547.218 1545.731
1552.746 1553.38 1554.475 1556.225 1556.147 1555.579 1554.667 1553.808 1552.763 1552.217 1550.253 1545.192 1539.237 1537.292 1536.824 1540.952 1546.404 1550.959 1555.288 1559.032 1564.951 1568.807 1572.569 1574.765 1576.064 1577.047 1576.818 1576.669 1576.533 1576.255 1575.941 1575.335 1574.95 1574.723 1574.022 1572.838 1570.953 1566.186 1564.514 1563.328 1561.949 1559.668 1553.307 1551.476 1549.608 1547.938 1546.478
1557.949 1558.312 1558.531 1558.961 1558.978 1558.806 1558.445 1557.669 1555.285 1553.075 1550.35 1547.108 1544.209 1542.475 1537.991 1540.32 1545.284 1549.744 1553.27 1556.761 1563.688 1568.64 1572.898 1575.506 1576.629 1577.179 1577.084 1576.744 1576.732 1576.681 1576.267 1575.252 1574.95 1574.713 1574.274 1573.158 1570.976 1565.944 1564.247 1563.203 1561.879 1559.715 1553.264 1551.104 1549.451 1547.802 1546.573
1561.933 1562.162 1562.381 1562.477 1562.415 1562.22 1561.983 1561.53 1558.218 1554.599 1550.646 1548.832 1549.373 1548.659 1543.247 1542.443 1544.191 1547.58 1550.797 1559.358 1563.502 1568.412 1573.118 1575.732 1576.714 1577.5 1577.053 1576.752 1576.712 1576.605 1576.269 1575.252 1574.812 1574.364 1573.682 1572.074 1567.014 1564.841 1563.315 1561.808 1560.029 1557.579 1552.102 1549.574 1548.449 1547.707 1547.415
1567.451 1567.623 1567.827 1567.656 1567.193 1566.415 1565.404 1564.189 1559.999 1557.867 1555.992 1554.624 1554.383 1552.02 1546.729 1546.669 1546.698 1546.584 1548.753 1559.43 1564.074 1568.251 1572.439 1575.206 1576.966 1577.147 1577.135 1577.045 1576.606 1576.605 1576.269 1574.75 1574.085 1573.533 1572.396 1570.333 1565.434 1563.096 1561.458 1559.948 1558.111 1556.675 1551.185 1549.895 1549.387 1549.344 1549.126
1572.994 1573.076 1573.123 1572.918 1572.403 1571.23 1569.227 1567.08 1561.844 1561.266 1561.438 1560.872 1559.789 1551.8 1550.157 1550.542 1549.943 1548.212 1547.77 1558.398 1563.525 1567.239 1570.897 1573.74 1575.335 1576.946 1577.082 1576.902 1576.606 1576.495 1574.859 1573.985 1572.834 1571.558 1570.802 1569.112 1562.822 1561.151 1560.172 1559.318 1558.419 1556.613 1553.239 1552.08 1551.316 1550.952 1550.324
1575.603 1575.714 1575.775 1575.682 1575.348 1574.462 1572.656 1570.088 1565.677 1564.831 1564.761 1564.225 1563.172 1557.408 1556.27 1556.417 1555.516 1553.725 1551.709 1557.559 1562.732 1565.757 1568.725 1571.282 1573.437 1575.723 1576.676 1576.902 1576.761 1576.327 1574.544 1573.219 1571.875 1570.696 1569.522 1567.114 1561.987 1560.69 1560.242 1560.011 1559.496 1557.858 1555.4 1553.702 1552.471 1551.805 1550.624
1577.203 1577.348 1577.282 1577.082 1576.683 1575.828 1574.229 1571.914 1569.351 1568.411 1567.96 1566.972 1565.545 1561.461 1561.347 1561.922 1561.807 1560.984 1560.004 1559.165 1560.917 1563.831 1566.539 1569.399 1573.002 1574.792 1576.676 1576.911 1576.68 1576.331 1574.925 1574.127 1573 1571.411 1569.861 1568.07 1563.594 1562.245 1562.091 1562.015 1561.59 1558.746 1556.921 1555.168 1553.546 1552.209 1550.622
1578.755 1578.956 1578.97 1578.692 1578.197 1577.215 1575.464 1573.095 1572.734 1571.925 1570.642 1569.189 1567.417 1565.162 1565.24 1565.417 1565.292 1565.164 1564.547 1561.872 1561.908 1564.212 1567.995 1570.844 1573.651 1574.792 1576.138 1576.677 1576.618 1576.365 1575.154 1574.349 1573.436 1572.583 1571.659 1569.586 1566.935 1565.063 1564.398 1563.898 1563.092 1559.947 1558.215 1556.635 1555.172 1553.565 1551.743
1580.391 1580.631 1580.845 1580.596 1580.069 1579.161 1577.677 1575.952 1575.545 1574.575 1572.747 1570.597 1569.513 1568.872 1569.008 1569.218 1569.099 1569.151 1567.467 1565.797 1566.336 1567.944 1568.634 1571.519 1573.651 1574.998 1576.193 1576.751 1576.879 1576.712 1575.678 1574.781 1573.754 1573.189 1572.856 1572.221 1570.353 1568.009 1566.365 1564.864 1563.168 1560.253 1559.014 1557.715 1556.58 1555.45 1554.243
1581.976 1582.696 1582.781 1582.596 1582.19 1581.598 1580.663 1578.678 1577.994 1576.461 1573.991 1571.854 1571.296 1571.472 1571.848 1572.399 1572.902 1573.265 1572.762 1571.332 1571.009 1571.607 1571.189 1571.519 1574.992 1576.176 1576.912 1577.306 1577.423 1577.265 1576.129 1575.373 1574.597 1573.958 1573.946 1574.029 1572.797 1570.447 1567.909 1565.449 1563.164 1560.164 1559.375 1558.524 1557.725 1557.398 1557.342
1583.516 1584.481 1584.759 1584.777 1584.488 1584.004 1583.304 1581.133 1580.108 1578.106 1575.255 1573.223 1572.937 1574.087 1575.039 1575.885 1576.61 1577.088 1576.206 1575.133 1574.031 1571.607 1571.189 1572.812 1576.332 1577.538 1578.184 1578.333 1578.221 1577.569 1576.851 1576.085 1575.482 1574.965 1574.591 1574.093 1573.313 1571.282 1568.653 1566.302 1563.559 1560.369 1559.976 1559.564 1559.22 1559.392 1559.579
1584.995 1586.062 1586.502 1586.666 1586.425 1585.878 1585.515 1583.678 1582.243 1580.305 1578.12 1576.472 1576.719 1577.631 1578.72 1579.828 1580.764 1581.121 1579.974 1578.293 1574.031 1573.432 1573.517 1574.309 1578.186 1579.215 1579.59 1579.75 1579.509 1578.348 1577.649 1576.996 1576.418 1575.833 1575.377 1574.304 1573.599 1572.266 1570.413 1568.672 1566.437 1561.904 1561.394 1561.172 1561.193 1561.531 1562.422
1586.231 1587.247 1587.376 1587.394 1587.182 1586.845 1586.602 1585.895 1584.686 1582.869 1581.431 1580.53 1581.067 1581.768 1582.993 1584.289 1585.359 1585.871 1584.25 1578.293 1576.957 1576.587 1576.485 1578.863 1580.504 1581.565 1581.927 1581.537 1580.86 1579.099 1578.336 1577.694 1577.102 1576.524 1576.077 1575.046 1574.44 1573.776 1572.958 1572.064 1568.788 1567.027 1566.198 1565.808 1565.658 1565.659 1564.754
1587.27 1587.905 1587.851 1587.705 1587.532 1587.28 1586.773 1586.409 1585.996 1585.283 1584.137 1583.63 1584.799 1585.679 1586.501 1587.04 1587.108 1586.867 1584.25 1582.514 1581.17 1580.555 1580.462 1581.573 1582.902 1584.441 1584.548 1583.161 1582.065 1579.713 1578.699 1577.947 1577.427 1577.049 1576.73 1576.004 1575.603 1575.169 1574.752 1574.281 1573.97 1573.431 1573.007 1572.6 1571.628 1570.286 1566.408
1588.277 1587.959 1587.88 1587.719 1587.415 1587.23 1586.912 1586.693 1586.494 1586.317 1586.221 1586.321 1586.641 1586.714 1586.787 1586.745 1586.303 1586.867 1586.161 1585.884 1584.734 1582.844 1582.797 1584.551 1585.306 1585.72 1585.564 1584.72 1582.945 1580.13 1579.11 1578.326 1577.761 1577.319 1576.696 1576.497 1576.219 1575.979 1575.792 1575.479 1575.75 1576.2 1575.971 1574.71 1573.667 1571.946 1567.059
1588.524 1587.971 1587.548 1587.164 1586.868 1586.62 1586.63 1586.583 1586.502 1586.672 1587.164 1586.831 1586.227 1586.047 1585.868 1585.583 1586.303 1585.669 1585.102 1584.608 1584.185 1583.692 1583.651 1585.591 1586.48 1586.245 1585.74 1585.029 1582.955 1580.217 1579.222 1578.432 1577.833 1577.318 1576.823 1576.549 1576.324 1576.276 1576.195 1576.06 1575.816 1575.68 1575.081 1573.938 1572.968 1571.56 1566.546
1588.647 1587.395 1586.507 1586.176 1586.028 1585.939 1586.019 1586.139 1586.303 1586.521 1586.473 1585.816 1584.888 1584.573 1584.223 1585.583 1585.048 1584.224 1583.703 1583.29 1583.064 1582.959 1583.172 1584.861 1585.124 1584.734 1584.071 1583.394 1580.819 1579.722 1578.743 1578.041 1577.526 1577.108 1576.611 1576.383 1576.389 1576.476 1576.23 1575.997 1575.589 1574.827 1573.903 1572.954 1571.679 1567.682 1564.58
1588.498 1586.904 1585.925 1585.565 1585.008 1584.473 1584.454 1584.856 1585.345 1585.506 1585.003 1583.637 1583.315 1584.573 1584.223 1583.735 1583.282 1582.629 1582.307 1582.066 1581.925 1581.958 1582.19 1582.749 1583.023 1582.984 1582.381 1581.596 1579.963 1579.003 1578.219 1577.649 1577.141 1576.762 1576.325 1576.295 1576.379 1576.316 1576.038 1575.906 1575.164 1574.53 1573.646 1572.345 1570.783 1566.813 1563.85
1588.547 1587.072 1585.946 1585.323 1584.8 1584.143 1583.486 1583.403 1583.332 1583.185 1582.868 1581.946 1583.315 1582.949 1582.467 1581.995 1581.544 1580.931 1580.63 1580.416 1580.358 1580.425 1580.604 1580.911 1581.058 1580.986 1580.689 1580.25 1578.901 1578.162 1577.387 1576.661 1576.235 1575.842 1575.818 1576.055 1576.133 1575.961 1575.928 1574.9 1574.497 1574.362 1573.775 1572.436 1570.887 1567.128 1565.45
1588.285 1586.848 1585.941 1585.386 1584.651 1583.219 1582.478 1581.879 1581.421 1580.901 1580.592 1581.946 1581.551 1581.2 1580.721 1580.266 1579.883 1579.139 1578.808 1578.64 1578.624 1578.571 1578.697 1578.941 1579.128 1579.2 1579.169 1578.834 1577.812 1576.935 1576.256 1575.702 1574.778 1574.413 1574.739 1575.357 1575.757 1575.829 1575.641 1574.014 1573.492 1573.58 1573.354 1572.313 1570.612 1567.424 1566.066
1586.896 1586.21 1585.684 1585.264 1584.403 1582.531 1581.592 1580.591 1579.562 1578.704 1580.592 1580.036 1579.705 1579.375 1578.953 1578.482 1578.013 1577.656 1577.131 1576.602 1576.394 1576.209 1576.653 1577.083 1577.411 1577.486 1577.483 1577.548 1576.668 1575.56 1574.695 1574.443 1573.994 1573.048 1573.729 1574.723 1575.417 1575.804 1575.726 1573.752 1572.804 1572.25 1571.968 1571.224 1569.86 1567.268 1565.967
1586.109 1585.672 1585.226 1584.522 1583.718 1581.666 1580.609 1579.377 1577.612 1578.704 1578.224 1578.036 1577.908 1577.458 1576.837 1576.359 1576.195 1576.247 1575.777 1574.998 1574.072 1573.516 1574.974 1575.467 1575.784 1575.847 1575.925 1576.3 1576.014 1574.821 1573.469 1572.368 1572.668 1571.586 1572.255 1573.275 1573.989 1574.429 1574.455 1573.458 1572.346 1571.324 1570.612 1569.76 1568.829 1566.653 1565.501
1585.074 1584.694 1584.373 1583.804 1583.109 1581.245 1579.924 1578.428 1577.612 1575.748 1575.65 1575.939 1576.099 1575.917 1575.216 1574.215 1574.407 1574.704 1574.431 1573.679 1572.489 1571.436 1572.833 1573.2 1573.35 1573.748 1574.259 1574.774 1574.351 1573.086 1571.393 1569.479 1569.082 1568.125 1569.349 1570.66 1571.497 1572.172 1572.4 1572.049 1571.066 1570.035 1569.217 1568.327 1566.877 1566.003 1564.473
1584.73 1584.345 1583.936 1583.477 1582.806 1580.972 1579.664 1578.428 1576.775 1574.945 1573.622 1573.99 1574.293 1574.219 1573.731 1573.193 1573.12 1573.187 1572.99 1572.189 1570.398 1569.073 1568.054 1567.869 1567.007 1566.696 1567.139 1568.969 1568.946 1568.224 1566.873 1565.527 1564.644 1563.341 1565.184 1567.665 1569.127 1569.749 1570.326 1569.8 1569.03 1568.334 1567.674 1567.1 1565.939 1565.296 1564.583
1584.876 1584.621 1584.118 1583.683 1583.03 1580.972 1579.664 1578.208 1576.718 1575.188 1573.478 1573.208 1573.081 1572.892 1572.668 1572.326 1572.071 1571.686 1570.937 1570.001 1568.713 1567.026 1562.733 1561.897 1560.928 1560.366 1560.621 1562.232 1562.493 1562.34 1561.95 1561.5 1560.842 1560.352 1562.616 1565.205 1566.528 1567.378 1567.721 1567.325 1566.786 1566.326 1565.984 1565.684 1565.426 1565.042 1564.259
1585.163 1584.944 1584.755 1584.316 1582.15 1581.044 1579.818 1578.48 1577.083 1575.963 1574.177 1573.306 1572.613 1572.257 1572.192 1571.785 1571.31 1570.855 1570.328 1569.561 1568.272 1563.243 1561.749 1561.649 1561.49 1561.307 1561.031 1560.518 1560.475 1560.302 1559.571 1558.42 1557.816 1558.57 1561.159 1563.172 1564.415 1565.28 1565.454 1564.826 1564.274 1564.202 1564.248 1563.963 1564.472 1564.445 1563.977
1585.852 1585.924 1585.977 1584.316 1582.596 1581.567 1580.385 1579.074 1577.773 1576.705 1574.764 1574.064 1573.543 1572.876 1572.22 1571.82 1571.429 1571.007 1570.452 1569.804 1568.995 1565.65 1565.017 1565.024 1564.798 1564.514 1564.085 1563.203 1562.89 1562.442 1560.382 1556.468 1554.018 1554.412 1557.177 1560.649 1562.57 1563.2 1563.425 1562.95 1562.52 1562.37 1562.147 1562.364 1563.264 1563.814 1563.977
1590.263 1589.566 1585.977 1585.759 1583.476 1582.228 1580.942 1579.679 1578.463 1577.446 1575.466 1574.572 1573.735 1573.102 1572.601 1571.899 1571.606 1571.291 1570.979 1570.62 1570.126 1569.385 1569.24 1569.092 1569.088 1569.191 1569.118 1567.933 1565.684 1563.163 1560.841 1556.339 1549.579 1549.949 1550.462 1552.049 1555.99 1559.257 1561.095 1560.507 1558.485 1555.411 1553.861 1556.389 1559.439 1563.814 1563.437
1597.049 1589.566 1588.454 1587.092 1584.793 1583.255 1581.79 1580.55 1579.327 1578.224 1575.859 1574.624 1573.709 1573.487 1573.323 1572.313 1572.057 1571.911 1571.783 1571.77 1572.177 1572.537 1572.693 1572.869 1573.16 1573.367 1573.514 1571.525 1567.434 1563.328 1560.372 1557.223 1549.775 1548.557 1547.261 1546.724 1548.4 1551.395 1553.656 1552.72 1550.103 1546.628 1545.246 1558.594 1559.439 1559.76 1560.022
1597.049 1593.976 1590.404 1588.043 1584.989 1583.762 1582.517 1581.31 1580.189 1578.155 1577.078 1576.037 1575.22 1574.571 1573.917 1572.826 1572.568 1572.47 1572.505 1572.91 1573.675 1574.495 1574.594 1575.051 1575.496 1575.155 1574.803 1572.16 1567.559 1563.059 1560.173 1557.266 1552.73 1551.152 1548.418 1543.685 1540.414 1543.056 1545.509 1544.359 1542.433 1540.178 1545.246 1549.6 1551.553 1552.586 1553.077
1598.305 1595.437 1591.687 1588.749 1585.318 1584.057 1582.921 1582.057 1581.215 1579.397 1578.47 1577.41 1576.299 1575.327 1574.249 1573.271 1572.982 1572.804 1573.032 1573.578 1574.326 1575.346 1575.562 1575.876 1575.938 1575.502 1573.698 1571.367 1567.844 1563.985 1561.391 1559.744 1557.417 1554.038 1548.556 1541.537 1536.032 1535.749 1536.771 1536.106 1534.796 1540.178 1538.348 1540.823 1542.688 1544.217 1545.075
