var/www/cgi-bin/BAERTOOLS/ravel/working/ravel-20711.DEM
NCOLS 69
NROWS 75
XLLCORNER 276826.32
YLLCORNER 3833038.9
CELLSIZE 10
NODATA_VALUE -9999
[rows 28 to 55 of 75, columns 0 to 62 of 69]
1501.867 1502.469 1502.472 1502.083 1502.092 1502.234 1502.376 1502.787 1502.473 1501.957 1502.035 1501.662 1501.96 1502.038 1500.861 1498.285 1495.233 1486.785 1483.585 1480.28 1477.152 1474.49 1471.636 1466.098 1463.905 1461.539 1458.836 1456.643 1452.221 1451.206 1451.521 1452.391 1453.379 1455.29 1460.835 1463.004 1465.064 1466.925 1468.506 1469.724 1468.961 1468.051 1468.73 1469.966 1470.93 1473.637 1475.229 1476.922 1479.045 1481.567 1484.535 1489.294 1491.104 1492.945 1495.059 1496.732 1496.458 1495.593 1495.426 1495.265 1497.373 1498.061 1498.847
1500.088 1498.984 1497.836 1497.602 1497.668 1497.953 1499.163 1499.679 1500.303 1500.906 1501.299 1500.881 1500.596 1499.92 1498.4 1496.181 1495.233 1490.213 1487.944 1484.568 1480.53 1477.102 1474.219 1467.461 1465.044 1462.803 1460.21 1457.531 1452.799 1451.457 1450.929 1450.939 1451.732 1454.05 1459.295 1461.618 1463.646 1465.07 1465.752 1465.535 1465.104 1465.762 1467.134 1468.571 1469.919 1473.005 1474.779 1476.664 1478.942 1481.491 1484.272 1489.089 1490.902 1492.068 1493.054 1493.905 1494.12 1493.776 1493.19 1495.265 1495.165 1495.315 1495.802
1500.994 1499.31 1496.907 1494.424 1491.419 1492.269 1493.668 1494.661 1495.357 1495.823 1496.092 1495.343 1494.563 1493.486 1492.077 1496.181 1493.839 1491.402 1490.27 1486.979 1481.762 1477.961 1471.224 1468.265 1465.833 1463.508 1461.171 1458.627 1453.518 1451.915 1451.109 1450.749 1451.195 1452.87 1457.048 1459.371 1461.757 1463.272 1463.714 1462.797 1463.276 1464.727 1466.261 1467.491 1468.246 1471.844 1473.589 1475.476 1477.803 1480.736 1483.54 1488.169 1489.532 1490.542 1491.654 1492.364 1492.15 1491.574 1493.19 1492.689 1492.56 1492.275 1491.914
1499.071 1497.051 1494.444 1490.971 1489.047 1487.118 1488.425 1489.581 1489.989 1489.884 1489.817 1488.584 1487.655 1486.332 1492.077 1490.398 1489.133 1488.9 1487.801 1484.747 1480.285 1476.488 1471.975 1469.525 1467.033 1464.77 1462.697 1460.176 1454.352 1452.346 1451.197 1450.718 1450.877 1451.762 1455.176 1457.478 1459.968 1461.331 1461.559 1461.545 1462.604 1464.318 1465.772 1466.669 1466.978 1470.525 1472.579 1474.61 1476.918 1479.903 1485.027 1487.244 1488.808 1489.684 1490.681 1491.64 1490.069 1491.574 1490.964 1490.27 1489.684 1489.643 1490.057
1498.217 1495.061 1492.167 1490.343 1488.164 1486.496 1486.292 1486.188 1486.385 1486.139 1484.019 1480.371 1479.446 1486.332 1484.69 1482.751 1481.631 1481.471 1480.247 1478.105 1475.978 1474.358 1471.553 1469.934 1467.858 1465.81 1464.04 1461.393 1454.922 1452.835 1451.29 1450.728 1450.72 1452.582 1454.394 1456.291 1457.987 1459.067 1459.619 1460.754 1462.262 1463.935 1465.061 1465.24 1464.758 1469.388 1472.514 1474.573 1476.84 1479.395 1483.91 1486.058 1487.871 1489.198 1489.902 1491.64 1490.069 1489.369 1488.679 1488.026 1487.731 1487.964 1489.819
1500.338 1498.527 1495.596 1492.18 1490.448 1489.331 1488.014 1486.297 1484.837 1482.627 1478.531 1474.084 1479.446 1477.706 1475.454 1474.08 1474.424 1474.116 1473.556 1472.886 1472.345 1471.41 1469.365 1468.272 1467.085 1465.644 1464.103 1461.601 1454.663 1453.012 1451.399 1450.737 1450.726 1452.257 1453.766 1455.154 1456.349 1457.331 1458.019 1459.734 1461.381 1462.833 1463.365 1463.262 1465.262 1468.259 1471.25 1474.094 1476.74 1478.692 1482.337 1484.578 1486.877 1488.439 1489.902 1489.853 1487.945 1487.327 1486.656 1486.133 1486.354 1489.142 1490.052
1501.696 1499.563 1497.107 1495.417 1494.554 1493.666 1492.042 1490.157 1488.934 1487.753 1475.336 1474.084 1473.61 1473.099 1472.875 1473.018 1471.281 1470 1469.454 1468.923 1468.692 1468.096 1467.293 1466.658 1465.659 1464.513 1463.053 1455.954 1453.433 1452.14 1451.115 1450.73 1450.724 1451.909 1453.086 1454.237 1455.269 1456.031 1456.728 1458.291 1459.393 1460.553 1461.393 1461.735 1465.325 1467.968 1470.722 1473.325 1475.531 1476.946 1479.56 1481.8 1484.452 1488.439 1488.721 1488.125 1485.872 1484.967 1484.374 1484.316 1485.245 1488.391 1489.592
1503.798 1499.446 1498.287 1498.442 1499.223 1499.265 1497.596 1495.073 1493.088 1487.753 1479.375 1476.298 1474.554 1473.806 1473.62 1473.371 1470.375 1467.58 1465.356 1465.005 1464.895 1464.888 1465.209 1465.001 1464.16 1462.523 1460.187 1453.351 1451.858 1451.187 1450.732 1450.714 1450.717 1451.506 1452.551 1453.639 1454.529 1454.905 1455.182 1456.237 1457.23 1458.675 1459.993 1461.22 1464.973 1467.181 1469.348 1471.349 1473.435 1475.006 1477.868 1479.465 1484.452 1486.098 1486.36 1484.483 1482.908 1481.67 1481.216 1481.474 1482.954 1486.853 1488.263
1506.554 1501.611 1499.697 1501.502 1504.175 1503.933 1502.466 1500.467 1493.088 1491.631 1485.492 1481.545 1479.013 1477.978 1476.744 1474.912 1470.757 1467.6 1464.541 1463.546 1463.165 1462.964 1463.113 1463.211 1462.4 1460.431 1457.934 1452.965 1452.117 1451.46 1450.82 1450.717 1450.713 1451.132 1451.938 1452.944 1453.867 1454.011 1453.595 1454.182 1454.734 1456.263 1458.839 1461.058 1464.251 1466.014 1467.339 1468.551 1470.544 1472.022 1475.129 1479.465 1481.056 1482.431 1483.541 1481.469 1479.748 1478.012 1476.829 1477.153 1479.62 1484.429 1486.239
1509.537 1505.692 1504.214 1506.466 1509.065 1508.672 1507.055 1500.467 1498.26 1495.92 1490.253 1487.205 1484.755 1482.988 1480.568 1477.771 1474.625 1471.381 1467.614 1465.848 1464.768 1462.429 1462.077 1461.896 1460.988 1459.785 1458.276 1455.088 1453.939 1452.557 1451.215 1450.63 1450.649 1450.787 1451.254 1452.112 1452.829 1452.751 1451.761 1451.993 1453.167 1455.596 1457.716 1459.429 1462.957 1464.414 1465.367 1465.961 1466.66 1469.218 1475.129 1476.365 1477.543 1478.754 1479.505 1478.529 1476.819 1475.579 1475.014 1475.312 1477.159 1481.893 1482.777
1511.185 1509.163 1509.676 1512.357 1514.152 1513.572 1507.055 1504.827 1502.63 1500.445 1495.51 1492.561 1490.382 1488.745 1485.432 1478.239 1475.401 1472.823 1470.326 1467.765 1466.036 1463.009 1462.159 1461.627 1461.09 1460.316 1459.476 1457.463 1455.831 1454.334 1452.824 1451.97 1450.768 1450.707 1450.96 1451.419 1451.939 1452.024 1451.249 1451.58 1452.603 1454.271 1455.614 1457.209 1460.451 1461.969 1462.839 1463.066 1462.805 1469.218 1471.387 1473.387 1474.961 1476.215 1477.341 1477.256 1475.886 1474.832 1473.807 1473.965 1475.783 1479.205 1479.457
1511.912 1512.161 1514.238 1516.601 1518.134 1513.572 1511.795 1509.465 1507.196 1505.013 1501.147 1499.159 1496.26 1492.914 1489.419 1480.891 1477.364 1474.21 1471.292 1468.482 1465.643 1463.079 1462.835 1462.525 1462.053 1461.662 1461.157 1459.992 1458.314 1456.677 1454.975 1453.995 1451.243 1450.745 1450.679 1450.802 1451.265 1451.34 1451.311 1452.198 1453.306 1454.46 1455.206 1455.078 1457.023 1458.619 1459.622 1463.066 1462.805 1464.244 1466.103 1469.08 1472.215 1474.343 1476.31 1476.839 1476.043 1474.893 1473.261 1473.577 1476.806 1477.755 1478.175
1512.899 1515.604 1518.422 1520.945 1518.134 1517.024 1515.098 1513.381 1511.297 1506.794 1505.073 1503.424 1500.43 1495.982 1491.011 1481.892 1477.894 1474.906 1472.456 1469.736 1466.63 1464.609 1464.686 1464.434 1463.976 1463.726 1463.13 1462.499 1461.377 1459.706 1457.653 1455.842 1451.99 1450.813 1450.634 1450.734 1450.5 1450.57 1451.447 1452.528 1453.334 1453.606 1453.734 1453.356 1453.74 1454.507 1459.622 1460.025 1459.737 1461.52 1462.889 1465.876 1469.936 1472.967 1475.706 1476.476 1475.879 1474.477 1472.893 1472.688 1475.557 1476.428 1476.78
1516.948 1519.958 1518.422 1520.945 1522.474 1520.255 1518.021 1516.594 1514.637 1510.783 1508.133 1504.934 1501.126 1496.537 1491.379 1482.596 1478.581 1475.651 1473.98 1472.317 1470.457 1468.006 1467.729 1467.37 1466.824 1466.502 1465.633 1465.135 1464.294 1462.437 1459.812 1457.343 1452.959 1451.452 1450.81 1450.681 1450.589 1450.311 1450.778 1451.615 1451.939 1451.904 1451.672 1451.242 1450.958 1454.507 1455.487 1456.854 1457.371 1459.785 1462.096 1465.261 1468.737 1472.13 1475.093 1476.723 1475.357 1472.85 1469.946 1468.768 1472.784 1473.987 1475.219
1521.102 1519.958 1522.948 1525.479 1525.676 1523.939 1521.71 1519.401 1517.083 1512.796 1509.362 1505.16 1500.976 1496.646 1492.017 1483.796 1479.297 1476.027 1474.76 1474.481 1473.103 1471.974 1471.538 1471.217 1470.669 1470.195 1468.402 1467.424 1466.165 1463.787 1461.242 1459.53 1455.723 1453.158 1451.642 1451.019 1450.385 1449.51 1449.642 1449.58 1449.408 1449.258 1448.874 1449.477 1450.958 1451.386 1452.914 1454.275 1454.219 1456.931 1460.619 1463.776 1466.927 1470.271 1476.411 1477.008 1475.303 1471.114 1466.345 1464.677 1468.759 1469.647 1471.928
1521.102 1523.571 1525.846 1527.644 1526.826 1525.22 1522.888 1520.343 1517.735 1512.387 1508.602 1504.277 1500.293 1496.826 1493.055 1485.741 1481.587 1478.743 1477.999 1478.187 1477.168 1476.127 1475.531 1475.218 1474.926 1474.563 1472.535 1469.993 1466.732 1463.937 1462.84 1462.333 1459.587 1456.691 1453.659 1451.491 1450.81 1448.871 1448.352 1447.848 1446.8 1445.86 1445.452 1449.477 1449.566 1450.082 1451.593 1452.597 1451.27 1454.098 1457.755 1461.161 1464.25 1467.504 1475.446 1476.922 1474.439 1469.401 1464.95 1462.863 1465.143 1466.73 1468.478
1523.685 1525.638 1526.92 1527.392 1526.866 1525.11 1522.494 1519.921 1517.514 1512.044 1508.175 1504.09 1500.312 1496.255 1488.973 1486.436 1484.662 1483.842 1484.029 1484.364 1482.867 1481.874 1481.023 1479.885 1478.445 1477.902 1475.813 1473.136 1470.047 1467.926 1466.793 1465.652 1463.955 1461.268 1457.786 1454.308 1452.389 1450.644 1449.061 1447.791 1447.108 1446.195 1445.452 1447.104 1447.419 1447.902 1449.402 1450.242 1449.968 1452.35 1455.262 1458.319 1461.278 1464.206 1471.245 1473.294 1472.13 1468.444 1464.478 1462.139 1462.511 1464.835 1465.873
1525.7 1527.041 1527.411 1527.974 1527.049 1524.54 1521.616 1518.781 1516.415 1511.145 1507.366 1503.476 1499.791 1495.575 1488.302 1486.468 1486.173 1487.588 1489.296 1489.635 1488.227 1487.945 1487.067 1485.324 1482.833 1480.592 1477.134 1474.623 1473.069 1473.078 1472.452 1470.691 1468.247 1465.387 1462.484 1459.195 1456.312 1453.339 1451.684 1450.01 1447.108 1446.195 1444.828 1445.538 1444.951 1444.249 1444.994 1446.279 1448.285 1450.126 1452.479 1455.428 1458.513 1461.192 1465.815 1467.93 1468.342 1466.281 1463.811 1460.5 1459.997 1462.179 1463.252
1528.386 1528.35 1528.029 1526.09 1524.63 1522.626 1519.343 1516.102 1513.74 1509.211 1505.492 1501.662 1498.742 1496.046 1490.025 1487.859 1487.709 1490.319 1492.752 1492.779 1491.9 1491.65 1490.233 1488.205 1485.451 1479.993 1477.298 1475.401 1475.401 1476.276 1476.736 1476.478 1473.903 1469.305 1465.371 1462.944 1460.109 1455.736 1453.434 1450.01 1448.108 1446.456 1444.254 1443.763 1441.922 1440.318 1441.097 1442.578 1446.009 1448.007 1450.245 1452.905 1456.014 1458.678 1463.364 1465.61 1466.215 1464.653 1462.61 1454.483 1455.25 1457.827 1459.725
1531.242 1529.732 1528.469 1524.395 1522.308 1519.104 1515.575 1512.961 1509.956 1507.98 1504.186 1500.328 1499.215 1498.769 1493.172 1490.339 1490.631 1493.905 1496.46 1496.771 1494.14 1492.352 1490.451 1488.734 1486.753 1481.563 1478.372 1476.975 1477.407 1478.424 1478.877 1477.447 1475.309 1471.36 1467.282 1465.082 1462.346 1457.922 1453.434 1451.197 1449.651 1448.187 1444.578 1443.3 1441.432 1439.498 1439.298 1439.91 1443.325 1445.78 1448.46 1451.42 1454.023 1456.47 1461.931 1464.837 1466.076 1464.606 1461.053 1452.48 1451.804 1453.919 1455.764
1533.215 1531.354 1527.98 1523.371 1521.467 1517.905 1513.349 1511.694 1509.488 1508.276 1505.43 1502.306 1502.056 1501.506 1496.138 1494.252 1495.396 1498.839 1500.598 1498.222 1495.916 1493.531 1491.321 1489.478 1487.457 1482.813 1480.302 1478.601 1478.227 1478.419 1477.455 1475.657 1474.121 1471.637 1468.965 1466.19 1463.004 1457.922 1455.369 1452.937 1451.358 1450.387 1447.226 1445.523 1443.985 1441.854 1439.788 1439.298 1441.279 1443.16 1445.34 1448.494 1451.282 1455.515 1458.853 1462.266 1463.918 1462.658 1458.555 1451.126 1450.553 1451.585 1452.418
1534.658 1532.969 1526.494 1524.721 1523.29 1520.193 1515.751 1513.316 1510.233 1509.826 1508.675 1505.994 1503.531 1501.505 1498.759 1498.504 1499.322 1501.118 1502.217 1498.471 1495.839 1493.37 1491.042 1489.013 1487.357 1482.246 1480.236 1478.866 1478.17 1476.828 1475.295 1471.62 1470.747 1469.654 1467.742 1466.877 1463.004 1461.532 1459.482 1457 1454.798 1453.385 1451.09 1449.259 1446.522 1443.345 1440.574 1439.322 1439.534 1439.978 1441.39 1444.482 1447.435 1451.48 1454.354 1457.375 1458.615 1457.457 1454.18 1449.336 1448.861 1449.166 1449.667
1536.431 1534.359 1529.41 1527.353 1524.976 1522.034 1519.082 1515.53 1512.579 1512.828 1512 1509.369 1505.742 1501.729 1501.14 1501.923 1502.71 1503.04 1502.352 1497.644 1494.435 1491.44 1488.778 1487.236 1485.992 1481.023 1477.867 1476.813 1476.123 1474.914 1469.513 1466.796 1465.159 1465.025 1465.769 1466.877 1465.434 1464.786 1463.68 1461.675 1459.579 1458.027 1454.701 1452.604 1449.725 1446.189 1442.681 1439.083 1438.733 1438.788 1438.957 1440.552 1443.288 1448.307 1450.882 1453.1 1453.766 1452.888 1451.375 1448.495 1448.772 1448.956 1449.399
1538.225 1536.766 1531.985 1529.519 1527.184 1524.616 1521.684 1518.441 1515.247 1514.545 1512.842 1510.507 1507.909 1504.014 1504.314 1504.781 1503.883 1503.031 1501.383 1497.577 1494.017 1490.335 1487.849 1486.097 1485.238 1480.063 1476.785 1474.605 1472.334 1469.996 1464.704 1463.083 1462.336 1462.611 1465.769 1466.927 1466.652 1466.029 1465.587 1465.139 1464.334 1462.959 1458.469 1455.574 1452.444 1449.088 1445.734 1441.219 1439.753 1438.967 1438.722 1438.824 1439.962 1445.011 1448.11 1450.057 1450.517 1450.689 1449.758 1448.367 1448.938 1449.708 1451.389
1539.525 1538.453 1534.389 1531.359 1528.398 1525.778 1523.342 1521.089 1516.725 1514.871 1512.466 1510.439 1509.648 1508.726 1507.933 1506.39 1503.632 1501.624 1499.885 1497.035 1493.668 1489.683 1487.833 1487.407 1486.471 1483.22 1479.371 1476.985 1473.383 1466.677 1462.704 1462.013 1462.336 1462.611 1463.134 1463.438 1464.908 1465.438 1465.909 1466.239 1466.339 1464.779 1462.331 1458.831 1454.818 1451.17 1448.423 1443.499 1441.036 1439.283 1438.824 1438.749 1438.737 1442.751 1444.88 1446.057 1446.62 1447.002 1446.927 1448.344 1449.238 1450.695 1453.409
1539.508 1539.026 1535.471 1532.355 1529.473 1527.056 1524.865 1520.692 1518.663 1515.971 1513.077 1511.891 1512.468 1511.88 1510.31 1508.671 1506.449 1503.014 1500.873 1498.403 1495.612 1492.438 1490.566 1489.208 1487.809 1486.003 1483.051 1479.727 1475.775 1469.134 1462.552 1462.013 1460.889 1460.265 1460.315 1459.197 1460.873 1461.728 1462.545 1463.715 1465.483 1466.529 1465.017 1461.904 1457.664 1453.823 1450.899 1444.564 1441.323 1439.278 1438.816 1438.787 1438.91 1442.329 1442.99 1442.673 1442.248 1441.961 1446.179 1448.44 1450.211 1451.968 1455.266
1536.633 1537.142 1535.833 1533.348 1530.056 1527.74 1525.608 1522.186 1520.333 1518.081 1515.898 1515.168 1515.3 1513.457 1512.422 1511.095 1508.383 1505.143 1502.775 1500.428 1498.287 1495.501 1493.123 1491.697 1490.048 1489.102 1486.228 1481.568 1477.738 1472.293 1462.552 1461.298 1459.985 1458.203 1455.634 1454.295 1455.391 1456.792 1458.357 1460.326 1462.867 1465.84 1465.336 1463.128 1459.419 1455.592 1452.487 1444.819 1441.134 1439.324 1438.924 1438.826 1440.405 1441.46 1441.526 1440.586 1439.711 1440.322 1445.397 1448.157 1450.951 1453.647 1457.165
1532.35 1533.987 1534.233 1532.815 1530.428 1528.312 1526.108 1523.264 1521.926 1520.843 1519.559 1518.232 1517.027 1515.22 1514.383 1513.167 1510.593 1506.99 1503.101 1501.716 1499.578 1497.179 1494.734 1493.099 1491.041 1489.39 1486.512 1482.252 1478.163 1472.293 1462.626 1460.838 1458.985 1457.164 1454.844 1451.04 1451.279 1452.331 1454.001 1456.382 1459.188 1462.98 1462.691 1461.365 1458.725 1455.254 1452.607 1444.917 1441.015 1439.164 1438.877 1438.834 1439.755 1440.01 1439.811 1439.329 1439.486 1441.156 1446.123 1449.12 1451.944 1454.916 1458.556
