var/www/cgi-bin/BAERTOOLS/ravel/working/ravel-13306.DEM
NCOLS 92
NROWS 90
XLLCORNER 452068.49
YLLCORNER 3779235.4
CELLSIZE 10
NODATA_VALUE -9999
[rows 28 to 55 of 90, columns 0 to 62 of 92]
564.4709 564.2001 563.9719 563.3665 563.0906 562.8339 562.5323 562.2216 561.9407 561.2095 560.821 560.4306 560.0506 559.6174 558.7542 558.4023 558.0095 557.5663 557.1392 556.7354 555.9483 555.5782 555.2473 554.8517 554.4609 554.1783 553.4114 553.0624 552.7195 552.3766 552.0485 551.777 551.0914 550.8116 550.5002 550.1888 549.902 549.4825 548.7219 548.2896 547.8589 547.4219 547.0096 546.6505 545.7007 545.2849 544.8073 544.3152 543.8697 542.8391 542.2426 541.7383 541.3257 540.9016 540.4523 539.5788 539.248 538.8398 538.4725 538.2336 537.9427 537.4557 537.4825
563.9553 563.6796 563.3547 562.8301 562.5073 562.2241 561.9524 561.6111 561.2833 560.4958 560.0931 559.7015 559.3422 558.9018 558.0408 557.6182 557.2479 556.8629 556.4171 556.0024 555.2342 554.8603 554.5231 554.1713 553.8215 553.4895 552.7203 552.3488 552.0035 551.6913 551.4138 551.0738 550.4504 550.1331 549.8322 549.551 549.2086 548.8506 548.0005 547.5704 547.1314 546.7304 546.3748 545.5169 545.0147 544.5567 544.0873 543.5887 543.1644 542.222 541.7028 541.1808 540.7019 540.284 539.8403 538.8821 538.5126 538.222 537.969 537.7156 537.4402 536.9748 536.9041
563.3508 563.0963 562.8184 562.2222 561.9799 561.642 561.255 560.9028 560.4877 559.7184 559.3411 558.9562 558.5539 558.1924 557.3262 556.8932 556.4659 556.081 555.7083 555.2748 554.4922 554.1479 553.8034 553.4611 553.1252 552.7679 551.9778 551.6355 551.2806 550.9723 550.7002 550.3631 549.7634 549.4791 549.1839 548.8358 548.4937 548.1416 547.2805 546.8437 546.4584 546.0916 545.6595 544.8013 544.3745 543.8836 543.3987 542.9742 542.5427 541.6896 541.1205 540.609 540.1992 539.7421 539.2372 538.2953 537.8237 537.4748 537.3503 537.3057 537.0413 536.5938 536.4216
562.8309 562.5575 562.2366 561.6596 561.2764 560.8937 560.5179 560.105 559.3309 558.9606 558.565 558.1738 557.8043 557.379 556.5964 556.1859 555.7391 555.3549 554.997 554.5556 553.7704 553.4299 553.0944 552.7141 552.3007 551.9564 551.2603 550.9097 550.6127 550.3271 549.9778 549.6426 549.0508 548.7037 548.3604 548.0143 547.6694 547.3258 546.5657 546.1229 545.7388 545.3794 544.9277 543.9747 543.5475 543.1165 542.6794 542.2787 541.9246 541.0691 540.5718 540.1089 539.6431 539.1481 538.7115 537.6788 537.2103 536.9218 536.8033 536.7033 536.5201 536.0765 535.9051
562.2308 561.9699 561.6288 560.8959 560.517 560.131 559.7217 559.3741 558.6018 558.2433 557.843 557.4487 557.092 556.6556 555.7943 555.4299 555.035 554.5968 554.1976 553.8348 553.0511 552.7208 552.3247 551.9184 551.5762 551.2342 550.5406 550.1891 549.8956 549.6119 549.2576 548.9216 548.3304 547.98 547.635 547.2901 546.9447 546.6015 545.8456 545.4021 545.0244 544.6282 544.1174 543.2545 542.8953 542.4973 542.1052 541.7438 541.3088 540.451 540.0234 539.6018 539.1304 538.6364 538.196 537.2457 536.8891 536.5283 536.2784 536.1805 536.0146 535.5977 535.3864
561.6735 561.2706 560.9241 560.1415 559.7433 559.3429 559.0034 558.6479 557.871 557.4611 557.0826 556.7057 556.2674 555.85 555.071 554.7062 554.3181 553.8742 553.4705 553.1151 552.3354 551.9325 551.5411 551.2071 550.8375 550.4245 549.8253 549.4684 549.1747 548.891 548.5368 548.2001 547.6097 547.2593 546.9137 546.5685 546.2263 545.8737 545.0884 544.6882 544.3011 543.9048 543.3948 542.6189 542.2076 541.8242 541.4945 541.1212 540.7025 539.9393 539.5052 539.0851 538.6206 538.1282 537.6817 536.8076 536.478 536.1326 535.8016 535.5789 535.4916 535.1552 534.9847
560.9051 560.541 560.1225 559.3542 558.9666 558.632 558.2626 557.8461 557.0725 556.7073 556.3099 555.9162 555.5467 555.1238 554.3524 553.9865 553.5984 553.1547 552.7506 552.3956 551.6179 551.2097 550.8257 550.4513 550.03 549.695 549.1044 548.7466 548.452 548.1695 547.8154 547.479 546.888 546.5375 546.1919 545.8521 545.4863 544.7084 544.371 543.98 543.4915 543.0206 542.6908 541.9198 541.5534 541.2162 540.8743 540.4998 540.0848 539.3248 538.8867 538.5092 538.1469 537.6979 537.1921 536.3141 536.006 535.7189 535.3607 535.0743 534.9665 534.6375 534.4642
560.1543 559.7401 559.385 558.5966 558.2628 557.8727 557.4669 557.1074 556.3297 555.92 555.5383 555.1564 554.7454 554.4016 553.6323 553.2661 552.879 552.4348 552.0305 551.679 550.8151 550.4509 550.0583 549.6528 549.3091 548.9747 548.3777 548.0921 547.7953 547.437 547.1124 546.848 546.1612 545.8167 545.4763 545.0969 544.6774 543.9946 543.5753 543.196 542.816 542.4154 542.058 541.2775 540.9363 540.5982 540.2117 539.8021 539.4644 538.7857 538.3889 537.9471 537.5511 537.1953 536.7576 535.801 535.4268 535.1189 534.8691 534.6252 534.3737 534.1346 533.9494
559.371 559.0021 558.2246 557.8127 557.4296 557.0964 556.7207 556.303 555.5297 555.1561 554.8223 554.4344 554.0208 553.6807 552.912 552.5452 552.158 551.7202 551.2859 550.867 550.0978 549.7218 549.3829 549.0384 548.6946 548.3478 547.7318 547.4188 547.0673 546.7194 546.3936 546.1258 545.441 545.1033 544.7087 544.2974 543.9597 543.2745 542.8642 542.4227 542.031 541.6908 541.3494 540.5857 540.2166 539.8714 539.5234 539.1837 538.8382 538.1586 537.8293 537.4399 537.0002 536.5652 536.1381 535.2977 534.9225 534.5056 534.1973 534.0833 534.3737 534.1346 533.9494
558.5451 558.2014 557.4227 557.0533 556.7207 556.3304 555.9232 555.5651 554.781 554.4396 554.1019 553.715 553.3 552.9597 552.191 551.8235 551.4366 550.9992 550.5698 550.136 549.3486 549.0095 548.6569 548.3483 548.0759 547.7307 547.0411 546.6882 546.3918 546.1102 545.7599 545.4113 544.7208 544.3831 543.9913 543.5809 543.24 542.5547 542.1387 541.7651 541.3886 540.9757 540.6257 539.9438 539.607 539.2081 538.8097 538.4715 538.1255 537.511 537.2005 536.8026 536.3661 535.932 535.512 535.2977 534.9225 534.5056 534.1973 534.0833 533.8886 533.6385 533.4338
557.7133 557.3719 556.6857 556.2692 555.8843 555.5516 555.1776 554.7549 554.064 553.7251 553.3229 552.9207 552.5819 552.239 551.47 551.1026 550.7103 550.3184 549.9323 549.4337 548.7377 548.3936 548.0489 547.7032 547.3521 547.0163 546.4251 546.0757 545.7285 545.3802 545.0353 544.6912 544.0018 543.6631 543.2769 542.8697 542.5203 541.8365 541.4214 541.0358 540.7065 540.3404 539.9213 539.2183 538.8739 538.533 538.1928 537.848 537.5033 537.511 537.2005 536.8026 536.3661 535.932 535.512 534.7389 534.3282 533.9641 533.6426 533.4478 533.4148 533.0688 532.9202
557.0001 556.6378 555.8557 555.5137 555.1749 554.7856 554.3732 554.0308 553.3444 552.9307 552.5435 552.2062 551.8613 551.5179 550.7484 550.3745 550.0441 549.6624 549.2525 548.9047 548.1157 547.7767 547.4316 547.0872 546.743 546.3984 545.7044 545.3602 545.0154 544.6716 544.3254 543.6268 543.2828 542.9372 542.6011 542.2337 541.8152 541.1055 540.6973 540.3193 539.9797 539.6415 539.2893 538.5144 538.8739 538.533 538.1928 537.848 537.5033 536.8083 536.4694 536.0769 535.6467 535.2313 534.7996 533.918 533.6658 533.3934 533.1312 533.0383 532.8605 532.5916 532.353
556.1765 555.8142 555.0289 554.7641 554.4005 553.993 553.6599 553.2983 552.5135 552.1753 551.8314 551.4839 551.1397 550.782 549.9995 549.6646 549.3219 548.978 548.6412 548.2864 547.4992 547.1602 546.815 546.4711 546.127 545.7823 545.0826 544.7383 544.3937 544.0544 543.6929 542.9072 542.5634 542.2191 541.8737 541.5368 541.183 540.3192 539.9496 540.3193 539.9797 539.6415 539.2893 538.5144 538.1748 537.8303 537.486 537.1422 536.7979 536.1115 535.7588 535.3636 534.973 534.609 534.1954 533.3293 532.9605 532.6031 532.445 532.5062 532.3149 532.0636 531.8883
555.3477 555.0018 554.313 553.9657 553.6201 553.2823 552.9099 552.4885 551.7969 551.4495 551.1112 550.7267 550.3117 549.9696 549.2893 549.0078 548.7121 548.3658 548.0244 547.6703 546.8834 546.5444 546.1994 545.8557 545.5121 545.1506 544.3666 544.029 543.6776 543.3228 542.9826 542.2242 541.8582 542.2191 541.8737 541.5368 541.183 540.3192 539.9496 539.6061 539.262 538.9182 538.5745 537.8924 537.5478 537.203 536.8583 536.5141 536.1697 535.4852 535.0869 534.7011 534.3209 533.9219 533.5771 532.7285 532.43 532.1994 531.9247 531.5947 531.3698 531.5032 531.4736
554.5288 554.1828 553.4916 553.1465 552.8014 552.456 552.1124 551.772 550.9973 550.6246 550.284 549.9448 549.607 549.2723 548.6846 548.3283 548.0288 547.7472 547.4102 547.0554 546.2678 545.9289 545.5837 545.246 544.881 544.4515 543.7661 543.4176 543.6776 543.3228 542.9826 542.2242 541.8582 541.5201 541.167 540.8157 540.4564 539.685 539.2859 538.9055 538.5586 538.1989 537.8574 537.1916 536.8469 536.5031 536.159 535.8151 535.4713 534.7873 534.4369 534.0399 533.6508 533.3221 532.9723 532.2225 531.9089 531.6202 531.3103 530.9686 530.7146 530.6306 530.9438
553.7279 553.4582 552.7685 552.4235 552.0778 551.7321 551.3912 551.033 550.2551 549.9237 549.5761 549.267 548.9935 548.6535 548.0393 547.7306 547.3688 547.0529 546.7836 546.4412 545.6523 545.3141 544.9703 545.246 544.881 544.4515 543.7661 543.4176 543.0214 542.6195 542.28 541.5829 541.2356 540.8987 540.5173 540.111 539.7416 538.9626 538.6212 538.2875 537.9079 537.5026 537.1714 536.5655 536.2175 535.8731 535.5287 535.1856 534.8384 534.1266 533.7297 533.3535 533.0107 532.6435 532.2997 531.5688 531.1393 530.7329 530.3906 530.0552 529.5517 529.5653 529.8525
552.9837 552.6404 551.9503 551.6057 551.2603 550.9152 550.5704 550.2253 549.5469 549.2772 548.9809 548.6202 548.2958 548.0342 547.4259 547.1145 546.7642 546.4114 546.7836 546.4412 545.6523 545.3141 544.9703 544.6251 544.2523 543.4914 543.1422 542.7361 542.3519 542.0139 541.6551 540.8948 540.5317 540.1779 539.8289 539.4691 539.06 538.2867 537.9224 537.5857 537.2332 536.8759 536.531 535.835 535.4911 535.1464 534.8031 534.4642 534.1123 533.3201 532.9992 532.6649 532.2721 531.872 531.4955 530.6586 530.2438 529.8623 529.4888 529.1199 528.4064 528.1954 528.0466
552.1865 551.9158 551.2384 550.8933 550.548 550.202 549.8609 549.5243 548.9154 548.6702 548.3651 548.0082 548.2958 548.0342 547.4259 547.1145 546.7642 546.4114 546.0869 545.8217 545.0444 544.6984 544.3621 543.9824 543.5588 542.8829 542.4604 542.0818 541.7451 541.3593 540.9515 540.252 539.9081 539.5176 539.1293 538.7896 538.4182 537.6629 537.3054 536.9528 536.5787 536.1789 535.8367 535.1534 534.8099 534.4686 534.1118 533.7417 533.4006 532.665 532.3487 532.0101 531.6084 531.2313 530.8301 530.066 529.6934 529.294 528.8459 528.4265 527.5197 527.1476 526.6577
551.4421 551.1118 550.5206 550.1744 549.8367 549.4951 549.1767 549.5243 548.9154 548.6702 548.3651 548.0082 547.6871 547.4196 546.8107 546.5001 546.1494 545.7999 545.4749 545.2144 544.4619 544.0781 543.7482 543.372 542.9527 542.269 541.8536 541.4793 541.0923 540.6806 540.3466 539.5676 539.2064 538.8546 538.5024 538.1385 537.7369 537.0336 536.6273 536.2506 535.9166 535.5828 535.2346 534.5116 534.1691 533.8314 533.4625 533.0676 532.721 532.0054 531.6575 531.3151 530.9539 530.5674 530.221 529.4374 529.0121 528.569 528.1765 527.7407 526.7554 526.2713 525.7295
550.6475 550.3706 550.5206 550.1744 549.8367 549.4951 549.1767 548.9144 548.3021 548.055 547.7505 547.3934 547.071 546.8051 546.1966 545.8866 545.5332 545.1922 544.8826 544.6019 543.8375 543.4672 543.1348 542.7586 542.3378 541.6564 541.2416 540.8655 540.4855 540.07 539.6962 538.9191 538.5767 538.1892 537.8041 537.4608 537.098 536.3491 535.9893 535.6581 535.3006 534.9325 534.5804 533.8268 533.4911 533.1246 532.7591 532.4303 532.076 531.2744 530.9648 530.6453 530.2874 529.9188 529.5668 528.8323 528.3917 527.9487 527.5754 527.1219 526.0823 525.572 525.0746
550.6475 550.3706 549.7758 549.4668 549.1827 548.8959 548.5687 548.3002 547.687 547.4406 547.135 546.7878 546.4771 546.1927 545.5819 545.2717 544.9265 544.6293 544.3441 543.9655 543.1965 542.8601 542.5197 542.1555 541.752 541.0419 540.627 540.251 539.8788 539.4377 539.0124 538.241 537.8776 537.545 537.1962 536.8089 536.4084 535.7268 535.3882 535.0288 534.6356 534.2438 533.9033 533.1956 532.8446 532.4744 532.0723 531.7014 531.3569 530.61 530.3093 530.0041 529.6162 529.1978 528.5641 528.2186 527.8524 527.4431 526.9942 526.4991 525.463 524.9954 524.5917
549.9207 549.593 549.0801 548.8279 548.5671 548.2648 547.9542 547.6886 547.0801 546.8254 546.5159 546.2045 545.9371 545.5871 544.9777 544.6505 544.3578 544.0759 543.6801 542.9273 542.5884 542.2443 541.8992 541.5627 541.2155 540.4308 540.0384 539.6595 539.2628 538.8279 538.3943 537.6157 537.2799 536.9429 536.5529 536.1342 535.8024 535.1174 534.7813 534.3796 533.9741 533.645 533.3023 532.5218 532.131 531.7805 531.4277 531.0271 530.6446 529.968 529.6189 529.2753 528.9117 528.54 527.9039 527.5937 527.272 526.9121 526.4976 526.0082 524.9734 524.4849 524.0672
549.2214 548.9714 548.4756 548.2242 547.9071 547.5854 547.3391 547.0844 546.4932 546.2061 545.9025 545.5862 545.3138 544.9798 544.3928 544.0353 543.7271 543.4113 543.033 542.3547 542.0111 541.6676 541.3266 540.9717 540.6031 539.8678 539.4932 539.0819 538.6581 538.2589 537.8274 537.0117 536.6635 536.3281 535.9624 535.5673 535.1931 534.506 534.1694 533.7727 533.3714 533.0257 532.6406 531.9065 531.5018 531.0781 530.72 530.3774 529.9839 529.2445 528.9027 528.5613 528.222 527.8766 527.1744 526.9065 526.6375 526.3165 525.9646 525.5565 524.5671 524.0506 523.6208
548.5242 548.2749 547.8615 547.594 547.2816 546.9805 546.7261 546.4698 545.8757 545.5898 545.3062 544.9987 544.7015 544.3659 543.7779 543.4248 543.087 542.7895 542.5059 541.8145 541.4712 541.1268 540.7872 540.4259 540.0244 539.309 538.8975 538.4792 538.1047 537.7186 537.2825 536.4529 536.0648 535.7059 535.3777 535.0112 534.58 533.8951 533.5582 533.162 532.7637 532.4015 531.9767 531.2592 530.8752 530.4647 530.037 529.6625 529.3203 528.5257 528.1942 527.8204 527.4608 527.162 526.5132 526.2094 525.9328 525.6596 525.3732 525.0551 524.1586 523.6973 523.2864
547.9232 547.6616 547.2028 546.9163 546.6198 546.3723 546.1133 545.8563 545.2903 544.9884 544.7299 544.4473 544.088 543.7491 543.1613 542.8295 542.5395 542.233 541.8873 541.2385 540.8908 540.5454 540.2064 539.8589 539.4756 538.7349 538.3295 537.9288 537.5275 537.1031 536.7107 535.8981 535.5125 535.1185 534.7532 534.4063 534.0158 533.2797 532.9478 532.551 532.1542 531.7996 531.3689 530.5932 530.2093 529.7955 529.3795 528.9982 528.6095 527.8348 527.4808 527.0848 526.6813 526.3893 525.844 525.4996 525.2323 525.0203 524.7684 524.497 523.6973 523.3298 522.8586
547.3094 547.0511 546.5278 546.27 546.0162 545.7595 545.5009 545.2425 544.738 544.4139 544.1079 543.8268 543.4837 543.1729 542.5736 542.2796 541.983 541.6566 541.3224 540.691 540.3777 540.056 539.6924 539.2977 538.9099 538.1989 537.7759 537.3688 536.962 536.5455 536.1571 535.3356 534.953 534.567 534.1746 533.7993 533.4614 532.6832 532.3329 531.9453 531.5204 531.1331 530.7507 529.9235 529.5485 529.1417 528.7231 528.3195 527.5529 527.1342 526.7543 526.4083 526.0107 525.6281 525.1086 524.8689 524.6439 524.4009 524.1439 523.8939 523.1349 522.7036 522.2528
546.6968 546.4382 545.9202 545.6873 545.4253 545.1419 544.8883 544.6303 544.1197 543.7959 543.4941 543.2106 542.8787 542.3184 542.0206 541.7177 541.4183 541.1101 540.7705 540.1155 539.8132 539.4992 539.1235 538.7432 538.4012 537.6322 537.2114 536.8123 536.4109 535.9871 535.5959 534.7759 534.3937 534.0067 533.6202 533.2327 532.8461 532.0844 531.7153 531.3309 530.908 530.5327 530.1426 529.2798 528.878 528.4674 528.0559 527.6727 526.8389 526.4651 526.072 525.6937 525.3325 524.9645 524.516 524.2952 524.0916 523.8763 523.5869 523.2772 522.5727 522.1721 521.801
546.0845 545.8262 545.3041 545.12 544.8805 544.5584 544.2755 544.0178 543.5054 543.2134 542.9095 542.6122 542.3038 541.7579 541.4619 541.1572 540.8613 540.5396 540.1982 539.6111 539.2747 538.9252 538.5849 538.2508 537.8934 537.0757 536.6638 536.2201 535.8043 535.4319 535.0406 534.2183 533.8325 533.4467 533.0621 532.6725 532.2917 531.5176 531.1318 530.7445 530.3665 529.9667 529.534 528.6754 528.2441 527.8098 527.3946 526.9932 526.1921 525.7921 525.3926 525.0587 524.782 524.49 523.9382 523.7484 523.4874 523.2339 523.023 522.7404 522.1304 521.7524 521.2535
