var/www/cgi-bin/BAERTOOLS/ravel/working/ravel-5155.prodgrd.txt
NCOLS 88
NROWS 114
XLLCORNER 772875.31
YLLCORNER 3877126.5
CELLSIZE 10
NODATA_VALUE -9999
[rows 0 to 27 of 114, columns 0 to 62 of 88]
0 0 0 -26.74205 -37.544632 -39.463892 -31.958109 -39.446342 -28.21771 0 0 0 -27.645659 -26.801232 -26.263778 -27.59586 -28.812532 -31.598371 0 -26.69851 0 0 -29.709207 -28.796582 -30.237809 -26.40851 -32.251775 -27.68981 -27.379131 -28.012439 -26.40846 -28.008168 -27.480734 -27.214608 -26.944599 -26.912649 -26.312693 0 0 -27.4289 -27.663803 -26.468878 -28.065858 -27.217668 -27.221623 -27.271162 -26.467422 -27.549027 0 0 0 0 0 0 -34.652389 -30.357435 -29.814522 -27.75171 -27.339038 -31.578192 -31.139793 -34.600755 -36.656304
0 0 -39.525534 -26.472016 -26.74205 -28.979475 -27.250733 -27.102833 -26.590128 -26.550005 -35.665826 -27.831196 -26.578185 -26.381918 -26.183858 -26.201055 -26.637285 -26.762096 -26.949294 -26.36803 -26.417759 -26.990106 -26.749941 -26.737203 -26.856689 -26.296947 -26.31652 -26.949694 -26.844192 -26.841987 -26.279342 -26.285418 -26.536665 -26.465398 -26.391593 -26.392751 -26.216525 -26.210408 -27.197002 0 -27.4289 -26.429363 -26.468878 -27.281993 -27.217668 -27.221623 -26.679087 -26.504402 -26.613551 0 0 0 0 -30.848459 -28.48153 -28.16494 -27.934805 -26.859298 -26.711634 -26.777052 -27.08481 -27.153564 -27.091103
0 -29.448363 -27.137861 -26.537176 -26.472016 -31.458184 -27.695042 -27.140737 -26.550005 -26.588589 -26.71843 0 -27.479481 -26.597787 -26.201055 -26.238338 -26.826569 -27.120908 -27.385056 -26.417759 -26.433903 -26.464535 -27.186306 -26.933587 -27.30121 -26.31652 -26.345548 -27.508151 -26.861594 -26.631402 -26.285418 -26.295431 -26.290937 -26.426684 -26.404145 -26.390644 -26.210408 -26.208196 -26.448474 -27.803395 -27.463176 -26.730285 -26.429363 -27.003311 -27.098539 -27.221623 -27.305726 -26.49424 -26.504402 0 0 0 0 -35.665826 -29.221917 -28.132216 -27.772241 -27.30121 -26.777052 -26.60322 -27.673674 -27.512193 -27.416347
0 -27.137861 -26.62338 -26.579968 -26.459336 0 0 -39.449015 -26.588589 -26.71843 -26.87836 0 0 -27.545326 -26.238338 -26.298676 -27.018708 -27.477544 -27.996417 -26.433903 -26.464535 -26.465014 -28.730734 -26.988805 -26.715923 -26.359472 -26.355285 -27.776426 -27.069897 -26.665275 -26.295431 -26.290937 -26.281047 -26.567286 -26.445905 -26.396268 -26.208196 -26.25495 -26.471326 -26.715696 -27.339833 -27.039349 -26.279896 -26.564025 -26.923653 -27.044641 -27.305726 -26.451525 -26.49424 0 0 -31.854631 -29.815646 -26.821754 -27.646807 -27.782037 -27.30121 -26.997546 -26.60322 -26.373945 -26.900079 -27.28858 -27.331926
0 -26.62338 -26.617749 -26.459336 -26.385243 -26.573921 0 0 0 -26.87836 -27.121465 0 0 0 -26.298676 -26.405015 -26.345336 -28.294815 -28.075356 -27.954915 -26.440337 -26.430099 -27.295236 -26.75219 -26.821156 -26.552428 -26.387159 -27.071421 -26.822353 -26.525788 -26.474797 -26.281047 -26.228032 -26.77545 -26.506212 -26.454068 -26.25495 -26.248768 -26.569433 -26.84514 -29.371103 -26.807061 -26.259613 -26.279896 -26.754958 -26.656184 -26.79428 -26.451525 -26.451525 -27.759804 -27.010951 -27.082209 -27.51017 -26.685273 -26.821754 -27.646807 -27.038871 -26.668032 -26.373945 -26.411889 -26.595579 -26.701024 -26.937855
0 -26.617749 -26.476903 -26.385243 -26.573921 -26.521295 0 0 0 -27.121465 -27.226935 0 0 0 -26.405015 -26.345336 -26.443975 -34.903228 -39.469065 -29.432629 -26.38439 -26.409126 -26.797649 -27.15121 -26.75219 -26.794839 -26.598421 -26.867223 -26.525788 -26.474797 -26.491656 -26.228032 -26.222458 -26.784888 -26.505079 -26.441975 -26.248768 -26.241915 -26.243744 -26.71615 -27.475612 -26.612053 -26.249042 -26.259613 -26.512302 -26.540651 -26.656184 -26.79428 -26.451525 -26.479029 -26.549871 -26.799344 -27.039828 -26.598898 -26.685273 -31.706599 0 -27.82675 -26.411889 -26.533242 -26.400558 -26.702989 -26.787902
0 -26.719116 -26.432075 -26.579521 -26.521295 -26.446257 -39.471422 0 0 -27.684919 -27.202103 0 0 0 0 -26.443975 -26.477913 -39.5132 -37.313157 -36.62105 -26.386761 -26.382436 -27.446298 -26.797649 -27.046094 -26.598421 -26.794839 -26.730049 -26.732418 -26.574213 -26.547337 -26.222458 -26.250146 -26.906951 -26.74721 -26.568715 -26.241915 -26.243744 -26.256982 -26.625106 -27.652837 -26.703427 -26.237261 -26.249042 -26.454251 -26.512302 -26.540651 -26.837612 -26.363116 -26.479029 -26.479029 -26.549871 -26.799344 -26.548401 -26.598898 -29.970018 -38.787416 -28.929205 -26.533242 -26.400558 -26.397665 -26.642181 -26.652957
0 -27.234317 -26.579521 -26.522381 -26.446257 -26.407281 -39.541375 0 0 -30.545733 -27.691232 -27.577734 0 0 0 -26.477913 -26.524444 -37.313157 -29.496443 -30.262429 -26.380951 -26.354392 -26.326644 -26.910243 -26.68011 -26.581912 -26.73865 -26.606787 -26.677253 -26.603865 -26.497508 -26.250146 -26.270796 -26.326408 -26.944132 -27.050965 -26.722801 -26.256982 -26.331928 -27.183817 -39.450195 -26.853127 -26.370934 -26.237261 -26.453338 -26.454251 -26.681137 -26.821754 -26.234622 -26.363116 -26.479029 -26.656948 -26.840733 -26.921391 -26.548401 -28.019642 -29.86796 -28.242375 -27.357563 -26.397665 -26.446964 -26.620637 -26.524201
0 -28.224692 -26.997987 -26.659059 -26.407281 -26.355508 -30.361268 0 0 0 -27.577734 -27.628978 -27.870658 -28.200829 0 -26.533872 -26.522744 -29.496443 -30.262429 -27.298963 -26.354392 -26.326644 -26.328021 -26.655422 -26.643096 -26.581912 -26.606787 -26.429118 -26.743762 -26.886642 -26.616736 -26.270796 -26.326408 -26.322674 -26.720724 -26.89793 -27.033637 -26.331928 -26.37644 -27.002865 -27.919991 -26.947302 -26.587976 -26.203356 -26.298636 -26.646597 -26.805621 -26.538972 -26.236342 -26.234622 -26.432324 -26.656948 -26.819665 -26.840733 -26.881448 -27.56787 -28.316009 -27.672433 -27.499135 -26.446964 -26.488464 -26.524201 -26.50678
0 -28.910319 -27.429806 -26.880073 -26.355508 -26.321068 -26.33414 -39.51555 0 0 -27.628978 -27.870658 -27.720891 -27.064347 -27.810629 -26.522744 -26.529986 -33.663718 -27.298963 -27.669959 -26.730522 -26.328021 -26.37308 -26.625106 -26.688828 -26.875974 -26.429118 -26.309319 -26.682166 -26.701896 -26.765196 -26.79094 -26.322674 -26.378143 -26.89793 -26.952097 -26.978092 -26.37644 -26.448029 -26.882827 -27.242471 -28.711053 -26.623897 -26.209452 -26.203356 -26.801615 -26.677456 -26.549871 -26.257363 -26.236342 -26.678679 -26.690726 -26.819665 -26.819665 -27.030334 -26.881448 0 -28.770966 -27.404011 -26.488464 -26.556241 -26.536538 -26.454617
0 -31.854631 -28.457214 -27.376608 -26.321068 -26.33414 -26.330083 -29.167653 0 0 -33.586437 -27.720891 -27.064347 -26.833591 -26.904769 -26.529986 -26.483649 -26.586906 -27.232968 -26.730522 -26.726524 -26.37308 -26.430345 -26.601772 -26.736722 -26.880416 -26.309319 -26.270115 -26.229469 -26.581013 -26.963478 -27.054402 -26.378143 -26.409721 -26.952097 -27.355117 -27.552768 -26.448029 -26.566431 -26.374566 -26.902598 0 -26.53756 -26.20513 -26.209452 -26.735281 -26.629465 -26.536283 -26.501711 -26.257363 -26.662347 -26.678679 -26.690726 -26.340748 -27.620789 -27.636063 0 0 -28.352216 -26.556241 -26.634063 -26.454068 -26.451254
0 -30.965804 -31.112023 -32.075265 -28.899104 -26.330083 -26.450353 -28.999272 0 0 0 -28.822954 -26.833591 -26.832361 -26.673213 -26.483649 -26.586906 -26.571885 -27.447226 -26.704086 -26.552428 -26.430345 -26.541429 -26.736722 -26.997546 -27.127065 -26.270115 -26.229469 -26.227343 -26.481071 -26.726524 -27.79765 -26.409721 -26.382695 -27.449084 -27.552768 -27.266881 -26.566431 -26.374566 -26.410018 -26.356858 -26.622348 -26.482718 -26.218157 -26.20513 -26.665275 -26.631049 -26.606787 -26.536283 -26.287967 -26.601612 -26.662347 -26.837612 -27.144207 -26.340748 -27.951535 -32.608967 -31.135286 -29.273319 -26.634063 -26.454068 -26.523957 -26.507122
-27.979781 -26.598421 -39.518487 0 0 -26.450353 -26.634063 -39.448425 0 0 0 0 -26.832361 -26.673213 -26.573193 -26.592297 -26.571885 -26.471425 -26.704086 -27.102294 -26.756984 -26.541429 -27.173355 -26.623208 -27.127065 -26.91061 -26.850234 -26.227343 -26.24528 -26.484167 -26.501822 -27.250733 -26.382695 -26.380053 -26.334834 -27.266881 -27.150623 -27.948165 -26.410018 -26.356858 -26.514169 -26.336983 -26.600172 -26.285454 -26.218157 -26.376566 -26.665275 -26.631049 -26.606787 -26.341109 -26.287967 -27.080138 -27.634878 -27.859868 -27.49814 -27.49814 -28.249079 -28.177473 -28.138276 -27.796219 -26.523957 -26.566289 -26.511605
-26.987237 -26.67161 0 0 0 -26.634063 -26.785161 0 0 0 0 0 -27.259106 -26.573193 -26.530484 -26.456641 -26.471425 -26.386828 -27.102294 -26.756984 -27.649214 -27.966841 -26.623208 -28.698089 -28.869615 -27.312561 -26.911714 -26.24528 -26.261115 -26.501822 -26.410839 -26.646597 -26.380053 -26.334834 -26.347516 -26.653714 -27.002419 -27.780631 -26.609903 -26.514169 -26.336983 -26.862253 -27.545326 -26.346982 -26.236366 -26.265414 -26.74721 -26.794839 -26.77545 -26.366417 -26.341109 -28.222502 -27.67616 -27.594453 -28.134232 -27.457506 -27.15949 -27.091103 -27.147114 -27.096937 -26.566289 -26.545881 -26.467615
-26.990892 -26.606787 0 0 0 -26.785161 -26.967194 0 0 0 0 0 -31.458184 -26.530484 -26.456641 -26.458217 -26.386828 -26.352455 -27.051455 -27.231622 -27.731453 -29.529248 0 -29.019335 -28.384523 -27.679902 -27.000642 -26.261115 -26.266416 -26.410839 -26.445993 -26.405743 -26.667045 -26.347516 -26.391933 -26.965952 -27.160086 -28.142335 -26.564448 -26.613717 -26.866224 -26.657714 -27.476577 -27.019628 -26.238944 -26.236366 -27.145368 -27.173965 -27.107161 -26.391865 -26.366417 -28.678874 -27.970275 -27.67616 -27.594453 -26.846725 -27.15949 -27.15949 -27.091103 -26.910978 -26.583416 -26.549737 -26.460554
-27.113717 -26.618426 -29.163214 -30.352857 0 -26.967194 -27.001974 -26.919889 0 0 0 0 0 -27.145949 -26.458217 -26.48015 -26.352455 -26.302925 -26.408756 -26.802185 -26.860937 -27.552768 -39.469065 -27.016414 -28.04712 -27.372422 -27.021012 -26.266416 -26.260964 -26.263986 -26.405743 -26.39999 -26.433736 -26.391933 -26.380309 -27.148282 -27.507144 -28.060201 -26.613717 -26.666061 -26.507008 -26.645857 -26.488993 -27.396194 -26.26532 -26.238944 -27.293751 -27.722205 -28.520325 -26.439308 -26.391865 -26.509181 -30.238415 -27.970275 -28.287836 -26.650136 -26.846725 -27.15949 -27.247967 -27.237701 -26.652391 -26.528497 -26.471031
-27.362927 -26.808796 -30.352857 -39.49262 0 -27.001974 -26.919889 -26.973032 0 0 0 0 0 0 -26.901517 -26.474996 -26.302925 -26.408756 -26.404579 -26.860937 -26.635491 -26.609409 -27.016414 -26.832975 -39.527882 -27.072949 -26.862253 -26.260964 -26.263986 -26.267966 -26.39999 -26.433736 -26.446345 -26.380309 -26.303414 -26.975977 -27.289316 -27.586607 -26.666061 -26.507008 -26.517589 -26.488993 -27.066862 -39.537856 -26.295973 -26.26532 -27.370755 -28.231291 -38.933979 -26.421268 -26.418845 -26.393299 0 0 0 -26.644566 -26.650136 -27.274032 -27.247967 -29.023379 -27.527546 -26.594481 -26.497837
-27.380819 -26.803327 -26.678679 0 0 0 -26.973032 -26.907315 0 0 0 0 0 0 0 -27.330355 -26.631932 -26.404579 -26.545222 -26.635491 -26.609409 -26.573484 -26.575972 -26.491549 -26.647524 -28.25357 -26.711185 -26.660602 -26.267966 -26.275927 -26.45971 -26.446345 -26.463867 -26.303414 -26.250146 -26.276265 -26.858644 -27.4289 -27.224273 -26.517589 -26.390982 -26.69136 -26.60322 -26.722107 -26.34178 -26.309999 -26.309319 -27.726156 -32.457688 -30.175681 -26.385638 -26.348482 0 0 0 -26.558028 -26.644566 -27.735447 -27.701432 -29.023379 0 -30.403817 -26.792885
0 -26.678679 -26.664687 -31.021041 -31.978703 -39.531403 -26.907315 -26.819665 0 0 0 0 0 0 0 0 -28.865971 -26.545222 -26.61139 -27.041748 -26.573484 -26.575972 -26.491549 -26.647524 -26.451615 -28.060201 -27.127628 -26.624587 -26.275927 -26.303455 -26.502717 -26.472016 -26.45416 -26.250146 -26.276265 -26.24443 -26.462252 -26.632464 -26.821156 -26.390982 -26.315635 -26.50678 -26.529862 -26.489629 -26.694338 -26.309319 -26.341625 -27.757064 -31.579628 -29.381204 -26.348482 -26.339161 0 0 0 -26.643096 -26.558028 -26.737444 -31.498074 0 0 0 -27.417236
0 -26.664687 -26.826266 -31.978703 -32.058955 -35.503032 -26.819665 -26.715696 0 0 0 0 -39.498503 0 0 0 -36.376884 -26.61139 -26.511953 -27.754333 -26.947302 -26.58982 -26.656948 -26.451615 -26.338499 -27.127628 -27.353492 -26.887339 -26.303455 -26.622005 -26.61139 -26.566005 -26.508722 -26.47172 -26.24443 -26.271447 -26.509987 -26.584777 -26.716377 -26.315635 -26.348536 -26.476702 -26.47761 -26.529986 -26.751189 -26.755463 -26.37751 -29.534775 -30.4648 -30.620178 -26.339161 -26.354838 0 0 0 -26.742783 -26.463581 -26.542731 0 0 0 0 -27.79765
0 -26.826266 -26.794839 -32.058955 -34.017641 -34.731017 -26.715696 -26.658098 -26.75902 0 0 0 -29.50731 -34.663984 0 0 -31.90055 -26.511953 -26.646782 -26.479538 -27.151798 -26.757746 -26.61758 -26.338499 -26.278 -26.829302 -26.887339 -26.895792 -26.804759 -26.698637 -26.734086 -26.715242 -26.715923 -26.590283 -26.271447 -26.324111 -26.57967 -26.581462 -26.631225 -26.348536 -26.350485 -26.305964 -26.529986 -26.529737 -26.512069 -26.589666 -26.814929 -27.297469 -28.457214 -33.086228 -26.354838 -26.391797 -26.450084 0 0 0 -26.435662 -26.463581 0 0 0 0 0
0 -26.794839 -26.882827 -34.017641 -34.731017 0 -26.658098 -26.75902 -26.679905 0 0 0 -29.631463 -29.50731 0 0 0 -26.646782 -26.479538 -26.639815 -27.029394 -26.79428 -26.67181 -26.278 -26.285058 -26.552293 -26.653714 -26.685898 -26.676644 -26.737926 -26.715242 -26.804472 -26.680726 -26.74499 -26.324111 -26.367491 -26.581462 -26.631225 -26.622348 -26.350485 -26.305964 -26.311153 -26.529737 -26.512069 -26.589666 -26.749194 -26.607768 -26.5546 -26.901517 -28.226887 -26.446081 -26.450084 -26.498057 0 0 -35.423674 -26.388425 -26.435662 0 0 0 0 0
0 -26.882827 -27.150623 -27.085854 0 0 0 -26.679905 -26.638548 0 0 0 -29.881264 -29.631463 -28.362063 0 0 0 -26.639815 -27.051945 -27.324111 -26.918018 -26.808217 -26.285058 -26.359415 -26.319839 -26.545354 -26.520094 -26.567286 -26.684649 -26.349724 -26.680726 -26.687151 -26.632286 -26.367491 -26.378333 -26.641087 -26.622348 -26.682785 -26.667637 -26.311153 -26.271578 -26.701024 -26.769632 -26.749194 -26.775716 -26.436167 -26.471326 -26.5546 -26.889437 -27.883145 -26.449815 -26.473105 0 0 -29.19004 -26.357027 -26.388425 0 0 -37.427723 -32.494854 -28.858711
0 -27.150623 -27.085854 -27.269018 0 0 -35.34563 -26.638548 -26.716605 0 0 0 -29.783662 -28.362063 -27.625458 0 0 0 -27.051945 -27.061344 -27.758433 -27.283451 -27.105534 -26.359415 -26.319839 -26.441284 -26.520094 -26.487409 -26.404434 -26.349724 -26.329553 -26.687151 -26.632286 -26.645672 -26.378333 -26.377826 -26.377953 -26.612718 -26.64273 -26.584474 -26.271578 -26.252187 -26.569864 -26.86556 -27.104993 -26.895436 -26.503389 -26.436167 -26.471326 -26.625106 -26.889437 -26.568286 -26.449815 -39.466707 -39.492032 -27.499135 -26.393093 -26.357027 -27.561362 -32.494854 -28.005286 -29.568307 -29.809206
0 0 -27.269018 -27.165478 0 -35.34563 -31.90055 -26.716605 -26.800762 0 0 -34.46892 0 -27.625458 -27.32256 0 0 0 -27.061344 -28.914077 -27.427996 -27.279086 -27.272595 -27.195734 -26.441284 -26.548401 -26.487409 -26.404434 -26.446787 -26.326644 -26.229027 -26.87124 -26.869561 -26.739134 -26.377826 -26.377953 -26.422372 -26.539746 -26.511373 -26.56304 -26.252187 -26.2357 -26.555146 -26.93166 -27.436175 -26.794839 -26.423641 -26.430345 -26.468586 -26.574213 -26.996665 -27.12594 -26.568286 -28.392105 -27.790519 -26.868223 -26.477812 -26.553105 -26.887688 -27.157112 -27.257703 -28.005286 -28.595689
0 0 -27.165478 -27.080138 0 -31.90055 -35.665826 -26.800762 -26.827782 -27.003311 -34.46892 0 0 -27.32256 -27.226935 0 0 -29.469568 -39.457274 -27.427996 -27.023791 -26.716377 -26.823553 -27.007791 -26.548401 -26.517351 -26.773854 -26.450623 -26.326644 -26.229027 -26.18461 -26.198491 -26.615895 -27.195734 -26.899003 -26.422372 -26.539746 -26.511373 -26.56304 -26.548002 -26.2357 -26.238616 -26.233529 -26.8736 -27.373257 -26.690726 -26.331635 -26.402343 -26.430345 -26.54234 -26.86556 -26.870904 -26.873939 -27.013675 -26.80735 -26.633885 -26.860937 -26.440853 -26.553105 -26.814635 -27.157112 -27.257703 -39.08394
0 0 -27.080138 -27.068377 0 -35.665826 -39.501443 -26.827782 -27.003311 -26.860609 0 0 0 -27.226935 -27.201463 0 -29.469568 -31.206363 -26.815518 -26.940983 -26.716377 -26.823553 -26.528249 -26.692209 -26.517351 -26.564448 -27.298216 -26.806773 -26.448118 -26.18461 -26.198491 -26.188071 -26.279584 -26.400274 -26.842616 -26.547072 -26.43871 -26.660215 -26.64328 -26.647896 -26.238616 -26.233529 -26.2406 -26.521898 -26.918391 -26.579968 -26.262634 -26.331635 -26.402343 -26.492407 -26.687151 -26.624587 -26.646412 -26.873939 -26.594324 -26.619105 -26.633885 -26.363759 -26.440853 -26.968439 -26.814635 -27.722205 0
0 0 -27.068377 -27.160086 -26.809958 -39.501443 -33.905309 -28.425525 -26.860609 -26.600651 0 0 0 -27.201463 -27.341425 0 -31.206363 -26.815518 -26.940983 -26.458962 -26.506894 -26.528249 -26.692209 -26.924031 -26.564448 -26.948098 -27.270446 -27.088472 -26.806484 -26.502157 -26.188071 -26.265227 -26.276807 -26.266165 -26.329698 -26.43871 -26.831747 -26.672611 -26.642181 -26.626494 -26.554737 -26.2406 -26.269824 -26.640723 -26.919514 -26.493375 -26.242539 -26.262634 -26.43092 -26.472016 -26.584474 -26.646412 -26.585232 -26.899003 -26.861594 -26.594324 -26.619105 -26.322998 -26.363759 -26.715696 -26.968439 -30.933241 0
