var/www/cgi-bin/BAERTOOLS/ravel/working/ravel-17989.depgrd.txt
NCOLS 44
NROWS 94
XLLCORNER 366555.66
YLLCORNER 4096836.8
CELLSIZE 10
NODATA_VALUE -9999
[rows 39 to 77 of 94, columns 0 to 43 of 44]
0 0.039381367 -1.4210855e-14 0.025868104 0.013155507 0.24936613 0.066500346 0.080477202 -4.2632564e-14 0.055748737 0 0.0054034291 0.043899201 0.72169706 0.3431223 0.054072471 0.0065159752 0.08346203 0.049056034 0.034379228 0.15291158 0.016720697 0.17622823 0.38478212 0.24629792 0.12786064 0.24945896 0.23019885 0.30848289 0.42206343 0.47751673 0.13446289 0.14175922 0.26819149 2.8421709e-14 0.22774821 0.45536888 0.14178918 0.23451602 549.86299 283.69454 0 0 0
0 0 0.023848885 0 0.012292527 0.078264639 0.032960717 0 0 0.025905168 0.0030252553 0.052643973 0.58125238 0.52872314 0.093587346 0 0.010572518 0.032699031 -1.4210855e-14 0.024222213 0.18050945 0.1861225 0.10993891 0.25307775 0.18228967 0.089876766 0.15041377 0.28259561 0.34344048 0.21320936 0.13544284 0.13061571 0.17623813 0.013106512 0.20848437 0.26487193 0.31898531 0.15163503 0.10114234 0.2873439 2432.3448 1591.2743 0 0
0 0 0.031612641 0 0.072687419 0.05145536 0.058272288 1.4210855e-14 0.030262229 0.014410263 0.025083327 0.23447342 0.088037772 0.12893598 0.64507288 -1.4210855e-14 0.014468239 0.047151637 4.2632564e-14 0.067714476 0.12965643 0.1326118 0.23481623 0.093224219 0.26446385 0.24894423 0.13046114 0.33187317 0.18474838 0.13821436 0.091751703 0.065109702 0.13743032 -4.2632564e-14 0.196512 0.20311287 0.23607808 0.39498931 0.22897574 0.18044058 0.53874398 48.937008 2255.8433 0
0 0 0 0.037923751 0.00391615 -1.4210855e-14 1.4210855e-14 1.4210855e-14 1.4210855e-14 0.00066507705 0.016143497 0.17696423 0.029124231 0.15740884 0.48783177 0 0.013041772 0.032780387 0.094123282 0.021971872 0.072503341 0.12600237 0.42619409 0.33542545 0.16942405 0.21669293 0.24166125 0.20002563 0.13826103 0.18052357 0.18058277 0.044188932 0.17936339 0.093154293 0.13101314 0.22517869 0.17728687 0.029125934 0.11582593 0.5873785 0.34261116 0.56608971 289.07987 1299.6109
0 0 0 -1.4210855e-14 0 0 0 0 0.028326015 1.4210855e-14 0.05002194 0.2691013 0.17299056 0.20349175 0.027158475 0 0 -4.2632564e-14 0.038259007 0.079160055 0.17317437 0.17685579 0.36839499 0.070726655 0.11696489 0.10072606 0.14599 0.074601641 0.13702227 0.15522732 0.065484735 0.098084803 0.22494644 0.2268541 0.045499921 0.23178092 0.40534942 0.13517537 0.28375045 1.0128918 0.62424969 0.37385759 0.49960283 1264.0392
0 0 0 0 0 0 0 0 0 -1.4210855e-14 1.4210855e-14 0.060855318 0.1997639 0.063186712 1.4210855e-14 0 0.045277795 0.11370518 0.12071403 0.039504242 0.099915505 0.13005602 0.26608541 0.041415626 0.17378742 0.37166825 0.042915462 0.13345953 0 0.25631749 0.10568899 0.16996772 0.36465742 0.24116754 0.085345252 0.16173702 0.13180676 0.34710504 0.98821474 0.28045172 0.33810446 0.23186136 0.29548976 1521.7835
85.00081 1.4210855e-14 0 0.17865386 0 0 0 0 0 0.023975527 0.018092566 0.19111303 0.056605774 -1.4210855e-14 0 1.4210855e-14 0.032174834 0.036894269 0.067724191 0 0.11684461 0.10779783 0.10068123 0.08202299 0.19084275 0.078751225 0.074980971 0.11722751 0 0.31275416 0.090077056 0.091258478 -1.4210855e-14 0.13458571 0.05379261 0.11501601 0.73236095 0.69082773 0.021866087 0.23795844 0.23009523 2.8421709e-14 0.18020257 45.136965
52.427683 0 0 0 -3.5527137e-15 0 0 0 0 0 0.051467519 0.033110277 0.07310246 0 -1.4210855e-14 0 0 0.028019858 0.03182056 0 0.067583906 0.052266609 0.13383208 0.1292929 0.040848976 0.038954829 0.020934425 0.1440238 0.1210494 0.24352251 0.096201619 0.12860067 -1.4210855e-14 0.099105422 0.1606871 0.085687374 0.48249774 0.27463585 0.027913803 2.5073434 0.0042715657 0.2777188 0.27144016 0.89053924
106.1491 0.021905985 3.5527137e-15 0 0 0 0 0 0 0 0.0048466024 -1.4210855e-14 0.015834438 -1.4210855e-14 1.4210855e-14 -1.4210855e-14 -1.4210855e-14 0.095475482 0.03282318 0.086315528 0.046092506 2.8421709e-14 0 -2.8421709e-14 0.024347826 -2.8421709e-14 0.013926359 0.14078053 0.014391518 0.049405585 0.045275927 0.051580491 2.8421709e-14 0.13919134 0.05063135 0.24936392 0.22364082 0.0068384115 0.10903701 0.15828943 0.17075431 0.31779113 0.20654141 1.7320775
105.34567 0.035346907 0.0048567986 0 -1.4210855e-14 0 0 0 0 0 0 0 0 0.03211747 1.4210855e-14 -1.4210855e-14 0 0 0.035149759 0.026749378 0 0 0.048369657 0.028204896 0 0.068583677 -1.4210855e-14 -1.4210855e-14 0.015895693 0.13079091 0.077459636 0.20477884 0.074447082 0.066903228 0.058128758 0.023189457 0.12864385 0.00069238426 0.16730489 0.10703696 0.19902799 0.30350363 0.23989242 1.7006015
156.53927 0.11288844 0.015453639 0.075607571 0 0 0 0 -7.1054274e-15 0 0 0 0 0 0.026106537 0 0 0 1.4210855e-14 0 0 0.016532977 0 -1.4210855e-14 1.4210855e-14 1.4210855e-14 0.015926851 -1.4210855e-14 0.0050286726 0.088731674 0.19067131 0.12334483 0.058128454 0.04068559 0.15441131 0.10731671 0.09630993 0.14356531 0.08988474 0.1378273 0.12128665 0.41818756 0.834658 2.0490538
2.8421709e-14 0.030879901 0.01493006 0.019639498 0 0 1.4210855e-14 0.0098052124 0 0 0 0 0.039464334 0 0 0.0095486786 0 1.4210855e-14 0 0 0 0.010958461 1.4210855e-14 0 -1.4210855e-14 0.023517423 0.003154761 0.026053785 0.036759684 1.4210855e-14 0.14530141 0.10212725 0.095334272 4.2632564e-14 0.064457523 0.13977096 0.16205398 0.048097221 0.039573178 0.26150471 0.53999317 0.70740007 1.8829659 0.58756277
0.019157796 0.01791585 0 0.015043448 0.033857633 0.0016014077 1.4210855e-14 0.03509609 0.057056033 -2.8421709e-14 2.8421709e-14 -1.4210855e-14 0 0 0 0.0070725635 -1.4210855e-14 0 0 0 0 0.0063117577 0 -1.4210855e-14 0.0068906136 0.039353695 0.049740147 0.08735358 0.027983416 0.074052849 2.8421709e-14 0.058833782 0.067038508 -1.4210855e-14 0.072482777 0.11181693 0.3520783 0.48395075 0.55067006 0.27067696 0.32223045 1.842802 0.61761255 0.58998167
-2.8421709e-14 0.10263519 0.034977488 0.045827005 0 0.0058158064 0 0.13177806 0.030884609 0.019339145 0 0.014586268 0.047854684 0 0 0 0 0 0 0 0 0 0.014993551 0.014278985 0.032222287 0 -1.4210855e-14 0.021105195 1.4210855e-14 0.035942956 0.17284876 0.050396306 2.8421709e-14 0.068765994 0.092159675 0.36775754 0.44863309 0.064681937 0.3418687 0.3187644 0.66847924 0.52929464 0.11897599 0.7312879
0 0.027245431 0.10722166 0.057209239 0.0035085209 0 0.069707664 0.20828812 0.025794351 0 0.010525186 0.089938482 0.015101641 0 1.4210855e-14 0.0034786108 0.047455229 0 1.4210855e-14 0 0 0 0 0.015731077 0.043786861 -1.4210855e-14 0 0 -2.8421709e-14 0.071118035 0.093230246 0.13313994 0.25415369 0.23983835 0.24094055 0.14468619 0.12707986 0.37733781 0.1338409 0.12393695 0.1319059 0.32533735 0.62070427 0.33053364
33.330323 0.17306159 0.10732048 0.053588662 0.0106296 0.12130121 0.038866687 0.089212066 0.04910611 0 0.046934527 0.063811152 0.045165731 0.034658917 0.0010362571 0.020574097 0.010000953 0 0 0 0 0 0 0.013304052 0 0 1.4210855e-14 0 0.11233451 0.040267236 0.1392121 0.13932596 0.1945874 0.081079975 0.03228711 0.23528287 0.054800172 0.38662148 0.4395247 0.13548317 1.6428857 1.780609 1.6572202 3.0711561
326.69616 0.072734692 0.041157216 0.084576733 0.026401762 0.085748513 0.008821368 0.12897666 0.020653839 1.4210855e-14 0.10969926 0.17739549 0.07432004 0.086677744 0.014099809 0.054850151 0.037257353 0.037282186 0.030919571 0 0 0 0 1.4210855e-14 0 0.036723497 0.026629225 0.0070070773 0.045682795 0.044131447 0.10495663 0.09403261 -4.2632564e-14 0.18091146 0.078125027 0.19772669 0.19329636 0.12390257 0.39910581 0.766991 1.5617284 1.0235395 1.3144315 0.21845591
401.37161 0.10692225 0.12314896 0.053267881 0.056112585 0.063735268 0.043850824 0.11286399 0.10492339 0.10288335 0.031150927 0.13269894 0.12781304 0.10806825 0.041386442 0.12523592 1.4210855e-14 0.042335233 0 0.0031095983 0 0 0 0 0 -1.4210855e-14 0.019272704 0.012576451 0.035789417 0.063940487 0.10765458 0.099756264 0.040320184 0.097256309 0.1571193 0.097434643 0.33254043 0.21956078 0.63745437 1.399303 0.14263892 0.096181879 0.36121223 0.48596502
507.93856 0.14084856 0.15635422 0.12682318 0.055870877 1.4210855e-14 0.087864633 0.12099271 0.030394266 0.17327427 0.10239781 0.22981413 0.13066266 0.085226071 0.040072274 0.079124773 2.8421709e-14 1.4210855e-14 0.031324145 0 0 0 0 0 0 0 0 0.036753544 0.019731673 0.14624561 0.066906226 0.031857173 0.10741444 0.027903495 0.14673971 0.41105318 1.0831155 1.1470841 0.24306306 0.23401787 0.10575094 0.047192153 0.14392239 0.1173296
558.53814 0.091193281 0.096980618 0.12433032 0.033621169 0.049912175 0.15334454 0.15074562 0.13522863 0.20750811 0.081776862 0.26953411 0.17360961 0.097105782 0.035104666 0.08216591 1.4210855e-14 0 0.062891103 0.00082595645 0.031970233 0 0 45.458501 0 0.00070886245 0 0.043069431 0.019051576 0.01627808 0.01769615 0.049805728 0.053251415 0.15087941 0.3833664 0.39102428 0.071829495 0.18768902 0.49516614 0.10542972 0.087387045 0.05058085 0.12474942 0.19668492
593.62807 0.22951162 0.078111781 0.096405615 0.13854907 0.20391133 0.19554701 0.13140852 0.11858833 0.076433514 0.18433668 0.44954269 0.060068822 0.11258426 0.10444325 0.10727523 0.13968237 0.027657421 0.039849229 0.0039530675 0.072730596 0.10377506 0 0 0 0 0 0 0.018070062 -2.8421709e-14 0.11001592 0.054229172 0.03203346 0.085595401 0.36708133 0.038750376 0.031477713 0.13514214 0.12930454 0.091004766 0.034566936 0.18755468 0.052849367 0.077442807
620.79125 0.11418885 0.11963895 0.20552783 0.29875616 0.2396658 0.1993959 0.41727286 0.0039326493 0.24996446 0.25795673 0.38281461 0.07916731 0.20389497 0.21930894 0.048709189 4.2632564e-14 0.033921706 0.028891506 0.11742133 0.035647183 -2.8421709e-14 0 0 0 0 0 0 0.085257866 0.067198709 0 1.4210855e-14 0.033906376 0.40780571 0.18942394 0.070439426 0.029967895 0.35110683 0.062765436 0.061159073 0.041142593 0.049883387 0.060093431 4.2632564e-14
651.2218 0.15492133 0.11225129 0.24643121 0.23984041 0.18542513 0.28143719 0.32868031 0.21271097 0.30917508 0.47589189 0.20400369 0.14353191 0.17960916 0.054996861 0.066591199 0.054208336 0.093146349 0 0 0 0 -1.4210855e-14 0 0 0 0 0.028837246 0 0 0.14401777 0.13021541 0.12351508 0.0096519236 0.10971987 0.15655274 0.072217738 0.11681689 0.042970159 0.23875313 0.058951373 0.17455495 0.041830786 0.038592894
636.44569 0.085156443 0.22396224 0.19300885 0.23030655 0.32412745 0.32786787 0.24133527 0.58256369 0.57446188 0.50120211 0.34906577 0.061482165 0.037761262 0.12016358 0.053207569 0.082017953 0.031272604 0.026829263 0.017919972 1.4210855e-14 0 1.4210855e-14 -1.4210855e-14 0 0 0 1.4210855e-14 0.0076350122 0.0096222498 0.076001613 0.10118756 0.08824627 0.013221723 -1.4210855e-14 -1.4210855e-14 -2.8421709e-14 0.13314692 0.18227463 0.030634068 0.15371507 0.074596454 0.031244556 0.068197822
1202.6854 0.15148054 0.31149151 0.12503538 0.20973784 0.11451266 0.15415046 0.66886208 0.34224055 0.48039703 0.18727215 -2.8421709e-14 0.22132866 0.067285915 0.17004217 0.12141801 0.20591379 1.4210855e-14 0.055696174 0 -1.4210855e-14 0 -1.4210855e-14 0.03722673 0 0 0 0 0.052280296 0.057141236 0.0017677556 0.049958931 0.18073815 0.12225686 0.12340402 0.036449554 0.11504043 0.13959068 0.063703743 0.17237465 0.022473309 0.17120143 -2.8421709e-14 1.4210855e-14
676.94952 0.20735486 0.25711887 0.2358037 0.095726828 0.34314788 1.2320995 0.42517604 0.56690186 0.18889964 0.14034114 0.11824533 0.055469844 0.23559448 0.2123071 0.15830453 0.023827677 0.064214599 -1.4210855e-14 2.8421709e-14 -2.8421709e-14 1.4210855e-14 0 -1.4210855e-14 0 0 0 0 0 0.021456605 0 0.023808164 0.083302103 0.083439044 0.028572881 0.0035163461 0.11781165 0.021206029 0.022298586 0.059031027 0.026595425 -1.4210855e-14 0.078911112 0.03765922
23.286279 1725.1426 79.526008 1398.4704 0.27372751 0.53633257 0.91406511 0.24921367 0.050585838 0.19209735 0.13411453 0.14391561 0.15046787 0.22524613 0.16714536 0.083527107 0.050765061 0.052042776 0.057121073 0.085797842 0.11221922 0.035049326 -1.4210855e-14 -2.8421709e-14 0 0 0 0 0 0 0 0.023811619 0.027573623 0.019695174 0.051837543 0.1601275 -2.8421709e-14 0.023403713 0.050645212 -2.8421709e-14 1.4210855e-14 0.027042492 0 0.085460473
0 0 773.60494 2367.1266 1343.2213 0.94787754 0.93083204 0.20681168 0.075588582 0.18347422 0.24659932 0.20652436 0.27551001 0.20577793 0.14963909 0.016718622 1.4210855e-14 0.13509098 0.19188268 0 0.081644813 0.095071439 -1.4210855e-14 1.4210855e-14 0 0 0 0 0 0 1.4210855e-14 0.011975012 0.021836439 0.024266831 0 0.0087035102 -1.4210855e-14 0 0.048112562 0.033035247 -4.2632564e-14 0 0 0.014480437
0 0 0 0 0 3030.9487 1974.7633 0.085056452 0.29589037 0.4715238 0.24366198 0.2499649 0.063119827 0.083246152 0.098635963 0.085963993 0.036059289 0.10101047 0.14956944 0.095629446 0.063238552 0.027280827 2.8421709e-14 1.4210855e-14 0 0 -1.4210855e-14 0 0 0 0.0016761171 0 0.0018716125 0.024703407 0.0043620693 0.050106196 0.042319563 0 0.022998667 1.4210855e-14 -1.4210855e-14 -1.4210855e-14 0.022724041 0.10775294
0 0 0 0 0 26.941393 1215.2949 0.086239282 0.20774503 0.14884799 0.077015738 0.13116442 0.083863282 0.029509635 0.04637978 0.15703865 0.21361309 0.1162638 0.13029196 0.11289435 0.09179426 0.087398646 0.028502683 -1.4210855e-14 0 1.4210855e-14 0 0 0 0 0 0 0.011991527 0.023126233 0.00063564565 0.018658944 0.019357017 1.4210855e-14 0.032922008 0.031045585 -1.4210855e-14 0.14194315 0.044437384 0.10198941
0 0 0 0 0 0 1757.0595 0.052450854 0.10178946 0.029362517 0.096625127 0.17208133 0.087430012 0.14880816 0.11711089 0.10807265 0.069220763 0.15165222 0.11608036 0.13381345 0.042637432 1.4210855e-14 0.021542348 0.054799904 -1.4210855e-14 0 0 0 0 0 0 0 0.00070313949 0.0047196074 0.022768513 0.033949094 1.4210855e-14 -1.4210855e-14 0.041573071 0.071397671 2.8421709e-14 2.8421709e-14 0.064734076 0.10159391
0 0 0 0 0 0 668.38002 2582.7051 0.036492541 0.17429265 0.11547854 0.17155656 0.060512437 0.20091157 0.25917105 0.1416489 0.14474139 0.082434697 0.13085697 0.070528712 0.064988225 0.065796442 0.066889025 0.023218807 0.019785443 0.022668547 0 0.037571625 0 0 0 0 0 0 0.01662042 0.011267536 0 0 0 0.070359074 1.4210855e-14 0.02716254 0.072980512 0.41285672
0 0 0 0 0 0 0 0 52.204553 0.16301816 0.22983396 0.078954494 0.31051498 0.22810562 0.198139 0.099360271 0.22917175 0.060841261 0.10238391 0.12248815 -1.4210855e-14 0.069663691 0.072299915 0.045656151 0.027715354 0.026707227 0.042597415 0 0 0.0072205351 0 0 0 0 0 0 0 0 0 -1.4210855e-14 0 0.091921836 0.25039514 0.27376917
0 0 0 0 0 0 0 0 2533.0993 0.35679606 0.25818295 0.30910587 0.32869035 0.25915688 0.20330316 0.17272172 0.085850626 0.2243245 0.062747681 0.057041553 0.14218583 0.086286617 0.053719981 0.054943279 0.060884531 1.4210855e-14 0.05262883 0 0 0.038663501 0 0 0 0 0 0 0.055356935 0 0 0 0.048170359 0.15629426 0.14763338 0.1350036
0 0 0 0 0 0 0 0 14.495497 597.25899 0.13782442 0.34189235 0.2448499 0.30661362 0.16212184 0.13409954 0.19834458 0.10326562 0.17829106 0.11749971 0.11603387 0.085233264 0.16110449 0.08924572 -2.8421709e-14 0.060397332 0 0.022545061 1.4210855e-14 -2.8421709e-14 0 0 0 1.4210855e-14 0 0 0 0.015294221 0.15705286 0.07642919 0.17772541 0.047890589 0.09073 0.21246316
0 0 0 0 0 0 0 0 0 102.71124 1259.5488 0.14997297 0.23554565 0.25477387 0.203402 0.085744277 0.19655137 0.20088833 0.10540759 0.12575295 0.23674844 0.16183376 0.030233397 0 1.4210855e-14 0 0 0 0 0 -1.4210855e-14 0 0 0 0 0.0094698683 0.036968813 0.096562179 0.067128604 0.26020211 0.22017862 5.6843419e-14 0.16825215 0.054932198
0 0 0 0 0 0 0 0 0 0 2015.1592 0.2614706 0.23942924 0 0.34331532 0.068261079 0.28903445 0.30770244 0.28162469 0.21632082 0.13992696 0.019469725 0.242566 0 0.040781328 0.064763972 0.04639086 0.047203784 0.11635382 0.034891202 0.024094109 0 0 0 0.017580573 0.053624542 0.163979 0.10445691 0.084989902 4.2632564e-14 0.086654287 0.088747183 0.091758519 1638.2369
0 0 0 0 0 0 0 0 0 0 702.35512 0.056273584 26.319789 1755.7942 846.4448 0.34241876 0.43496012 0.32705264 0.25059124 0.38535205 0.3878779 0.23705252 0.05444876 -7.1054274e-14 0.062583472 0.030857715 0.027244212 0.059332613 0.045360516 0.075617815 0 0 33.116613 0.062564137 0.051752519 0.055783275 0.049330168 0 2.8421709e-14 0 0.031730275 0.077019264 0.39221988 2719.4956
0 0 0 0 0 0 0 0 0 0 0 0 166.1373 0 1279.7312 0.77342155 0.62149015 0.54550674 0.55129765 0.40243165 0.33657658 0.1979606 0.10907424 0.28346951 0.20434699 0.15045095 0.27551136 0.028900944 0.02843426 1.4210855e-14 0.047160418 0.074891201 230.48001 0.082741156 0.028605369 0 0.10811565 2.8421709e-14 -1.4210855e-14 0.033493981 0.46659259 0.20336422 0.47650542 0
