var/www/cgi-bin/BAERTOOLS/ravel/working/ravel-12176.DEM
NCOLS 39
NROWS 160
XLLCORNER 617273.99
YLLCORNER 4620205.4
CELLSIZE 10
NODATA_VALUE -9999
[rows 46 to 91 of 160, columns 0 to 38 of 39]
1463.447 1463.832 1464.19 1464.186 1464.186 1464.185 1464.257 1464.223 1464.192 1464.186 1464.186 1464.186 1464.186 1464.186 1464.186 1464.183 1464.225 1464.25 1464.412 1464.46 1464.486 1464.486 1464.486 1464.485 1464.468 1464.484 1464.466 1464.461 1464.449 1464.379 1464.467 1464.548 1464.788 1464.835 1464.97 1465.045 1465.186 1465.217 1465.365
1463.452 1463.847 1464.19 1464.186 1464.186 1464.185 1464.21 1464.187 1464.186 1464.186 1464.186 1464.186 1464.186 1464.186 1464.186 1464.186 1464.184 1464.198 1464.307 1464.411 1464.449 1464.45 1464.459 1464.424 1464.356 1464.437 1464.345 1464.341 1464.288 1464.311 1464.396 1464.494 1464.783 1464.877 1464.888 1465.045 1465.186 1465.304 1465.375
1463.528 1463.782 1464.194 1464.186 1464.186 1464.186 1464.186 1464.186 1464.186 1464.186 1464.186 1464.186 1464.186 1464.186 1464.186 1464.186 1464.185 1464.196 1464.265 1464.339 1464.332 1464.333 1464.349 1464.314 1464.245 1464.29 1464.238 1464.245 1464.252 1464.3 1464.422 1464.559 1464.729 1464.804 1464.914 1465.069 1465.222 1465.304 1465.375
1463.47 1463.768 1464.12 1464.19 1464.186 1464.186 1464.186 1464.186 1464.186 1464.186 1464.186 1464.186 1464.186 1464.186 1464.186 1464.186 1464.184 1464.2 1464.271 1464.286 1464.286 1464.282 1464.234 1464.22 1464.186 1464.186 1464.186 1464.186 1464.186 1464.245 1464.376 1464.474 1464.632 1464.868 1465.029 1465.15 1465.214 1465.299 1465.375
1463.434 1463.683 1464.067 1464.135 1464.183 1464.186 1464.186 1464.186 1464.186 1464.186 1464.186 1464.186 1464.186 1464.186 1464.186 1464.186 1464.184 1464.203 1464.277 1464.286 1464.276 1464.235 1464.193 1464.186 1464.186 1464.186 1464.186 1464.186 1464.186 1464.226 1464.355 1464.516 1464.645 1464.957 1465.07 1465.1 1465.241 1465.302 1465.379
1463.543 1463.692 1463.779 1464.064 1464.18 1464.187 1464.186 1464.186 1464.186 1464.186 1464.186 1464.186 1464.186 1464.186 1464.186 1464.186 1464.185 1464.19 1464.221 1464.288 1464.261 1464.189 1464.185 1464.186 1464.186 1464.186 1464.186 1464.186 1464.186 1464.296 1464.439 1464.565 1464.667 1464.899 1464.998 1465.142 1465.266 1465.273 1465.355
1463.359 1463.514 1463.729 1464.031 1464.114 1464.179 1464.186 1464.186 1464.186 1464.186 1464.186 1464.186 1464.186 1464.186 1464.186 1464.186 1464.186 1464.186 1464.186 1464.289 1464.265 1464.193 1464.185 1464.186 1464.186 1464.186 1464.186 1464.185 1464.191 1464.327 1464.358 1464.411 1464.544 1464.797 1464.97 1465.041 1465.186 1465.193 1465.272
1463.072 1463.309 1463.545 1463.954 1464.016 1464.089 1464.187 1464.186 1464.186 1464.186 1464.186 1464.186 1464.186 1464.186 1464.186 1464.186 1464.185 1464.199 1464.257 1464.263 1464.209 1464.187 1464.186 1464.186 1464.186 1464.186 1464.186 1464.185 1464.188 1464.241 1464.231 1464.229 1464.259 1464.603 1464.824 1464.931 1465.179 1465.206 1465.284
1462.842 1463.012 1463.242 1463.693 1463.838 1463.989 1464.103 1464.12 1464.182 1464.186 1464.186 1464.186 1464.186 1464.186 1464.186 1464.186 1464.185 1464.192 1464.216 1464.2 1464.185 1464.186 1464.186 1464.186 1464.186 1464.186 1464.186 1464.186 1464.186 1464.186 1464.186 1464.181 1464.201 1464.506 1464.702 1464.864 1465.101 1465.183 1465.259
1462.605 1462.706 1462.938 1463.318 1463.539 1463.696 1464.024 1464.025 1464.102 1464.09 1464.125 1464.184 1464.186 1464.186 1464.186 1464.186 1464.186 1464.186 1464.186 1464.186 1464.186 1464.186 1464.186 1464.186 1464.186 1464.186 1464.186 1464.186 1464.186 1464.186 1464.185 1464.194 1464.269 1464.572 1464.718 1464.839 1464.972 1465.033 1465.108
1462.507 1462.589 1462.669 1462.894 1463.148 1463.382 1463.714 1463.836 1463.92 1464.055 1464.092 1464.106 1464.174 1464.186 1464.186 1464.186 1464.186 1464.186 1464.186 1464.186 1464.186 1464.186 1464.186 1464.186 1464.186 1464.186 1464.186 1464.186 1464.186 1464.186 1464.185 1464.194 1464.266 1464.557 1464.662 1464.731 1464.836 1464.85 1464.937
1462.484 1462.483 1462.479 1462.656 1462.821 1462.981 1463.356 1463.538 1463.627 1463.858 1463.963 1464.096 1464.104 1464.188 1464.186 1464.186 1464.186 1464.186 1464.186 1464.186 1464.186 1464.186 1464.186 1464.186 1464.186 1464.186 1464.186 1464.186 1464.186 1464.186 1464.185 1464.196 1464.275 1464.521 1464.57 1464.688 1464.766 1464.802 1464.851
1462.669 1462.582 1462.5 1462.516 1462.6 1462.677 1462.933 1463.158 1463.308 1463.465 1463.85 1463.918 1463.994 1464.044 1464.123 1464.183 1464.186 1464.186 1464.186 1464.186 1464.186 1464.186 1464.186 1464.186 1464.186 1464.186 1464.186 1464.186 1464.186 1464.186 1464.185 1464.188 1464.221 1464.379 1464.403 1464.529 1464.577 1464.698 1464.702
1462.835 1462.69 1462.611 1462.481 1462.482 1462.482 1462.677 1462.843 1463 1463.155 1463.626 1463.806 1463.807 1463.941 1464.025 1464.102 1464.149 1464.187 1464.186 1464.186 1464.186 1464.186 1464.186 1464.186 1464.186 1464.186 1464.186 1464.186 1464.186 1464.186 1464.186 1464.186 1464.185 1464.248 1464.288 1464.317 1464.398 1464.533 1464.535
1463.045 1462.911 1462.822 1462.591 1462.574 1462.494 1462.527 1462.606 1462.693 1462.845 1463.313 1463.534 1463.681 1463.848 1463.9 1463.909 1463.973 1464.115 1464.104 1464.103 1464.188 1464.186 1464.186 1464.186 1464.186 1464.186 1464.186 1464.186 1464.186 1464.186 1464.186 1464.186 1464.186 1464.198 1464.241 1464.287 1464.313 1464.441 1464.434
1463.339 1463.178 1463.034 1462.754 1462.674 1462.595 1462.51 1462.505 1462.586 1462.662 1462.995 1463.242 1463.472 1463.696 1463.806 1463.801 1463.875 1463.936 1463.999 1464.002 1464.108 1464.122 1464.182 1464.186 1464.186 1464.186 1464.186 1464.186 1464.186 1464.186 1464.186 1464.186 1464.186 1464.185 1464.19 1464.226 1464.276 1464.334 1464.332
1463.394 1463.207 1463.196 1462.91 1462.781 1462.706 1462.622 1462.477 1462.487 1462.56 1462.861 1463.013 1463.176 1463.5 1463.537 1463.694 1463.784 1463.827 1463.897 1463.899 1464.001 1464.011 1464.093 1464.188 1464.186 1464.186 1464.186 1464.186 1464.186 1464.186 1464.186 1464.186 1464.186 1464.186 1464.186 1464.187 1464.215 1464.22 1464.222
1463.394 1463.207 1463.198 1463.064 1462.988 1462.89 1462.732 1462.55 1462.488 1462.485 1462.65 1462.816 1462.967 1463.233 1463.427 1463.496 1463.573 1463.735 1463.793 1463.792 1463.939 1464.014 1464.086 1464.147 1464.188 1464.186 1464.186 1464.186 1464.186 1464.186 1464.186 1464.186 1464.186 1464.186 1464.186 1464.186 1464.186 1464.186 1464.186
1463.519 1463.36 1463.198 1463.064 1463.03 1462.876 1462.729 1462.555 1462.491 1462.484 1462.507 1462.612 1462.762 1462.975 1463.138 1463.299 1463.459 1463.556 1463.712 1463.786 1463.83 1463.92 1463.998 1464.074 1464.122 1464.182 1464.186 1464.186 1464.186 1464.186 1464.186 1464.186 1464.186 1464.186 1464.186 1464.186 1464.186 1464.186 1464.186
1463.446 1463.346 1463.197 1463.177 1463.03 1462.88 1462.809 1462.655 1462.574 1462.496 1462.484 1462.496 1462.577 1462.725 1463.042 1463.187 1463.268 1463.425 1463.501 1463.584 1463.797 1463.808 1463.89 1463.97 1464.124 1464.184 1464.186 1464.186 1464.186 1464.186 1464.186 1464.186 1464.186 1464.186 1464.186 1464.186 1464.186 1464.186 1464.186
1463.421 1463.329 1463.192 1463.085 1462.951 1462.88 1462.809 1462.646 1462.567 1462.495 1462.484 1462.503 1462.577 1462.652 1462.828 1462.992 1463.152 1463.253 1463.405 1463.48 1463.686 1463.82 1463.891 1463.968 1464.092 1464.104 1464.171 1464.186 1464.186 1464.186 1464.186 1464.186 1464.186 1464.186 1464.186 1464.186 1464.186 1464.186 1464.186
1463.314 1463.232 1463.156 1463.019 1462.963 1462.88 1462.801 1462.646 1462.567 1462.493 1462.485 1462.485 1462.487 1462.547 1462.7 1462.79 1462.94 1463.164 1463.303 1463.379 1463.528 1463.64 1463.79 1463.874 1464.024 1464.104 1464.177 1464.186 1464.186 1464.186 1464.186 1464.186 1464.186 1464.186 1464.186 1464.186 1464.186 1464.186 1464.186
1463.269 1463.148 1463.074 1463.002 1462.933 1462.857 1462.798 1462.645 1462.564 1462.493 1462.485 1462.485 1462.485 1462.483 1462.616 1462.687 1462.762 1463.132 1463.197 1463.276 1463.428 1463.54 1463.687 1463.768 1463.996 1464 1464.078 1464.188 1464.186 1464.186 1464.186 1464.186 1464.186 1464.186 1464.186 1464.186 1464.186 1464.186 1464.186
1463.226 1463.161 1463.085 1463.007 1462.838 1462.774 1462.763 1462.645 1462.568 1462.508 1462.485 1462.485 1462.486 1462.495 1462.618 1462.688 1462.765 1462.957 1463.099 1463.185 1463.334 1463.513 1463.589 1463.664 1463.931 1464.001 1464.078 1464.188 1464.186 1464.186 1464.186 1464.186 1464.186 1464.186 1464.186 1464.186 1464.186 1464.186 1464.186
1463.296 1463.148 1463.047 1462.999 1462.85 1462.769 1462.687 1462.627 1462.581 1462.569 1462.523 1462.485 1462.486 1462.495 1462.584 1462.595 1462.668 1462.865 1463.03 1463.176 1463.261 1463.444 1463.579 1463.582 1463.87 1464.006 1464.081 1464.188 1464.186 1464.186 1464.186 1464.186 1464.186 1464.186 1464.186 1464.186 1464.186 1464.186 1464.186
1463.253 1463.138 1463.007 1462.953 1462.849 1462.767 1462.693 1462.595 1462.565 1462.51 1462.556 1462.483 1462.498 1462.572 1462.584 1462.595 1462.663 1462.884 1463.008 1463.079 1463.238 1463.345 1463.491 1463.572 1463.826 1463.922 1464.075 1464.187 1464.186 1464.186 1464.186 1464.186 1464.186 1464.186 1464.186 1464.186 1464.186 1464.186 1464.186
1463.309 1463.172 1463.117 1462.944 1462.865 1462.795 1462.697 1462.643 1462.574 1462.561 1462.515 1462.499 1462.495 1462.569 1462.584 1462.597 1462.663 1462.9 1462.991 1463.002 1463.136 1463.425 1463.498 1463.573 1463.81 1464.015 1464.086 1464.188 1464.186 1464.186 1464.186 1464.186 1464.186 1464.186 1464.186 1464.186 1464.186 1464.186 1464.186
1463.356 1463.202 1463.134 1463.05 1462.915 1462.863 1462.73 1462.657 1462.582 1462.512 1462.574 1462.531 1462.494 1462.568 1462.585 1462.584 1462.591 1462.9 1462.991 1463.099 1463.169 1463.352 1463.504 1463.587 1463.769 1463.933 1464.077 1464.168 1464.186 1464.186 1464.186 1464.186 1464.186 1464.186 1464.186 1464.186 1464.186 1464.186 1464.186
1463.407 1463.227 1463.114 1463.084 1462.936 1462.866 1462.832 1462.7 1462.674 1462.626 1462.594 1462.5 1462.522 1462.576 1462.585 1462.584 1462.608 1462.731 1463.023 1463.099 1463.169 1463.356 1463.521 1463.664 1463.828 1463.991 1464 1464.141 1464.186 1464.186 1464.186 1464.186 1464.186 1464.186 1464.186 1464.186 1464.186 1464.186 1464.186
1463.453 1463.289 1463.23 1463.183 1462.993 1462.952 1462.891 1462.846 1462.709 1462.679 1462.601 1462.585 1462.585 1462.585 1462.583 1462.605 1462.691 1462.777 1463.021 1463.093 1463.168 1463.356 1463.521 1463.572 1463.843 1463.939 1464.082 1464.164 1464.186 1464.186 1464.186 1464.186 1464.186 1464.186 1464.186 1464.186 1464.186 1464.186 1464.186
1463.556 1463.435 1463.333 1463.345 1463.167 1463.09 1462.93 1462.926 1462.796 1462.712 1462.632 1462.585 1462.585 1462.585 1462.584 1462.599 1462.688 1462.849 1463.016 1463.097 1463.189 1463.354 1463.485 1463.572 1463.875 1463.974 1463.984 1464.056 1464.187 1464.186 1464.186 1464.186 1464.186 1464.186 1464.186 1464.186 1464.186 1464.186 1464.183
1463.659 1463.552 1463.474 1463.379 1463.294 1463.191 1463.08 1463.037 1462.901 1462.826 1462.744 1462.597 1462.584 1462.585 1462.593 1462.637 1462.721 1462.849 1463.013 1463.109 1463.269 1463.34 1463.449 1463.593 1463.875 1463.974 1463.99 1464.071 1464.187 1464.186 1464.186 1464.186 1464.186 1464.186 1464.186 1464.186 1464.188 1464.186 1464.182
1463.75 1463.679 1463.623 1463.552 1463.438 1463.361 1463.286 1463.204 1462.974 1462.88 1462.842 1462.683 1462.622 1462.622 1462.647 1462.714 1462.797 1462.895 1463.023 1463.134 1463.266 1463.498 1463.631 1463.708 1463.698 1463.841 1463.99 1464.071 1464.187 1464.186 1464.186 1464.186 1464.186 1464.186 1464.186 1464.22 1464.298 1464.297 1464.194
1463.928 1463.819 1463.803 1463.813 1463.79 1463.563 1463.49 1463.414 1463.087 1462.919 1462.887 1462.733 1462.684 1462.689 1462.724 1462.738 1462.831 1462.967 1463.077 1463.206 1463.278 1463.548 1463.661 1463.809 1463.816 1463.934 1463.99 1464.067 1464.187 1464.213 1464.189 1464.186 1464.186 1464.186 1464.186 1464.303 1464.505 1464.433 1464.281
1464.065 1464.021 1464.002 1463.947 1463.95 1463.759 1463.688 1463.624 1463.217 1463.01 1462.941 1462.808 1462.764 1462.729 1462.769 1462.861 1462.936 1462.973 1463.126 1463.194 1463.274 1463.584 1463.748 1463.888 1463.935 1464.021 1464.035 1464.092 1464.216 1464.213 1464.189 1464.186 1464.186 1464.185 1464.186 1464.518 1464.738 1464.823 1464.681
1464.164 1464.165 1464.154 1464.126 1464.116 1464.065 1463.965 1463.787 1463.343 1463.163 1462.997 1462.885 1462.877 1462.835 1462.821 1462.953 1462.986 1463.02 1463.16 1463.234 1463.311 1463.579 1463.744 1463.924 1464.098 1464.144 1464.187 1464.189 1464.394 1464.381 1464.208 1464.186 1464.186 1464.181 1464.193 1464.667 1464.958 1465.117 1465.267
1464.186 1464.186 1464.185 1464.19 1464.242 1464.172 1464.076 1463.89 1463.436 1463.228 1463.041 1462.927 1462.936 1462.941 1462.933 1463.061 1463.076 1463.078 1463.281 1463.355 1463.427 1463.566 1463.769 1464.004 1464.167 1464.226 1464.237 1464.278 1464.554 1464.458 1464.237 1464.18 1464.186 1464.181 1464.193 1464.892 1465.191 1465.408 1465.619
1464.173 1464.217 1464.216 1464.236 1464.329 1464.16 1464.091 1463.926 1463.511 1463.378 1463.211 1463.024 1463.014 1462.974 1463.017 1463.121 1463.191 1463.184 1463.332 1463.411 1463.483 1463.512 1463.769 1463.999 1464.161 1464.357 1464.499 1464.631 1464.655 1464.614 1464.467 1464.286 1464.234 1464.265 1464.422 1464.892 1465.496 1465.648 1466.003
1464.632 1464.79 1464.613 1464.576 1464.564 1464.056 1463.86 1463.825 1463.498 1463.398 1463.35 1463.297 1463.19 1463.159 1463.196 1463.205 1463.24 1463.285 1463.372 1463.458 1463.529 1463.574 1463.769 1464.003 1464.129 1464.353 1464.574 1464.719 1464.84 1464.825 1464.784 1464.665 1464.624 1464.734 1464.865 1465.224 1465.496 1465.648 1466.394
1465.288 1465.321 1465.131 1464.905 1464.589 1463.962 1463.76 1463.71 1463.512 1463.439 1463.446 1463.414 1463.295 1463.346 1463.299 1463.312 1463.344 1463.335 1463.46 1463.509 1463.584 1463.617 1463.791 1463.957 1464.067 1464.219 1464.406 1464.733 1464.908 1464.95 1465.038 1465.078 1465.068 1465.204 1465.271 1465.609 1465.817 1466.018 1466.394
1465.566 1465.48 1465.284 1464.942 1464.485 1463.962 1463.767 1463.687 1463.567 1463.567 1463.549 1463.411 1463.44 1463.444 1463.357 1463.348 1463.391 1463.439 1463.54 1463.553 1463.64 1463.721 1463.854 1463.889 1464.013 1464.217 1464.345 1464.629 1464.969 1465.055 1465.13 1465.237 1465.411 1465.473 1465.546 1465.935 1466.052 1466.156 1466.375
1465.603 1465.673 1465.243 1464.837 1464.452 1463.855 1463.691 1463.681 1463.583 1463.587 1463.574 1463.474 1463.487 1463.476 1463.451 1463.481 1463.454 1463.529 1463.605 1463.644 1463.683 1463.765 1463.87 1463.953 1464.018 1464.173 1464.285 1464.494 1464.763 1465.138 1465.242 1465.373 1465.54 1465.619 1465.718 1466.002 1466.202 1466.408 1466.644
1465.516 1465.455 1465.175 1464.916 1464.384 1463.83 1463.684 1463.678 1463.621 1463.647 1463.577 1463.556 1463.557 1463.545 1463.542 1463.605 1463.567 1463.692 1463.698 1463.799 1463.792 1463.821 1463.855 1463.956 1464.078 1464.144 1464.198 1464.331 1464.63 1465.165 1465.307 1465.38 1465.493 1465.62 1465.779 1466.058 1466.313 1466.42 1466.634
1465.029 1464.972 1464.787 1464.583 1464.239 1463.876 1463.736 1463.679 1463.667 1463.679 1463.66 1463.667 1463.596 1463.671 1463.729 1463.676 1463.766 1463.911 1463.913 1464.02 1464.012 1464.006 1463.919 1463.949 1464.066 1464.188 1464.181 1464.271 1464.561 1465.158 1465.261 1465.338 1465.458 1465.623 1465.744 1466.058 1466.284 1466.5 1466.752
1464.209 1464.214 1464.291 1464.21 1464.188 1463.98 1463.838 1463.764 1463.697 1463.711 1463.762 1463.694 1463.693 1463.761 1463.773 1463.829 1463.902 1464.06 1464.124 1464.143 1464.145 1464.156 1464.076 1464.054 1464.128 1464.227 1464.301 1464.434 1464.749 1465.114 1465.149 1465.225 1465.426 1465.547 1465.657 1466.083 1466.311 1466.544 1466.823
1463.986 1463.988 1464.027 1464.116 1464.188 1464.039 1463.956 1463.872 1463.785 1463.771 1463.778 1463.765 1463.779 1463.862 1463.924 1463.951 1463.981 1464.081 1464.168 1464.331 1464.283 1464.189 1464.161 1464.153 1464.209 1464.276 1464.575 1464.818 1464.969 1465.073 1465.049 1465.135 1465.175 1465.25 1465.406 1465.59 1466.154 1466.518 1466.822
