var/www/cgi-bin/BAERTOOLS/ravel/working/ravel-23367.depgrd.txt
NCOLS 89
NROWS 110
XLLCORNER 677881.89
YLLCORNER 4377654.9
CELLSIZE 10
NODATA_VALUE -9999
[rows 81 to 107 of 110, columns 0 to 60 of 89]
0 3.5527137e-15 0 -7.1054274e-15 0 0.034814149 0.13495668 0.15356204 0 0.42724705 3.9565974 1.234344 0.54322434 0 0.53524192 0.00044737928 0.47799912 0.41573814 0.030580755 0.30806892 0.49325772 0.56646665 0.42327296 0.47509025 0.4090982 1.0358573 0.9621357 1.0408568 1.3404129 2.7542126 1.5741947 1.3549006 1.4534893 689.31571 0 0 0 0 0 0 0 0 0 0 0 0 0 0 0 0 266.25142 204.26755 275.18206 0.2195633 0.30093216 0.47269154 0.44376133 0.59374822 0.69250304 0.55315163 2.94821
0 -7.1054274e-15 3.5527137e-15 0 0.036736172 0.068174836 0.031257515 0.16878122 0.07736571 0.13945546 0.7346458 0.82067605 0.53290366 0.40783701 0.36052263 0.31336583 0 0.26606066 0.30592721 0.22849677 0.12577557 0.18983058 0.4239835 0.46249896 0.27426498 0.45119728 0.61133445 1.2495315 1.4761472 1.7217308 1.6128245 1751.8382 58.73951 686.31662 0 0 0 0 0 0 0 0 0 0 0 0 0 0 261.03344 452.63287 0.73946593 0.57274226 0.63328596 0.41490688 0.39631852 0.30390301 0.42295548 0.43112918 0.71003588 0.36857408 0.22631745
0 0 -3.5527137e-15 3.5527137e-15 0.064154142 3.5527137e-15 7.1054274e-15 0.059989192 0.096884504 0.19453656 1.8720918 0.36123922 4.4759778 0.46421843 0 0.21489189 0.16693133 0.051962354 0.48973989 0.094203779 0.14609126 0.18767086 0.31550957 0.34816544 0.45066313 0.44993368 0.48238122 0.5649048 0.30066689 0.89887963 1120.2602 2183.403 0 0 0 0 0 0 0 0 0 0 0 0 0 0 16.116037 385.65292 1.7167002 1.0865541 1.1671927 0.74974638 0.67835485 0.39623413 0.62086582 0.53643455 0.20820974 0.40738044 0.58477354 0.57194527 0.36691371
0 3.5527137e-15 3.5527137e-15 -3.5527137e-15 0.031755 0.052908164 0.060538353 0.030553396 0.14378433 0.16580168 4.3372212 4.8342804 0.31197675 0.441531 0.35417171 0.26167067 0.43805715 0 0.15828458 0.54100958 0.46058687 0.538653 0.47900928 0.29873396 0.17307884 0.30412267 0.8384981 0.37153628 0.51798897 0.46218149 1268.8825 0 0 0 0 0 0 0 0 0 0 0 0 0 0 3339.7445 2327.7588 5.918791 1.9395202 1.2258479 1.1493559 0.97629086 0.62401862 0.23579816 0.96770877 0.32328333 0.53006246 0.44275105 0.46005114 0.47744174 0.58202331
0 0 3.5527137e-15 0 0.034430877 3.5527137e-15 0.058221951 0.059824196 0.19152686 0.15735796 0.078520338 4.0432462 0.62584261 0.61080683 0.45934309 0 0.094480877 0.18332632 -3.5527137e-15 0.1431756 0.52995644 0.5809884 0.5219103 0.24972943 0.23123366 0.23505966 0.49104446 0.63261255 0.54025218 0 1274.3203 0 0 0 0 0 0 0 0 0 0 0 0 59.261142 14.832557 4202.5091 0.46705946 1.7957595 0.88727298 1.7672149 1.7734075 1.9662436 1.2223656 0.77791028 0.71789425 0.87030161 0.75603891 0.24948955 0.60231412 0.56966298 0.66811235
0 0 -7.1054274e-15 0.035154567 0.012023459 0.040564287 7.1054274e-15 -7.1054274e-15 0.10552601 0.088824511 0.099586496 4.5322458 0.75945607 4.3320648 0.52598407 0.12812988 0.060545385 0.042860652 0.098993657 3.5527137e-15 0.16560314 0.59664912 0.095065716 0.14178984 0.37966175 0.24032405 0.23454564 0.41728116 0.41048989 0.44348725 465.41055 0 0 0 0 0 0 0 0 0 0 113.43623 145.71541 114.69915 140.41313 1647.2156 0.17663712 1.3292626 0.0038189253 0.78762429 1.1868404 3.5527137e-15 0.1771726 0.85475519 0.71767327 0.88364005 0.57680743 0.23651443 0.5130582 0.69299731 0.72868807
0 -3.5527137e-15 0.0027104209 0.018597665 0.026247926 7.1054274e-15 0.056966117 0.038725012 0.040354371 0.016783563 0.10599754 0.14365016 1.0608562 0.60787753 1.4353924 0.19560321 0.066486711 0.1133711 0.093590724 0.091310736 0.081056289 0.45901462 0.50148588 0.19345718 0.5169454 0.60626991 0.5839532 0.26174411 0.31959715 0.48848565 433.64571 0 0 0 0 0 0 0 0 0 219.4934 0.40488316 0.24733363 0.39118278 0.30774256 12.166789 0.21526979 6.2480048 1.2505861 0.018785529 1.5749923 1.9842342 3.5527137e-15 1.5132429 0.89054929 1.2837695 0.8399149 0.4845483 0.33131667 0.81032156 0.95554736
0 -3.5527137e-15 0.029865971 0.0015622072 0.0012681428 0.035023189 0 0.05305768 7.1054274e-15 0.1451053 0.18233268 0.18322932 1.6949058 0.40647524 1.8465573 0.21591341 0.069897491 0.062316743 0.073634147 0.082596242 0.0059868261 0.25641555 0.4925294 0.51347336 0.33562732 0.19180377 0.53012184 0.59945673 0.63401051 0.22300646 410.60657 0 0 0 0 0 0 0 485.92695 380.51326 0.00037914529 0.46081434 0.36434197 0.20326001 0.29036738 0.26005822 3.3446562 0.33722421 2.33443 0.93639474 1.3796679 1.7891159 2.0167853 0 1.4844043 1.5312385 1.8536956 0.55953162 0.44620353 0.58265356 0.032328524
0 0 3.5527137e-15 0.0045500795 0.033118116 0.010616604 7.1054274e-15 0.10489434 0.057339974 0.083046132 0.10346582 0.29536758 0.17142041 4.7931504 0.18900773 0.29606033 0.17061146 0.029729719 0.067050223 0.057482113 0 0.11012862 0.18231262 0.35613451 0.32340689 0.3567367 0.36084052 0.58787294 0.48208664 0.64055301 0 377.07881 0 0 0 0 0 331.88008 0 0.20448843 0.3520333 0.5619088 0.19394405 0.25895479 0.19708866 0.41799989 0.44007539 1.135763 5.0795487 5.9686882 1.7845612 1.6948655 1.3411363 0.30062259 1.2838956 1.6466771 0.12732279 0.89865418 0.52864287 1.2115866 0.069399597
0 0.046317322 0.021473176 0.080567347 0.0020011926 0.0025259652 0.038557779 0.052336556 0.013953689 0.1694324 0.091478101 0.22722302 0.13089385 6.7541092 4.2533225 0.3330495 0.06623609 0.090310622 0.091994047 0.063064927 0.1363693 0.15062349 0.059750075 0.20245127 0.20208662 0.41973862 0.33495158 0.11485345 0.40888073 0.365172 20.255736 324.23417 0 0 0 0 473.13677 0.36752415 0.28482653 0.20510968 0.0010416917 0.48785324 0.10765013 0.18356765 0.3835277 0.32211923 0.50179786 0.41063908 0.52148192 1.5900929 3.5432479 1.3163065 1.3460121 1.8885128 -1.0658141e-14 1.3605879 -7.1054274e-15 0.37147319 0.52318779 0.56004074 1.9040645
0.02884557 0 0.016704558 0 0.076702149 3.5527137e-15 0.05117344 7.1054274e-15 0.0098004313 0.16345718 0.039108615 0.20140749 0.13250908 3.7737097 1.6634334 2.0328796 0 0.065318929 0.040441976 0.09953818 0.15733409 0.025230442 0.10333909 0.31313659 0.38293876 3.5527137e-15 0.45673214 0.29818574 0.32984379 0.12924837 180.31412 0 0 0 0 288.52821 0.13726049 0.038839885 0.29706119 0.27535213 0.46546855 7.1054274e-15 0.12586718 0.20806643 0.2260378 0.21330701 0.46425261 0.36825742 0.4637425 0.34251399 3.9621391 0.69881197 0.84520597 0.61970167 1.1484696 0.97136862 1.0810353 0 1.745857 0.61732427 -1.0658141e-14
0.01906943 0.10490902 0.044854775 0.043245849 0.029331817 -3.5527137e-15 0.10337285 0.010595603 0.10153855 0 0.10108595 0.086446269 0.36936199 0.13777315 3.3821998 0.1262987 0.055997961 0 0.17288683 0.1432041 0.1553116 0.11937804 0.057140241 0.1371358 0.24747414 0.20718637 0.0097742209 0.0037166691 0.18709194 0.24259692 166.49936 0 0 0 0 820.59051 0.05724409 0.64738825 0.2970367 0.17377342 0.15365596 -3.5527137e-15 0.12875398 0.20077075 0.19637597 0.22394717 0.31846896 0.48191602 0.34187101 0.39649996 0.85835083 1.399143 0.8179858 0.47888328 0.97474722 0.80919123 0.72331699 1.1843688 0.1091165 0.96149014 0.88836735
0.049166535 0.037004244 0.057157831 0.06149719 0.038977098 0.17147994 0.085436169 0.1539237 0.037624693 0.12763388 0.023691333 0 0.15094306 0.41302785 0.86786577 5.2606069 0.10446722 0.071281362 0.1059752 0.11120521 0.050377779 0.10593813 0.15528968 0.21748327 0.16374406 0.21549144 0.42219494 81.466805 173.86996 18.528269 0.38830964 17.159903 0 0 739.78184 0.20539662 0.087009738 0.050056169 0.084621379 0.21511655 0.068136935 0.13426649 0.31882056 0.10763572 0.075160441 0.1228465 0.19395952 0.2629826 0.40383155 0.27585005 0.2936815 0.77783251 1.2654068 0.41895841 0.37440146 0.27145937 0.39466591 0.50044975 0.69008008 0.42294449 0.71461001
0 0 -7.1054274e-15 0.093453215 -3.5527137e-15 0.1152278 0.0086515645 0.11100743 0.027485289 0.058724873 0.028267552 0.15024613 0.10864563 0.30586789 0.094127871 1.179023 7.8615446 70.019642 0.21162226 0.037083934 0.12110411 0.13829994 0.12390348 0.27506861 -7.1054274e-15 0.47301957 0.21830765 338.55408 0 0 0 5.1522027 0 111.55361 0.64826895 0.23205198 0.27078842 0.1412259 0.046646198 0.050881841 0.19566057 0.20087768 7.1054274e-15 0.21090866 0.15340907 0.12525696 0.21404644 0.14235371 0.16388811 0.24461384 0.22202345 4.842911 1.0130069 1.4145612 0.51515967 0.5081568 0.43781482 0.6101859 0.42755932 0.33519586 0.35015091
-3.5527137e-15 0.018073559 0.062484735 0.067563849 0.10124269 0.069077906 0.19264426 0.27269999 0.24039828 0.11435355 0.05156814 0.025622058 0.11596174 0.29824562 0.25197011 4852.7963 5360.1835 41.639578 57.471306 0.080852682 0.10078062 0.27186656 0.13598558 0.42061359 0.096128499 0.14981218 221.27159 0 0 0 0 0 0 595.84243 0.88808991 0.46253703 0.31552076 0.17211552 0.25252938 0.087055899 0.12885775 0.10001847 0.32925515 0.070185528 0.24852719 0.21814853 0.038189762 0.20944854 0.18144313 0.086116476 0.26135704 0.27182956 3.3631525 0.779453 2.0723884 0.57113265 0.55809367 0.47037228 0.43002729 0.44269311 0.34626647
0 0.037123611 0.031352615 0.037533665 0.052387382 0.045988361 0.10486865 0.017723672 0.13535503 0.10035228 0.10413175 0.11122047 0.12236141 -3.5527137e-15 0.14272995 0.22472524 189.2102 0 0 0.20484829 0.040795448 0.22722783 0.16539268 0.37690019 0.25947964 686.77811 0 0 0 0 0 0 942.77028 0.48153708 0.38739273 0.33466431 0.47232398 0.28949381 0.086084048 0.14848964 0.18081726 0.04224286 0.14629422 0.28175031 0.26588817 0.031791909 0.15707809 0.19592236 0.14001504 0.13333773 0.13679296 0 0.18246738 1.0234347 1.0399781 1.8193658 0.55197785 0.68511334 0.52788324 0.60329364 0.48055849
7.1054274e-15 0.026570811 0.01876372 0.14184871 0.11161163 0.064518098 0.1304352 0.1875675 0.11597265 0 0.13164719 7.1054274e-15 0.022791269 0.22220264 0.15600498 0.22782783 0.25278914 0 0 0.35578485 0.70069708 0.37617673 0.16342575 88.012743 410.98754 0 0 0 0 0 0 0 1271.2689 0.20474755 0.17496034 0.70854362 0.35746914 0.33352822 0.22018164 0.30569146 0.058994329 0.16707545 0.21598293 0.13397275 0.26973057 3.5527137e-15 0.20912313 0.20143927 0.19769357 0.082772775 0.10121892 0.13980821 0.16926703 0.14781373 2.0758341 1.0535956 0.13765677 -1.0658141e-14 0.5974911 0.45836571 0.48292333
0 0.022172869 0.079522361 0.13393417 0.12316155 0.10569692 0.095523325 0.14171447 0.081089544 0.1094903 3.5527137e-15 0.13475221 0.094461113 0.054743563 0.064379728 0.44572502 0.16713126 0 0.21380239 0.19706438 0.44120248 0.56708096 1.1767878 141.21247 0 0 0 0 0 0 0 836.33812 0.28988694 0.16710946 0.23597103 0.26961097 0.33461192 0.30217671 0.37875678 0.12737649 0.25124186 0.068087793 0.053099954 0.24045014 0.071582533 0.14035375 -3.5527137e-15 0.12766011 0.058892425 0.1056576 0.019923574 0.12247486 0.19250088 0.11480084 0.089988237 1.2970687 0.74187418 0.38073433 0.42220767 0.33120686 0.29280716
3.5527137e-15 0.091283607 0.022356097 0.075306502 0.1214004 0.13525033 0.053888911 0.14977555 0.088748986 0.13582776 0.025416444 0.079597421 0.23442066 0.14979481 0.052675473 0.1539611 0.056299038 0 0.22918831 0.34279684 0.26076983 0.61780038 73.08514 13.122002 0 0 0 0 0 0 603.32663 0.39659985 1.2589239 0.38561136 0.27847035 0.1493114 0.20914531 0.25352117 0.2958885 0.36191928 0.14040587 0.23040389 0.19702345 0.093469523 0.064228134 0.07609246 0.035828703 0.10806722 0.064722835 0.077376489 0.18813146 0.17538393 0.078855823 0.14226871 -3.5527137e-15 0.0012308091 0.93128648 0.9019052 0.28150407 0.22415668 0.30983852
7.1054274e-15 0.043649534 0.080128936 0.11780483 0.15656155 0.08157837 0 0.10766653 0.088328628 0.060822786 0.14574861 0 0.09309521 0.053253704 0.22373495 0.082876131 0.26732276 0.27876796 16.837632 0.42936052 266.41233 263.72771 288.30676 0 0 0 0 0 0 257.05134 0.30863715 0.38702052 0.30334823 1.1063503 0.7400877 0.35435813 0.18110345 0.26595818 0.2335278 0.20658499 0.21007379 0.31363966 0.10075482 0.10971672 0.19089786 0.13929959 0 0.084075359 0.095581017 0.15991898 0.1000307 0.15737995 0.14889013 0.08445719 0.10120107 0.066065054 0.28305873 1.1804864 0.57787397 0.40117132 0.33285386
7.1054274e-15 0.043543304 0.097106049 0.069759488 0.1042101 0.062584352 0.14018324 0.036065285 0.1007223 0.10029707 0.18787206 0.025373605 0.084567613 0.27140335 -3.5527137e-15 0.053893385 0.49593546 0.55232065 24.742253 17.993551 26.364947 0 0 0 0 0 0 0 0 484.28301 0.31493798 0.223475 0.45281849 0.26088353 0.39730516 0.28680757 0.92926892 0.24599723 0.23944134 0.47161608 0.19444773 0.2292105 0.083738149 0.16247304 0.0072508824 0.087510219 0.040712336 0.12082486 0.00095759998 0.1126003 0.018688779 0.027728182 0.027002081 0.063130709 0.10560373 0.039313767 0.62066008 0.8556394 1.0881366 0.35445671 0.60248883
0 0.045025272 0.084072987 0.07665221 0.17825307 0.16648029 0.078209709 0.18850179 0.17927955 0.21549512 0.18677985 0.29730627 0.068152442 0.20539384 0.038198492 0.21595316 26.69333 578.79082 136.35714 0 0 0 0 0 0 0 0 176.03469 410.30426 0.29479826 0.11503557 0.24606995 0.33017548 0.24967214 0.066578494 0.25647766 0.33029654 0.051566399 0.92142737 0.16388015 0.47415789 0.070014785 1.7763568e-14 0.095397704 0.12391608 0.039141335 0.015975294 0.11403654 0.012662828 0.0043137434 0.046722632 0 0.051350874 0.053584303 -3.5527137e-15 0.045123384 0.028156733 0.52798479 1.0949776 0.99515259 0.31988915
0 0.020616173 0.036687348 0.1311378 0.14249284 0.16178296 0.18971739 0.089231509 0.040225284 0.13751728 0.16969989 0.25138423 0.24208372 0.19904497 0.26767655 3.5527137e-15 298.50586 0 0 0 0 0 0 0 0 0 251.03594 0.082113618 0.038129064 0.018667886 0.063231991 0.052244183 0.038007515 0.26292491 0.046411549 0 0.10312798 0.31592973 0.053482456 0.092036097 0.56762061 0.26196769 0.18507105 -1.0658141e-14 0.068465911 0.068544882 0.1146037 0.0081919887 0.14918531 0.0073861224 3.5527137e-15 0.082093453 0.041318696 0.14813533 0.019477838 0 0.0095848319 0.17971189 0.3794396 0.91505043 0.55118789
0.23225339 0.16705589 0.063787629 0.18392986 0.12868983 0.12478404 0.15079467 0.28485964 0.11348284 0.21654599 0.1874196 0.21701902 0.23678091 0.090647122 0.083245441 0.68132858 276.02413 0 0 0 0 0 0 0 0 284.22447 0.0082864443 0.035841779 0.014416427 0.043414909 0.036005167 0.025745409 0.02080053 0.037909173 0.055378758 0.093301382 0.039116986 0.012522067 0.031275305 0.048688351 0.057822654 0.1583368 0.076668533 2.4868996e-14 0.37066347 0.20651763 -7.1054274e-15 0.068998108 0.01702412 0.082981307 -7.1054274e-15 0.018722284 0.044762649 0.054289655 0.066878025 0.039739918 0.0089541102 0.10155078 0.46593266 0.41249798 0.52204953
0.0010644005 0.09012844 0.051060806 0.17193555 0.12172195 0.1695187 0.17385043 0.10706905 0.25816003 0.16991043 0.094486441 0.21452534 0.24565846 1.4210855e-14 435.15277 194.92219 15.005121 0 0 0 0 0 0 95.887209 229.31413 0.0092751555 0.01025458 0.024555729 0.040419879 -3.5527137e-15 0.061988382 0.027850138 0.053456918 0.019626282 0.090631303 0.016783033 0.018486322 0.044191963 0.037183669 0.018120944 -3.5527137e-15 -3.5527137e-15 0.095184677 0.098845929 0.14366741 0.092949555 3.5527137e-15 0.095720936 0.0061725333 0.11886657 0.032110554 0.013321661 0.047496579 0.028069751 7.1054274e-15 0 0.0083597732 -3.5527137e-15 0.010176914 0.15094137 0.40156004
0.053982024 0.11195952 0.09660471 0.10821693 0.14294653 0.1189706 0.23378818 0.036741938 0.27876689 0.18018638 0.28481916 0.15121077 0.59223079 337.72501 0 0 0 0 0 0 0 68.449833 68.952697 1.4210855e-14 0.056207932 0 0.045068999 0.024503999 -7.1054274e-15 -3.5527137e-15 0.041191669 0.020992292 -7.1054274e-15 0 0.015829517 0.020085225 0.037645676 7.1054274e-15 0.030788285 0.043606872 -3.5527137e-15 1.0658141e-14 3.5527137e-15 0.027812363 -1.4210855e-14 0.11100443 0.096783224 0 0.05714932 0.071325048 0.0022814851 0.025223485 3.5527137e-15 0 0.043412379 0.044215173 0 0 -3.5527137e-15 0.041747393 0.26016994
0 0.45551057 0.23781617 -7.1054274e-15 0.30004374 0.12794288 0.10755006 0.18542104 0.18533109 0.066076698 378.14212 0.29086804 0.74645247 4.2140499 0 19.547608 0 0 0 23.980426 46.490762 143.73414 0.031788688 0.027670226 0 -3.5527137e-15 0 0.016294337 -3.5527137e-15 0 7.1054274e-15 0.014994492 0 -7.1054274e-15 0.011901903 0.0060458513 0 0 0 -3.5527137e-15 3.5527137e-15 3.5527137e-15 0 0 0 -3.5527137e-15 0.084804092 0.072586482 7.1054274e-15 0 0.0082557466 0 0.0042040734 0.022904038 -3.5527137e-15 0 3.5527137e-15 0 -3.5527137e-15 1.0658141e-14 0.25015611
