var/www/cgi-bin/BAERTOOLS/ravel/working/ravel-11268.DEM
NCOLS 28
NROWS 151
XLLCORNER 276906.32
YLLCORNER 3833378.9
CELLSIZE 10
NODATA_VALUE -9999
[rows 64 to 127 of 151, columns 0 to 27 of 28]
1529.826 1535.109 1537.961 1539.42 1544.915 1548.521 1552.498 1556.678 1560.406 1561.618 1565.312 1567.013 1570.284 1573.311 1574.65 1576.401 1575.895 1574.713 1573.423 1571.963 1569.921 1564.984 1563.505 1562.525 1561.512 1559.593 1556.113 1549.612
1535.356 1538.86 1541.36 1544.059 1549.361 1551.976 1554.832 1557.712 1560.406 1567.47 1569.609 1572.436 1574.907 1574.904 1575.294 1576.005 1575.728 1574.651 1572.966 1571.158 1568.89 1561.752 1560.57 1559.781 1558.905 1557.224 1551.618 1548.761
1538.718 1541.829 1544.771 1547.97 1553.064 1555.391 1557.797 1557.712 1561.08 1567.768 1570.621 1573.658 1575.446 1575.141 1575.528 1575.687 1575.727 1575.235 1574.247 1572.024 1568.513 1561.704 1559.61 1557.137 1554.574 1553.47 1549.886 1546.837
1540.075 1543.518 1547.298 1553.995 1556.613 1558.924 1557.797 1560.012 1563.08 1569.014 1571.481 1572.898 1573.413 1573.945 1574.527 1575.107 1575.292 1575.708 1575.337 1573.157 1565.592 1562.588 1559.97 1555.968 1551.041 1549.756 1547.064 1544.086
1539.564 1544.608 1549.321 1556.797 1556.613 1558.924 1561.197 1563.57 1565.681 1569.208 1570.415 1571.298 1571.849 1572.462 1573.138 1574.327 1574.852 1575.337 1575.118 1572.975 1566.173 1562.997 1559.52 1555.471 1551.51 1549.18 1545.273 1542.755
1539.447 1544.738 1549.793 1556.797 1559.83 1562.3 1564.497 1566.6 1568.301 1570.272 1570.638 1571.047 1571.385 1571.758 1572.901 1573.476 1573.979 1574.24 1573.604 1571.268 1565.567 1562.763 1559.616 1556.019 1552.711 1550.034 1545.438 1542.766
1538.952 1544.167 1549.793 1558.537 1561.622 1564.146 1566.586 1568.686 1570.265 1571.231 1571.066 1571.149 1571.281 1571.34 1572.32 1572.637 1572.951 1572.812 1571.644 1569.489 1564.501 1561.975 1559.233 1556.272 1553.285 1550.451 1545.231 1542.124
1537.716 1544.167 1549.268 1558.031 1561.478 1564.204 1566.413 1568.595 1569.882 1571.013 1570.693 1570.425 1570.344 1570.394 1571.047 1571.304 1571.394 1571.029 1569.83 1568.466 1564.18 1561.67 1559.07 1556.555 1553.677 1548.604 1545.76 1542.667
1537.716 1542.861 1547.81 1556.238 1559.46 1561.935 1564.033 1566.162 1569.008 1569.311 1568.982 1568.269 1567.688 1567.828 1568.849 1569.296 1569.602 1569.421 1568.72 1568.125 1564.624 1562.079 1559.459 1557.102 1554.93 1550.064 1547.417 1544.652
1535.532 1540.591 1545.13 1553.144 1555.998 1558.129 1560.113 1562.32 1566.204 1566.804 1566.266 1565.074 1564.365 1564.824 1566.71 1567.848 1568.626 1568.522 1568.126 1567.359 1565.304 1562.628 1560.062 1557.889 1556.002 1551.741 1549.438 1546.956
1531.459 1536.287 1544.883 1548.252 1550.72 1552.72 1554.971 1557.425 1562.272 1563.03 1562.326 1560.728 1559.591 1560.322 1564.715 1566.775 1568.45 1569.315 1569.57 1568.741 1566.822 1564.133 1561.573 1559.262 1557.365 1553.158 1550.951 1548.607
1525.931 1530.47 1539.027 1542.069 1543.923 1545.709 1548.614 1551.698 1557.695 1558.398 1557.133 1554.738 1552.992 1554.454 1563.107 1566.619 1569.717 1572.073 1573.208 1571.281 1569.278 1566.523 1563.749 1561.168 1559.029 1554.332 1552.038 1549.621
1520.186 1524.486 1532.686 1535.014 1536.213 1538.087 1542.652 1546.337 1551.927 1551.932 1550.19 1548.217 1548.298 1557.346 1562.618 1566.692 1570.245 1573.558 1575.317 1574.219 1572.333 1569.548 1566.375 1562.984 1560.305 1555.358 1553.153 1550.607
1512.946 1517.753 1524.372 1526.584 1529.687 1534.18 1538.238 1541.945 1545.086 1544.027 1541.567 1540.456 1545.06 1557.32 1562.531 1566.304 1569.777 1573.849 1576.379 1576.455 1574.269 1571.484 1567.724 1563.539 1558.256 1556.559 1554.277 1551.88
1505.478 1509.066 1516.224 1520.681 1525.868 1530.957 1534.776 1539.422 1538.851 1536.964 1535.958 1538.184 1543.568 1554.656 1559.704 1564.147 1567.711 1571.862 1575.028 1577.176 1575.656 1573.302 1569.761 1565.264 1559.716 1557.947 1555.911 1553.628
1501.127 1502.743 1509.53 1515.664 1522.348 1526.963 1529.143 1532.07 1530.921 1530.123 1532.955 1538.326 1542.678 1550.512 1555.005 1559.881 1564.145 1568.42 1572.637 1576.672 1576.397 1575.352 1572.699 1568.567 1562.231 1559.963 1557.718 1554.927
1500.625 1501.392 1504.702 1509.581 1515.339 1520.569 1522.454 1522.785 1523.493 1526.344 1531.103 1536.145 1540.011 1546.444 1550.562 1555.162 1560.851 1565.118 1575.315 1577.356 1577.411 1576.208 1574.712 1571.904 1564.371 1561.923 1559.409 1556.448
1500.57 1500.407 1501.128 1503.75 1508.225 1512.563 1514.381 1514.911 1517.894 1523.237 1527.432 1531.204 1535.836 1545.027 1550.257 1554.751 1560.297 1565.445 1574.823 1576.315 1575.415 1574.105 1573.945 1572.268 1565.613 1562.906 1559.816 1557.27
1499.916 1499.663 1499.593 1500.634 1503.424 1505.729 1505.808 1510.235 1514.376 1519.468 1524.272 1528.99 1540.361 1545.96 1551.432 1556.337 1561.11 1565.159 1572.998 1573.266 1571.54 1570.35 1570.5 1570.914 1566.554 1563.268 1560.353 1558.739
1498.63 1495.121 1495.781 1498.07 1499.727 1500.3 1499.581 1507.667 1513.013 1518.074 1523.756 1529.624 1541.434 1547.028 1553.649 1559.274 1561.911 1563.979 1568.833 1567.746 1565.6 1566.28 1569.098 1571.044 1569.063 1566.172 1562.481 1559.246
1498.399 1489.456 1488.939 1491.811 1493.784 1495.105 1501.699 1507.309 1512.692 1517.456 1523.09 1529.276 1541.597 1547.955 1555.334 1561.115 1563.114 1563.772 1562.134 1560.086 1558.422 1560.93 1565.752 1571.747 1571.55 1568.426 1563.845 1561.345
1499.601 1490.228 1486.809 1487.222 1488.38 1491.374 1501.927 1506.879 1511.66 1515.884 1520.49 1526.068 1539.935 1546.532 1554.26 1560.29 1561.526 1561.849 1559.43 1556.435 1555.614 1558.111 1561.626 1568.654 1569.669 1568.675 1564.677 1560.582
1497.845 1493.796 1489.399 1486.992 1487.304 1490.626 1501.582 1505.314 1509.031 1513.034 1517.273 1522.475 1536.776 1544.021 1550.701 1555.37 1558.421 1558.384 1554.097 1549.868 1550.332 1555.229 1558.83 1562.147 1563.448 1563.624 1564.677 1560.582
1497.283 1495.043 1491.132 1487.289 1487.505 1489.402 1499.342 1502.83 1506.309 1510.924 1515.609 1520.793 1534.053 1540.549 1545.366 1548.335 1549.978 1550.11 1547.571 1545.764 1547.11 1550.599 1553.248 1556.837 1558.511 1563.624 1562.306 1561.373
1496.974 1494.604 1491.224 1488.131 1487.586 1488.104 1495.103 1499.095 1503.621 1509.864 1515.029 1525.245 1531.093 1536.255 1539.605 1541.423 1542.521 1542.831 1541.223 1540.669 1542.731 1545.711 1547.381 1550.346 1558.511 1559.163 1558.812 1558.504
1497.214 1494.502 1491.753 1489.213 1487.971 1487.618 1491.559 1496.919 1502.506 1508.768 1514.257 1522.465 1525.908 1529.112 1531.913 1533.711 1534.815 1535.747 1534.801 1535.044 1537.402 1539.51 1541.411 1550.346 1552.787 1554.691 1555.687 1555.165
1497.462 1494.24 1491.394 1489.103 1487.9 1487.543 1490.541 1495.817 1501.649 1507.622 1512.948 1518.585 1520.906 1522.621 1524.021 1525.463 1526.426 1527.252 1527.113 1528.596 1531.948 1534.293 1543.543 1546.053 1548.807 1550.931 1551.68 1551.634
1497.43 1493.352 1489.641 1487.669 1487.216 1487.449 1490.228 1494.86 1500.051 1505.071 1509.732 1514.818 1515.74 1516.453 1517.41 1518.94 1520.375 1521.105 1521.745 1523.625 1526.515 1534.293 1538.667 1541.499 1544.75 1547.341 1548.226 1548.014
1497.422 1492.699 1488.639 1486.528 1486.442 1487.186 1489.585 1493.672 1498.115 1501.906 1505.228 1510.246 1510.884 1511.126 1512.014 1514.04 1515.677 1515.761 1516.945 1519.573 1526.515 1529.473 1535.101 1537.771 1541.012 1543.743 1544.553 1544.236
1496.909 1492.962 1489.307 1486.3 1485.845 1486.815 1488.427 1491.288 1495.042 1498.515 1501.13 1505.26 1506.498 1507.489 1508.428 1510.045 1511.427 1511.53 1516.945 1519.573 1522.628 1525.016 1531.985 1535.536 1538.542 1540.676 1541.207 1540.529
1494.926 1492.461 1490.319 1487.671 1485.402 1486.089 1487.095 1489.125 1492.261 1495.533 1500.261 1502.008 1503.194 1504.049 1504.791 1505.683 1508.44 1511.53 1512.616 1515.024 1518.617 1522.139 1529.595 1533.975 1537.149 1538.621 1538.787 1537.021
1491.428 1491.127 1490.459 1488.199 1484.853 1485.013 1486.047 1488.058 1490.028 1492.743 1497.199 1498.578 1499.676 1500.581 1500.979 1501.697 1508.44 1509.32 1510.624 1513.139 1517.593 1522.038 1527.866 1530.952 1534.162 1535.692 1535.681 1533.976
1488.6 1489.183 1489.126 1486.936 1484.371 1483.408 1483.417 1486.384 1488.896 1491.041 1494.04 1495.033 1496.309 1497.611 1498.113 1501.697 1506.006 1508.344 1510.445 1513.644 1518.211 1525.747 1527.771 1528.851 1529.802 1530.907 1530.98 1530.006
1488.035 1487.425 1486.912 1485.224 1479.06 1476.749 1478.69 1483.071 1486.661 1488.953 1491.273 1491.636 1492.484 1494.423 1498.113 1499.651 1504.837 1507.655 1510.59 1513.716 1517.56 1523.742 1525.059 1525.497 1525.981 1526.501 1526.504 1526.249
1488.953 1487.385 1485.875 1484.009 1478.309 1475.637 1476.397 1479.555 1483.158 1486.069 1488.143 1487.944 1488.499 1494.423 1496.851 1502.148 1505.338 1508.638 1511.438 1513.633 1515.462 1519.899 1521.265 1521.726 1522.216 1522.581 1522.853 1522.32
1489.547 1487.71 1485.691 1483.621 1478.245 1475.798 1475.875 1477.877 1480.628 1483.293 1485.553 1486.012 1488.499 1491.504 1496.146 1502.067 1505.213 1508.124 1510.678 1512.849 1514.338 1516.093 1516.949 1517.27 1517.722 1518.1 1518.251 1517.849
1489.838 1487.895 1485.72 1483.396 1477.382 1475.26 1475.55 1476.492 1478.859 1483.248 1485.553 1486.012 1487.644 1491.407 1496.668 1502.37 1504.39 1506.244 1508.165 1510.205 1511.563 1512.378 1512.512 1512.664 1513.129 1513.564 1513.789 1513.737
1489.4 1487.964 1485.805 1483.362 1478.749 1476.287 1475.329 1475.87 1477.752 1483.248 1484.983 1486.251 1488.502 1492.96 1497.745 1502.245 1502.963 1503.371 1504.393 1506.35 1506.996 1507.69 1508.001 1508.566 1509.403 1509.649 1510.338 1510.618
1488.145 1486.939 1485.198 1482.99 1479.57 1477.226 1475.29 1475.616 1477.752 1482.105 1484.754 1486.811 1489.426 1493.589 1497.649 1501.356 1501.587 1501.53 1501.567 1501.814 1501.821 1502.399 1503.15 1503.9 1505.046 1506.288 1507.075 1507.86
1486.914 1485.853 1484.252 1480.601 1479.065 1477.145 1475.553 1475.616 1476.948 1481.189 1484.287 1487.212 1489.167 1491.478 1494.133 1498.277 1498.315 1497.883 1497.475 1497.225 1497.954 1498.676 1499.371 1500.114 1501.38 1503.429 1504.104 1505.229
1485.708 1484.751 1483.281 1480.374 1478.9 1477.215 1475.553 1475.488 1475.969 1480.278 1483.268 1486.358 1488.816 1490.494 1492.602 1493.416 1492.812 1491.776 1491.516 1492.483 1494.813 1496.025 1497.21 1498.585 1500.599 1501.195 1501.52 1502.389
1485.013 1484.071 1482.796 1480.164 1478.827 1477.215 1475.852 1475.478 1475.454 1478.703 1481.478 1484.369 1486.952 1488.242 1488.819 1488.724 1487.927 1487.088 1487.479 1489.27 1491.903 1493.972 1495.72 1497.179 1498.348 1498.487 1499.752 1500.898
1484.717 1483.702 1482.419 1480.164 1478.827 1477.306 1475.961 1475.565 1475.437 1476.836 1478.763 1481.287 1483.93 1485.207 1485.943 1485.835 1485.189 1485.469 1486.834 1487.886 1490.808 1493.055 1494.265 1495.316 1496.502 1499.439 1500.779 1502.226
1484.864 1483.527 1482.419 1479.77 1478.52 1477.225 1475.931 1475.216 1475.181 1475.781 1477.116 1479.138 1481.085 1482.167 1482.263 1482.915 1483.64 1485.253 1487.286 1488.653 1490.47 1491.703 1492.771 1494.452 1497.458 1501.101 1501.749 1502.016
1485.412 1483.527 1482.067 1479.335 1478.177 1477.09 1475.85 1474.757 1474.821 1475.248 1476.133 1477.584 1479.234 1479.268 1477.679 1479.722 1482.576 1485.229 1487.707 1488.987 1488.948 1489.808 1490.924 1492.386 1495.844 1500.088 1500.409 1499.925
1485.412 1483.52 1480.269 1478.873 1477.855 1476.989 1475.569 1474.281 1474.868 1475.296 1475.871 1476.821 1477.694 1476.631 1476.739 1478.346 1480.344 1483.216 1485.412 1486.142 1486.813 1488.187 1489.149 1489.774 1492.179 1498.146 1499.248 1500.578
1486.215 1484.143 1479.171 1478.183 1477.303 1476.432 1474.848 1473.751 1474.645 1475.31 1476.083 1476.576 1476.272 1475.601 1476.819 1478.313 1479.778 1481.115 1482.547 1483.844 1485.299 1486.762 1487.313 1488.397 1492.214 1498.845 1501.576 1505.495
1486.183 1483.874 1477.853 1476.263 1476.12 1475.386 1473.704 1473.166 1474.536 1475.417 1476.165 1476.535 1476.149 1475.521 1476.357 1477.593 1478.462 1478.63 1479.604 1483.053 1484.817 1486.458 1487.974 1490.657 1495.11 1502.768 1506.743 1510.905
1485.569 1482.461 1477.938 1476.26 1475.326 1474.484 1473.155 1472.635 1474.354 1475.536 1476.292 1476.538 1476.206 1474.972 1475.456 1476.217 1476.436 1476.296 1477.043 1482.716 1484.689 1486.432 1489.999 1495.402 1499.753 1504.194 1507.59 1511.022
1485.494 1483.35 1478.218 1476.733 1475.378 1474.188 1472.927 1472.548 1473.902 1475.268 1476.26 1476.634 1476.249 1474.402 1474.489 1474.648 1474.889 1475.72 1477.388 1484.716 1485.967 1487.918 1492.942 1499.528 1502.371 1504.022 1506.299 1507.708
1484.924 1482.681 1478.506 1476.601 1475.367 1474.154 1472.784 1471.663 1472.938 1474.403 1475.697 1476.459 1476.178 1474.011 1474.153 1474.543 1475.55 1477.281 1480.099 1487.27 1489.765 1492.958 1497.21 1501.124 1501.803 1501.878 1502.146 1502.837
1484.112 1480.934 1479.204 1477.115 1475.293 1474.178 1472.992 1470.751 1471.327 1472.722 1474.168 1474.835 1474.314 1473.02 1473.759 1475.202 1476.808 1479.454 1487.039 1488.823 1490.331 1493.964 1498.559 1500.439 1499.946 1499.454 1499.406 1499.795
1483.285 1481.322 1479.97 1477.722 1475.52 1474.914 1474.511 1470.752 1470.081 1470.441 1471.071 1471.603 1471.422 1471.029 1473.33 1475.278 1477.393 1480.527 1487.937 1489.609 1491.233 1493.695 1495.964 1497.607 1497.587 1497.332 1497.283 1497.288
1483.361 1481.504 1480.382 1478.281 1476.25 1476.24 1476.363 1472.019 1469.864 1469.249 1468.589 1466.841 1466.982 1469.08 1472.518 1474.936 1476.866 1479.57 1486.183 1488.14 1489.672 1490.838 1491.937 1493.61 1495.099 1494.873 1494.69 1494.555
1484.822 1481.223 1480.303 1478.997 1477.671 1477.316 1477.158 1472.895 1470.201 1469.298 1467.84 1464.146 1464.59 1467.24 1470.754 1473.148 1474.863 1476.646 1483.361 1486.077 1487.162 1488.226 1489.366 1490.997 1493.01 1492.448 1491.578 1491.276
1486.343 1480.638 1479.59 1478.881 1478.66 1477.638 1475.304 1472.885 1470.416 1468.995 1467.715 1464.881 1463.776 1466.096 1469.578 1472.266 1473.398 1475.482 1481.141 1483.856 1485.355 1486.697 1488.507 1491.469 1491.423 1490.099 1488.533 1488.102
1483.174 1479.455 1478.645 1478.21 1478.096 1477.131 1474.325 1472.239 1470.214 1468.857 1467.469 1465.256 1463.921 1466.204 1469.197 1472.172 1474.961 1477.093 1481.001 1483.018 1484.57 1486.276 1488.166 1489.447 1489.274 1488.383 1486.89 1486.047
1477.663 1477.669 1477.422 1477.212 1477.136 1476.535 1472.874 1470.916 1469.683 1468.626 1467.059 1464.572 1463.949 1466.251 1469.305 1472.344 1475.305 1477.882 1479.045 1480.567 1482.327 1484.515 1486.319 1487.063 1486.979 1486.069 1484.54 1484
1473.434 1473.361 1473.735 1474.262 1474.251 1473.64 1469.759 1468.491 1467.929 1467.46 1466.426 1464.156 1463.775 1465.47 1467.998 1470.885 1473.808 1476.35 1477.402 1479.056 1480.696 1482.136 1483.374 1484.212 1484.143 1483.939 1483.208 1482.454
1471.421 1470.363 1469.874 1469.827 1469.217 1467.565 1466.352 1466.397 1466.556 1466.466 1465.768 1463.335 1463.556 1465.065 1467.113 1468.798 1471.033 1474.516 1476.008 1477.63 1478.896 1479.816 1480.756 1481.266 1481.4 1481.118 1480.72 1482.454
1474.123 1473.027 1471.086 1468.838 1466.97 1464.153 1464.397 1464.854 1465.284 1465.439 1465.085 1463.409 1463.448 1464.219 1465.015 1465.858 1468.023 1472.736 1474.221 1475.727 1476.907 1477.675 1478.305 1479.148 1479.118 1481.118 1480.72 1480.321
1479.193 1477.252 1475.076 1472.245 1468.943 1463.808 1463.689 1464.046 1464.393 1464.698 1464.693 1463.848 1463.467 1463.256 1463.304 1463.911 1465.788 1470.188 1471.957 1473.504 1474.641 1475.58 1476.758 1476.832 1479.118 1478.841 1478.378 1478.065
1486.328 1482.972 1479.595 1476.395 1472.627 1465.478 1464.039 1463.759 1463.98 1464.266 1464.42 1463.683 1463.111 1462.903 1462.909 1463.399 1464.449 1467.839 1469.237 1470.775 1472.24 1473.176 1474.097 1476.832 1476.642 1476.434 1476.213 1475.735
1490.622 1487.873 1483.951 1479.443 1475.557 1467.683 1464.894 1463.618 1463.576 1463.693 1463.882 1463.099 1462.515 1462.401 1462.503 1462.799 1464.731 1465.806 1466.947 1468.415 1469.858 1470.845 1474.097 1474.074 1473.753 1473.723 1473.995 1473.653
