var/www/cgi-bin/BAERTOOLS/ravel/working/ravel-13306.DEM
NCOLS 92
NROWS 90
XLLCORNER 452068.49
YLLCORNER 3779235.4
CELLSIZE 10
NODATA_VALUE -9999
[rows 56 to 83 of 90, columns 0 to 62 of 92]
545.4725 545.2141 544.6887 544.4952 544.299 543.9992 543.6578 543.3994 542.8882 542.644 542.3347 542.0104 541.7568 541.1423 540.8864 540.6041 540.2952 540.0007 539.6939 539.0419 538.7133 538.3655 538.0242 537.6896 537.3345 536.4728 536.0341 535.6324 535.2612 534.8582 534.4246 533.657 533.2747 532.8876 532.4985 532.1188 531.724 530.9573 530.5264 530.1483 529.7894 529.35 528.9142 528.0563 527.6265 527.201 526.7762 526.343 525.5043 525.1699 524.8383 524.5333 524.2863 524.0274 523.42 523.1681 522.9059 522.6384 522.4058 522.1568 521.5899 521.116 520.6473
544.8661 544.6061 544.1181 543.9127 543.6821 543.4015 543.103 542.8465 542.2943 542.0204 541.7445 541.4372 541.1472 540.592 540.2795 540.0131 539.7444 539.4359 539.1353 538.5 538.1533 537.8141 537.4476 537.0701 536.717 535.8583 535.4654 535.0884 534.6741 534.2484 533.8748 533.1029 532.7119 532.3262 531.9441 531.5495 531.1749 530.4028 529.9943 529.5739 529.1582 528.7422 528.373 527.5203 527.0972 526.6321 526.1536 525.7238 524.9085 524.6426 524.3391 524.0248 523.7733 523.5185 522.9144 522.6304 522.3829 522.1294 521.8468 521.5323 520.8203 520.4434 520.1253
544.2025 543.9466 543.5208 543.2722 543.003 542.7474 542.4932 542.2355 541.6772 541.4015 541.1603 540.8712 540.5268 540.0231 539.735 539.4192 539.1393 538.8821 538.5792 537.9368 537.5929 537.2605 536.8741 536.4584 536.1122 535.2449 534.8869 534.4976 534.0803 533.702 533.3052 532.5347 532.1552 531.7678 531.3766 531.001 530.6009 529.8354 529.407 529.0115 528.6284 528.2024 527.3743 526.944 526.5167 526.0736 525.6188 525.1935 524.4857 524.1634 523.8176 523.5082 523.2631 523.0049 522.4805 522.1603 521.8665 521.614 521.3651 521.071 520.2623 519.9511 519.6212
543.5259 543.2729 542.8564 542.6232 542.3952 542.1316 541.8687 541.3596 541.1113 540.8185 540.5301 540.2645 539.9794 539.4109 539.1484 538.876 538.5616 538.2671 538.0189 537.3372 536.9821 536.6097 536.2169 535.8398 535.4397 534.6371 534.2729 533.8771 533.4748 533.1393 532.7606 531.9863 531.5958 531.2101 530.8247 530.426 530.0568 529.2834 528.8727 528.4493 528.0414 527.61 526.7493 526.3204 525.8918 525.4547 525.0392 524.6825 523.9993 523.6467 523.3516 523.0555 522.7415 522.494 521.9172 521.6224 521.3585 521.1149 520.8203 520.4184 519.7831 519.4936 519.2109
542.9333 542.7193 542.2883 542.0799 541.8369 541.5906 541.3809 540.8114 540.5414 540.2571 539.9804 539.7125 539.4102 538.8657 538.548 538.2741 538.0157 537.7183 537.4088 536.731 536.3271 535.9417 535.5593 535.1584 534.7899 534.0301 533.6544 533.3101 532.9231 532.5304 532.1799 531.4004 530.991 530.6 530.2643 529.8829 529.4762 528.7054 528.3334 527.944 527.5058 527.0704 526.2131 525.7845 525.3505 524.9496 524.6029 524.2458 523.5511 523.2335 522.8913 522.5919 522.3029 521.9853 521.3804 521.0966 520.8595 520.5706 520.2425 519.9493 519.341 519.1041 518.7102
542.3314 542.1538 541.7118 541.4829 541.2379 541.0359 540.8061 540.2499 539.9811 539.7329 539.4523 539.146 538.8517 538.283 538.0059 537.7023 537.3967 537.0765 536.7273 536.0399 535.6767 535.2792 534.8842 534.5297 534.181 533.3951 533.0504 532.6749 532.2773 531.9202 531.5734 530.7809 530.4317 530.0338 529.6418 529.2997 528.944 528.1832 527.7609 527.3396 526.9355 526.5712 525.7065 525.2767 524.8355 524.444 524.1151 523.7673 523.0784 522.7417 522.3837 522.0806 521.8066 521.465 520.9459 520.6316 520.2911 519.9818 519.7188 519.4626 518.861 518.5983 518.2329
541.7159 541.5403 541.1151 540.9028 540.6859 540.468 540.2551 539.736 539.4734 539.2238 538.928 538.5863 538.2872 537.6821 537.4329 537.093 536.6943 536.3531 536.009 535.3209 534.9814 534.6257 534.2326 533.8372 533.4915 532.7858 532.451 532.0541 531.6497 531.2899 530.8782 530.1625 529.8223 529.4705 529.1207 528.7616 528.3513 527.6562 527.2478 526.8058 526.3846 525.9688 525.1786 524.765 524.3782 523.9962 523.5975 523.2563 522.5701 522.2207 521.9286 521.6351 521.3147 521.0411 520.4526 520.1382 519.7727 519.4581 519.2065 518.9483 518.4384 518.0523 517.7449
541.1021 540.9308 540.5163 540.3098 540.1317 539.9128 539.6871 539.2207 539.0148 538.7496 538.4161 538.0522 537.6708 537.1018 536.7243 536.3408 535.9807 535.6387 535.2947 534.6062 534.2621 533.9208 533.5668 533.2057 532.8533 532.093 531.7632 531.3571 530.9746 530.6874 530.325 529.6374 529.2999 528.9144 528.5164 528.1735 527.4781 527.072 526.6959 526.3099 525.8696 525.4367 524.6632 524.2538 523.8773 523.4974 523.085 522.744 522.058 521.7139 521.3707 521.0684 520.7847 520.4613 519.7874 519.4689 519.2157 518.9511 518.6929 518.4363 517.8558 517.494 517.191
540.4897 540.1479 539.903 539.6923 539.53 539.3479 539.1488 538.7834 538.5599 538.2947 537.9544 537.5416 537.1227 536.338 535.9586 535.6097 535.2682 534.9241 534.5795 533.8911 533.5468 533.2022 532.8588 532.5164 532.1722 531.3967 531.0239 530.6685 530.3467 530.0786 529.7361 529.0462 528.7038 528.35 527.9988 527.6394 526.8715 526.5295 526.1282 525.7354 525.3629 524.9272 524.1516 523.7423 523.3644 522.9848 522.5729 522.2317 521.5455 521.2025 520.8475 520.5423 520.2735 519.926 519.3101 518.987 518.6847 518.4331 518.1742 517.9185 517.3278 517.0315 516.7779
539.8771 539.5423 539.2935 539.0789 538.913 538.7407 538.5699 538.2273 538.0338 537.8648 537.5448 537.0211 536.5372 535.6798 535.2623 534.8923 534.5522 534.21 533.8721 533.1843 532.834 532.4897 532.1506 531.8094 531.454 530.7233 530.402 530.0422 529.7374 529.4709 529.1213 528.4314 528.0819 527.7374 527.4001 527.0527 526.3545 525.9451 525.5609 525.2263 524.8593 524.4218 523.6442 523.2326 522.8512 522.473 522.0602 521.7187 521.0325 520.6792 520.3851 520.1036 519.7628 519.415 518.7953 518.5383 518.2769 518.0189 517.7642 517.4968 516.882 516.6278 516.369
539.2756 538.8635 538.6505 538.4713 538.2997 538.1263 537.9543 537.6158 537.4536 537.2705 536.9439 536.4501 535.9247 534.9915 534.5577 534.1735 533.8444 533.4849 533.071 532.3741 532.0939 531.744 531.3386 530.9962 530.6574 530.0425 529.7546 529.4456 529.0917 528.7754 528.4996 527.805 527.5228 527.1838 526.7715 526.432 525.7517 525.405 525 524.6137 524.2495 523.8259 523.0555 522.6796 522.3482 521.9637 521.5468 521.2057 520.5147 520.2366 519.9459 519.5599 519.1414 518.8069 518.2852 518.027 517.7678 517.5088 517.2538 516.9858 516.3694 516.1159 515.8566
538.5718 538.2087 538.0295 537.8638 537.6942 537.5265 537.3478 536.9401 536.73 536.4311 536.083 535.7011 535.2377 534.2721 533.8409 533.4681 533.101 532.6891 532.337 531.6478 531.3162 530.9708 530.612 530.2592 529.9241 529.33 529.0372 528.7858 528.4821 528.147 527.8812 527.2621 526.9585 526.6083 526.2614 525.9023 525.131 524.7911 524.4482 524.0593 523.6553 523.2944 522.5103 522.1785 521.7812 521.3781 521.0367 520.693 520.0048 519.6657 519.324 518.9769 518.6251 518.2894 517.7704 517.5117 517.2526 516.9937 516.7388 516.4714 515.8538 515.6004 515.3416
538.0018 537.5949 537.4385 537.2167 537.0034 536.8238 536.576 536.071 535.8163 535.5535 535.2586 534.8872 534.4464 533.5681 533.1389 532.7066 532.3154 531.9483 531.5323 530.8392 530.4937 530.1418 529.8313 529.5504 529.209 528.6116 528.3176 528.0626 527.7958 527.5331 526.925 526.6522 526.3477 525.9951 525.6565 525.295 524.514 524.1737 523.8367 523.4468 523.033 522.6937 522.0063 521.5951 521.206 520.8678 520.5257 520.1809 519.4976 519.0875 518.6903 518.3902 518.1133 517.7765 517.2552 516.9963 516.7368 516.4828 516.2067 515.8583 515.3088 515.0911 514.8265
537.4238 536.922 536.6748 536.4713 536.2667 536.0146 535.7529 535.2328 534.9785 534.6799 534.3384 533.9922 533.6248 532.7661 532.3248 531.9398 531.5633 531.1503 530.8012 530.1127 529.7687 529.42 529.0703 528.748 528.4838 527.8946 527.5907 527.3823 527.1826 526.9185 526.3966 526.0731 525.7238 525.379 525.0392 524.678 523.8972 523.5572 523.2121 522.8716 522.499 522.0793 521.3895 521.0434 520.7049 520.3207 519.9064 519.5645 518.8765 518.5324 518.1808 517.874 517.5976 517.2612 516.7385 516.4861 516.1771 515.8557 515.6013 515.3453 514.7516 514.5151 514.3143
536.7225 536.1867 535.9503 535.6957 535.4457 535.1843 534.9244 534.4117 534.1606 533.8517 533.4985 533.1599 532.81 531.94 531.5679 531.178 530.7808 530.4112 529.9919 529.2996 528.9451 528.6489 528.3573 528.0244 527.7612 527.1409 526.8773 526.6649 526.4655 526.2211 525.7049 525.4234 525.1151 524.761 524.4225 524.0634 523.2794 522.9396 522.594 522.2558 521.8854 521.4618 520.7713 520.4266 520.0817 519.7424 519.3737 518.9505 518.2551 517.9764 517.678 517.3214 516.9955 516.7397 516.1491 515.8566 515.6059 515.3533 515.0676 514.7396 514.2483 513.9473 513.6926
535.9106 535.4657 535.2362 534.9695 534.7097 534.4503 534.1938 533.6122 533.3333 533.0304 532.6865 532.3232 531.9034 531.1181 530.7511 530.3633 529.9562 529.6189 529.2565 528.5419 528.2352 527.877 527.5671 527.2916 526.9538 526.4233 526.1566 525.9437 525.7447 525.4979 525.0696 524.7365 524.4441 524.1586 523.7786 523.3565 522.6662 522.3212 521.9834 521.5967 521.1829 520.8407 520.1531 519.8087 519.4696 519.0845 518.6701 518.3292 517.7185 517.4037 517.046 516.7409 516.4653 516.1283 515.6033 515.3463 515.0934 514.8015 514.4708 514.2153 513.699 513.4427 513.1838
535.2754 534.7676 534.5165 534.2588 533.9982 533.7426 533.4738 532.7845 532.5082 532.2165 531.8286 531.416 531.0652 530.3752 529.9749 529.5341 529.1335 528.7936 528.4481 527.756 527.4058 527.1063 526.8174 526.4835 526.2225 525.7045 525.4366 525.2217 525.0229 524.7758 524.351 524.0164 523.7233 523.4326 523.0811 522.7383 521.9678 521.5961 521.2569 520.912 520.5689 520.2243 519.5331 519.1938 518.7955 518.3888 518.0792 517.813 517.1238 516.7756 516.4845 516.1958 515.8684 515.5994 514.9874 514.7286 514.4636 514.2101 513.963 513.4459 513.1874 512.9291 512.6705
534.5708 534.0554 533.73 533.4286 533.178 532.9263 532.6535 532.0401 531.729 531.3875 531.0018 530.5814 530.2383 529.5585 529.1556 528.709 528.3076 527.9697 527.6249 526.934 526.5798 526.2754 526.0278 525.7475 525.1367 524.8748 524.6677 524.5059 524.3054 524.0417 523.5204 523.2611 523.0071 522.7096 522.36 522.0142 521.3287 520.9858 520.641 520.2949 519.9472 519.6042 518.8376 518.4628 518.1232 517.8221 517.5467 517.197 516.5075 516.2286 515.925 515.6101 515.3341 514.9995 514.4794 514.1541 513.8401 513.6264 513.4399 512.9338 512.6748 512.4159 512.1569
533.8505 533.3322 533.0707 532.8168 532.5172 532.1955 531.934 531.2467 530.9034 530.5557 530.2073 529.8655 529.5101 528.727 528.3224 527.9348 527.5624 527.1448 526.7988 526.1035 525.8193 525.518 525.1931 524.9341 524.5012 524.2648 523.9994 523.7319 523.5006 523.3166 522.7998 522.5442 522.2254 521.9172 521.6429 521.2927 520.6857 520.369 520.0245 519.6406 519.2269 518.8837 518.1996 517.8556 517.5658 517.2778 516.9238 516.5775 515.972 515.6476 515.3475 515.0631 514.7292 514.4691 513.8547 513.5361 513.2773 513.0833 512.8427 512.4077 512.1573 511.9037 512.1569
533.1305 532.6193 532.294 531.99 531.7475 531.4391 531.0284 530.4266 530.0696 529.7817 529.4592 529.038 528.6926 528.0091 527.6065 527.1689 526.7336 526.3192 525.9739 525.279 524.9893 524.7303 524.503 524.3181 523.7968 523.5369 523.2772 523.0174 522.7523 522.5049 522.0815 521.7483 521.4496 521.2053 520.9183 520.5847 519.9896 519.6386 519.2934 518.9496 518.6116 518.2739 517.58 517.3055 517.0076 516.6511 516.3063 515.9805 515.3807 515.0317 514.7365 514.4463 514.1219 513.8536 513.2775 512.9904 512.7325 513.0833 512.8427 512.4077 512.1573 511.9037 511.6515
532.4122 531.8163 531.5265 531.2778 530.9858 530.6313 530.2937 529.7012 529.3439 529.0577 528.738 528.3149 527.9717 527.2079 526.8357 526.4545 526.0178 525.5836 525.1576 524.525 524.3321 524.1236 523.8567 523.5947 523.0753 522.8157 522.556 522.2959 522.0372 521.7765 521.2527 520.9966 520.7384 520.4849 520.1996 519.863 519.2663 518.9196 518.5799 518.2358 517.9128 517.6441 516.965 516.6855 516.3882 516.0306 515.7092 515.4499 514.7653 514.4851 514.1833 513.8686 514.1219 513.8536 513.2775 512.9904 512.7325 512.4968 512.3088 511.7974 511.601 511.3831 511.1687
531.691 531.0915 530.8018 530.5561 530.2576 529.9297 529.6605 529.0508 528.7379 528.3923 528.0113 527.5939 527.2502 526.4874 526.1148 525.7355 525.2954 524.8812 524.5372 523.9161 523.6574 523.3925 523.1335 522.8738 522.3547 522.0956 521.8358 521.5759 521.3166 521.0566 520.538 520.2785 520.0197 519.7611 519.4754 519.1328 518.5197 518.2094 517.9121 517.6287 517.2832 516.9435 516.3546 516.0695 515.7719 515.4219 515.7092 515.4499 514.7653 514.4851 514.1833 513.8686 513.5897 512.9921 512.743 512.4877 512.2295 511.9646 511.7139 511.2953 511.0278 510.8163 510.6009
530.9665 530.4476 530.1951 529.8816 529.5681 529.2915 528.955 528.3616 528.0118 527.6667 527.3271 526.9609 526.5394 525.7704 525.3922 525.0593 524.6826 524.2673 523.5771 523.2996 522.9841 522.6736 522.4189 522.1531 521.6348 521.3755 521.1158 520.8562 520.5969 520.3373 519.8186 519.5599 519.3001 518.9949 518.6758 518.4137 517.8018 517.5535 517.2502 516.9374 516.6578 516.9435 516.3546 516.0695 515.7719 515.4219 515.1077 514.828 514.2236 513.9041 513.5994 513.3239 512.9999 512.4921 512.2338 511.9753 511.7169 511.4596 511.1963 510.7626 510.5334 510.2639 509.9961
530.3435 529.829 529.5767 529.2643 528.9501 528.6775 528.3294 527.7105 527.3989 527.0536 526.6746 526.2604 525.9063 525.1237 524.7891 524.3932 523.9875 523.6509 522.9627 522.6082 522.3181 522.0714 521.777 521.4435 520.9151 520.6561 520.3967 520.1372 519.8784 519.6191 519.1 518.8479 518.5295 518.2103 517.9624 517.7062 517.8018 517.5535 517.2502 516.9374 516.6578 516.3353 515.7394 515.455 515.1514 514.8386 514.5723 514.2202 513.6003 513.2979 512.9983 512.7483 512.4966 511.9804 511.7224 511.4639 511.206 510.9462 510.6882 510.2598 510.0199 509.7572 509.4999
529.6359 529.2158 528.9554 528.644 528.3325 528.0599 527.7148 527.021 526.6749 526.3301 525.9901 525.6239 525.2027 524.5138 524.1052 523.7141 523.3812 523.0344 522.3448 521.9987 521.7055 521.4042 521.0863 520.8093 520.1924 519.9381 519.6782 519.42 519.1567 518.8863 519.1 518.8479 518.5295 518.2103 517.9624 517.7062 517.1248 516.8387 516.5861 516.2864 515.9651 515.7155 515.1252 514.8402 514.5381 514.2216 513.9504 513.6057 513.007 512.7581 512.5043 512.2451 511.9851 511.4691 511.2114 510.9531 510.6933 510.4398 510.2157 509.7679 509.5044 509.2469 508.989
529.0198 528.6028 528.2747 527.9689 527.7208 527.4435 527.098 526.4076 526.0639 525.7215 525.3381 524.9238 524.5853 523.8187 523.4449 523.1046 522.7567 522.3928 521.6972 521.379 521.0264 520.7275 520.4426 520.0894 519.4789 519.9381 519.6782 519.42 519.1567 518.8863 518.3829 518.1296 517.8162 517.4977 517.2433 516.9849 516.4734 516.2225 515.9166 515.6073 515.3594 515.1036 514.5121 514.226 513.9248 513.6068 513.339 513.0203 512.48 512.2226 511.9617 511.7128 511.4767 510.9583 510.7006 510.4426 510.1773 509.9522 509.7777 509.2518 508.9952 508.7351 508.4726
528.3973 527.978 527.7281 527.4171 527.0978 526.8264 526.4817 525.7928 525.4483 525.0509 524.6498 524.3155 523.955 523.1766 522.8381 522.4421 522.0375 521.6985 521.0115 520.6597 521.0264 520.7275 520.4426 520.0894 519.4789 519.2188 518.962 518.7011 518.4009 518.086 517.6713 517.4128 517.0968 516.7862 516.5505 516.2889 515.7664 515.5165 515.2604 515.0071 514.7491 514.4894 513.8903 513.6146 513.3109 512.9864 512.7369 512.1597 511.8834 511.63 511.3666 511.1311 510.937 510.449 510.1902 509.9323 509.6703 509.4286 509.2234 508.7441 508.4795 508.2422 508.0041
527.777 527.3346 527.1137 526.797 526.4814 526.2109 525.8668 525.1725 524.7658 524.3713 524.0332 523.6725 522.8946 522.5569 522.1569 522.4421 522.0375 521.6985 521.0115 520.6597 520.3698 520.0718 519.7122 519.3803 518.7798 518.4994 518.2405 517.9324 517.6119 517.3707 516.9283 516.686 516.3898 516.1157 515.9255 515.6552 515.1182 514.8906 514.6256 514.367 514.1103 513.8426 513.251 513.0032 512.7081 512.4064 512.1533 511.6455 511.3872 511.1277 510.8705 510.6048 510.3586 509.9464 509.6812 509.4218 509.1624 508.9095 508.6842 508.2338 507.9951 507.7924 507.5674
