var/www/cgi-bin/BAERTOOLS/ravel/working/ravel-23367.prodgrd.txt
NCOLS 89
NROWS 110
XLLCORNER 677881.89
YLLCORNER 4377654.9
CELLSIZE 10
NODATA_VALUE -9999
[rows 28 to 55 of 110, columns 0 to 62 of 89]
-27.275472 -26.79991 -26.539616 -26.494565 -26.617918 -27.088998 -27.304217 -28.249079 -27.648009 -26.994907 -26.433486 -26.594011 -32.348696 -26.566574 -26.440939 -26.61139 -29.67283 -26.405233 -26.347784 -28.19441 -27.068377 -26.363953 -26.301924 -35.539181 -27.417948 -26.319875 -26.29547 -26.387153 -26.457168 -26.418604 -26.335875 -26.503591 -26.692124 -26.634223 -26.806917 -28.132216 -29.858702 -27.133575 -26.922295 0 0 -26.760991 -26.661551 -26.675267 -26.5877 -26.269731 -26.268898 -27.057267 -27.085019 -26.385401 -26.376848 -27.229274 -26.365284 -26.465273 -26.427906 0 -27.355036 -26.828055 -27.448619 0 -26.838484 -26.361105 -26.272917
-27.672433 -27.275472 -26.578482 -26.539616 -26.919139 -27.391889 -26.714563 -27.304217 -27.56787 -27.648009 -26.513117 -26.433486 -39.475546 -26.75851 -26.369779 -26.446876 -29.311744 -26.47251 -26.405233 -26.478217 -27.794791 -26.30857 -26.328737 -26.355733 -28.099098 -26.357672 -26.302475 -27.15168 -26.865161 -26.517458 -26.418604 -26.787353 -26.696373 -26.699026 -26.634223 -26.779467 -27.064748 -27.572896 -27.133575 0 0 -26.565466 -26.760991 -27.184252 -26.692676 -26.268898 -26.276241 -27.085019 -27.223013 -26.376848 -26.369513 -27.082573 -27.001885 -26.427906 -26.388593 0 -26.828055 -27.21629 -26.765897 0 0 -26.942988 -26.409267
-27.667491 -27.100681 -26.471129 -26.578482 -26.963889 -26.913559 -26.57656 -26.714563 -27.456566 -27.56787 -26.581013 -26.513117 -28.35467 -29.771019 -26.405962 -26.369779 -36.522018 -26.543908 -26.478217 -26.522623 -28.071547 -26.328737 -26.355733 -26.371997 -27.417325 -26.302475 -26.300405 -26.240106 -27.158359 -26.602495 -26.517458 -26.84249 -26.722246 -26.736842 -26.44926 -26.78727 -26.779467 -26.799089 -27.572896 -27.341665 -27.178871 -26.54362 -26.565466 -31.159941 -26.983248 -26.276241 -26.297162 -27.378878 -27.257633 -26.369513 -26.370635 -27.001885 -27.181524 -26.388593 -26.366846 0 0 -26.765897 -26.72294 0 -39.510732 -26.786776 -26.682868
0 -26.857014 -26.347409 -26.471129 -26.697773 -26.868223 -26.620808 -26.57656 -27.534817 -27.881575 -26.586296 -26.581013 -28.023263 -28.35467 -26.501376 -26.405962 0 0 -26.562759 -26.568142 -30.183421 -28.729743 -26.371997 -26.411829 -27.369092 -26.300405 -26.240106 -26.236198 -26.550569 -26.718018 -26.528052 -26.662677 -26.894868 -26.722246 -26.427419 -26.44926 -26.763565 -26.571697 -26.609557 -26.91175 -27.341665 -26.717197 -26.54362 -30.97456 -28.411015 -26.297162 -26.321998 -39.459397 -28.700672 -26.370635 -26.479915 -27.386673 -27.306785 -26.366846 -26.41072 0 0 -26.72294 -26.736361 0 -30.071722 -27.210549 -26.786776
-26.907315 -26.857014 -26.322767 -26.347409 -26.617411 -26.697773 -26.67442 -26.620808 -27.30196 -27.847687 -26.54747 -26.586296 -27.383358 -28.023263 -26.651637 -26.501376 0 0 -26.668626 -26.676847 -37.544632 -30.829783 -26.411829 -26.450767 -27.145949 -27.21003 -26.236198 -26.237966 -26.413299 -26.528052 -26.647172 -26.391994 -28.061518 -26.789225 -26.566816 -26.427419 -26.571697 -26.609557 -26.788205 -26.83995 -26.942791 -27.207053 -26.717197 -29.004063 -26.804071 -26.298937 -26.298937 -27.214654 -28.131209 -26.454251 -26.484479 -34.228095 -30.085727 -26.41072 -26.521247 0 0 -26.736361 -26.791356 0 -28.066236 -26.754125 -27.210549
-26.831135 -26.856364 -26.322767 -26.322767 -26.939807 -26.577298 -26.329409 -26.46444 -26.589666 -26.887339 -26.57715 -26.54747 -28.014235 -29.949178 -26.711409 -26.651637 0 0 -26.816994 -26.803327 0 -39.481377 -26.450767 -26.501332 -27.383782 -27.070811 -26.237966 -26.251978 -26.406928 -26.530834 -26.391994 -26.395803 -27.251288 -26.566816 -26.799712 -26.477731 0 -32.343343 -27.79579 -27.634404 -27.602491 -27.636419 -26.589035 -26.382877 -26.407024 -26.249353 -26.298937 -26.873127 -27.041844 -26.399007 -26.454251 -28.698089 0 -26.521247 -26.632322 0 0 -26.791356 -26.82542 0 -27.084706 -26.431481 -26.715287
-26.948098 -26.831135 -26.793442 -26.322767 -26.602897 -26.397455 -26.337386 -26.329409 -26.498607 -26.695194 -26.600172 -26.57715 -28.043413 -28.325555 -26.63909 -26.711409 0 0 -26.986644 -26.941375 0 0 -26.501332 -26.566474 -29.498069 -27.955762 -26.251978 -26.282323 -26.438233 -26.470736 -26.395803 -26.462404 -27.420805 -27.46043 -26.477731 -26.334829 0 0 -26.603994 -26.408445 -26.313043 -26.272275 -26.216541 -26.274337 -26.34594 -26.407024 -26.249353 -26.72587 -27.041844 -26.459102 -26.399007 -30.882019 -28.698089 -26.644547 -26.682992 0 0 -26.815018 -26.876893 -29.148212 -26.779898 -26.356671 -26.431481
-26.841046 -26.874955 -26.863573 -26.372034 -26.602897 -26.473899 -26.397455 -26.337386 -26.808796 -26.659636 -26.495542 -26.583115 -26.575531 -26.641816 -26.531484 -26.63909 -32.042733 -35.119067 -26.914299 -26.986644 0 0 -26.566474 -26.730096 0 -39.508028 -26.282323 -26.357033 -26.470736 -26.467248 -26.462404 -26.479375 -27.46043 -27.092847 -26.334829 -26.309234 -28.180839 -28.39795 -26.745753 -26.603994 -26.408445 -26.311875 -26.272275 -26.216541 -26.274337 -26.34594 -26.320703 -26.621286 -26.72587 -26.459102 -26.459102 -27.884718 -30.882019 -26.520874 -26.644547 -39.457687 -32.601235 -26.544249 -26.815018 -27.526203 -26.830951 -26.365954 -26.356671
-26.99887 -26.841046 -26.874955 -26.273752 -26.372034 -26.473899 -26.473899 -26.422372 -26.636028 -26.462916 -26.439223 -26.358046 -26.334437 -26.375751 -26.440337 -26.531484 -26.778929 -27.63725 -26.858971 -26.914299 0 0 -26.730096 -26.967982 0 0 -26.357033 -26.482449 -26.467248 -26.505147 -26.479375 -26.467557 -27.394986 -27.162297 -26.309234 -26.305629 -27.168797 -26.974755 -26.541351 -26.308562 -27.264538 -29.047465 -26.393032 -26.369162 -26.377378 -26.365237 -26.382481 -26.320703 -26.807003 -27.146532 -26.513082 -26.513082 -27.234182 -27.111468 -26.520874 -27.314701 -27.669835 -26.431794 -26.544249 -27.008782 -27.004203 -26.395969 -26.365954
-27.963419 -26.99887 -26.886294 -26.222217 -26.273752 -26.383932 -26.473899 -26.422372 -26.422372 -26.636028 -26.462916 -26.351905 -26.358046 -26.334437 -26.375751 -26.440337 -26.665864 -26.778929 -27.63725 -26.858971 0 0 -26.912229 -26.988199 0 0 -26.525543 -26.503985 -26.505147 -26.582017 -26.467557 -26.458552 -27.508353 -27.223278 -26.305629 -26.325269 -26.974755 -27.03978 -26.308562 -26.279456 -26.715265 -26.524079 -26.406891 -26.393032 -26.58715 -26.610646 -26.785189 -26.591149 -27.067014 -27.295087 -26.515073 -26.513082 -27.789809 -27.0317 -26.440991 -26.993725 -27.117522 -26.846535 -26.431794 -26.921579 -27.008782 -26.394164 -26.395969
-35.08237 -27.963419 -26.781627 -26.246701 -26.222217 -26.493052 -26.828389 -26.350702 -26.422372 -26.929358 -26.922898 -26.313443 -26.351905 -26.395227 -26.478927 -26.588897 -26.640541 -26.799061 -27.339038 -26.994031 -30.890482 -30.949469 -29.748471 -26.912229 0 0 -26.953828 -26.718956 -26.582017 -26.782901 -26.458552 -26.437308 -28.450278 -27.270876 -26.325269 -26.333537 -27.05028 -26.855779 -26.279456 -26.293594 -26.524079 -26.491228 -26.297424 -26.199382 -39.469065 -31.046865 -26.794951 -26.8848 -27.251704 -27.134487 -26.451046 -26.515073 -26.77585 -27.0317 -26.455094 -26.440991 -26.872486 -26.86983 -26.379166 -26.994995 -26.921579 -26.550878 -26.394164
-33.412034 -28.944491 -26.721184 -26.369295 -26.246701 -27.715659 -27.644407 -26.376252 -26.350702 -26.929358 -26.486463 -26.266454 -26.313443 -26.557202 -26.57379 -26.525556 -26.503288 -26.627086 -26.775317 -26.745901 -26.962123 -27.206795 -29.006865 -27.067518 -29.252563 -28.345128 -27.959838 -26.953828 -27.041219 -26.865526 -26.437308 -26.429118 -35.447341 -27.397578 -26.333537 -26.356779 -28.008141 -27.187992 -26.293594 -26.329741 -26.491228 -26.450524 -26.199382 -26.17261 -26.907899 -27.534087 -26.746024 -26.794951 -27.175677 -26.850587 -26.321091 -26.451046 -26.696395 -26.77585 -26.455094 -26.455094 -26.646301 -26.872486 -26.435074 -26.379166 -27.036962 -27.042614 -26.784616
-28.836715 -27.070912 -27.106076 -26.567001 -26.369295 0 -39.524946 -26.370082 -26.376252 -26.895081 -26.486463 -26.486463 -26.266454 -26.700263 -26.584186 -26.503288 -26.623793 -26.594778 -26.683302 -26.663769 -26.745901 -26.903682 -27.109392 -26.557477 -26.814812 -27.164095 -28.229087 -26.619853 -27.468125 -27.426552 -26.429118 -26.595626 -26.798439 -30.335298 -26.356779 -26.440113 -35.933852 -28.578489 -26.329741 -26.330349 -26.606184 -26.464784 -26.17261 -26.17312 -26.534568 -26.535723 -26.566275 -26.655708 -27.568306 -26.890104 -26.404304 -26.321091 -26.560593 -26.838484 -26.381699 -26.455094 -26.538573 -26.646301 -26.470138 -26.435074 -26.999047 -27.036962 -27.280683
-27.347316 -26.704305 -26.814047 -26.742783 -26.562339 0 0 -26.297966 -26.360506 -26.578927 -26.468392 -26.290641 -26.730947 -26.667025 -26.543293 -26.634812 -26.594778 -26.687695 -26.779305 -26.712712 -26.663769 -26.759557 -26.898466 -26.61144 -26.557477 -26.814812 -27.164095 -26.706731 -26.619853 -28.131008 -26.607981 -26.798439 -27.029629 0 -26.440113 -26.606608 -26.618969 0 -26.330349 -26.431654 -26.308183 -26.569131 -26.17312 -26.191536 -26.535723 -26.425149 -26.454032 -26.291065 0 -29.030687 -26.507966 -26.404304 -27.312332 -26.829943 -26.333759 -26.381699 -26.538573 -27.151269 -26.47053 -26.470138 -27.060048 -26.999047 -28.219442
-26.351637 -26.217401 -26.74499 -26.562339 -26.440595 0 -28.120197 -26.250619 -26.247839 -26.616905 -26.578927 -26.325607 -26.290641 -26.667025 -26.667025 -26.543293 -26.75767 -26.8043 -26.869059 -26.867489 -26.712712 -26.812963 -26.86387 -26.792439 -26.61144 -27.013447 -27.447876 -26.758485 -26.706731 -27.889451 -28.131008 -26.870198 -26.878942 0 -26.606608 -26.618969 -27.030146 0 -26.431654 -26.308183 -26.3887 -26.869193 -26.191536 -26.227476 -26.226758 -26.472075 -26.291065 -26.241222 -28.172651 -27.655019 -26.354938 -26.507966 -26.743468 -26.596981 -26.381183 -26.333759 -26.695172 -27.151269 -29.015704 -26.47053 -26.971775 -27.834918 -29.012886
-26.24896 -26.232041 -26.610068 -26.440595 -26.393917 -27.22361 -29.263851 -26.236119 -26.223937 -26.786256 -26.616905 -26.397889 -26.325607 -27.27195 -26.667025 -26.832852 -28.184216 -27.607857 -27.307845 -27.180103 -26.931237 -27.027286 -27.006936 -27.004025 -26.792439 -27.374177 -27.752154 -26.655175 -26.758485 -27.645606 -27.889451 -27.010046 -26.870198 0 0 -27.030146 -27.566129 0 0 -26.3887 -26.462498 -27.484249 -26.227476 -26.226758 -26.266385 -26.435015 -26.241222 -26.22656 -26.277307 -27.079466 -26.298202 -26.307101 -27.261852 -26.743468 -26.420687 -26.381183 -27.244663 -28.18612 -26.455424 -28.020365 -28.020365 0 -39.518957
-26.262695 -26.25261 -26.65714 -26.393917 -27.01733 -27.001085 -29.411872 -26.223937 -26.223449 -26.215945 -26.786256 -26.479192 -26.397889 -33.771919 -27.542791 -26.832852 -26.832852 -27.204412 -26.642053 -26.736794 -27.030711 -27.21485 -27.44834 -27.52106 -27.344462 -27.887397 -27.616147 -26.653127 -26.655175 -27.656719 -28.583211 -27.013812 -27.010046 0 0 -27.546067 -27.696699 0 0 -26.462498 -26.536499 -27.860941 -27.404885 -26.266385 -26.321676 -26.518659 -26.22656 -26.277307 -26.247307 -26.943303 -26.259038 -26.212123 -26.26687 -27.219181 -26.491217 -26.420687 -27.470516 -29.310772 -26.649275 -26.455424 -28.020365 0 0
-26.28477 -26.28477 -26.689249 -26.984492 -27.001085 -26.857014 -39.457274 -26.223449 -26.215945 -26.217296 -26.79568 -26.491078 -26.434538 -26.609738 0 -27.55373 -26.832852 -27.204412 -27.204412 -26.642053 -26.601179 -26.41582 -26.36785 -26.363332 -26.359266 -26.412032 -26.506871 -26.562619 -26.653127 -27.830305 -28.289693 -26.734707 -27.013812 -31.367322 -39.531109 -26.588421 -26.992676 -27.148925 -30.096851 -26.559245 -26.537483 -28.84753 -28.022719 -26.321676 -26.356322 -26.597645 -26.590623 -26.247307 -26.237186 -26.850234 -26.212123 -26.224179 -26.193949 -28.119401 -27.219181 -26.491217 0 0 -28.538753 -26.649275 0 0 0
-26.31898 -26.294467 -27.05391 -27.118685 -26.857014 -26.729106 0 -27.190059 -26.217296 -26.226499 -27.005098 -26.434538 -26.609738 -26.451805 0 -34.927882 -26.641415 -26.997105 -27.204412 -27.62312 -26.75332 -26.534973 -26.3977 -26.359266 -26.392376 -26.408512 -26.425791 -26.506871 -26.562619 -26.813695 -26.76243 -26.476119 -26.734707 -26.998959 -26.833806 -26.343963 -26.588421 -26.992676 -27.148925 -26.904769 -26.559245 0 -39.448189 -26.356322 -26.412763 -26.774067 -26.690557 -26.237186 -26.235015 -26.784616 -26.621491 -26.193949 -26.182551 -27.167407 -28.52117 -30.692218 0 0 0 -28.538753 0 0 0
-26.35103 -26.31898 -27.351871 -27.35838 -26.729106 -26.675834 0 -27.388464 -26.226499 -26.23336 -26.940983 -27.054993 -26.451805 -26.430345 -34.927882 -32.35943 -26.490726 -26.641415 -26.997105 -27.62312 -26.542353 -26.75332 -26.809609 -26.836805 -26.694659 -26.787792 -26.902851 -26.995522 -26.806196 -26.551281 -26.479121 -26.353936 -26.476119 -26.534479 -26.520285 -26.401635 -26.343963 -26.694402 -27.531692 -26.894017 -26.904769 -30.106542 -39.499973 -26.42942 -26.473969 -27.013402 -26.841171 -26.235015 -26.248237 -26.828237 -26.637537 -26.182551 -26.185155 -26.734587 -26.943619 -31.475398 -28.666531 0 0 0 0 0 0
-26.337437 -26.35103 -27.068377 -27.673674 -26.675834 -26.637285 -39.486146 -27.544269 -26.23336 -26.242461 -27.129886 -27.621371 -26.430345 -26.418325 -32.35943 -29.567179 -26.505679 -26.43332 -37.779625 -29.543655 -26.542353 -26.542353 -27.380312 -27.105913 -27.906046 -26.999091 -26.608489 -26.496829 -26.388318 -26.396721 -26.436268 -26.384632 -26.353936 -26.543436 -26.534479 -26.520285 -26.401635 -27.914129 -32.399097 -26.720126 -26.894017 -27.96069 -30.106542 -26.653108 -26.560384 -27.39879 -27.073357 -26.248237 -26.26271 -26.762894 -26.648492 -26.185155 -26.195406 -26.659116 -26.811005 -28.196118 -27.112454 0 0 0 0 0 0
-26.349995 -26.337437 -27.045125 -28.267153 -26.637285 -26.642547 -28.318388 -27.011857 -26.242461 -26.270861 -27.621371 -28.131008 -26.418325 -26.401477 -29.567179 -28.603774 -26.43332 -26.386417 -30.120036 -35.060493 -26.520705 -26.542353 -27.497743 -34.906742 -26.839107 -26.909326 -26.608981 -26.439317 -26.32879 -26.388318 -26.396721 -26.436268 -26.384632 -26.614085 -26.598263 -26.649481 -26.889788 -26.825269 -26.835813 -26.573265 -26.720126 -28.016754 -27.96069 -26.86387 -26.733084 -29.432629 -27.379384 -26.26271 -26.284 -26.781356 -26.689439 -26.195406 -26.208553 -26.638439 -26.840827 -27.112454 -26.654966 0 0 0 0 0 0
-26.43307 -26.349995 -27.371588 -34.405836 -26.642547 -26.638909 -28.876931 -27.668724 -26.303047 -26.261387 -28.128194 -28.234383 -26.401477 -26.391885 -30.420204 -28.746018 -26.386417 -26.400608 -32.332664 -28.585282 -26.541182 -26.4764 -27.497743 0 -26.76979 -26.839107 -26.717607 -26.542248 -26.33821 -26.32879 -26.312263 -26.33204 -26.326214 -26.399601 -26.425005 -26.448822 -26.481698 -26.514744 -26.565325 -26.691551 -26.573265 -27.327148 -28.370747 -26.860707 -26.86387 -32.976702 -31.151697 -26.284 -26.290757 -27.112345 -26.817882 -26.208553 -26.22253 -26.607065 -26.856624 -26.654966 -26.512465 0 0 0 0 0 0
-27.340628 -26.43307 -31.135286 0 -26.638909 -26.717288 -30.336131 -27.236345 -26.266984 -26.231565 -28.569682 -28.76046 -26.391885 -26.400288 -28.892416 -28.426829 -26.400608 -26.415185 -28.585282 -28.66307 -26.465782 -26.399665 0 0 -26.76979 -26.76979 -27.254139 -26.635509 -26.332848 -26.33821 -26.345537 -26.312263 -26.33204 -26.326214 -26.399601 -26.425005 -26.448822 -26.481698 -26.514744 -26.565325 -26.691551 -26.966242 -27.327148 -27.851172 -26.860707 -27.488458 -27.651748 -26.31885 -26.294841 -27.346788 -26.933626 -26.22253 -26.235496 -26.613701 -26.878565 -26.512465 -26.456354 0 0 0 0 0 0
0 -26.765456 -29.34116 0 -26.816403 -26.921767 -27.395331 -26.867223 -26.231565 -26.211394 -29.458933 -29.212287 -26.400288 -26.408305 -29.461055 -28.189726 -26.415185 -26.399353 -28.66307 -28.446825 -26.399665 -26.364694 -30.728592 0 -26.79641 -26.624276 -39.447421 -27.254139 -26.394605 -26.332848 -26.481677 -26.506883 -26.435519 -26.375319 -26.397854 -26.407597 -26.433569 -26.487556 -26.55883 -26.627086 -26.729341 -26.815518 -26.966242 -27.035915 -26.533128 -27.095233 -27.488458 -26.492729 -26.319771 -26.563884 -27.11114 -26.235496 -26.256807 -26.670174 -26.792885 -26.456354 -26.444999 0 0 0 0 0 0
-39.49615 -26.67442 -26.765456 0 -29.625629 -27.112619 -27.460335 -27.213739 -26.211394 -26.217736 -26.280523 -30.739515 -26.408305 -26.451407 -26.463058 -27.695552 -26.399353 -26.376893 -28.446825 -27.504031 -26.364694 -26.364517 -29.384246 -32.711158 -26.588175 -26.423768 -27.94397 0 -26.374727 -26.394605 -26.664903 -26.772927 -26.455259 -26.482687 -26.455094 -26.397854 -26.407597 -26.468372 -26.556899 -26.626494 -26.716218 -26.857177 -26.981708 -27.126896 -27.035915 -26.533128 -27.764758 -27.593553 -26.383111 -26.535634 -27.484835 -26.256807 -26.296261 -26.25107 -26.703559 -26.444999 -26.460038 -34.812839 0 0 0 0 0
-28.264878 -26.612053 -26.67442 -31.392972 0 -27.247277 -27.112619 -26.807639 -26.223073 -26.273586 -26.283661 0 -26.451407 -26.463058 -26.502459 -27.700406 -26.376893 -26.321956 -26.425783 -27.7891 -26.364517 -26.375232 -28.631707 -30.395241 -26.423768 -26.392854 -26.850907 -27.1366 -26.374727 -26.321008 -28.535331 -33.113027 -26.365137 -26.455259 -26.569389 -26.613717 -26.75337 -26.851774 -26.867289 -26.907607 -26.926611 -27.217668 -27.347512 -27.313095 -27.505234 -27.202359 -28.865243 -27.49279 -26.392096 -26.383111 -28.899104 -26.296261 -26.25107 -26.302678 -26.692995 -26.460038 -26.457622 -26.40643 0 0 0 0 0
-28.847889 -26.817882 -26.612053 -32.058955 0 -26.824757 -26.706068 -26.556378 -26.591675 -26.274317 -26.273586 -39.452555 0 -26.502459 -26.64065 -27.097257 -26.321956 -26.425783 -26.396463 -28.584394 -26.375232 -26.410742 -26.402767 -29.231143 -26.392854 -26.423871 -26.95812 -26.808623 -26.321008 -26.233054 -29.663887 0 -26.485229 -26.365137 -26.557794 -27.11719 -28.619489 -28.024533 -27.852844 -27.596709 -27.42 -27.093588 -27.062243 -26.981409 -26.748225 -26.830004 -26.710693 -26.792579 -26.520742 -26.392096 -28.319818 -29.871278 -26.302678 -26.366786 -27.07443 -26.457622 -26.40643 -26.403935 0 0 0 0 0
