var/www/cgi-bin/BAERTOOLS/ravel/working/ravel-22671.DEM
NCOLS 83
NROWS 85
XLLCORNER 361207.98
YLLCORNER 3876671.5
CELLSIZE 10
NODATA_VALUE -9999
[rows 28 to 55 of 85, columns 0 to 62 of 83]
1816.085 1820.448 1824.569 1831.028 1831.453 1831.076 1832.206 1835.606 1840.322 1851.111 1855.879 1859.66 1863.458 1866.987 1876.526 1882.347 1887.671 1892.775 1897.9 1904.575 1919.056 1924.719 1929.601 1933.618 1937.34 1942.18 1942.835 1941.514 1938.668 1934.939 1931.01 1925.577 1927.056 1929.083 1931.048 1933.03 1937.147 1938.981 1940.3 1941.605 1942.358 1942.57 1941.989 1940.906 1941.025 1942.087 1943.235 1943.294 1942.597 1941.568 1940.01 1938.146 1935.291 1935.906 1938.722 1943.634 1948.844 1953.921 1964.627 1968.707 1972.484 1975.485 1977.126
1810.489 1814.302 1817.372 1822.171 1822.827 1824.445 1827.763 1831.925 1836.241 1845.11 1849.513 1853.463 1857.731 1862.131 1874.179 1880.545 1885.519 1890.178 1895.473 1901.516 1914.951 1920.432 1926.012 1930.059 1933.33 1939.101 1939.464 1937.233 1933.509 1929.645 1922.63 1920.843 1921.483 1923.493 1925.754 1927.823 1931.545 1933.252 1934.644 1936.049 1936.729 1936.823 1936.138 1934.73 1934.974 1936.292 1937.679 1937.474 1936.631 1935.538 1934.142 1932.589 1929.589 1931.458 1936.791 1942.425 1947.72 1952.611 1962.547 1966.232 1968.639 1970.534 1972.032
1804.692 1807.587 1809.961 1813.695 1815.266 1818.476 1822.911 1827.736 1831.799 1839.225 1843.051 1848.313 1854.341 1860.083 1871.675 1878.554 1883.26 1887.736 1892.803 1904.082 1909.505 1914.994 1920.316 1925.22 1929.18 1933.997 1934.045 1931.597 1928.003 1924.507 1916.693 1913.958 1915.176 1917.485 1919.756 1921.881 1925.632 1927.24 1928.107 1928.5 1928.813 1928.925 1928.409 1927.628 1928.293 1929.949 1931.415 1931.59 1931.118 1930.216 1928.669 1926.808 1925.075 1928.261 1934.989 1941.076 1946.327 1951.204 1959.7 1963.155 1964.542 1965.236 1966.366
1797.892 1800.073 1801.995 1805.278 1808.889 1813.22 1817.782 1821.89 1829.435 1833.258 1838.366 1845.029 1852.296 1858.305 1868.813 1875.125 1880.35 1885.044 1889.979 1899.36 1903.772 1909.172 1914.553 1919.759 1924.493 1929.114 1928.842 1926.531 1923.011 1919.088 1911.695 1909.881 1910.165 1911.939 1914.014 1915.818 1919.155 1920.795 1921.626 1921.989 1922.211 1921.807 1921.099 1920.249 1921.076 1922.798 1924.142 1924.5 1923.832 1922.429 1920.23 1918.17 1921.544 1926.639 1933.099 1939.07 1944.469 1953.474 1956.216 1958.31 1959.634 1960.654 1966.366
1789.475 1791.421 1792.931 1798.313 1803.574 1808.041 1811.797 1815.326 1823.873 1830.128 1836.856 1843.48 1849.913 1855.54 1865.611 1870.963 1876.243 1881.122 1886.617 1895.399 1899.265 1903.75 1909.076 1914.804 1919.86 1925.091 1924.129 1921.126 1917.412 1913.557 1905.655 1903.349 1904.538 1906.813 1908.812 1910.374 1913.143 1914.463 1915.217 1915.604 1915.837 1914.826 1913.807 1913.222 1913.961 1915.289 1916.736 1916.8 1915.842 1914.639 1913.575 1912.995 1919.31 1925.066 1931.13 1937.297 1942.292 1950.206 1953.01 1954.437 1959.634 1960.654 1961.94
1779.882 1780.917 1782.174 1790.799 1796.38 1801.36 1805.06 1809.549 1820.186 1828.367 1834.991 1841.098 1846.767 1852.159 1862.037 1866.995 1871.868 1876.706 1881.563 1890.889 1894.575 1899.119 1904.229 1910.683 1916.148 1920.27 1918.538 1915.654 1912.107 1908.227 1899.694 1897.138 1898.333 1901.197 1903.753 1906.716 1907.893 1908.823 1909.289 1909.417 1909.271 1907.41 1906.173 1906.044 1907.276 1908.801 1909.985 1909.718 1908.685 1907.413 1907.431 1909.744 1918.303 1923.731 1929.127 1934.947 1939.755 1945.381 1953.01 1954.437 1954.968 1955.348 1957.052
1771.441 1772.447 1774.741 1781.711 1789.217 1795.255 1801.258 1807.18 1819.848 1826.741 1832.783 1837.807 1842.63 1848.002 1858.338 1863.268 1867.529 1872.343 1876.554 1885.272 1890.009 1895.968 1901.763 1907.768 1913.301 1916.679 1914.371 1910.787 1906.897 1902.959 1893.486 1890.228 1891.229 1894.45 1897.617 1901.42 1902.621 1903.541 1903.857 1903.737 1903.176 1901.179 1900.267 1900.346 1901.592 1903.158 1904.503 1903.526 1902.746 1902.068 1903.251 1907.41 1917.796 1922.724 1927.454 1932.071 1939.755 1945.381 1947.657 1949.011 1949.647 1949.988 1951.363
1764.746 1766.736 1770.392 1780.222 1786.407 1793.156 1799.129 1804.558 1817.509 1824.28 1830.601 1835.212 1839.049 1844.073 1855.025 1860.497 1864.302 1869.123 1873.949 1883.003 1888.901 1894.644 1900.821 1906.112 1913.782 1913.17 1910.01 1906.06 1902.058 1898.029 1888.316 1884.361 1884.704 1887.683 1891.114 1896.042 1897.31 1898.196 1898.579 1898.547 1898.107 1896.362 1895.433 1895.291 1896.01 1897.058 1897.649 1897.014 1897.397 1899.239 1902.169 1906.77 1917.294 1921.918 1927.454 1932.071 1936.121 1939.995 1941.332 1942.417 1943.054 1944.287 1947.394
1759.052 1763.773 1769.027 1778.491 1783.803 1790.273 1796.712 1801.94 1814.609 1820.903 1827.316 1832.36 1837.229 1849.137 1854.605 1860.435 1865.488 1870.602 1875.556 1884.873 1890.017 1894.879 1900.143 1904.338 1909.459 1908.628 1906.043 1902.274 1898.14 1893.874 1882.797 1878.185 1878.408 1881.422 1885.132 1890.826 1892.317 1893.176 1893.848 1894.216 1893.827 1891.617 1889.916 1889.164 1889.689 1890.733 1891.099 1890.855 1893.139 1897.583 1902.252 1907.054 1916.756 1921.918 1926.457 1930.048 1932.327 1935.105 1935.967 1936.808 1937.58 1939.051 1949.342
1756.327 1761.456 1771.759 1778.515 1784.322 1790.295 1796.912 1802.41 1815.354 1820.898 1825.679 1831.291 1838.786 1851.864 1857.427 1862.786 1868.234 1873.898 1878.741 1886.76 1890.805 1895.09 1899.223 1902.927 1905.966 1905.046 1902.726 1898.919 1894.73 1889.593 1877.38 1874.068 1873.76 1875.938 1879.203 1884.993 1886.591 1887.673 1888.556 1888.881 1888.127 1884.616 1882.464 1881.986 1882.532 1883.26 1885.862 1888.707 1892.54 1897.62 1902.577 1912.228 1916.756 1920.498 1924.399 1927.464 1929.161 1929.788 1930.04 1931.019 1933.379 1936.135 1946.001
1757.453 1762.949 1774.518 1781.133 1787.63 1793.902 1799.967 1805.895 1818.05 1823.132 1828.123 1835.489 1843.011 1855.344 1860.968 1866.178 1871.858 1877.275 1881.237 1887.864 1891.444 1894.902 1898.241 1901.055 1903.654 1902.599 1899.586 1895.663 1891.027 1884.815 1872.486 1868.365 1868.225 1870.645 1873.693 1878.861 1880.599 1881.523 1881.981 1881.686 1879.155 1877.13 1875.63 1875.569 1876.396 1877.17 1883.396 1889.032 1893.709 1897.62 1902.577 1911.924 1915.858 1918.68 1921.419 1923.688 1925.143 1925.604 1925.904 1926.572 1929.071 1933.602 1943.821
1760.465 1765.566 1777.239 1783.608 1791.032 1797.389 1803.278 1809.01 1820.421 1826.088 1832.387 1840.078 1846.647 1858.174 1864.582 1869.894 1875.532 1879.669 1882.58 1888.312 1891.194 1893.855 1896.207 1898.177 1900.002 1898.667 1896.083 1892.343 1886.746 1874.009 1868.41 1864.629 1864.146 1865.702 1867.989 1871.951 1873.279 1873.9 1874.14 1873.862 1871.406 1869.625 1868.44 1868.354 1870.807 1874.241 1884.075 1889.032 1893.709 1898.586 1903.035 1910.961 1914.307 1916.491 1918.175 1919.44 1920.476 1922.614 1923.415 1924.599 1926.982 1931.799 1941.427
1762.302 1767.663 1779.336 1786.236 1794.058 1800.358 1805.975 1811.372 1822.881 1829.233 1836.293 1843.047 1848.915 1860.815 1867.211 1872.635 1877.577 1880.891 1885.842 1887.791 1890.006 1892.015 1893.525 1894.874 1895.618 1894.713 1892.935 1888.594 1882.432 1870.858 1865.542 1861.983 1859.978 1860.276 1862.072 1865.288 1866.047 1866.438 1866.575 1866.58 1864.973 1863.751 1863.74 1864.676 1868.522 1873.971 1884.075 1890.025 1894.834 1899.621 1903.52 1909.084 1911.825 1913.412 1914.579 1915.638 1916.669 1918.933 1920.916 1923.432 1926.28 1930.445 1938.35
1763.778 1769.189 1781.284 1788.444 1795.685 1802.314 1808.049 1818.825 1825.641 1832.361 1839.315 1845.552 1851.12 1863.263 1869.031 1874.546 1878.589 1881.171 1884.41 1884.977 1886.526 1888.436 1890.334 1891.739 1892.111 1891.363 1888.937 1884.104 1878.516 1868.171 1863.338 1858.986 1855.375 1854.692 1856.368 1859.428 1860.143 1860.488 1860.525 1860.31 1858.597 1857.82 1859.864 1863.799 1868.522 1873.971 1885.568 1891.353 1895.755 1900.307 1903.899 1907.301 1908.508 1909.459 1910.683 1911.893 1912.962 1915.447 1917.916 1921.976 1926.039 1929.583 1933.505
1765.029 1770.472 1782.698 1790.346 1797.283 1804.017 1809.823 1820.991 1828.685 1835.369 1841.786 1847.846 1853.39 1865.552 1871.053 1876.344 1879.438 1880.661 1880.998 1880.253 1880.997 1882.751 1885.149 1887.227 1888.266 1887.175 1884.24 1880.005 1875.373 1865.988 1860.964 1856.252 1852.376 1850.824 1851.259 1853.782 1854.745 1854.977 1855.042 1854.872 1853.548 1853.685 1859.864 1863.799 1869.383 1875.177 1886.469 1891.593 1895.35 1899.609 1903.032 1904.735 1905.141 1905.677 1906.393 1907.608 1911.37 1913.369 1916.415 1920.273 1924.256 1927.246 1928.56
1766.628 1771.856 1784.939 1792.141 1798.745 1804.993 1810.903 1823.882 1831.634 1838.019 1843.939 1849.777 1855.494 1867.505 1873.253 1878.192 1879.956 1879.484 1877.136 1876.279 1876.32 1877.59 1879.583 1881.686 1883.629 1882.961 1880.861 1877.226 1872.874 1863.664 1858.252 1853.48 1849.531 1845.919 1844.316 1847.281 1848.357 1848.861 1848.995 1849.012 1853.548 1853.685 1857.86 1864.037 1870.61 1882.06 1886.803 1891.137 1894.177 1896.984 1899.279 1900.773 1901.201 1901.623 1902.014 1903.307 1908.585 1911.969 1915.336 1918.409 1921.143 1922.977 1922.927
1769.828 1775.007 1787.321 1793.661 1800.031 1806.162 1812.233 1826.233 1833.38 1840.102 1845.741 1851.085 1856.977 1868.727 1874.843 1878.571 1878.486 1876.523 1871.939 1870.734 1871.231 1873.149 1875.398 1877.407 1879.458 1879.325 1877.945 1874.793 1870.696 1860.656 1855.084 1850.635 1846.556 1842.533 1840.149 1841.079 1842.093 1842.646 1848.995 1849.012 1850.389 1853.052 1858.429 1865.085 1871.637 1882.172 1886.048 1889.438 1891.855 1893.363 1894.44 1895.347 1895.595 1896.173 1897.392 1899.654 1906.359 1910.06 1913.502 1915.925 1917.203 1917.599 1916.711
1778.098 1782.633 1791.382 1796.03 1801.617 1807.701 1813.943 1828.204 1834.807 1841.411 1847.024 1852.093 1858.043 1869.266 1873.774 1875.598 1874.316 1871.559 1866.563 1865.367 1866.341 1868.812 1871.397 1875.317 1875.916 1875.954 1874.543 1871.941 1868.501 1857.222 1852.013 1847.714 1843.745 1839.487 1834.777 1835.37 1835.964 1842.646 1843.091 1843.076 1848.828 1853.573 1859.717 1866.204 1872.167 1881.195 1883.937 1886.715 1888.292 1888.919 1889.101 1889.098 1889.405 1890.351 1891.75 1895.268 1904.885 1908.136 1910.75 1912.505 1913.095 1912.841 1910.784
1786.729 1790.375 1797.355 1801.194 1805.164 1810.572 1816.498 1829.971 1836.393 1842.596 1848.106 1853.218 1864.501 1868.147 1869.977 1869.914 1868.578 1866.408 1862.694 1862.18 1863.163 1865.379 1867.925 1871.93 1872.671 1872.285 1871.185 1869.511 1866.039 1853.793 1849.019 1844.641 1840.279 1835.104 1829.536 1835.37 1835.964 1836.452 1837.276 1839.399 1848.714 1853.972 1860.656 1866.938 1872.18 1880.362 1881.978 1882.633 1882.814 1882.433 1881.529 1879.726 1879.671 1882.374 1886.518 1892.013 1903.76 1906.123 1907.447 1908.161 1908.133 1906.354 1904.668
1793.476 1800.258 1803.901 1807.186 1810.915 1815.281 1820.113 1831.584 1838.033 1843.739 1848.995 1853.875 1862.625 1865.351 1866.485 1865.514 1863.583 1861.27 1857.707 1857.5 1858.989 1861.561 1864.759 1869.261 1870.148 1869.859 1869.002 1867.571 1863.193 1850.771 1845.959 1841.603 1836.561 1835.104 1829.536 1830.025 1830.208 1830.293 1831.45 1836.175 1848.973 1854.799 1860.951 1866.462 1871.074 1878.138 1879.069 1878.312 1877.205 1876.018 1874.224 1874.309 1875.443 1877.6 1884.069 1891.557 1901.32 1903.565 1904.279 1904.492 1904.15 1901.43 1899.853
1798.968 1806.087 1809.619 1813.256 1816.975 1820.684 1824.772 1833.876 1839.344 1844.356 1849.168 1853.575 1858.945 1860.658 1861.413 1860.662 1858.56 1855.928 1852.525 1852.714 1854.156 1856.699 1860.248 1866.708 1867.908 1868.138 1867.797 1864.838 1859.047 1847.825 1843.267 1841.603 1836.561 1831.255 1825.332 1825.023 1825.409 1826.003 1827.711 1842.442 1849.048 1855.313 1860.371 1865.067 1868.795 1873.357 1873.315 1872.271 1870.925 1869.578 1867.865 1869.446 1872.937 1876.656 1883.806 1891.066 1898.256 1899.827 1900.294 1900.173 1899.441 1897.015 1895.589
1803.061 1810.535 1814.354 1817.87 1821.081 1824.684 1828.543 1835.874 1840.095 1844.044 1847.339 1850.423 1854.007 1855.294 1856.267 1855.866 1853.924 1851.376 1847.454 1846.773 1848.227 1851.545 1855.677 1862.598 1864.606 1865.543 1864.366 1860.53 1849.525 1847.825 1843.267 1838.127 1832.759 1827.568 1819.552 1819.546 1819.464 1821.473 1825.833 1841.275 1847.797 1853.866 1858.392 1862.626 1866.183 1868.187 1867.631 1866.499 1865.42 1864.31 1863.631 1865.923 1870.197 1875.7 1882.692 1889.094 1894.617 1894.933 1894.5 1894.105 1893.779 1892.459 1891.079
1805.396 1813.524 1817.632 1820.487 1823.433 1826.984 1830.243 1835.292 1838.458 1841.021 1842.599 1844.054 1846.44 1847.794 1849.043 1849.207 1848.435 1845.044 1842.573 1841.454 1842.255 1845.721 1850.798 1858.396 1860.239 1860.525 1859.304 1856.489 1849.525 1844.421 1839.549 1834.235 1828.837 1823.358 1815.132 1814.849 1815.772 1819.647 1825.138 1839.633 1846.014 1851.386 1855.478 1859.003 1861.87 1863.29 1862.517 1861.455 1860.143 1858.65 1859.667 1864.031 1869.607 1875.443 1881.24 1886.729 1891.588 1891.006 1889.695 1888.637 1888.172 1886.781 1884.714
1806.158 1814.861 1818.547 1821.081 1823.58 1826.324 1830.186 1831.672 1833.202 1834.613 1835.796 1836.958 1839.16 1840.278 1841.356 1842.203 1842.664 1840.555 1838.489 1837.681 1838.404 1840.778 1844.927 1854.198 1856.586 1856.872 1859.304 1856.489 1845.601 1840.542 1835.527 1830.28 1824.955 1819.336 1808.925 1808.961 1813.284 1818.701 1824.192 1837.367 1843.217 1847.996 1852.462 1855.749 1857.589 1858.658 1857.907 1856.586 1854.994 1853.386 1855.785 1862.908 1869.396 1875.206 1880.187 1884.131 1886.689 1885.064 1883.071 1881.85 1881.268 1879.703 1877.868
1806.607 1814.524 1817.663 1820.165 1822.393 1823.923 1825.588 1826.509 1827.238 1828.161 1829.194 1830.363 1832.994 1834.28 1835.402 1836.235 1836.523 1834.766 1833.154 1831.739 1833.035 1836.074 1839.764 1848.222 1856.586 1856.872 1856.15 1852.768 1841.43 1836.625 1831.706 1826.406 1821.264 1814.436 1804.088 1805.312 1810.947 1816.934 1822.718 1834.512 1840.101 1844.4 1848.128 1851.364 1853.585 1854.323 1853.193 1851.199 1849.377 1848.939 1854.862 1862.644 1869.044 1874.721 1879.027 1881.765 1880.29 1877.977 1875.719 1874.774 1874.528 1873.028 1870.946
1806.766 1813.222 1815.697 1817.707 1819.252 1820.282 1820.578 1820.843 1821.788 1822.805 1823.779 1824.873 1827.354 1828.578 1829.815 1830.602 1830.827 1829.059 1827.906 1827.535 1828.682 1831.565 1839.764 1848.222 1851.127 1852.26 1851.183 1847.251 1837.444 1832.652 1827.593 1822.454 1815.586 1808.509 1803.047 1804.87 1809.587 1814.998 1820.804 1832.118 1836.572 1840.521 1843.365 1845.464 1847.967 1847.949 1846.64 1844.764 1842.969 1844.032 1855.012 1862.803 1868.749 1873.645 1877.048 1876.979 1873.659 1869.8 1867.969 1867.591 1867.635 1866.404 1864.393
1806.84 1810.49 1811.094 1810.778 1809.712 1809.393 1812.188 1813.557 1815.224 1816.917 1818.521 1819.918 1822.192 1823.337 1824.333 1824.968 1825.111 1823.341 1821.88 1821.785 1824.441 1831.565 1835.427 1842.071 1844.301 1845.733 1845.597 1842.716 1833.137 1828.216 1822.989 1816.741 1809.109 1802.505 1802.251 1804.305 1808.38 1813.375 1818.635 1828.977 1832.6 1835.654 1838.26 1840.041 1841.839 1842.024 1841.08 1840.033 1839.705 1841.931 1855.789 1863.115 1868.274 1871.714 1873.444 1869.859 1865.319 1861.531 1860.27 1860.376 1860.654 1859.977 1858.525
1805.981 1806.273 1804.251 1801.433 1798.272 1796.59 1800.372 1804.176 1807.407 1809.823 1811.823 1813.626 1816.654 1818.097 1819.285 1820.005 1820.114 1818.414 1816.951 1821.785 1824.441 1828.327 1835.15 1837.669 1839.281 1840.158 1839.921 1837.291 1828.547 1823.205 1817.816 1809.824 1803.735 1798.161 1798.62 1802.529 1807.14 1811.604 1816.081 1824.52 1828.597 1831.037 1832.943 1834.547 1836.252 1836.405 1836.201 1836.986 1838.972 1842.793 1856.808 1863.385 1867.599 1869.27 1869.422 1864.022 1859.141 1854.588 1852.543 1852.317 1852.873 1853.004 1852.182
