var/www/cgi-bin/BAERTOOLS/ravel/working/ravel-180072.DEM
NCOLS 134
NROWS 43
XLLCORNER 275906.32
YLLCORNER 3833378.9
CELLSIZE 10
NODATA_VALUE -9999
[rows 0 to 27 of 43, columns 0 to 62 of 134]
1523.19 1523.181 1523.117 1523.173 1523.509 1523.843 1524.502 1526.806 1530.922 1534.651 1535.524 1535.473 1535.419 1535.398 1535.703 1537.446 1540.245 1545.77 1552.912 1556.96 1560.635 1562.436 1564.226 1567.917 1576.936 1581.535 1585.779 1588.602 1591.181 1597.278 1599.441 1599.509 1597.076 1592.75 1588.71 1583.134 1580.819 1578.225 1575.575 1573.423 1571.09 1570.418 1569.204 1566.768 1564.286 1562.781 1562.81 1562.068 1560.474 1558.544 1556.851 1555.109 1552.37 1551.556 1548.632 1544.484 1544.256 1543.409 1542.985 1545.123 1544.879 1544.577 1544.27
1523.1 1523.084 1523.345 1524.116 1524.596 1525.178 1525.674 1528.683 1532.436 1534.359 1535.548 1535.726 1535.476 1535.449 1535.875 1537.446 1541.377 1547.441 1554.181 1558.619 1562.635 1565.089 1568.075 1575.363 1579.66 1584.272 1587.482 1589.441 1592.091 1598.113 1599.865 1599.617 1596.833 1592.17 1587.98 1583.142 1581.105 1578.707 1576.309 1574.648 1572.456 1571.712 1570.505 1568.961 1567.544 1564.982 1564.35 1563.347 1561.79 1560.004 1558.412 1557.052 1553.988 1552.464 1550.44 1547.083 1542.984 1541.356 1542.985 1542.668 1542.353 1542.119 1541.894
1523.67 1524.292 1525.288 1526.601 1527.603 1529.455 1532.297 1533.528 1535.235 1536.779 1536.982 1537.456 1538.625 1538.987 1535.875 1537.861 1541.798 1546.375 1553.366 1557.546 1561.153 1563.894 1567.854 1575.781 1579.726 1583.866 1586.596 1588.718 1591.574 1598.229 1599.536 1598.924 1596.168 1591.724 1585.046 1583.352 1581.574 1579.601 1577.806 1576.454 1573.773 1572.605 1571.744 1571.106 1570.053 1567.514 1565.551 1564.434 1562.734 1561.216 1560.453 1557.836 1555.417 1552.643 1550.241 1547.846 1542.984 1541.356 1540.761 1540.169 1539.531 1539.099 1538.986
1525.099 1526.062 1527.394 1529.226 1531.882 1534.461 1537.667 1538.435 1539.299 1539.838 1540.073 1541.291 1543.147 1538.987 1539.323 1540.042 1542.169 1548.071 1550.532 1554.15 1558.136 1561.969 1566.552 1574.298 1578.056 1581.387 1584.073 1586.873 1590.074 1595.907 1597.571 1598.051 1596.076 1592.085 1585.65 1583.83 1582.259 1580.919 1579.773 1578.429 1575.375 1574.172 1573.583 1573.053 1571.922 1570.179 1566.93 1565.386 1564.176 1563.302 1562.593 1559.921 1556.359 1553.061 1551.169 1547.846 1544.464 1540.4 1539.104 1537.944 1537.029 1536.745 1536.712
1526.759 1527.52 1529.398 1532.18 1534.234 1536.885 1538.856 1540.454 1542.415 1543.734 1544.98 1545.731 1543.147 1544.134 1544.831 1545.172 1545.386 1547.002 1548.486 1551.51 1556.371 1560.959 1564.801 1572.471 1576.014 1579.112 1582.062 1585.145 1588.18 1593.867 1596.381 1597.396 1596.446 1593.344 1586.24 1584.472 1583.673 1582.93 1581.783 1580.203 1577.168 1576.05 1575.33 1574.578 1573.481 1570.117 1567.737 1565.969 1565.064 1564.369 1563.749 1560.414 1557.094 1553.788 1551.169 1549.108 1546.624 1541.216 1539.162 1538.445 1537.777 1536.997 1536.171
1525.787 1526.811 1527.942 1529.894 1533.831 1536.518 1539.903 1541.596 1543.53 1546.073 1547.863 1546.794 1548.106 1549.454 1550.277 1550.202 1549.89 1548.915 1548.77 1550.856 1555.153 1559.208 1562.451 1570.111 1573.553 1576.381 1579.736 1583.318 1589.246 1593.596 1596.845 1598.152 1597.988 1595.685 1588.603 1586.748 1586.181 1585.219 1583.812 1582.086 1579.141 1577.645 1576.655 1575.974 1574.865 1570.68 1567.826 1565.427 1563.995 1563.218 1562.268 1559.532 1556.013 1553.788 1551.812 1550.128 1548.013 1542.72 1540.613 1539.567 1538.504 1537.83 1536.271
1524.12 1524.665 1526.214 1529.216 1532.168 1534.774 1539.758 1541.365 1543.274 1546.073 1547.863 1550.211 1550.617 1551.798 1553.42 1554.175 1554.118 1553.334 1553.106 1554.438 1557.167 1559.645 1560.812 1568.446 1571.822 1574.345 1578.755 1583.01 1589.42 1594.154 1597.823 1599.661 1599.941 1598.122 1592.53 1590.342 1588.99 1587.42 1585.317 1582.299 1580.73 1579.157 1577.496 1575.74 1574.656 1570.736 1566.876 1563.624 1562.306 1561.315 1560.495 1557.432 1556.013 1552.603 1551.164 1549.813 1546.905 1544.986 1542.042 1539.131 1537.496 1537.095 1535.351
1523.032 1523.456 1524.956 1527.37 1530.254 1536.153 1537.933 1539.093 1543.274 1546.69 1548.846 1550.932 1551.583 1552.911 1555.339 1557.931 1558.835 1559.133 1558.997 1559.686 1561.354 1562.555 1565.399 1569.783 1573.27 1576.252 1580.994 1585.118 1591.756 1596.047 1599.503 1601.55 1602.27 1600.347 1595.809 1593.707 1591.962 1589.746 1587.215 1583.706 1582.074 1579.984 1577.609 1575.345 1573.227 1569.6 1566.234 1562.917 1560.883 1559.706 1558.658 1557.432 1555.239 1552.397 1549.694 1548.717 1549.471 1546.313 1541.335 1538.074 1536.673 1535.918 1533.974
1523.095 1523.045 1523.69 1525.09 1527.656 1534.688 1536.1 1539.093 1540.478 1542.631 1545.632 1549.69 1551.203 1553.328 1556.084 1559.038 1561.709 1563.311 1563.54 1563.926 1565.672 1567.682 1570.054 1572.351 1575.828 1579.961 1584.167 1588.026 1594.66 1598.235 1601.533 1604.517 1606.256 1605.203 1599.226 1597.312 1595.855 1593.139 1590.048 1585.566 1583.599 1581.336 1578.77 1576.333 1574.372 1570.038 1567.038 1563.702 1561.383 1559.694 1557.84 1555.852 1553.603 1551.682 1549.353 1547.582 1549.405 1545.085 1539.677 1537.291 1536.081 1534.922 1532.907
1524.785 1524.75 1524.661 1524.677 1525.566 1531.636 1536.1 1536.618 1537.078 1538.385 1540.312 1545.297 1547.538 1549.531 1552.497 1555.904 1561.362 1563.212 1565.491 1567.967 1570.637 1572.931 1574.161 1575.269 1578.591 1582.921 1586.862 1590.574 1597.2 1600.557 1603.881 1607.138 1609.847 1608.016 1605.29 1602.812 1600.04 1596.832 1593.266 1586.953 1584.555 1582.135 1579.33 1577 1574.822 1569.628 1566.818 1564.2 1561.383 1559.694 1556.926 1555.282 1552.896 1550.51 1548.643 1546.99 1545.885 1541.486 1537.839 1536.451 1535.591 1534.4 1532.096
1526.601 1526.863 1526.542 1526.607 1527.569 1531.636 1534.064 1535.288 1535.922 1535.811 1536.215 1539.927 1543.805 1546.324 1548.611 1551.542 1557.931 1560.769 1564.941 1570.036 1573.809 1576.191 1578.332 1580.216 1583.121 1586.303 1589.786 1593.487 1600.126 1603.38 1606.527 1609.341 1611.65 1612.531 1611.147 1608.756 1604.539 1599.952 1596.014 1588.396 1585.252 1582.729 1580.168 1577.468 1572.482 1570.309 1567.871 1564.2 1561.59 1559.965 1557.395 1555.231 1552.724 1550.724 1549.619 1549.032 1541.959 1538.179 1536.87 1536.023 1534.832 1532.985 1531.613
1528.716 1529.763 1529.508 1529.496 1527.569 1532.099 1533.721 1534.728 1535.381 1536.4 1537.213 1539.297 1543.04 1545.955 1546.943 1548.676 1556.125 1559.651 1563.523 1569.147 1573.978 1576.859 1582.005 1584.569 1587.339 1590.403 1593.749 1600.283 1603.9 1607.293 1609.813 1611.606 1613.469 1615.057 1614.671 1612.477 1608.792 1603.568 1598.61 1590.327 1586.63 1584.052 1581.799 1578.76 1573.999 1571.585 1567.871 1565.223 1562.909 1561.365 1558.051 1555.53 1553.1 1551.606 1550.651 1549.454 1542.4 1538.923 1537.181 1535.816 1534.788 1532.888 1531.522
1532.843 1532.869 1532.329 1529.496 1530.808 1533.126 1534.471 1535.742 1536.231 1537.124 1540.604 1543.152 1546.571 1549.226 1549.466 1549.998 1557.17 1560.677 1563.835 1568.663 1572.995 1576.83 1585.447 1588.115 1591.226 1594.833 1597.985 1603.766 1607.447 1610.628 1612.351 1613.201 1614.271 1615.28 1615.571 1614.684 1611.467 1607.133 1601.981 1593.444 1589.235 1585.835 1583.335 1580.813 1575.032 1571.585 1569.082 1566.674 1564.492 1562.308 1557.57 1555.404 1553.271 1550.788 1548.763 1545.647 1541.931 1538.356 1536.792 1536.183 1535.411 1533.293 1531.811
1536.096 1532.869 1532.329 1532.261 1534.624 1535.446 1536.32 1537.036 1537.82 1539.398 1544.613 1547.853 1550.839 1553.229 1555.325 1556.621 1559.352 1562.387 1566.315 1570.026 1573.043 1583.314 1587.535 1591.08 1595.02 1598.583 1601.375 1606.619 1609.434 1612.057 1613.809 1614.19 1614.401 1615.05 1615.01 1614.345 1613.018 1609.96 1600.586 1596.495 1592.375 1588.398 1585.124 1582.256 1575.032 1572.434 1570.121 1567.928 1565.313 1562.687 1558.08 1555.969 1553.71 1551.284 1549.255 1545.25 1542.689 1540.007 1538.384 1537.441 1536.391 1534.078 1532.607
1536.096 1536.847 1535.924 1534.827 1536.671 1538.144 1539.469 1540.853 1542.592 1544.255 1547.621 1550.762 1554.827 1558.971 1562.65 1564.097 1562.327 1564.583 1569.774 1573.674 1575.692 1583.732 1588.194 1593.22 1597.601 1601 1603.996 1609.219 1611.531 1613.158 1614.08 1614.617 1614.459 1614.521 1614.303 1613.722 1612.886 1610.63 1602.823 1599.232 1595.515 1591.064 1586.989 1582.256 1575.919 1573.004 1571.154 1569.489 1566.633 1560.786 1558.873 1556.869 1554.585 1552.269 1550.059 1545.457 1543.275 1541.678 1540.278 1538.833 1537.135 1534.553 1533.33
1535.747 1537.69 1537.999 1537.469 1537.873 1539.995 1542.674 1545.827 1548.725 1550.105 1551.487 1554.004 1557.775 1561.441 1564.934 1567.459 1566.888 1568.415 1572.066 1575.895 1579.486 1586.344 1590.216 1594.773 1598.937 1602.653 1606.077 1611.479 1612.844 1613.7 1614.173 1613.991 1614.333 1613.676 1612.947 1612.096 1610.958 1609.278 1603.991 1601.032 1597.734 1593.509 1586.989 1583.915 1577.28 1574.564 1573.318 1572.235 1569.499 1561.797 1559.539 1558.103 1556.295 1553.384 1550.714 1546.184 1544.377 1542.79 1541.317 1539.731 1537.803 1535.339 1534.538
1534.021 1536.898 1538.695 1539.413 1539.774 1542.732 1545.927 1548.881 1551.775 1553.78 1557.281 1559.356 1561.443 1564.003 1567.785 1572.324 1572.296 1572.181 1573.729 1578.038 1582.857 1590.004 1593.327 1596.755 1600.292 1604.094 1607.837 1612.856 1614.289 1614.507 1613.813 1613.924 1613.731 1612.216 1610.66 1609.967 1608.826 1607.345 1603.713 1601.469 1597.734 1593.509 1589.104 1585.719 1580.633 1578.724 1577.242 1575.742 1573.171 1565.087 1562.052 1560.214 1558.139 1555.182 1551.53 1547.037 1545.549 1544.011 1542.439 1540.766 1537.434 1536.625 1536.087
1532.44 1535.822 1538.18 1540.389 1542.367 1544.462 1546.769 1549.816 1553.421 1559.587 1561.993 1564.272 1566.407 1568.804 1572.016 1576.441 1577.16 1577.606 1579.009 1582.276 1585.901 1594.39 1597.307 1599.604 1602.476 1605.888 1611.062 1611.957 1612.091 1612.198 1612.601 1613.396 1612.458 1610.55 1608.863 1607.584 1606.485 1605.171 1602.354 1601.469 1598.977 1595.563 1591.067 1584.667 1583.974 1583.604 1582.323 1580.096 1577.284 1570.634 1566.85 1563.5 1560.688 1557.856 1554.018 1548.527 1547.12 1545.63 1544.065 1542.561 1539.479 1538.52 1537.583
1531.828 1534.914 1537.565 1540.159 1544.141 1545.792 1547.722 1550.977 1555.363 1562.709 1565.538 1568.413 1571.164 1573.181 1575.513 1579.926 1581.737 1583.55 1585.575 1588.171 1591.654 1598.373 1599.988 1601.39 1603.472 1606.172 1608.815 1608.41 1608.201 1608.368 1609.01 1610.297 1610.116 1608.478 1606.61 1605.169 1603.831 1602.495 1602.354 1600.824 1598.933 1596.82 1594.459 1587.149 1586.786 1587.398 1587.202 1585.009 1581.84 1576.079 1572.823 1568.761 1564.828 1561.451 1554.221 1550.888 1548.638 1547.083 1545.829 1544.672 1541.989 1540.646 1539.22
1533.725 1536.15 1538.392 1543.244 1545.246 1546.871 1548.898 1552.695 1557.526 1565.025 1568.251 1571.297 1574.48 1576.858 1578.929 1583.371 1585.955 1589.054 1592.341 1595.326 1600.053 1601.934 1602.299 1601.892 1603.063 1604.681 1603.877 1603.144 1602.543 1602.69 1603.493 1604.459 1605.146 1604.696 1603.428 1602.324 1601.068 1601.24 1599.965 1598.622 1597.091 1595.21 1593.051 1589 1588.287 1588.392 1588.325 1587.454 1585.704 1581.152 1578.021 1574.404 1570.366 1566.238 1558.715 1554.865 1551.532 1549.182 1547.796 1546.893 1544.97 1543.878 1542.901
1538.068 1540.258 1542.292 1545.596 1547.095 1548.81 1551.674 1556.426 1561.028 1568.343 1571.301 1573.866 1577.065 1580.306 1582.31 1587.167 1590.822 1594.681 1598.093 1600.044 1601.259 1601.409 1602.079 1602.397 1601.895 1600.861 1599.299 1598.167 1597.19 1597.025 1597.348 1598.127 1599.656 1600.077 1599.737 1599.078 1601.068 1598.542 1597.344 1595.866 1594.076 1592.117 1590.054 1587.475 1587.303 1587.294 1587.254 1587.158 1587.012 1585.488 1582.543 1578.759 1575.273 1571.747 1563.967 1560.53 1557.068 1553.743 1551.128 1549.245 1548.135 1547.945 1547.649
1543.429 1545.921 1547.303 1548.748 1549.932 1552.672 1556.872 1561.517 1565.55 1572.818 1575.86 1578.675 1581.837 1584.621 1588.37 1591.338 1595.144 1598.445 1600.184 1600.067 1599.767 1600.233 1600.951 1600.646 1599.203 1597.843 1595.569 1594.197 1593.113 1592.593 1592.514 1593.444 1594.367 1595.285 1595.825 1599.078 1598.083 1595.695 1594.211 1592.519 1590.603 1588.446 1586.676 1584.947 1584.711 1584.432 1584.259 1584.271 1584.932 1585.356 1584.244 1580.828 1577.084 1575.558 1569.727 1566.368 1563.042 1559.876 1556.858 1554.026 1551.365 1551.498 1551.285
1550.259 1552.094 1553.102 1554.489 1555.823 1558.204 1561.773 1565.951 1569.902 1577.813 1581.496 1584.417 1586.818 1589.294 1593.383 1595.858 1598.566 1599.982 1599.326 1598.454 1597.74 1598.334 1598.867 1598.104 1596.325 1594.722 1591.626 1590.265 1588.941 1587.566 1586.62 1587.376 1588.038 1589.635 1595.825 1595.517 1594.755 1592.359 1590.873 1589.209 1587.418 1585.653 1584.202 1581.742 1580.759 1580.101 1579.875 1580.035 1580.992 1581.327 1581.239 1579.768 1577.424 1576.959 1574.436 1571.617 1568.255 1564.923 1561.745 1556.994 1555.061 1553.905 1553.041
1555.385 1558.105 1560.05 1561.564 1562.397 1563.736 1566.672 1570.714 1574.656 1583.155 1586.64 1589.409 1591.689 1594.285 1597.941 1599.459 1600.4 1599.951 1598.396 1596.845 1595.469 1595.417 1594.961 1593.96 1592.261 1588.722 1587.272 1586.056 1585.063 1584.151 1583.534 1583.492 1588.038 1589.635 1591.449 1591.952 1591.269 1589.26 1587.816 1586.235 1584.662 1583.31 1580.38 1578.583 1576.645 1575.189 1574.908 1575.786 1577.045 1577.497 1577.737 1577.734 1577.595 1577.105 1576.307 1575.217 1572.456 1568.666 1565.152 1560.098 1557.358 1555.213 1553.419
1559.034 1562.253 1563.821 1565.372 1566.839 1568.95 1571.546 1574.836 1583.452 1587.297 1590.289 1593.415 1596.575 1598.69 1601.116 1601.044 1600.346 1599.523 1597.736 1595.701 1592.602 1591.356 1590.283 1589.046 1587.576 1584.668 1583.414 1582.513 1581.807 1581.155 1581.089 1583.492 1584.333 1586.397 1588.369 1588.937 1588.402 1586.262 1584.886 1583.398 1581.991 1580.653 1577.447 1575.694 1573.815 1572.311 1571.874 1572.202 1573.454 1574.087 1574.808 1575.459 1575.528 1574.971 1575.141 1575.002 1573.269 1569.717 1565.708 1560.835 1557.856 1554.864 1552.619
1557.857 1561.72 1563.334 1566.77 1568.957 1571.774 1574.369 1576.998 1583.794 1587.531 1590.821 1594.237 1597.623 1599.602 1601.367 1601.217 1600.802 1599 1596.753 1592.004 1589.805 1587.762 1586.246 1584.979 1583.384 1580.285 1579.129 1578.516 1578.274 1578.169 1581.089 1581.153 1582.662 1585.222 1586.76 1586.755 1584.486 1583.232 1581.855 1580.611 1579.327 1578.121 1575.291 1573.636 1571.858 1570.549 1570.036 1569.203 1570.058 1570.482 1571.318 1572.026 1571.98 1571.412 1571.56 1571.594 1570.986 1568.805 1565.427 1560.583 1558.627 1555.593 1552.272
1553.587 1557.517 1562.931 1565.048 1567.801 1571.028 1573.669 1575.413 1581.24 1585.325 1588.725 1592.149 1595.438 1597.75 1600.634 1601.056 1600.3 1598.191 1595.33 1589.906 1588.013 1585.708 1582.959 1580.781 1578.719 1575.5 1574.615 1574.571 1575.052 1578.169 1578.234 1578.994 1580.583 1583.322 1584.437 1584.154 1582.083 1580.253 1578.597 1577.64 1576.557 1575.746 1573.225 1571.933 1570.521 1568.722 1566.801 1565.292 1566.181 1566.512 1567.01 1567.395 1567.538 1567.02 1566.593 1566.506 1566.54 1566.028 1564.473 1560.055 1558.329 1555.911 1552.437
1548.951 1552.303 1559.16 1561.309 1563.986 1567.246 1569.28 1570.733 1576.549 1581.078 1585.475 1589.019 1592.228 1594.958 1598.599 1599.2 1598.589 1596.351 1593.237 1587.957 1585.558 1582.543 1578.613 1574.927 1573.466 1571.65 1571.02 1571.277 1575.052 1575.615 1576.396 1576.12 1576.302 1578.302 1580.929 1581.198 1578.468 1576.648 1575.369 1574.627 1573.861 1573.033 1571.096 1569.783 1568.221 1566.122 1563.411 1561.85 1562.42 1562.624 1562.608 1562.646 1562.959 1562.908 1561.966 1561.682 1562.63 1563.15 1562.449 1559.541 1559.056 1557.551 1554.467
