var/www/cgi-bin/BAERTOOLS/ravel/working/ravel-12067.DEM
NCOLS 82
NROWS 113
XLLCORNER 616393.99
YLLCORNER 4622965.4
CELLSIZE 10
NODATA_VALUE -9999
[rows 56 to 83 of 113, columns 0 to 62 of 82]
1418.8 1418.525 1418.447 1418.358 1418.183 1418.092 1418.012 1417.993 1417.992 1418.078 1418.218 1418.393 1418.545 1418.696 1419.074 1419.234 1419.441 1419.583 1419.944 1420.032 1420.022 1419.936 1419.807 1419.577 1419.044 1418.631 1418.263 1417.872 1417.073 1416.612 1416.21 1415.481 1415.158 1414.937 1414.411 1414.179 1413.948 1413.745 1413.432 1413.271 1413.114 1412.688 1412.528 1412.323 1411.97 1411.789 1411.542 1411.313 1410.729 1410.5 1410.247 1409.596 1409.219 1408.894 1408.253 1407.937 1407.617 1407.313 1406.602 1406.317 1405.933 1405.323 1404.829
1419.423 1419.247 1419.161 1419.076 1418.895 1418.839 1418.828 1418.739 1418.798 1418.804 1418.943 1419.232 1419.371 1419.511 1419.941 1420.155 1420.368 1420.572 1420.961 1421.087 1421.208 1421.252 1421.116 1420.852 1420.152 1419.791 1419.33 1418.803 1417.768 1417.281 1416.96 1416.079 1415.661 1415.334 1414.756 1414.525 1414.304 1414.149 1413.789 1413.676 1413.52 1413.12 1412.941 1412.789 1412.362 1412.2 1411.983 1411.724 1411.164 1410.896 1410.578 1409.933 1409.601 1409.185 1408.783 1408.098 1407.724 1407.385 1406.666 1406.317 1405.806 1404.916 1404.424
1420.153 1419.864 1419.781 1419.688 1419.51 1419.486 1419.546 1419.464 1419.559 1419.623 1419.686 1419.957 1420.119 1420.339 1420.77 1421.01 1421.303 1421.584 1422.26 1422.471 1422.527 1422.726 1422.526 1422.335 1421.531 1421.039 1420.443 1419.846 1418.641 1418.114 1417.644 1416.715 1416.262 1415.869 1415.495 1414.977 1414.709 1414.551 1414.202 1414.082 1413.924 1413.592 1413.384 1413.186 1412.99 1412.624 1412.451 1412.135 1411.623 1411.3 1410.988 1410.25 1409.876 1409.404 1409.008 1408.222 1407.871 1407.417 1406.667 1406.202 1405.806 1404.916 1403.76
1420.153 1420.594 1420.488 1420.325 1420.238 1420.211 1420.262 1420.184 1420.282 1420.344 1420.413 1420.685 1420.849 1421.069 1421.602 1421.952 1422.243 1422.605 1423.478 1423.875 1424.125 1424.324 1424.221 1423.963 1423.595 1422.39 1421.619 1420.868 1419.614 1419.012 1418.409 1417.303 1416.871 1416.482 1416.083 1415.474 1415.169 1414.957 1414.641 1414.479 1414.322 1414.015 1413.85 1413.648 1413.459 1413.018 1412.851 1412.574 1412.015 1411.7 1411.391 1410.568 1410.142 1409.71 1409.305 1408.338 1407.882 1407.487 1406.527 1406.059 1405.596 1404.437 1403.76
1420.771 1420.594 1420.488 1421.049 1420.941 1420.911 1420.895 1420.888 1420.966 1420.979 1421.127 1421.412 1421.575 1421.802 1422.088 1422.854 1423.277 1423.566 1424.672 1425.186 1425.688 1426.169 1425.998 1425.725 1425.216 1423.719 1422.934 1422.081 1420.596 1419.916 1419.231 1417.92 1417.46 1417.088 1416.701 1415.958 1415.658 1415.418 1415.092 1414.937 1414.779 1414.445 1414.257 1414.102 1413.865 1413.46 1413.27 1413.082 1412.429 1412.145 1411.797 1410.857 1410.4 1409.965 1409.479 1408.444 1407.946 1407.46 1406.353 1405.836 1405.341 1403.915 1403.022
1421.479 1421.255 1421.216 1421.049 1421.653 1421.618 1421.598 1421.59 1421.676 1421.702 1421.848 1422.135 1422.296 1422.536 1422.908 1423.466 1423.932 1424.379 1425.574 1426.158 1426.684 1427.516 1427.404 1427.049 1426.573 1424.973 1424.001 1423.223 1421.467 1420.728 1420.037 1418.764 1418.182 1417.691 1417.297 1416.615 1416.312 1416.072 1415.713 1415.516 1415.359 1414.895 1414.701 1414.501 1414.313 1413.897 1413.669 1413.484 1412.863 1412.605 1412.203 1411.287 1410.78 1410.193 1409.644 1408.556 1407.916 1407.378 1406.111 1405.534 1404.888 1404.143 1402.271
1422.111 1421.968 1421.897 1421.749 1421.653 1421.618 1422.113 1422.091 1422.219 1422.312 1422.46 1422.748 1422.912 1423.157 1423.527 1424.134 1424.653 1425.031 1426.172 1426.731 1427.328 1427.961 1428.047 1427.852 1427.618 1426.006 1425.103 1424.116 1422.395 1421.618 1420.851 1419.504 1418.897 1418.361 1417.9 1417.263 1416.958 1416.722 1416.363 1416.127 1415.911 1415.375 1415.206 1414.964 1414.756 1414.366 1414.117 1413.837 1413.268 1413.007 1412.609 1412.154 1411.068 1410.451 1409.885 1408.614 1407.93 1407.318 1405.812 1405.089 1404.356 1403.606 1401.329
1422.794 1422.589 1422.446 1422.352 1422.249 1422.188 1422.113 1422.091 1422.734 1422.822 1422.963 1423.253 1423.424 1423.661 1423.957 1424.69 1425.098 1425.628 1426.547 1427.037 1427.566 1428.078 1428.083 1427.991 1427.851 1426.608 1425.777 1424.831 1423.132 1422.38 1421.666 1420.887 1419.703 1419.17 1418.695 1417.856 1417.568 1417.339 1416.897 1416.658 1416.418 1416.156 1415.708 1415.478 1415.292 1414.81 1414.557 1414.244 1413.684 1413.347 1412.953 1412.503 1411.322 1410.67 1410.019 1408.674 1407.959 1407.148 1405.519 1404.709 1403.859 1402.979 1400.412
1423.433 1423.223 1423.094 1422.943 1422.786 1422.745 1422.713 1422.637 1422.734 1423.308 1423.378 1423.67 1423.844 1424.095 1424.462 1425.027 1425.482 1425.862 1426.776 1427.218 1427.585 1427.834 1428.117 1428.088 1427.947 1426.958 1426.221 1425.431 1423.746 1422.994 1422.297 1421.58 1420.419 1419.817 1419.345 1418.467 1418.167 1417.873 1417.4 1417.162 1416.926 1416.693 1416.213 1415.984 1415.779 1415.269 1415.015 1414.698 1414.084 1413.68 1413.288 1412.838 1411.71 1410.969 1410.24 1408.654 1407.881 1406.999 1405.166 1404.313 1403.428 1402.324 1399.603
1424.101 1423.921 1423.539 1423.451 1423.374 1423.287 1423.211 1423.211 1423.234 1423.308 1423.378 1423.911 1424.361 1424.585 1424.801 1425.268 1425.606 1426.065 1426.948 1427.299 1427.604 1427.92 1428.065 1428.186 1428.045 1427.27 1426.538 1425.837 1424.311 1423.612 1422.907 1422.194 1420.957 1420.429 1419.959 1419.081 1418.784 1418.469 1417.903 1417.67 1417.434 1417.198 1416.726 1416.494 1416.25 1415.779 1415.541 1415.278 1414.533 1414.148 1413.752 1413.249 1412.062 1411.187 1410.384 1408.67 1407.741 1406.819 1404.888 1403.925 1402.949 1401.718 1398.779
1424.558 1424.34 1424.095 1423.937 1423.851 1423.678 1423.615 1423.609 1423.618 1423.697 1423.773 1423.911 1424.361 1424.856 1425.083 1425.59 1425.921 1426.283 1427.051 1427.413 1427.707 1427.949 1428.069 1428.186 1428.042 1427.343 1426.738 1426.042 1424.73 1424.042 1423.429 1422.872 1421.589 1420.93 1420.465 1419.669 1419.307 1418.996 1418.414 1418.186 1417.942 1417.706 1417.209 1416.93 1416.756 1416.297 1416.048 1415.756 1415.048 1414.637 1414.19 1413.704 1412.38 1411.463 1410.541 1408.583 1407.558 1406.613 1405.629 1403.502 1402.439 1401.121 1398.014
1425.001 1424.811 1424.48 1424.336 1424.255 1424.056 1423.998 1423.994 1423.926 1424.003 1424.095 1424.223 1424.638 1424.856 1425.083 1425.831 1426.172 1426.402 1427.175 1427.505 1427.718 1427.95 1428.145 1428.196 1428.123 1427.429 1426.844 1426.229 1425.091 1424.452 1423.837 1423.294 1422.187 1421.626 1421.079 1420.179 1419.813 1419.503 1418.875 1418.624 1418.458 1418.229 1417.656 1417.41 1417.19 1416.727 1416.491 1416.227 1415.926 1415.145 1414.71 1414.217 1412.725 1411.791 1410.697 1408.385 1407.295 1406.267 1405.24 1403.106 1402.009 1400.715 1397.626
1425.471 1425.259 1424.887 1424.74 1424.633 1424.383 1424.326 1424.324 1424.294 1424.329 1424.488 1424.561 1424.824 1424.981 1425.206 1425.831 1426.203 1426.517 1427.342 1427.682 1427.823 1428.051 1428.198 1428.191 1428.115 1427.457 1426.962 1426.415 1425.8 1424.718 1424.232 1423.614 1422.601 1422.083 1421.685 1420.679 1420.332 1420.014 1419.628 1419.105 1418.879 1418.652 1418.058 1417.851 1417.675 1417.178 1416.896 1416.661 1416.359 1415.704 1415.337 1414.738 1413.058 1411.993 1410.838 1408.255 1407.096 1405.989 1404.906 1402.798 1401.621 1400.346 1397.365
1425.919 1425.729 1425.291 1425.138 1424.978 1424.768 1424.71 1424.712 1424.692 1424.662 1424.792 1424.847 1425.126 1425.295 1425.522 1425.888 1426.203 1426.517 1427.121 1427.678 1427.843 1428.063 1428.21 1428.198 1428.117 1427.556 1427.05 1426.507 1425.964 1424.985 1424.451 1423.983 1422.939 1422.471 1422.013 1421.158 1420.735 1420.434 1420.115 1419.548 1419.374 1419.065 1418.526 1418.262 1418.109 1417.544 1417.306 1417.071 1416.767 1416.13 1415.769 1415.322 1413.341 1412.218 1410.961 1408.207 1406.926 1405.754 1404.686 1402.513 1401.275 1399.881 1397.118
1426.38 1426.141 1425.702 1425.545 1425.354 1425.077 1425.045 1425.01 1424.918 1425.012 1425.072 1425.083 1425.326 1425.493 1425.703 1426.104 1426.414 1426.74 1427.121 1427.678 1428.043 1428.196 1428.251 1428.312 1428.224 1427.589 1427.144 1426.605 1426.141 1425.098 1424.658 1424.272 1423.281 1422.882 1422.416 1421.624 1421.225 1420.842 1420.522 1419.993 1419.719 1419.546 1418.94 1418.652 1418.438 1417.959 1417.71 1417.409 1417.092 1416.423 1415.98 1415.557 1413.594 1412.417 1411.114 1408.29 1406.886 1405.636 1404.475 1402.147 1400.929 1399.623 1397.022
1426.778 1426.544 1426.089 1425.892 1425.687 1425.437 1425.405 1425.322 1425.268 1425.216 1425.274 1425.358 1425.532 1425.689 1425.834 1426.278 1426.546 1426.931 1427.325 1427.804 1428.043 1428.196 1428.356 1428.401 1428.311 1427.688 1427.236 1426.695 1426.227 1425.299 1424.854 1424.468 1423.476 1423.101 1422.711 1421.924 1421.559 1421.246 1420.931 1420.405 1420.099 1419.881 1419.366 1419.043 1418.742 1418.25 1417.935 1417.635 1417.394 1416.671 1416.246 1415.725 1413.963 1412.633 1411.144 1409.755 1406.951 1405.609 1404.322 1401.967 1400.783 1399.655 1397.102
1427.182 1426.948 1426.488 1426.299 1426.145 1425.847 1425.728 1425.625 1425.598 1425.482 1425.516 1425.56 1425.751 1425.871 1426.047 1426.481 1426.747 1427.059 1427.43 1427.883 1428.178 1428.306 1428.356 1428.402 1428.315 1427.783 1427.328 1426.788 1426.32 1425.389 1424.941 1424.556 1423.784 1423.42 1423.109 1422.73 1421.964 1421.655 1421.339 1420.858 1420.58 1420.199 1419.676 1419.383 1419.138 1418.775 1418.135 1417.828 1417.536 1416.794 1416.396 1415.855 1414.085 1412.711 1411.325 1409.882 1406.993 1405.569 1404.255 1401.942 1400.847 1399.735 1397.225
1427.587 1427.352 1426.91 1426.765 1426.613 1426.294 1426.127 1425.969 1425.849 1425.713 1425.74 1425.766 1425.947 1426.009 1426.251 1426.66 1426.97 1427.27 1427.545 1428.223 1428.428 1428.447 1428.42 1428.402 1428.315 1428.109 1427.417 1426.88 1426.414 1425.482 1425.035 1424.651 1423.922 1423.618 1423.312 1423.007 1422.265 1421.969 1421.73 1421.263 1421.011 1420.694 1419.967 1419.666 1419.363 1419.054 1418.33 1418.034 1417.732 1416.918 1416.4 1415.858 1414.048 1412.792 1411.471 1410.078 1407.052 1405.607 1404.297 1401.969 1400.84 1399.686 1397.311
1427.99 1427.755 1427.386 1427.213 1427.01 1426.85 1426.542 1426.379 1426.174 1426.028 1425.96 1426.01 1426.123 1426.253 1426.43 1426.688 1427.176 1427.478 1427.736 1428.433 1428.487 1428.596 1428.522 1428.511 1428.402 1428.109 1427.417 1426.958 1426.497 1425.568 1425.126 1424.746 1424.081 1423.738 1423.505 1423.204 1422.685 1422.379 1422.139 1421.678 1421.401 1421.013 1420.328 1419.962 1419.656 1419.282 1418.504 1418.127 1417.759 1416.938 1416.395 1415.85 1413.975 1412.719 1411.461 1410.091 1407.063 1405.673 1404.367 1402.098 1400.932 1399.779 1397.532
1428.391 1428.153 1427.843 1427.674 1427.476 1427.272 1426.93 1426.722 1426.517 1426.405 1426.327 1426.286 1426.342 1426.474 1426.607 1426.881 1427.377 1427.708 1428.128 1428.651 1428.764 1428.66 1428.637 1428.596 1428.413 1428.101 1427.426 1426.958 1426.497 1425.604 1425.224 1424.854 1424.343 1424.018 1423.728 1423.574 1423.051 1422.877 1422.568 1422.088 1421.809 1421.414 1420.687 1420.323 1419.86 1419.469 1418.712 1418.317 1417.864 1416.816 1416.29 1415.749 1413.904 1412.678 1411.435 1410.127 1407.134 1405.818 1404.51 1402.377 1401.195 1400.033 1397.805
1428.802 1428.623 1428.23 1428.089 1427.932 1427.691 1427.334 1427.14 1426.982 1426.746 1426.666 1426.585 1426.545 1426.682 1426.928 1427.121 1427.594 1427.957 1428.4 1428.795 1428.91 1428.851 1428.736 1428.672 1428.49 1428.111 1427.414 1426.939 1426.478 1425.604 1425.335 1425.039 1424.532 1424.25 1424.033 1423.868 1423.428 1423.211 1423.052 1422.536 1422.324 1421.924 1421.083 1420.64 1420.247 1419.793 1418.764 1418.319 1417.867 1416.801 1416.257 1415.633 1414.77 1412.599 1411.412 1410.113 1407.319 1406.02 1404.769 1402.529 1401.415 1400.308 1399.193
1429.289 1429.073 1428.689 1428.471 1428.266 1428.078 1427.757 1427.603 1427.445 1427.16 1427.073 1426.948 1426.858 1426.99 1427.193 1427.372 1427.883 1428.312 1428.666 1428.955 1428.917 1428.899 1428.847 1428.705 1428.502 1428.127 1427.41 1426.948 1426.486 1425.704 1425.335 1425.039 1424.9 1424.565 1424.331 1424.103 1423.894 1423.718 1423.487 1423.117 1422.857 1422.528 1422.069 1421.122 1420.646 1420.111 1418.92 1418.375 1417.769 1416.689 1416.152 1415.514 1414.561 1412.488 1411.307 1410.074 1407.353 1406.138 1404.965 1402.655 1401.689 1400.659 1399.635
1429.653 1429.479 1429.078 1428.871 1428.628 1428.472 1428.159 1427.996 1427.838 1427.56 1427.477 1427.356 1427.218 1427.315 1427.435 1427.664 1428.267 1428.682 1428.92 1429.087 1429.052 1428.966 1428.929 1428.853 1428.579 1428.201 1427.423 1427.026 1426.567 1425.786 1425.434 1425.145 1424.9 1424.565 1424.655 1424.594 1424.328 1424.267 1424.192 1423.683 1423.491 1423.14 1422.602 1421.719 1421.132 1420.437 1419.14 1418.454 1417.844 1416.737 1416.086 1415.301 1414.325 1412.222 1411.181 1409.951 1407.425 1406.222 1405.125 1402.935 1402.08 1401.125 1400.12
1430.018 1429.799 1429.617 1429.227 1429.106 1428.892 1428.582 1428.467 1428.307 1428.027 1427.94 1427.814 1427.674 1427.721 1427.84 1428.021 1428.658 1428.964 1429.111 1429.283 1429.223 1429.143 1429.061 1428.833 1428.596 1428.214 1427.439 1427.033 1426.572 1425.827 1425.547 1425.312 1425.102 1424.792 1424.655 1424.594 1424.852 1424.812 1424.808 1424.587 1424.283 1423.879 1423.409 1422.257 1421.525 1420.747 1419.325 1418.648 1418.036 1416.724 1415.955 1415.165 1414.19 1412.043 1410.98 1409.889 1407.478 1406.411 1405.399 1403.485 1402.566 1401.632 1400.699
1430.426 1430.253 1430.095 1429.73 1429.533 1429.349 1429.073 1428.98 1428.814 1428.533 1428.427 1428.27 1428.267 1428.249 1428.416 1428.558 1429.09 1429.314 1429.385 1429.452 1429.354 1429.277 1429.207 1428.863 1428.666 1428.315 1427.545 1427.137 1426.674 1425.934 1425.619 1425.344 1425.278 1425.091 1424.968 1424.967 1424.852 1425.55 1425.552 1425.316 1425.085 1424.785 1424.179 1422.864 1422.121 1421.264 1419.567 1418.819 1418.131 1416.701 1415.94 1415.136 1414.082 1411.869 1410.742 1409.741 1407.557 1406.508 1405.589 1404.732 1402.909 1402.034 1401.046
1430.922 1430.759 1430.605 1430.274 1430.1 1429.935 1429.557 1429.483 1429.384 1429.15 1429.001 1428.912 1428.988 1428.903 1429.035 1429.188 1429.547 1429.663 1429.69 1429.651 1429.567 1429.491 1429.386 1428.976 1428.69 1428.362 1427.6 1427.202 1426.766 1426.002 1425.742 1425.565 1425.545 1425.312 1425.276 1425.284 1425.397 1425.55 1425.552 1426.38 1426.148 1425.632 1425.069 1423.495 1422.6 1421.659 1419.708 1418.888 1418.116 1417.347 1415.824 1415.013 1413.95 1411.877 1410.806 1409.81 1407.719 1406.79 1405.868 1405.012 1403.29 1402.424 1401.49
1431.455 1431.352 1431.127 1430.842 1430.631 1430.534 1430.233 1430.141 1429.994 1429.769 1429.703 1429.631 1429.643 1429.678 1429.706 1429.813 1429.995 1430.02 1430.053 1429.842 1429.755 1429.638 1429.482 1429.096 1428.784 1428.394 1427.623 1427.231 1426.818 1426.364 1425.891 1425.732 1425.662 1425.589 1425.594 1425.69 1425.968 1426.204 1426.375 1426.403 1426.148 1426.586 1425.827 1424.117 1423.052 1421.959 1419.963 1419.03 1418.107 1417.251 1415.666 1414.805 1413.89 1411.898 1410.87 1409.799 1407.914 1407.008 1406.158 1405.302 1403.729 1402.925 1401.986
1432.046 1431.888 1431.706 1431.483 1431.303 1431.15 1430.868 1430.788 1430.677 1430.447 1430.426 1430.337 1430.321 1430.389 1430.436 1430.454 1430.43 1430.424 1430.364 1430.161 1429.988 1429.785 1429.634 1429.134 1428.888 1428.502 1427.682 1427.281 1426.844 1426.438 1426.05 1425.857 1425.85 1425.956 1425.934 1426.093 1426.576 1426.837 1427.143 1427.265 1427.052 1426.586 1426.563 1424.533 1423.407 1422.24 1420.089 1419.101 1418.2 1417.424 1415.598 1414.675 1413.757 1411.918 1410.971 1409.972 1408.099 1407.19 1406.357 1405.575 1403.987 1403.157 1402.439
