var/www/cgi-bin/BAERTOOLS/ravel/working/ravel-12053.DEM
NCOLS 82
NROWS 113
XLLCORNER 616413.99
YLLCORNER 4621855.4
CELLSIZE 10
NODATA_VALUE -9999
[rows 0 to 27 of 113, columns 0 to 62 of 82]
1446.117 1445.906 1445.696 1445.39 1445.291 1445.157 1444.803 1444.583 1444.345 1443.784 1443.484 1443.154 1442.779 1441.991 1441.601 1441.213 1440.268 1439.838 1439.487 1439.4 1439.463 1439.412 1439.386 1439.323 1439.264 1439.317 1439.591 1439.82 1440.236 1440.769 1440.967 1440.729 1440.151 1437.429 1435.421 1433.236 1429.359 1428.161 1427.28 1426.619 1426.088 1425.969 1426.004 1425.789 1425.696 1425.445 1425.003 1424.775 1424.626 1424.381 1423.875 1423.635 1423.367 1422.84 1422.61 1422.355 1421.851 1421.635 1421.43 1421.197 1420.798 1420.591 1420.388
1446.791 1446.565 1446.352 1446.003 1445.846 1445.664 1445.264 1445.036 1444.769 1444.501 1443.88 1443.528 1443.159 1442.385 1442.007 1441.705 1440.724 1440.208 1439.872 1439.903 1439.628 1439.453 1439.375 1439.343 1439.339 1439.341 1439.591 1439.82 1440.781 1441.24 1441.308 1440.927 1440.101 1436.958 1434.76 1432.432 1428.761 1427.626 1426.894 1426.512 1426.185 1426.117 1426.013 1425.818 1425.699 1425.487 1425.203 1425.053 1424.955 1424.806 1424.394 1424.218 1424.017 1423.596 1423.418 1423.147 1422.716 1422.464 1422.22 1421.982 1421.556 1421.34 1421.144
1447.504 1447.313 1447.068 1446.65 1446.431 1446.187 1445.834 1445.578 1445.287 1444.982 1444.324 1443.965 1443.627 1442.854 1442.484 1442.144 1441.315 1440.885 1440.437 1440.094 1439.415 1439.329 1439.301 1439.287 1439.284 1439.281 1439.621 1440.159 1440.781 1441.232 1441.265 1440.813 1439.908 1436.441 1434.162 1431.804 1428.398 1427.331 1426.732 1426.485 1426.251 1426.174 1425.993 1425.859 1425.736 1425.639 1425.524 1425.453 1425.372 1425.328 1425.016 1424.908 1424.744 1424.385 1424.22 1423.986 1423.78 1423.271 1423.008 1422.732 1422.255 1422.031 1421.795
1448.242 1448.069 1447.812 1447.323 1447.063 1446.819 1446.438 1446.169 1445.872 1445.525 1444.83 1444.474 1444.101 1443.308 1442.921 1442.539 1441.74 1441.317 1440.863 1440.286 1439.38 1439.338 1439.339 1439.323 1439.315 1439.315 1439.686 1440.276 1440.887 1441.232 1441.265 1440.42 1439.555 1435.875 1433.641 1431.376 1428.312 1427.354 1426.798 1426.567 1426.289 1426.147 1425.98 1425.925 1425.838 1425.854 1425.88 1425.974 1425.923 1425.903 1425.748 1425.698 1425.531 1425.235 1425.038 1424.857 1424.595 1424.071 1423.808 1423.478 1422.887 1422.668 1422.406
1449.016 1448.833 1448.559 1448.046 1447.753 1447.526 1447.096 1446.822 1446.494 1446.172 1445.413 1445.055 1444.638 1443.773 1443.339 1442.915 1442.004 1441.503 1441.048 1440.451 1439.56 1439.524 1439.504 1439.481 1439.465 1439.468 1439.516 1440.208 1440.713 1440.899 1440.866 1440.42 1439.555 1435.173 1433.148 1430.888 1429.156 1427.274 1426.794 1426.623 1426.34 1426.193 1426.038 1425.999 1426.046 1426.165 1426.283 1426.524 1426.575 1426.621 1426.569 1426.534 1426.429 1426.147 1425.947 1425.686 1425.424 1424.887 1424.564 1424.232 1423.549 1423.312 1423.065
1449.895 1449.614 1449.327 1448.809 1448.533 1448.312 1447.849 1447.584 1447.271 1446.95 1446.267 1445.889 1445.394 1444.505 1444.009 1443.48 1442.949 1441.783 1441.244 1440.555 1439.646 1439.635 1439.62 1439.602 1439.591 1439.621 1439.906 1440.109 1440.353 1440.487 1440.293 1439.822 1439.057 1435.173 1433.148 1430.599 1428.907 1427.192 1426.967 1426.805 1426.555 1426.568 1426.552 1426.491 1426.649 1426.786 1426.923 1427.19 1427.304 1427.349 1427.26 1427.154 1427.043 1426.826 1426.69 1426.492 1426.244 1425.499 1425.161 1424.772 1424.146 1423.902 1423.611
1450.677 1450.338 1449.975 1449.481 1449.19 1448.977 1448.805 1448.349 1448.094 1447.873 1447.329 1446.912 1446.394 1445.393 1444.799 1444.134 1443.488 1442.212 1441.628 1440.825 1439.672 1439.717 1439.715 1439.706 1439.722 1439.824 1440.062 1440.094 1440.099 1440.115 1439.921 1439.411 1437.89 1434.205 1432.261 1430.599 1428.821 1427.289 1427.186 1427.107 1427.016 1427.065 1427.043 1427.296 1427.39 1427.445 1427.563 1427.788 1427.833 1427.877 1427.779 1427.684 1427.651 1427.454 1427.294 1427.034 1426.777 1426.216 1425.881 1425.55 1424.925 1424.59 1424.21
1451.39 1451.062 1450.673 1450.036 1449.811 1449.59 1449.434 1449.142 1448.922 1448.82 1448.228 1447.824 1447.41 1446.274 1445.595 1444.907 1444.207 1442.795 1441.997 1441.154 1439.781 1439.769 1439.777 1439.782 1439.878 1440.166 1440.24 1440.236 1440.19 1440.163 1439.307 1437.897 1436.404 1433.258 1431.69 1430.122 1428.821 1427.289 1427.49 1427.47 1427.609 1427.722 1427.773 1427.862 1427.941 1428.069 1428.196 1428.304 1428.356 1428.406 1428.359 1428.302 1428.193 1428.087 1427.836 1427.568 1427.317 1426.819 1426.556 1426.234 1425.485 1425.17 1424.844
1452.047 1451.71 1451.318 1450.58 1450.342 1450.186 1450.083 1449.946 1449.847 1449.836 1449.299 1448.92 1448.475 1447.227 1446.484 1445.768 1444.945 1443.261 1442.345 1441.407 1439.885 1439.749 1439.776 1439.838 1439.998 1440.213 1440.365 1440.441 1440.341 1440.112 1438.132 1436.885 1435.584 1432.741 1431.179 1429.747 1428.859 1427.674 1427.49 1427.47 1428.066 1428.182 1428.243 1428.295 1428.516 1428.571 1428.699 1428.819 1428.872 1428.925 1428.888 1428.838 1428.732 1428.632 1428.307 1428.106 1427.783 1427.278 1427.013 1426.692 1426.136 1425.809 1425.489
1452.54 1452.214 1451.89 1451.162 1450.866 1450.789 1450.74 1451.153 1451.018 1450.884 1450.515 1450.235 1449.738 1448.269 1447.458 1446.531 1445.577 1443.675 1442.726 1441.75 1440.101 1439.699 1439.72 1439.74 1440.123 1440.294 1440.447 1440.409 1440.164 1439.538 1437.416 1436.286 1435.125 1433.894 1431.257 1430.149 1429.192 1428.234 1428.079 1428.046 1428.066 1428.182 1428.798 1428.862 1429.088 1429.155 1429.282 1429.374 1429.367 1429.421 1429.346 1429.274 1429.252 1429.164 1428.805 1428.55 1428.301 1427.773 1427.462 1427.218 1426.684 1426.385 1426.14
1453.015 1452.679 1452.361 1451.817 1451.59 1451.53 1451.629 1451.924 1451.857 1451.733 1451.543 1451.34 1450.817 1450.163 1448.339 1447.393 1446.41 1444.311 1443.282 1442.294 1440.59 1440.172 1440.018 1440.024 1440.363 1440.52 1440.464 1440.03 1439.579 1438.854 1436.958 1435.853 1434.705 1433.605 1431.499 1430.443 1429.718 1428.747 1428.681 1428.591 1428.581 1428.671 1428.798 1429.441 1429.667 1429.717 1429.777 1429.875 1429.853 1429.835 1429.808 1429.802 1429.768 1429.607 1429.262 1429.083 1428.84 1428.236 1427.997 1427.754 1427.273 1426.997 1426.688
1453.591 1453.302 1452.969 1452.698 1452.312 1452.245 1452.368 1452.546 1452.453 1452.413 1452.175 1451.938 1451.618 1451.089 1449.216 1448.173 1447.117 1445.027 1443.977 1443.039 1441.45 1440.986 1440.726 1440.65 1440.62 1440.506 1440.265 1439.415 1438.844 1438.122 1436.402 1435.435 1434.528 1433.606 1431.759 1431.054 1430.269 1429.543 1429.32 1429.224 1429.24 1429.301 1429.366 1429.441 1429.667 1430.232 1430.288 1430.369 1430.345 1430.336 1430.332 1430.29 1430.194 1430.106 1429.755 1429.504 1429.263 1428.775 1428.53 1428.287 1427.803 1427.567 1427.315
1454.152 1453.826 1453.572 1453.373 1453.118 1453.052 1453.175 1453.245 1453.152 1453.124 1452.763 1452.498 1452.189 1451.736 1449.876 1448.782 1447.759 1445.687 1444.609 1443.718 1442.1 1441.441 1441.102 1440.82 1440.666 1440.458 1439.953 1438.915 1438.283 1437.613 1436.093 1435.296 1434.508 1433.747 1432.194 1431.558 1431.019 1430.309 1430.037 1429.914 1429.884 1429.906 1429.971 1430.108 1430.227 1430.232 1430.288 1430.833 1430.766 1430.766 1430.828 1430.802 1430.701 1430.542 1430.168 1429.943 1429.778 1429.348 1429.164 1428.919 1428.681 1428.092 1427.847
1454.732 1454.488 1454.317 1454.208 1453.992 1453.915 1453.981 1453.882 1453.746 1453.735 1453.333 1452.985 1452.603 1452.156 1450.5 1449.447 1448.384 1446.259 1445.029 1444.04 1442.291 1441.665 1441.171 1440.699 1440.423 1440.125 1439.606 1438.537 1437.955 1437.307 1435.928 1435.265 1434.578 1433.932 1432.806 1432.303 1431.849 1430.993 1430.804 1430.717 1430.63 1430.664 1430.674 1430.719 1430.863 1430.909 1430.898 1430.833 1430.766 1431.393 1431.382 1431.219 1431.138 1431.052 1430.631 1430.477 1430.317 1429.943 1429.691 1429.452 1429.215 1428.626 1428.381
1455.478 1455.269 1455.167 1454.999 1454.811 1454.778 1454.692 1454.585 1454.403 1454.253 1453.8 1453.471 1453.004 1452.55 1451.156 1450.136 1449.128 1446.673 1445.424 1444.206 1443.141 1441.246 1440.26 1440.016 1440.003 1439.742 1439.296 1438.23 1437.698 1437.128 1436.434 1435.377 1434.797 1434.222 1433.312 1432.943 1432.536 1431.84 1431.691 1431.528 1431.416 1431.326 1431.403 1431.392 1431.453 1431.438 1431.428 1431.42 1431.412 1431.393 1431.908 1431.754 1431.648 1431.493 1431.172 1431.036 1430.936 1430.468 1430.226 1429.986 1429.753 1429.167 1428.917
1456.169 1456.032 1455.931 1455.76 1455.668 1455.578 1455.487 1455.124 1455.007 1454.765 1454.531 1454.016 1453.524 1453.002 1451.619 1450.503 1449.395 1446.887 1445.561 1444.179 1442.451 1440.218 1439.767 1439.763 1439.555 1439.276 1438.857 1437.993 1437.511 1436.965 1436.43 1435.555 1435.078 1434.572 1433.786 1433.455 1433.183 1432.544 1432.358 1432.263 1432.12 1432.07 1432.111 1432.109 1432.1 1432.077 1432.09 1432.058 1432.019 1431.932 1431.908 1431.754 1432.106 1432.026 1431.753 1431.62 1431.379 1431.011 1430.733 1430.433 1430.264 1429.775 1429.471
1457.075 1456.752 1456.596 1456.503 1456.335 1456.231 1456.069 1455.7 1455.496 1455.333 1455.045 1454.315 1453.911 1453.39 1451.958 1450.932 1449.71 1446.982 1445.524 1443.994 1442.275 1439.939 1439.632 1439.556 1439.06 1438.734 1438.518 1437.738 1437.377 1436.92 1436.496 1435.731 1435.38 1434.954 1434.24 1433.949 1433.716 1433.11 1432.975 1432.958 1432.923 1432.743 1432.759 1432.725 1432.804 1432.767 1432.797 1432.704 1432.677 1432.583 1432.475 1432.262 1432.106 1432.026 1432.293 1432.064 1431.906 1431.667 1431.292 1431.052 1430.81 1430.306 1430.003
1457.704 1457.5 1457.345 1457.255 1456.931 1456.793 1456.704 1456.25 1455.988 1455.688 1455.458 1454.713 1454.231 1453.636 1452.19 1451.185 1449.956 1447.004 1445.489 1444.016 1442.502 1440.202 1439.6 1439.282 1438.806 1438.491 1438.242 1437.563 1437.252 1436.919 1436.572 1435.901 1435.581 1435.233 1434.637 1434.408 1434.166 1433.784 1433.648 1433.569 1433.533 1433.41 1433.445 1433.379 1433.496 1433.551 1433.448 1433.433 1433.377 1433.277 1433.111 1432.899 1432.758 1432.66 1432.293 1432.675 1432.526 1432.297 1431.808 1431.577 1431.338 1430.967 1430.708
1458.331 1458.172 1458.069 1457.907 1457.643 1457.411 1457.251 1456.838 1456.545 1456.302 1455.932 1455.034 1454.538 1453.856 1452.303 1451.244 1449.864 1447.125 1445.606 1444.108 1442.845 1440.671 1439.871 1439.424 1438.653 1438.356 1438.041 1437.729 1437.185 1436.895 1436.696 1436.023 1435.769 1435.506 1434.994 1434.801 1434.613 1434.49 1434.259 1434.182 1434.125 1434.054 1434.063 1434.122 1434.212 1434.264 1434.2 1434.189 1434.033 1433.934 1433.771 1433.559 1433.441 1433.259 1432.888 1432.675 1432.526 1432.898 1432.463 1432.292 1432.056 1431.459 1431.211
1458.983 1458.873 1458.722 1458.635 1458.269 1458.153 1457.915 1457.506 1457.149 1456.758 1456.376 1455.409 1454.775 1454.09 1452.365 1451.289 1450.042 1448.771 1445.629 1444.113 1442.634 1440.507 1439.712 1439.243 1438.562 1438.269 1438.022 1437.769 1437.267 1436.959 1436.74 1436.279 1436.042 1435.804 1435.408 1435.218 1435.069 1434.983 1434.811 1434.732 1434.734 1434.697 1434.733 1434.891 1434.972 1434.989 1435.01 1434.98 1434.822 1434.732 1434.595 1434.244 1434.073 1433.827 1433.415 1433.218 1433.109 1432.898 1432.463 1432.874 1432.638 1432.061 1431.811
1459.637 1459.449 1459.353 1459.193 1458.998 1458.81 1458.579 1458.42 1457.824 1457.407 1456.87 1455.878 1455.2 1454.358 1452.61 1451.509 1450.173 1448.647 1445.793 1444.023 1442.271 1439.747 1439.364 1439.1 1438.531 1438.288 1438.05 1437.817 1437.322 1437.088 1436.963 1436.533 1436.291 1436.109 1435.865 1435.686 1435.521 1435.434 1435.372 1435.358 1435.298 1435.381 1435.407 1435.556 1435.627 1435.714 1435.78 1435.729 1435.54 1435.436 1435.362 1434.967 1434.848 1434.609 1434.133 1433.89 1433.633 1433.473 1433.118 1432.874 1432.638 1432.594 1432.331
1460.365 1460.073 1459.979 1459.83 1459.61 1459.554 1459.316 1459.085 1458.455 1458.073 1457.688 1456.308 1455.517 1454.666 1452.749 1451.702 1450.369 1449.045 1445.943 1443.959 1442.239 1439.678 1439.397 1439.18 1438.512 1438.317 1438.144 1437.904 1437.497 1437.262 1437.124 1436.783 1436.65 1436.488 1436.214 1436.13 1436.056 1435.918 1435.839 1435.914 1435.917 1436.018 1436.058 1436.166 1436.428 1436.501 1436.526 1436.53 1436.358 1436.22 1436.078 1435.676 1435.464 1435.201 1434.976 1434.599 1434.284 1434.101 1433.625 1433.381 1433.16 1432.594 1432.965
1460.365 1460.626 1460.502 1460.43 1460.189 1460.095 1459.948 1459.8 1459.233 1458.877 1458.333 1456.948 1455.989 1455.056 1453.067 1451.975 1450.716 1449.472 1446.538 1444.466 1442.838 1440.327 1439.608 1439.19 1438.487 1438.268 1438.052 1437.871 1437.573 1437.449 1437.288 1437.093 1436.983 1436.814 1436.633 1436.539 1436.537 1436.422 1436.365 1436.434 1436.455 1436.608 1436.711 1436.83 1437.131 1437.436 1437.439 1437.396 1437.217 1437.043 1436.796 1436.424 1436.126 1435.839 1435.65 1435.258 1434.962 1434.698 1434.188 1433.912 1433.745 1433.252 1432.965
1460.959 1460.626 1460.502 1460.913 1460.829 1460.822 1460.75 1460.604 1460.219 1459.788 1459.245 1457.788 1456.855 1455.75 1453.552 1452.608 1451.586 1450.505 1447.274 1445.184 1443.352 1440.51 1439.559 1439.069 1438.804 1438.327 1438.106 1438.002 1437.741 1437.64 1437.476 1437.298 1437.228 1437.183 1437.118 1437 1436.936 1436.905 1436.897 1436.935 1437.019 1437.226 1437.405 1437.555 1437.88 1438.334 1438.374 1438.288 1438.007 1437.751 1437.514 1437.024 1436.746 1436.516 1436.28 1435.803 1435.56 1435.242 1434.757 1434.525 1434.283 1433.825 1433.603
1461.473 1461.068 1461.004 1460.913 1460.829 1461.369 1461.448 1461.389 1461.074 1460.802 1460.334 1458.846 1457.861 1456.842 1455.824 1453.704 1452.897 1452.147 1448.15 1445.78 1443.721 1440.54 1439.485 1439.013 1438.693 1438.327 1438.191 1438.185 1437.851 1437.84 1437.75 1437.558 1437.503 1437.502 1437.479 1437.438 1437.41 1437.403 1437.375 1437.408 1437.565 1437.792 1438.031 1438.273 1438.602 1439.176 1439.203 1439.12 1438.628 1438.364 1438.129 1437.579 1437.363 1437.156 1436.89 1436.416 1436.164 1435.854 1435.367 1435.13 1434.895 1434.475 1434.308
1461.97 1461.561 1461.455 1461.314 1461.312 1461.369 1462.245 1462.261 1462.108 1461.909 1461.545 1460.388 1459.495 1458.363 1457.083 1454.957 1453.924 1452.767 1448.78 1446.293 1444.081 1440.911 1439.744 1438.99 1438.706 1438.506 1438.359 1438.29 1438.15 1438.115 1437.963 1437.963 1437.881 1437.871 1437.847 1438.009 1437.987 1437.984 1437.96 1437.975 1438.073 1438.354 1438.627 1439.003 1439.407 1439.823 1439.862 1439.782 1439.213 1438.906 1438.667 1438.216 1438.029 1437.831 1437.554 1437.021 1436.773 1436.458 1435.975 1435.738 1435.501 1435.058 1434.898
1462.462 1461.983 1461.852 1461.81 1461.875 1462.094 1462.245 1462.261 1463.027 1462.971 1462.918 1462.063 1461.266 1460.183 1458.636 1455.698 1454.26 1452.402 1448.938 1446.816 1444.747 1441.335 1440.09 1439.27 1439.002 1438.702 1438.545 1438.395 1438.328 1438.254 1438.234 1438.252 1438.3 1438.365 1438.481 1438.66 1438.688 1438.614 1438.579 1438.588 1438.66 1439.024 1439.347 1439.677 1439.91 1440.271 1440.308 1440.226 1439.741 1439.484 1439.292 1439.09 1438.687 1438.439 1438.176 1437.614 1437.345 1437.063 1436.544 1436.312 1436.08 1435.843 1435.38
1462.974 1462.406 1462.306 1462.32 1462.398 1462.751 1462.964 1463.058 1463.027 1462.971 1463.965 1463.578 1462.926 1461.886 1460.306 1455.907 1453.972 1451.966 1448.781 1447.357 1445.433 1442.156 1440.914 1439.743 1439.151 1438.983 1438.743 1438.587 1438.498 1438.549 1438.545 1438.798 1438.898 1438.964 1439.114 1439.254 1439.246 1439.228 1439.2 1439.208 1439.292 1439.431 1439.904 1440.094 1440.281 1440.612 1440.647 1440.564 1440.193 1440.01 1439.858 1439.753 1439.302 1439.052 1438.73 1438.209 1437.901 1437.673 1437.088 1436.844 1436.581 1436.371 1435.921
