var/www/cgi-bin/BAERTOOLS/ravel/working/ravel-13116.DEM
NCOLS 92
NROWS 84
XLLCORNER 451988.49
YLLCORNER 3764865.4
CELLSIZE 10
NODATA_VALUE -9999
[rows 0 to 27 of 84, columns 0 to 62 of 92]
255.6654 255.6694 255.7622 255.7664 255.7923 255.8412 255.8631 255.8739 256.0524 256.064 256.1062 256.1985 256.2831 256.3679 256.5371 256.6224 256.7428 256.8415 256.879 256.9181 256.9619 256.9222 256.9011 256.8955 256.8526 256.804 256.6742 256.5589 256.4666 256.3504 256.1633 256.0039 255.7604 255.5815 255.4115 255.2313 255.0745 254.9964 254.8286 254.7267 254.5872 254.4561 254.3757 254.2972 254.1177 254.0934 254.0692 254.0108 253.9936 254.086 254.173 254.2127 254.2429 254.3152 254.4061 254.5053 254.5578 254.6408 254.7327 254.7967 254.8217 254.887 254.9545
255.4706 255.4609 255.5489 255.5761 255.5535 255.5977 255.6664 255.6714 255.7993 255.8368 255.905 255.996 256.0855 256.1693 256.3318 256.4099 256.558 256.7086 256.7718 256.8227 256.9238 256.8919 256.8392 256.8148 256.7996 256.7074 256.5335 256.4032 256.293 256.2082 256.0751 255.9047 255.6452 255.4932 255.3131 255.1647 255.0462 254.9077 254.7333 254.6516 254.5506 254.4487 254.3489 254.2 254.0178 254.0002 253.9573 253.8853 253.8923 253.9108 253.982 254.0552 254.1276 254.2162 254.3004 254.4459 254.4648 254.5227 254.6254 254.6768 254.6828 254.7721 254.8406
255.2255 255.2659 255.2999 255.306 255.3299 255.3752 255.4129 255.4683 255.5515 255.6105 255.7082 255.7686 255.8112 255.9066 256.1318 256.209 256.3124 256.4473 256.5775 256.6666 256.7607 256.7656 256.7054 256.6474 256.6365 256.5421 256.3697 256.2632 256.1245 256.008 255.9074 255.7252 255.4549 255.3176 255.1267 254.9906 254.8945 254.7205 254.5424 254.4558 254.3706 254.2872 254.1951 254.0868 253.9115 253.8406 253.8 253.7959 253.7847 253.7751 253.8581 253.9366 254.0191 254.1002 254.2003 254.4546 254.5282 254.5536 254.5919 254.6849 254.7502 254.8331 254.8673
254.9639 255.0016 255.0396 255.0443 255.1077 255.1561 255.1703 255.26 255.3349 255.4164 255.5147 255.5518 255.5575 255.6499 255.917 256.0195 256.0948 256.1941 256.3073 256.393 256.4875 256.4778 256.4644 256.4216 256.3665 256.3387 256.1614 256.0878 255.9495 255.7959 255.7129 255.5945 255.3289 255.1806 255.0338 254.9112 254.7637 254.6637 254.4851 254.4001 254.3147 254.2293 254.1442 254.0605 253.8946 253.7515 253.6791 253.6754 253.6051 253.6042 253.7219 253.8883 254.0122 254.0913 254.1798 254.3662 254.4521 254.528 254.6102 254.6707 254.6863 254.7831 254.7817
254.76 254.7443 254.8359 254.856 254.8656 254.9112 254.9569 254.9899 255.1304 255.1724 255.2294 255.3027 255.364 255.4533 255.6497 255.7481 255.8297 255.9126 255.9943 256.081 256.1729 256.2236 256.2157 256.1536 256.1283 256.0638 255.9475 255.8368 255.6926 255.5949 255.5146 255.4201 255.1411 255.0504 254.9547 254.8615 254.7373 254.5928 254.5034 254.4138 254.3243 254.2335 254.1487 253.9711 253.8958 253.7508 253.5797 253.4969 253.4791 253.3932 253.5891 253.8064 253.9252 253.9994 254.0845 254.2539 254.3385 254.4281 254.5181 254.6028 254.6686 254.6731 254.6706
254.5067 254.5533 254.5746 254.6329 254.643 254.6796 254.7482 254.7503 254.8727 254.9092 254.9859 255.0842 255.1481 255.1871 255.3716 255.4287 255.5185 255.6026 255.6863 255.7743 255.8702 255.8784 255.9231 255.9271 255.842 255.7535 255.6835 255.5838 255.4846 255.3985 255.3068 255.2183 255.0284 254.8842 254.7992 254.7731 254.6727 254.5708 254.4138 254.3175 254.2747 254.2477 254.154 254.0491 253.9183 253.803 253.5939 253.3378 253.2954 253.2007 253.3792 253.6517 253.8571 253.9949 254.0772 254.2418 254.3311 254.3657 254.4001 254.4975 254.5727 254.6415 254.6627
254.2549 254.2886 254.3411 254.3573 254.4131 254.4572 254.4887 254.5459 254.6218 254.7094 254.7542 254.7993 254.8872 254.9409 255.039 255.1152 255.2062 255.2949 255.3835 255.4668 255.5491 255.5608 255.5664 255.5781 255.5596 255.5336 255.3709 255.2815 255.1904 255.1345 255.1103 255.0167 254.8367 254.7366 254.644 254.6024 254.581 254.4884 254.3794 254.321 254.2337 254.1527 254.0741 254.0592 253.9891 253.9215 253.6601 253.2864 253.1644 253.0678 253.1971 253.5544 253.8345 253.8944 253.9761 254.2261 254.3425 254.3607 254.398 254.4663 254.4781 254.5746 254.5714
253.9809 254.0364 254.1312 254.1389 254.1437 254.1927 254.2443 254.2706 254.3543 254.4256 254.5066 254.54 254.5717 254.6556 254.8037 254.8988 254.9378 254.9798 255.0616 255.0743 255.1405 255.2242 255.2611 255.2281 255.164 255.1559 255.1227 255.0593 254.9671 254.8806 254.818 254.81 254.7191 254.6269 254.5409 254.455 254.3987 254.3022 254.2168 254.1942 254.1464 254.0759 254.0528 254.0519 254.0064 253.9237 253.7533 253.4065 253.063 252.974 252.9543 253.2858 253.7256 253.8955 253.9704 254.1447 254.2348 254.325 254.3659 254.3865 254.4632 254.4684 254.4679
253.802 253.8246 253.8434 253.9056 253.9332 253.9301 253.9642 254.0252 254.1148 254.1411 254.1935 254.2737 254.3405 254.4345 254.5404 254.5993 254.6865 254.7346 254.7352 254.7398 254.8254 254.8981 254.9051 254.8315 254.8327 254.9036 254.9145 254.853 254.7505 254.6926 254.6679 254.6016 254.5974 254.5395 254.4439 254.3528 254.266 254.187 254.1213 254.0266 253.9777 253.9819 253.961 253.9529 253.9824 253.9097 253.8989 253.636 252.9521 252.7953 252.7429 253.0114 253.487 253.8287 253.9751 254.1465 254.1637 254.2085 254.3064 254.368 254.3674 254.3652 254.3636
253.6961 253.6927 253.6884 253.708 253.7097 253.7328 253.7963 253.8144 253.827 253.8826 253.9634 254.058 254.1293 254.1461 254.2942 254.383 254.4288 254.458 254.5077 254.5109 254.6022 254.6755 254.6658 254.616 254.6932 254.7057 254.7018 254.7025 254.6412 254.5818 254.571 254.4877 254.4252 254.3283 254.2868 254.2628 254.1724 254.002 253.9117 253.8726 253.8741 253.8746 253.8726 253.8711 253.8732 253.8686 253.8729 253.7308 253.1716 252.651 252.5872 252.6711 253.173 253.741 253.8773 254.0413 254.1325 254.1633 254.1973 254.2669 254.2643 254.2572 254.3233
253.5928 253.5927 253.585 253.5753 253.6196 253.6793 253.6909 253.6882 253.685 253.6862 253.7484 253.814 253.8374 253.9132 254.0884 254.1208 254.1569 254.2373 254.3235 254.3869 254.4688 254.4434 254.4371 254.4945 254.4915 254.4992 254.5226 254.4846 254.4912 254.4541 254.3884 254.3019 254.2843 254.229 254.1376 254.058 253.9681 253.8779 253.8054 253.7674 253.7767 253.7755 253.7749 253.7735 253.7704 253.7614 253.8072 253.8939 253.6298 252.5219 252.5049 252.4007 252.7539 253.5024 253.8711 254.0427 254.0675 254.0541 254.0936 254.1634 254.1609 254.1537 254.2194
253.4888 253.4797 253.5443 253.5625 253.5781 253.5904 253.5875 253.5872 253.5758 253.6305 253.6809 253.6839 253.6801 253.696 253.8829 253.899 253.9318 254.0271 254.1175 254.203 254.3009 254.2865 254.2759 254.3148 254.3784 254.3793 254.3796 254.3742 254.3844 254.3531 254.2763 254.1931 254.1032 254.0791 254.044 253.9498 253.8601 253.6896 253.6747 253.6206 253.5659 253.5716 253.571 253.5656 253.6346 253.6665 253.7125 253.7734 253.4802 252.364 252.3608 252.2672 252.4467 253.1407 253.7569 253.9392 253.9583 254.0069 254.0647 254.0571 254.0562 254.0503 254.1157
253.3978 253.4576 253.4835 253.4887 253.4863 253.4851 253.4852 253.4818 253.5437 253.5834 253.5847 253.5748 253.5895 253.6637 253.6792 253.7333 253.8317 253.8874 253.9019 253.9892 254.0882 254.1411 254.1791 254.2039 254.2812 254.2767 254.273 254.2826 254.2387 254.1714 254.1743 254.0923 254.0009 253.9186 253.8284 253.7719 253.7605 253.5851 253.4957 253.4606 253.4652 253.4646 253.4641 253.4637 253.4636 253.4688 253.4496 253.2924 252.9195 252.286 252.1833 252.133 252.202 252.6086 253.3639 253.8716 253.9161 253.9612 253.954 253.9535 253.953 253.9472 254.0082
253.3696 253.3857 253.3841 253.3833 253.3835 253.3803 253.3709 253.3805 253.4823 253.4818 253.4702 253.4997 253.5715 253.5782 253.6418 253.6782 253.6723 253.7012 253.7929 253.8748 253.9469 253.9771 254.0185 254.0743 254.0928 254.1791 254.1802 254.1197 254.0648 254.0739 254.0588 253.9699 253.9075 253.8139 253.7269 253.6371 253.5682 253.4866 253.3905 253.3558 253.3621 253.3612 253.3632 253.2802 253.2573 253.2249 253.052 252.8079 252.6286 252.1085 252.044 252.0091 251.8992 252.0637 252.7488 253.6819 253.744 253.7838 253.8495 253.8517 253.8504 253.8493 253.8379
253.2832 253.282 253.2814 253.2764 253.2662 253.3025 253.3609 253.3665 253.3787 253.3668 253.412 253.4752 253.4771 253.4731 253.5458 253.571 253.6085 253.673 253.6702 253.6767 253.8469 253.8692 253.9121 253.9771 253.97 253.9715 253.9707 253.9675 253.9729 253.9431 253.8693 253.7869 253.6912 253.6636 253.6311 253.5339 253.4634 253.3839 253.2878 253.2523 253.2641 253.2347 253.1567 253.1599 253.0262 252.8945 252.7868 252.5871 252.3381 251.9898 251.944 251.903 251.8237 251.8957 252.2303 253.0019 253.3046 253.4634 253.584 253.7297 253.733 253.7368 253.736
253.1783 253.1725 253.1669 253.2285 253.2634 253.2697 253.2769 253.2763 253.2698 253.328 253.376 253.374 253.3696 253.3773 253.469 253.5247 253.574 253.5654 253.583 253.6572 253.7382 253.7738 253.7612 253.7945 253.8682 253.8658 253.8651 253.8714 253.8251 253.7577 253.7634 253.6829 253.587 253.5596 253.5283 253.4311 253.36 253.2811 253.1848 253.1545 253.1167 253.0519 253.0417 252.8641 252.7863 252.6434 252.5036 252.4061 252.235 251.891 251.7722 251.7425 251.7001 251.6606 251.8178 252.4628 252.7809 252.9857 253.1629 253.3159 253.4147 253.5119 253.5748
253.0883 253.1563 253.1628 253.1718 253.1751 253.1738 253.1733 253.1723 253.1613 253.228 253.278 253.2705 253.2655 253.2712 253.3652 253.4226 253.4746 253.4608 253.4781 253.5575 253.6342 253.6705 253.6629 253.6629 253.6627 253.661 253.6602 253.6593 253.6586 253.6635 253.6464 253.5563 253.4902 253.456 253.4255 253.3287 253.2565 253.1778 253.0891 252.9935 252.949 252.9324 252.8363 252.6689 252.5843 252.4395 252.3009 252.1992 252.0239 251.7655 251.6862 251.589 251.5364 251.5301 251.5363 252.0106 252.2568 252.5234 252.7507 252.9189 253.0883 253.2091 253.2602
253.0699 253.0744 253.0723 253.0716 253.071 253.0709 253.066 253.0721 253.1635 253.1664 253.1681 253.1611 253.1788 253.2562 253.3344 253.3702 253.3567 253.3884 253.4629 253.4588 253.5304 253.5671 253.5596 253.5593 253.5587 253.5576 253.5571 253.5566 253.5561 253.5592 253.5407 253.4537 253.3876 253.35 253.319 253.2306 253.1409 253.0494 252.9924 252.893 252.8514 252.8 252.6483 252.5709 252.4144 252.2318 252.1063 252.0013 251.836 251.666 251.5841 251.4913 251.438 251.4056 251.3457 251.6337 251.8503 252.1123 252.3377 252.5003 253.0883 253.2091 253.2602
252.9732 252.9715 252.969 252.9664 252.9648 252.9593 252.9798 253.0587 253.0652 253.065 253.057 253.0895 253.1636 253.1626 253.2321 253.2605 253.3006 253.3654 253.36 253.3554 253.4267 253.4637 253.4563 253.4559 253.4555 253.4545 253.4539 253.453 253.4592 253.4286 253.349 253.3501 253.2888 253.1897 253.1451 253.1319 253.04 252.9475 252.8896 252.7982 252.7093 252.6206 252.5389 252.3567 252.2079 252.0873 252.0113 251.899 251.731 251.5239 251.4718 251.3788 251.291 251.2287 251.2166 251.6337 251.8503 252.1123 252.3377 252.5003 252.673 252.9785 253.0005
252.8669 252.8643 252.8582 252.9211 252.9632 252.9611 252.9621 252.963 252.9619 252.9543 253.0025 253.0659 253.0605 253.0575 253.1286 253.1582 253.198 253.2613 253.2568 253.2519 253.3228 253.3605 253.353 253.3528 253.3522 253.3512 253.3506 253.3505 253.353 253.3208 253.2522 253.1643 253.1458 253.098 253.0414 253.0208 252.9372 252.8455 252.7801 252.6814 252.6012 252.524 252.4406 252.1732 252.0548 251.9861 251.8636 251.7129 251.613 251.5239 251.4718 251.3788 251.291 251.2287 251.2166 251.3421 251.513 251.7208 251.9423 252.1048 252.2842 252.6577 252.7429
252.7807 252.8543 252.8612 252.8617 252.8612 252.8606 252.8601 252.8596 252.8598 252.9159 252.9653 252.957 252.9531 253.0399 253.0549 253.1103 253.1629 253.1531 253.1527 253.1485 253.2192 253.2575 253.2499 253.2496 253.2491 253.2484 253.2484 253.2496 253.2019 253.1378 253.1462 253.0639 253.0375 252.9958 252.9008 252.8373 252.8328 252.7355 252.6115 252.4722 252.4296 252.4092 252.3232 251.9972 252.0548 251.9861 251.8636 251.7129 251.613 251.3539 251.27 251.1779 251.1245 251.1023 251.028 251.1516 251.3125 251.4684 251.6359 251.8029 251.9531 252.2944 252.4256
252.6572 252.6656 252.764 252.7581 252.7577 252.7578 252.7595 252.768 252.8633 252.8557 252.8539 252.8535 252.8508 252.935 252.9549 253.0081 253.0569 253.0501 253.0496 253.0455 253.1096 253.15 253.1478 253.147 253.1467 253.1373 253.1395 253.0843 253.0336 253.0447 253.0213 252.9413 252.8738 252.8287 252.7977 252.738 252.7179 252.553 252.4744 252.4722 252.4296 252.4092 252.3232 251.9972 251.8585 251.7828 251.7056 251.5998 251.4286 251.2622 251.1755 251.0906 250.9957 250.9247 250.93 250.9526 251.0375 251.1765 251.3463 251.481 251.5818 251.8908 252.0748
252.5778 252.6532 252.6576 252.661 252.659 252.6866 252.7581 252.7583 252.7518 252.7515 252.7513 252.7455 252.7638 252.851 252.9144 252.9532 252.9475 252.9469 252.9465 252.9453 252.9347 252.9873 253.0394 253.0322 253.0336 252.9547 252.9287 252.9375 252.9479 252.9182 252.8354 252.8315 252.7761 252.8287 252.7977 252.738 252.7179 252.553 252.4744 252.3914 252.3015 252.2146 252.1171 251.8516 251.7762 251.6887 251.6072 251.5044 251.3539 251.1566 251.0717 250.9867 250.898 250.8275 250.8013 250.702 250.7865 250.968 251.1305 251.2435 251.4142 251.6544 251.8268
252.5568 252.5518 252.6266 252.6628 252.6556 252.6541 252.6504 252.6494 252.6489 252.6483 252.6481 252.6431 252.6581 252.7471 252.7424 252.8 252.8509 252.844 252.8435 252.8426 252.8425 252.8379 252.8334 252.8334 252.8327 252.8377 252.8392 252.8399 252.9479 252.9182 252.8354 252.8315 252.7761 252.6798 252.6329 252.6169 252.5079 252.4205 252.3732 252.2908 252.2042 252.1156 252.0045 251.755 251.673 251.5869 251.5003 251.4194 251.3322 251.0762 250.9979 250.8993 250.7961 250.7068 250.6238 250.6288 250.5982 250.7114 250.9493 251.1219 251.4705 251.5907 251.7215
252.4509 252.4487 252.5146 252.5517 252.5486 252.5478 252.5473 252.5463 252.5458 252.5453 252.5448 252.5448 252.5401 252.6191 252.7211 252.7523 252.7408 252.7412 252.7415 252.7399 252.7392 252.7388 252.7383 252.8334 252.8327 252.8377 252.8392 252.8399 252.8379 252.8037 252.7389 252.6485 252.6209 252.5788 252.5351 252.4781 252.3316 252.2477 252.2183 252.1679 252.0911 251.9972 251.8248 251.6574 251.5694 251.4823 251.3968 251.3099 251.2223 251.0856 250.9958 250.8531 250.7211 250.6308 250.5309 250.5249 250.5136 250.5926 250.7674 250.9367 251.2824 251.4368 251.5394
252.3476 252.3474 252.3358 252.3983 252.4529 252.4448 252.4443 252.4433 252.4429 252.4424 252.4419 252.4416 252.4382 252.5173 252.6123 252.6462 252.6407 252.6355 252.7415 252.7399 252.7392 252.7388 252.7383 252.7379 252.7374 252.7376 252.7387 252.7334 252.684 252.6297 252.6248 252.533 252.4688 252.4168 252.387 252.3098 252.2268 252.1096 252.0607 251.9706 251.919 251.8756 251.7306 251.5512 251.4843 251.4123 251.3201 251.2406 251.177 251.0377 250.9298 250.8042 250.7381 250.6245 250.4353 250.425 250.3871 250.4646 250.6869 250.8761 251.1861 251.3202 251.3823
252.2447 252.2433 252.238 252.29 252.3408 252.3426 252.3415 252.3404 252.34 252.3395 252.3392 252.338 252.4382 252.5173 252.6123 252.6462 252.6407 252.6355 252.6209 252.6344 252.6389 252.6373 252.637 252.6366 252.6368 252.6184 252.617 252.5689 252.5233 252.5324 252.504 252.4165 252.3494 252.2614 252.218 252.187 252.1008 251.9413 251.9232 251.8904 251.7933 251.7026 251.6206 251.4679 251.4379 251.4009 251.3398 251.2985 251.2629 251.0008 250.9373 250.856 250.7703 250.6059 250.3079 250.3278 250.2392 250.3099 250.61 250.8431 251.0847 251.2246 251.3453
252.1417 252.1409 252.1409 252.1283 252.1736 252.2451 252.2395 252.3404 252.34 252.3395 252.3392 252.338 252.338 252.4194 252.5105 252.5341 252.5214 252.4972 252.4256 252.4956 252.5184 252.512 252.5116 252.5105 252.5118 252.442 252.4165 252.4289 252.4287 252.3888 252.3256 252.2223 252.1421 252.1108 252.0771 252.0041 251.9483 251.8743 251.8398 251.7852 251.6916 251.6104 251.5476 251.4608 251.4225 251.3745 251.3574 251.3205 251.2213 251.0768 251.0175 250.9309 250.8387 250.6432 250.2171 250.2208 250.1459 250.1911 250.4636 250.7414 251.0309 251.1434 251.3189
