var/www/cgi-bin/BAERTOOLS/ravel/working/ravel-2502.DEM
NCOLS 1117
NROWS 10
XLLCORNER 715687.24
YLLCORNER 4166558.7
CELLSIZE 10
NODATA_VALUE -9999
[rows 0 to 9 of 10, columns 126 to 188 of 1117]
76.21622 76.25193 76.30415 76.36922 76.51624 76.6106 76.71806 76.80524 76.84601 77.06447 77.28142 77.49982 77.70625 78.04004 78.09187 78.21287 78.31443 78.3952 78.50684 78.52927 78.56001 78.55268 78.35284 78.28851 78.18324 78.02119 77.82939 77.29605 76.95171 76.75084 76.73972 76.74402 76.74402 76.74402 76.74402 76.74402 76.74402 76.74402 76.74402 76.74402 76.74402 76.74402 76.74402 76.74402 76.74402 76.74402 76.74402 76.74402 76.74402 76.74402 76.74402 76.74402 76.74402 76.74402 76.74402 76.74402 76.74402 76.74408 76.74191 76.80555 76.88241 76.92154 76.94746
76.25799 76.29688 76.34504 76.40501 76.5519 76.64279 76.72895 76.79874 76.84777 77.05683 77.26121 77.4763 77.67393 77.96183 78.09187 78.1075 78.18974 78.24993 78.29127 78.27325 78.2392 78.1911 77.96897 77.83464 77.71779 77.5812 77.38784 76.87064 76.74774 76.74288 76.74403 76.74402 76.74402 76.74402 76.74402 76.74402 76.74402 76.74402 76.74402 76.74402 76.74402 76.74402 76.74402 76.74402 76.74402 76.74402 76.74402 76.74402 76.74402 76.74402 76.74402 76.74402 76.74402 76.74402 76.74402 76.74402 76.74402 76.74402 76.74332 76.73934 76.7932 76.86801 76.89173
76.28704 76.32584 76.36837 76.42958 76.49586 76.65223 76.73216 76.7952 76.84125 77.04593 77.24384 77.45769 77.6431 77.77611 78.00774 78.1075 78.05714 78.09885 78.08328 78.02446 77.95535 77.87403 77.77652 77.54152 77.38974 77.24251 77.0432 76.75629 76.7429 76.74408 76.74402 76.74402 76.74402 76.74402 76.74402 76.74402 76.74402 76.74402 76.74402 76.74402 76.74402 76.74402 76.74402 76.74402 76.74402 76.74402 76.74402 76.74402 76.74402 76.74402 76.74402 76.74402 76.74402 76.74402 76.74402 76.74402 76.74402 76.74402 76.74432 76.75233 76.75349 76.76412 76.811
76.30399 76.34387 76.38716 76.44159 76.50964 76.65782 76.73328 76.79952 76.84729 77.05649 77.2431 77.43262 77.5946 77.71127 77.90868 77.99275 78.05714 77.94823 77.90273 77.82063 77.71323 77.59617 77.48471 77.27612 77.12247 76.95158 76.81965 76.73934 76.74429 76.74402 76.74402 76.74402 76.74402 76.74402 76.74402 76.74402 76.74402 76.74402 76.74402 76.74402 76.74402 76.74402 76.74402 76.74402 76.74402 76.74402 76.74402 76.74402 76.74402 76.74496 76.72659 76.73705 76.7434 76.74406 76.74402 76.74402 76.74402 76.74402 76.74402 76.74374 76.75023 76.74966 76.74471
76.31767 76.35364 76.41006 76.47048 76.52158 76.66015 76.73486 76.80558 76.86084 77.05552 77.22353 77.39961 77.54061 77.62994 77.79325 77.85743 77.9129 77.94823 77.75785 77.6534 77.51153 77.36504 77.23844 77.00162 76.87618 76.79294 76.76248 76.74481 76.74393 76.74402 76.74402 76.74402 76.74402 76.74402 76.74402 76.74402 76.74402 76.74402 76.74402 76.74402 76.74402 76.74402 76.74402 76.74402 76.74402 76.74427 76.74229 76.67166 76.71904 76.89367 76.8616 76.78688 76.74722 76.73477 76.74402 76.74402 76.74402 76.74404 76.74402 76.74402 76.74377 76.7458 76.74905
76.28599 76.3743 76.4238 76.47179 76.52367 76.66263 76.73709 76.80944 76.86437 76.91302 77.1736 77.33369 77.45592 77.52157 77.67211 77.74089 77.79585 77.82303 77.81351 77.49876 77.33549 77.16829 77.02443 76.83666 76.76936 76.74546 76.75268 76.74395 76.74402 76.74402 76.74402 76.74402 76.74402 76.74402 76.74402 76.74402 76.74402 76.74402 76.74402 76.74402 76.74402 76.74402 76.74402 76.74402 76.74865 76.68203 76.95121 77.33319 77.70411 77.91242 77.56261 77.33595 77.10709 76.89276 76.74155 76.73884 76.74378 76.74404 76.74165 76.74402 76.74402 76.74393 76.74483
76.28871 76.3786 76.43015 76.48477 76.53427 76.66464 76.74118 76.8033 76.84998 76.90221 77.09781 77.22985 77.33842 77.41701 77.57831 77.64016 77.68399 77.70329 77.69073 77.49876 77.18472 77.00233 76.88547 76.76295 76.74939 76.74451 76.74348 76.74406 76.74402 76.74402 76.74402 76.74402 76.74402 76.74402 76.74402 76.74402 76.74402 76.74403 76.7439 76.74026 76.74622 76.75019 76.71683 76.98002 77.67883 78.51083 79.28529 79.4944 79.60894 79.53047 78.79836 78.28454 77.82097 77.43865 77.11643 76.75736 76.73451 76.73672 76.74165 76.74112 76.7441 76.74402 76.74402
76.28882 76.37688 76.43328 76.48209 76.52748 76.66814 76.73756 76.79465 76.84078 76.87936 77.01855 77.15277 77.26943 77.35223 77.48576 77.5349 77.5758 77.59229 77.56174 77.37211 77.18472 76.90159 76.83343 76.75087 76.75021 76.74641 76.74396 76.74401 76.74402 76.74402 76.74402 76.74402 76.74402 76.74402 76.74402 76.74402 76.74428 76.74673 76.81482 76.88324 77.10404 78.95132 80.01069 81.07397 82.02974 82.57275 83.02625 83.10419 82.85414 82.11598 80.00288 79.34474 78.8027 78.26744 77.8023 77.16454 76.96072 76.82159 76.75477 76.74112 76.75931 76.74293 76.74401
76.28845 76.37862 76.42764 76.481 76.53856 76.66193 76.72978 76.78144 76.82177 76.86155 76.93839 77.03722 77.15016 77.23464 77.36224 77.40925 77.44821 77.47755 77.4715 77.23954 77.04083 76.90159 76.80546 76.75351 76.7555 76.74915 76.74382 76.744 76.74402 76.74402 76.74402 76.74402 76.74402 76.74408 76.7438 76.71974 76.75247 77.32163 78.23674 79.6501 81.31542 84.16296 84.8799 85.28207 85.54607 85.76058 86.45732 86.90457 86.25384 84.54816 81.70091 80.60868 79.8185 79.24079 78.7429 77.90082 77.5631 77.28387 77.0378 76.78858 76.75931 76.72038 76.744
76.27085 76.36951 76.42472 76.47867 76.5266 76.57803 76.71154 76.76321 76.79956 76.83305 76.89194 76.93109 77.01012 77.10413 77.16983 77.27305 77.32061 77.35335 77.34863 77.078 76.93897 76.86442 76.80546 76.74669 76.75352 76.75169 76.74818 76.75078 76.74837 76.74741 76.74339 76.73616 76.73629 76.79939 76.85834 76.95587 77.43502 80.54234 82.24767 84.02574 86.09907 88.14337 89.58009 89.95898 90.47893 91.03219 91.49418 91.03711 89.75629 87.57226 85.09274 82.20902 81.13239 80.28453 79.69766 78.84457 78.41621 78.00102 77.6103 77.25838 76.77503 76.72038 76.73827
