var/www/cgi-bin/BAERTOOLS/ravel/working/ravel-17989.prodgrd.txt
NCOLS 44
NROWS 94
XLLCORNER 366555.66
YLLCORNER 4096836.8
CELLSIZE 10
NODATA_VALUE -9999
[rows 38 to 75 of 94, columns 0 to 43 of 44]
-66.577566 -66.577566 -66.631979 -66.970873 -67.171288 -66.645303 -66.915506 -68.071301 -67.95122 -68.105105 -68.471957 -72.501899 -70.92919 -72.720015 -70.337462 -71.351333 -81.950424 -100.62674 -76.963677 -68.322213 -68.587293 -70.051921 -69.311674 -69.150704 -69.727083 -69.932676 -68.78333 -68.290248 -68.044372 -68.471423 -69.459926 -69.698544 -69.297716 -67.364655 -67.190464 -69.147653 -69.05743 -69.41025 -72.269919 0 0 0 0 0
-66.577566 -66.417902 -66.425694 -66.757266 -67.036678 -66.915506 -67.511205 -67.95122 -68.105105 -68.471957 -67.349883 -69.344039 -105.19511 -79.863012 -71.351333 -77.316222 -78.799744 -77.329679 -75.980041 -68.587293 -68.527855 -69.311674 -69.150704 -69.654936 -69.382844 -70.52023 -68.290248 -68.06338 -68.471423 -69.145368 -70.555559 -69.297716 -68.825656 -67.190464 -67.082149 -68.83085 -69.113634 -69.394792 -67.843037 0 0 0 0 0
-69.038553 -66.425694 -66.415323 -66.341224 -66.872906 -67.511205 -68.735737 -68.915929 -68.161652 -67.349883 -67.018283 -68.763771 -70.968388 -88.30357 -93.806027 -72.659754 -77.316222 -75.980041 -74.301244 -68.527855 -67.963231 -69.893107 -69.654936 -69.382844 -70.532408 -71.656677 -68.779529 -67.822769 -68.518506 -71.786788 -71.108935 -69.679062 -69.208756 -67.082149 -67.011986 -68.186651 -68.317817 -67.843037 -67.36317 -107.2395 0 0 0 0
0 -66.415323 -66.341224 -66.261321 -66.258087 -66.418258 -69.334029 -68.161652 -68.01509 -67.018283 -66.346746 -67.819595 -67.829138 -68.73018 -69.626311 -68.813374 -70.444327 -70.029406 -69.317447 -67.963231 -69.391372 -69.750965 -69.790291 -69.678092 -70.739214 -68.779529 -67.822769 -67.661335 -67.246946 -69.05743 -70.19495 -69.267648 -68.861657 -67.011986 -68.186651 -68.119698 -67.833756 -67.36317 -67.566314 -76.281917 -107.63204 0 0 0
0 -67.902264 -66.261321 -66.258087 -66.418258 -66.437773 -67.931288 -67.921801 -67.205232 -66.346746 -66.084678 -67.549788 -68.083469 -68.37942 -67.461898 -67.555852 -68.813374 -69.200141 -68.172318 -66.963671 -68.310518 -68.880247 -69.678092 -70.682855 -71.213203 -70.048531 -67.661335 -67.246946 -67.970642 -68.200206 -74.091428 -70.637432 -68.994947 -67.4885 -68.119698 -67.833756 -68.046838 -67.566314 -68.417802 -73.866419 -80.411052 0 0 0
0 -84.348047 -67.838032 -66.503277 -66.437773 -67.311852 -67.194725 -67.205232 -66.664843 -66.084678 -65.95875 -67.799312 -68.37942 -68.075486 -67.357738 -67.461898 -67.555852 -68.172318 -66.963671 -67.020994 -67.778292 -67.719375 -68.062133 -69.807638 -73.223526 -71.909372 -69.187672 -67.970642 -68.200206 -67.836606 -81.937704 -74.018769 -67.4885 -67.483024 -68.393648 -67.986365 -67.81678 -67.596428 -67.529215 -70.378162 -69.989379 -72.741199 0 0
0 -107.10053 0 -68.468755 -67.553539 -68.291207 -67.311852 -66.85688 -66.656048 -65.95875 -65.952921 -67.718392 -69.836485 -67.223701 -66.755353 -67.357738 -67.595532 -67.456539 -67.020994 -67.170661 -67.719375 -68.045194 -67.821358 -68.279252 -70.885894 -70.10679 -68.814663 -68.440728 -67.836606 -67.075638 -73.323609 -72.082838 -67.483024 -67.07908 -67.986365 -67.488774 -67.359957 -67.400112 -66.814191 -68.764399 -68.322702 -68.205205 -70.572018 0
0 -96.99083 0 0 0 -77.798117 -70.338725 -67.505073 -67.338197 -65.952921 -66.101889 -66.737381 -68.309547 -67.266806 -67.223701 -66.755353 -67.456539 -66.838876 -67.170661 -66.921704 -68.045194 -67.821358 -68.279252 -69.605542 -71.678344 -69.724115 -68.580464 -67.825597 -67.075638 -69.418885 -72.023328 -71.089157 -67.07908 -66.938706 -67.488774 -67.359957 -67.400112 -66.814191 -66.723188 -68.197486 -68.205205 -68.046427 -68.135735 0
0 -101.0824 0 0 0 -106.52632 0 -107.31823 -69.844791 -66.101889 -66.44071 -67.195579 -67.629706 -67.585719 -67.266806 -67.492347 -66.838876 -66.649392 -66.761655 -66.568685 -68.523999 -68.899016 -69.042894 -69.245172 -71.214914 -68.685711 -67.825597 -67.653513 -66.567051 -69.661666 -72.662354 -72.05406 -66.938706 -66.997208 -67.693413 -67.755228 -68.031695 -66.723188 -66.813608 -67.770788 -67.827366 -68.135735 -67.605721 0
0 -107.49592 0 0 -106.52632 -78.559316 0 0 -72.186583 -66.44071 -67.195579 -67.485759 -67.759608 -67.629706 -67.173797 -67.368874 -66.649392 -66.621893 -66.282027 -66.053687 -67.535751 -68.270224 -69.242778 -69.94348 -70.881293 -69.276543 -67.653513 -66.567051 -66.465787 -68.223977 -70.00709 -71.317554 -66.997208 -67.041099 -67.755228 -67.569821 -68.155905 -66.813608 -66.806206 -67.827366 -67.796537 -67.605721 -67.552095 -107.39889
0 -107.46043 -107.64135 -107.42679 -78.559316 -75.573658 0 0 0 -67.4163 -67.485759 -68.195222 -68.055914 -68.282113 -67.884091 -67.173797 -66.621893 -66.282027 -66.053687 -65.742746 -66.375473 -66.89731 -67.838389 -66.969153 -67.341351 -67.187492 -67.46351 -66.465787 -66.418793 -68.365812 -69.419751 -70.245661 -67.041099 -67.007155 -67.569821 -68.155905 -68.901712 -66.806206 -67.103103 -67.796537 -67.823829 -67.552095 -67.363912 -105.64868
0 -106.91416 -107.11369 -107.04222 -75.573658 -73.460906 0 -107.50525 0 -107.14563 -93.587108 -93.587108 -79.509472 -68.363304 -68.282113 -68.649948 -67.878206 -66.452673 -65.742746 -65.694562 -65.823147 -65.93434 -66.192605 -67.28101 -66.969153 -66.957879 -67.094127 -66.418793 -66.457269 -69.074277 -70.502733 -70.282495 -67.007155 -66.869028 -69.043618 -70.75825 -72.35042 -67.103103 -68.552846 -68.874252 -68.289289 -67.363912 -67.716102 -88.637715
0 -80.254806 -79.902268 -84.037955 -73.460906 -72.572375 -102.71019 -88.497665 -88.997351 -72.873527 0 0 0 -71.758336 -68.363304 -70.834163 -70.619186 -67.288875 -65.694562 -65.823147 -65.836262 -65.79998 -65.862334 -66.495408 -66.957879 -67.094127 -67.128491 -66.457269 -66.452673 -69.833378 -72.447439 -72.672774 -66.869028 -67.236703 -68.878913 -69.650141 -70.671431 -67.665421 -69.144607 -68.651129 -68.263604 -67.716102 -67.64853 -83.395514
-107.66801 -74.988702 -74.217672 -74.83205 -72.572375 -100.79626 -88.497665 -85.772665 -72.873527 -70.357735 -93.019267 -90.92707 -79.756119 -75.064424 -68.901038 -107.77335 -107.34633 -70.619186 -66.052262 -65.836262 -65.79998 -65.862334 -66.227234 -66.312673 -67.421225 -67.223044 -67.001814 -66.452673 -66.262591 -69.019135 -72.305216 -89.679618 -67.236703 -67.475399 -69.650141 -69.383695 -67.665421 -67.238034 -68.651129 -68.263604 -69.035665 -67.64853 -67.711534 -83.970614
-107.6012 -74.217672 -73.199625 -72.91217 -69.347386 -82.708507 -85.772665 -81.444072 -70.357735 -69.650141 -84.981849 -79.756119 -75.064424 -68.901038 -68.404398 -76.170242 -75.001982 -71.024145 -70.002651 -66.674105 -66.316041 -66.227234 -66.312673 -66.50468 -67.238478 -67.001814 -66.992799 -66.262591 -66.171556 -68.873587 -69.420616 -74.217672 -67.475399 -69.681003 -69.383695 -69.459045 -67.238034 -67.232278 -69.79538 -69.474959 -69.773069 -67.711534 -69.010565 -69.010565
0 -73.199625 -72.91217 -69.347386 -68.889609 -77.47277 -80.411052 -78.057263 -69.650141 -69.354096 -78.987903 -82.104578 -75.653516 -68.404398 -68.250443 -73.25964 -71.024145 -69.94673 -67.419927 -70.634617 -69.393937 -68.218001 -66.50468 -66.222382 -69.482069 -68.034548 -67.559911 -66.171556 -66.291713 -69.420616 -68.825656 -69.496356 -67.54404 -69.811738 -69.459045 -70.135842 -67.232278 -67.377108 -70.288684 -69.322409 -73.982873 -73.982873 -68.323191 -72.062244
0 -75.673669 -73.205587 -68.889609 -69.06035 -75.734589 -78.233351 -77.438401 -69.354096 -69.167566 -76.642753 -78.25667 -75.422292 -68.250443 -68.396712 -71.784748 -72.179724 -67.419927 -68.035773 -73.756341 -107.03093 -69.973985 -66.222382 -66.208894 -67.407537 -67.240922 -67.829138 -66.291713 -66.21188 -68.072555 -68.945364 -67.54404 -67.432708 -69.667451 -70.678566 -71.261468 -67.377108 -67.43166 -69.322409 -69.322409 -69.616847 -68.323191 -67.402155 -79.830179
0 -86.546064 -77.747517 -69.06035 -69.935912 -75.58854 -75.460937 -74.840624 -69.167566 -68.865626 -76.338596 -77.343165 -76.465316 -68.396712 -71.784748 -72.30049 -72.191163 -68.035773 -68.355803 -70.846253 -70.059849 -73.419872 -66.208894 -66.799294 -67.240922 -67.111959 -66.936876 -66.21188 -66.138865 -67.436911 -68.207027 -67.432708 -67.359957 -70.678566 -70.804156 -71.467821 -67.43166 -69.933754 -69.322409 -69.381993 -68.841282 -67.402155 -67.139791 -76.76297
0 -99.170381 -86.302031 -69.935912 -71.014513 -75.460937 -74.840624 -73.965032 -68.865626 -68.451779 -73.596255 -75.760178 -76.850605 -69.226886 -72.462213 -72.191163 -72.501899 -68.355803 -68.602179 -70.059849 -69.728073 -70.242006 -67.157382 -67.573044 -67.111959 -66.936876 -66.760144 -66.138865 -66.921213 -67.559911 -68.438107 -67.359957 -67.273198 -70.804156 -71.378257 -73.108305 -69.933754 -67.577746 -68.481597 -68.841282 -70.186593 -67.139791 -68.110668 -71.850474
0 -106.89908 -90.430437 -71.014513 -71.495744 -76.99547 -74.278302 -72.762499 -68.451779 -68.21022 -71.179182 -71.990696 -69.226886 -68.755005 -74.676086 -72.501899 -72.141105 -68.602179 -68.269751 -69.728073 -70.242006 -71.728115 -98.461133 -71.518256 -68.110668 -67.187492 -66.808232 -66.221456 -66.909994 -67.133924 -67.710557 -67.273198 -66.980384 -71.378257 -71.378257 -69.643443 -67.577746 -67.526384 -67.637388 -67.722984 -68.493994 -67.882249 -67.000572 -71.600174
0 -106.83117 -93.732682 -71.495744 -71.823723 -83.629381 -77.690176 -73.534493 -68.21022 -68.597586 -70.470721 -70.392297 -68.755005 -68.235068 -75.583575 -73.26569 -71.766441 -68.269751 -68.311489 -72.372028 -71.728115 -78.876103 -107.33322 0 -71.037036 -68.142284 -66.221456 -66.357847 -66.909187 -66.798864 -66.989462 -66.980384 -66.980384 -71.378257 -69.643443 -69.593356 -67.526384 -66.94405 -67.722984 -68.160766 -67.882249 -67.000572 -67.218455 -68.98277
0 -105.84987 -93.587108 -71.823723 -71.827851 -89.439101 -83.401544 -77.922691 -68.597586 -70.470721 -70.392297 -70.123019 -68.235068 -67.783088 -75.827284 -76.553353 -74.213909 -68.311489 -68.463432 -77.819926 -78.876103 -97.828411 -101.54987 -107.17381 -89.09985 -69.310027 -66.357847 -66.458022 -66.798864 -66.886053 -67.277327 -66.980384 -66.712336 -68.831501 -72.012417 -68.716054 -66.94405 -66.798721 -67.380367 -68.046427 -68.888939 -67.9351 -67.115919 -68.307122
0 -107.02717 -94.677218 -71.827851 -71.579059 -86.753738 -87.181331 -81.662598 -70.872111 -71.875693 -70.123019 -69.977276 -67.783088 -67.458948 -74.601987 -77.37701 -76.989098 -68.463432 -68.493453 -75.796208 -77.209617 -79.872807 -70.357735 -89.151428 -71.374654 -68.753131 -66.458022 -66.225901 -66.886053 -66.886053 -66.956012 -66.712336 -66.829486 -69.938072 -67.882617 -68.651129 -66.798721 -67.380367 -67.512882 -67.289107 -67.774876 -68.342385 -67.863962 -69.484597
0 -101.66863 -90.516691 -71.579059 -70.951077 -79.902268 -81.161466 -70.872111 -70.48135 -79.208047 -73.082172 -70.203333 -67.458948 -67.339409 -72.610678 -75.816906 -76.30452 -68.493453 -68.458655 -75.104979 -75.037568 -70.357735 -68.745657 -78.893187 -94.992724 -69.356617 -66.225901 -66.225901 -66.886053 -66.778172 -66.576684 -66.539368 -66.359646 -69.765007 -69.507131 -67.882617 -67.447216 -67.512882 -67.289107 -67.774876 -67.682847 -67.003235 -68.068378 -69.789961
0 -105.33879 -84.771789 -70.951077 -75.465788 -74.581605 -75.187078 -70.48135 -69.674217 -80.132072 -81.975923 -72.580005 -67.339409 -67.456272 -71.372854 -73.338986 -75.504758 -68.458655 -68.393137 -74.165267 -73.739387 -68.745657 -68.015895 -71.503231 -71.163993 0 -66.225901 -66.389873 -66.551965 -66.468361 -66.253823 -66.143538 -65.951675 -67.552961 -72.127574 -67.447216 -68.091071 -68.205661 -67.995481 -67.883354 -67.003235 -67.304769 -67.976519 -71.915471
0 -107.08925 -84.431336 -75.465788 -74.581605 -73.887367 -72.179724 -69.674217 -68.876248 -82.169639 -82.862677 -76.287559 -67.456272 -67.827012 -70.674283 -71.145531 -73.351329 -68.393137 -72.873527 -73.709036 -72.865296 -68.015895 -67.748852 -71.163993 -71.163993 -77.157004 -66.389873 -66.551965 -66.468361 -66.253823 -66.143538 -65.951675 -66.644584 -67.943522 -69.624415 -68.692948 -68.500497 -68.362302 -68.190705 -69.005583 -67.304769 -67.436385 -68.029253 -71.087634
0 0 -80.922037 -80.777341 -73.887367 -72.179724 -72.536973 -68.876248 -67.939305 -80.111808 -90.690966 -81.912319 -67.827012 -68.270224 -70.859914 -70.52023 -71.238966 -68.180812 -73.709036 -72.865296 -72.136589 -67.748852 -67.748852 -71.163993 -69.983871 -70.810133 -69.315796 -66.590574 -66.435579 -66.381197 -66.131613 -65.830049 -66.519879 -67.043871 -68.354805 -68.500497 -68.494535 -70.736297 -70.92452 -68.959901 -67.436385 -67.450937 -68.238317 -75.145108
0 0 0 0 -107.37628 -72.951195 -71.087515 -67.939305 -67.312088 -72.808153 -82.611777 -82.461889 -68.270224 -68.823063 -70.52023 -70.734839 -68.180812 -67.896676 -73.49914 -73.059084 -73.059084 -67.748852 -67.451735 -69.983871 -70.237141 -70.484014 -72.837981 -69.494565 -67.072969 -66.709224 -65.830049 -65.871828 -66.449966 -66.676219 -67.072398 -67.72003 -69.168336 -70.92452 -71.951937 -70.327383 -67.450937 -67.86142 -69.069135 -74.302103
0 0 0 0 0 -94.483375 -73.299124 -67.312088 -67.881881 -70.056449 -73.283893 -82.354472 -68.823063 -69.342368 -70.734839 -70.813126 -67.896676 -67.671415 -73.49914 -73.059084 -71.670448 -67.451735 -67.292828 -70.237141 -70.484014 -70.42079 -71.043503 -68.5251 -69.751965 -67.100168 -65.871828 -66.017444 -66.411782 -66.359974 -66.478074 -66.670635 -67.29376 -72.043053 -70.327383 -70.504075 -67.86142 -67.251654 -68.689326 -73.259913
0 0 0 0 0 0 0 -67.881881 -70.056449 -70.636024 -72.544531 -77.336419 -69.342368 -76.327215 -72.228011 -70.616389 -67.671415 -67.671415 -72.605548 -72.951195 -71.979887 -67.292828 -67.33844 -69.938072 -70.385863 -70.685719 -68.5251 -70.337462 -72.482004 -68.352314 -66.017444 -66.140937 -66.359974 -66.478074 -66.57251 -66.743825 -66.959919 -70.125345 -70.504075 -69.846872 -67.251654 -66.805628 -70.239573 -96.383857
0 0 0 0 0 0 0 -70.804156 -70.636024 -72.544531 -73.97216 -78.140891 -69.689757 -80.602825 -76.583 -76.583 -67.671415 -67.606624 -71.53903 -72.272262 -72.569836 -67.33844 -67.415007 -69.766014 -69.678092 -68.920691 -67.161514 -72.388923 -70.831148 -68.804375 -66.140937 -66.684476 -66.347148 -66.476237 -66.493232 -66.724241 -67.114531 -69.883578 -69.399075 -69.024869 -66.805628 -67.915762 -69.411975 -107.81964
0 0 0 0 0 0 0 -92.540596 -75.868998 -73.97216 -78.140891 -69.689757 -70.337462 -86.67019 -76.583 -72.298129 -67.606624 -67.817484 -71.353121 -71.813423 -71.881983 -67.415007 -67.439809 -69.678092 -69.976179 -67.161514 -67.182627 -69.847913 -68.804375 -67.929766 -66.684476 -66.347148 -66.476237 -66.427949 -66.451832 -66.583321 -66.951277 -69.399075 -69.024869 -68.24904 -67.031362 -69.411975 -70.220182 -105.33917
0 0 0 0 0 0 0 0 0 -83.552811 -83.552811 -70.337462 -70.337462 -84.183592 -79.882614 -75.932174 -67.817484 -68.206571 -71.432795 -71.881983 -71.650792 -67.439809 -67.419668 -69.976179 -70.212948 -67.182627 -67.20265 -69.072806 -67.929766 -68.124448 -67.87198 -66.865938 -66.427949 -66.451832 -66.583321 -66.703162 -66.615739 -71.704133 -70.00709 -67.031362 -67.535181 -70.220182 -71.932718 -93.095295
0 0 0 0 0 0 0 0 0 0 0 -70.337462 -71.6157 -87.029774 -83.942086 -80.193191 -68.206571 -68.804375 -71.881983 -71.949796 -71.398146 -67.419668 -69.169876 -70.569268 -70.802664 -67.20265 -67.410622 -68.935046 -68.241108 -67.87198 -68.885591 -68.511389 -69.158352 -67.601216 -66.703162 -66.615739 -67.093738 -83.598677 -80.132072 -67.535181 -67.710231 -76.494513 -75.431926 -107.09394
0 0 0 0 0 0 0 0 0 0 -106.99517 -71.6157 -73.615945 -90.430437 -87.694324 -85.305442 -68.804375 -69.139286 -72.228011 -72.228011 -69.771051 -67.590765 -70.291164 -70.191365 -70.740674 -67.410622 -67.586312 -68.980855 -69.068401 -69.24597 -68.511389 -72.200339 -78.715881 -78.893187 -66.520084 -66.652774 -67.234046 -83.297117 -106.83872 -67.710231 -67.9351 -77.937506 -80.04131 0
0 0 0 0 0 0 0 0 0 0 0 -73.615945 -79.863012 -106.89154 -86.732791 -88.424502 -69.139286 -69.326552 -72.83526 -72.435172 -67.590765 -67.694377 -70.191365 -70.54873 -70.723205 -67.586312 -67.494827 -69.068401 -69.340697 -69.367577 -72.06068 -72.283997 0 -92.241422 -66.583765 -66.520084 -73.250582 -86.546064 -83.297117 -68.05757 -68.33843 -74.213909 -75.56376 -107.77428
0 0 0 0 0 0 0 0 0 0 0 -79.863012 -106.89342 0 -107.04787 -87.246924 -69.326552 -76.03372 -74.343602 -72.57746 -67.694377 -67.615687 -70.54873 -70.723205 -70.740674 -67.494827 -67.451203 -69.843751 -69.367577 -71.34776 -72.283997 -72.307581 0 0 -66.73511 -66.583765 -75.403076 -84.199912 -74.351344 -68.33843 -68.240177 -75.760178 -74.044067 -107.61786
0 0 0 0 0 0 0 0 0 0 0 -106.89342 0 0 0 -86.162214 -72.391343 -79.921973 -77.704463 -73.933097 -67.615687 -67.612356 -70.935427 -70.740674 -70.387149 -67.451203 -67.255704 -72.47457 -71.34776 -69.890987 -72.307581 -76.41891 0 0 -66.73258 -66.705478 -70.198539 -74.351344 -75.019743 -68.240177 -68.087688 -75.714205 -87.357112 0
