var/www/cgi-bin/BAERTOOLS/ravel/working/ravel-13123.DEM
NCOLS 92
NROWS 90
XLLCORNER 452028.49
YLLCORNER 3771475.4
CELLSIZE 10
NODATA_VALUE -9999
[rows 56 to 83 of 90, columns 0 to 62 of 92]
331.7388 331.7479 331.8085 331.7826 331.7255 331.6832 331.7 331.728 331.7853 331.8072 331.802 331.8021 331.7997 331.7927 331.7914 331.7858 331.8229 331.8738 331.9028 331.9659 332.0469 332.0797 332.1209 332.1721 332.1989 332.2835 332.3774 332.4463 332.4887 332.5092 332.5858 332.6663 332.7479 332.7739 332.8134 332.8727 332.8964 332.9769 333.0384 333.063 333.072 332.9895 332.7488 332.2725 331.9775 331.6595 332.1399 333.3024 333.6933 334.3092 334.7342 335.1376 335.3661 335.4329 335.5076 335.4947 335.4893 335.4948 335.4592 335.363 335.2708 335.1679 335.118
331.6053 331.5988 331.6844 331.7085 331.6847 331.6608 331.661 331.6608 331.6888 331.6988 331.6964 331.6921 331.7084 331.7578 331.761 331.7605 331.7664 331.808 331.8619 331.89 331.9801 332.0265 332.0701 332.1001 332.1749 332.2621 332.3447 332.3734 332.4145 332.4708 332.4905 332.5758 332.6472 332.7354 332.7806 332.7796 332.7861 332.9546 332.9722 333.0189 333.0658 333.0276 332.825 332.1544 331.9452 331.6111 332.0625 333.2784 333.6092 334.1326 334.4386 334.7626 334.9838 335.1271 335.2013 335.2642 335.2986 335.2412 335.1823 335.1875 335.1731 335.0736 335.022
331.4441 331.5023 331.5923 331.5988 331.598 331.5999 331.5972 331.5901 331.5869 331.5856 331.5857 331.579 331.6034 331.6906 331.6832 331.7337 331.7606 331.7918 331.8608 331.8611 331.9323 332.0261 332.0612 332.0887 332.1732 332.1772 332.2484 332.3371 332.3752 332.4062 332.4678 332.5517 332.5761 332.6367 332.6809 332.6949 332.7648 332.8495 332.9295 333.0163 333.0654 333.0335 332.8439 332.157 331.816 331.442 331.9922 333.275 333.6057 333.9824 334.1525 334.4405 334.6723 334.7936 334.8149 334.99 335.0514 335.0501 334.9419 334.8759 334.8751 334.8769 334.8206
331.3094 331.4034 331.5025 331.4937 331.4951 331.4866 331.5002 331.5574 331.5611 331.5611 331.5611 331.5608 331.5638 331.5789 331.6433 331.6757 331.7194 331.7731 331.7956 331.8592 331.9359 331.9757 332.0146 332.0787 332.0826 332.1505 332.1715 332.2347 332.2807 332.3007 332.3781 332.4597 332.475 332.5209 332.618 332.6686 332.6797 332.8389 332.9244 333.0197 333.0673 333.016 332.755 332.0633 331.7803 331.3863 331.9071 333.2839 333.5752 333.829 333.9308 334.1081 334.3658 334.4614 334.4078 334.6913 334.6672 334.7246 334.7491 334.6668 334.6649 334.6704 334.6074
331.2141 331.2996 331.3847 331.4001 331.3853 331.4164 331.4832 331.5008 331.4911 331.4912 331.4847 331.5167 331.5643 331.5606 331.5775 331.6385 331.6848 331.717 331.7769 331.7975 331.8871 331.9377 331.9881 331.985 331.9936 332.0872 332.1471 332.1807 332.2198 332.2765 332.2968 332.3837 332.4424 332.4774 332.5134 332.6015 332.6796 332.8503 332.941 332.9803 332.9964 332.9369 332.6579 331.9656 331.6885 331.285 331.8211 333.3051 333.6615 333.5495 333.7347 333.97 334.1108 334.1701 334.1704 334.4169 334.4836 334.414 334.3849 334.4622 334.4622 334.4637 334.402
331.0989 331.1114 331.1809 331.2721 331.2979 331.2959 331.3062 331.3063 331.3914 331.387 331.3814 331.3829 331.3934 331.4005 331.488 331.4937 331.4901 331.5188 331.5955 331.6024 331.6882 331.7447 331.7947 331.8128 331.8808 331.8862 331.9563 331.9872 332.0236 332.0903 332.0835 332.1597 332.2541 332.2784 332.306 332.4005 332.4862 332.6592 332.7523 332.796 332.7607 332.6581 332.4627 331.7679 331.4803 331.1153 331.7821 333.3954 333.667 333.5146 333.6743 333.8649 333.9686 333.9791 334.0526 334.197 334.3423 334.2806 334.134 334.1837 334.3366 334.2455 334.2519
330.9869 330.9865 331.0844 331.088 331.1393 331.1839 331.1912 331.2637 331.2855 331.2729 331.3148 331.3625 331.3609 331.3635 331.3744 331.3665 331.4107 331.4732 331.4694 331.5569 331.6491 331.6819 331.6674 331.6955 331.7762 331.7665 331.8398 331.8708 331.9063 331.9733 331.9833 332.066 332.1282 332.2242 332.2694 332.2984 332.3713 332.4559 332.4859 332.4867 332.4651 332.3354 332.0591 331.5089 331.3498 331.0117 331.7172 333.3307 333.3966 333.5339 333.6118 333.7538 333.8654 333.8762 333.9527 333.942 334.0786 334.0812 333.9346 333.9631 334.0381 334.0481 334.0492
330.901 330.9668 330.9816 331.0327 331.074 331.1112 331.1788 331.1846 331.171 331.2268 331.2799 331.2822 331.2764 331.2783 331.3623 331.3615 331.3623 331.3966 331.4592 331.4735 331.4716 331.5229 331.6177 331.6765 331.6712 331.7468 331.7686 331.8193 331.8737 331.8651 331.8739 332.0503 332.0703 332.1365 332.1051 331.9765 332.0887 332.1226 332.1332 332.0883 331.9409 331.8115 331.5689 331.3162 331.1381 330.8471 331.6537 333.2074 333.2881 333.4564 333.5691 333.7094 333.7897 333.8596 333.8564 333.848 333.9183 333.8639 333.7637 333.8447 333.8365 333.9058 333.9451
330.7952 330.8799 330.8707 330.9382 330.9888 330.9775 331.002 331.0732 331.1397 331.1804 331.1762 331.1658 331.1841 331.2614 331.2764 331.2653 331.307 331.3733 331.3738 331.3644 331.4338 331.4752 331.4656 331.495 331.5667 331.6486 331.6652 331.717 331.7682 331.7875 331.8624 331.874 331.7979 331.81 331.8661 331.8914 331.9426 331.8291 331.8793 331.7772 331.5917 331.4197 331.243 331.0494 331.0081 330.7452 331.5603 333.3087 333.3059 333.3451 333.5282 333.666 333.6799 333.7532 333.7532 333.7511 333.7494 333.7018 333.6411 333.634 333.6401 333.6311 333.6832
330.7725 330.7787 330.8417 330.8763 330.8654 330.8985 330.9657 330.977 331.0741 331.0629 331.1099 331.1634 331.1649 331.1684 331.1616 331.2208 331.273 331.2622 331.2789 331.3632 331.3677 331.3598 331.4012 331.4692 331.4646 331.5409 331.6364 331.671 331.6584 331.691 331.7567 331.5755 331.6193 331.6603 331.7034 331.7217 331.5624 331.5627 331.425 331.3401 331.3357 331.1942 330.9586 330.8775 330.858 330.6534 331.4452 333.2211 333.2895 333.327 333.4134 333.4922 333.582 333.6497 333.6425 333.6442 333.5844 333.5386 333.512 333.4362 333.5153 333.5393 333.5908
330.6684 330.6769 330.7691 330.826 330.8633 330.8581 330.884 330.9594 331.0369 331.0634 331.0635 331.0626 331.0805 331.1619 331.161 331.1562 331.2041 331.2621 331.2635 331.2639 331.2569 331.3149 331.3702 331.3594 331.3728 331.4658 331.4549 331.5248 331.4974 331.3472 331.3616 331.541 331.5643 331.5689 331.4802 331.3623 331.4515 331.2943 331.1682 331.1462 331.1303 330.9906 330.7581 330.7504 330.756 330.5935 331.4502 333.0949 333.1757 333.3268 333.4158 333.4506 333.4747 333.5237 333.4472 333.4385 333.4422 333.3887 333.3201 333.3287 333.3292 333.4003 333.5
330.6612 330.6597 330.7395 330.7664 330.8099 330.8638 330.8586 330.8708 330.9649 331.0201 331.0631 331.0611 331.0616 331.0613 331.1313 331.1635 331.1628 331.1628 331.1597 331.2401 331.2629 331.2612 331.259 331.2846 331.3589 331.3611 331.2922 331.248 331.2549 331.2528 331.2627 331.4345 331.4655 331.3469 331.2338 331.2516 331.2571 330.9337 330.8782 330.9609 330.9255 330.8093 330.6555 330.6483 330.6533 330.4821 331.3589 333.0882 333.1807 333.2451 333.2998 333.3524 333.3384 333.3242 333.3293 333.3334 333.2838 333.1888 333.1286 333.1288 333.213 333.3047 333.3887
330.6601 330.6614 330.6593 330.7208 330.763 330.7929 330.8591 330.86 330.9338 330.9715 330.959 330.9899 331.0578 331.0614 331.0624 331.0548 331.0989 331.1655 331.1616 331.159 331.153 331.2108 331.2648 331.2651 331.2318 331.1227 331.1603 331.1544 331.1538 331.1503 331.1656 331.2541 331.1117 331.0208 331.0796 331.156 331.1413 330.8069 330.7857 330.8514 330.8216 330.7119 330.5531 330.5453 330.5499 330.3802 331.2731 333.191 333.1966 333.1361 333.1895 333.2395 333.2029 333.1326 333.1324 333.1322 333.1336 333.0833 333.0147 333.0195 333.213 333.3047 333.3887
330.5845 330.6545 330.6598 330.7185 330.7633 330.7567 330.7772 330.853 330.8621 330.862 330.8552 330.8859 330.961 330.9609 330.9596 331.0125 331.0657 331.0575 331.0571 331.0614 331.1215 331.1663 331.1153 331.0462 331.0494 331.0533 331.0513 331.0509 331.047 331.0764 331.1553 330.9837 330.9321 330.9421 330.9805 331.0324 330.9165 330.6294 330.6423 330.6372 330.645 330.6039 330.4627 330.4417 330.4409 330.3229 331.1938 333.0078 333.0873 333.0432 333.0278 333.0136 333.0171 333.022 333.1324 333.1322 333.1336 333.0833 333.0147 333.0195 333.1331 333.2077 333.2842
330.4751 330.5626 330.6624 330.6546 330.7027 330.7618 330.7612 330.7629 330.8293 330.8667 330.8601 330.8598 330.8745 330.9624 330.9582 330.9562 330.9557 330.959 330.9716 331.0594 330.9837 330.9395 330.9508 330.9559 330.95 330.9561 330.9615 330.9586 330.9894 331.0592 331.0153 330.8329 330.8527 330.8607 330.8558 330.82 330.7256 330.5666 330.5346 330.5488 330.5091 330.4363 330.4391 330.3333 330.344 330.2224 330.7686 332.2227 332.7985 333.0432 333.0278 333.0136 333.0171 333.022 333.0195 333.0251 332.9674 332.8624 332.7964 332.8466 333.1305 333.1317 333.1858
330.4777 330.5556 330.6311 330.6604 330.7007 330.7651 330.7617 330.761 330.761 330.7589 330.7971 330.8623 330.8576 330.8577 330.8613 330.8588 330.8933 330.9639 330.9451 330.8602 330.8611 330.8584 330.8954 330.9362 330.8657 330.9288 330.957 330.9517 330.9572 330.8947 330.7367 330.7479 330.8125 330.8619 330.8268 330.7068 330.555 330.478 330.4392 330.4425 330.4155 330.3532 330.3329 330.2373 330.344 330.2224 330.7686 332.2227 332.8844 332.8897 332.8357 332.7847 332.7877 332.7899 332.8084 332.8132 332.7582 332.6616 332.6389 332.7477 333.0108 333.0399 333.1391
330.3713 330.4563 330.5582 330.6137 330.6589 330.6835 330.7578 330.76 330.7611 330.761 330.761 330.761 330.7604 330.8349 330.8546 330.8499 330.8522 330.8472 330.8476 330.8521 330.8509 330.8563 330.8613 330.8611 330.8611 330.8611 330.861 330.8491 330.8008 330.7148 330.6621 330.7215 330.746 330.7442 330.7067 330.6077 330.5396 330.4457 330.3914 330.4425 330.4155 330.3532 330.3329 330.2373 330.2367 330.1914 330.3878 331.0746 332.2278 332.4063 332.4632 332.4886 332.4922 332.5079 332.5841 332.5781 332.5355 332.4898 332.5215 332.6088 332.881 333.0214 333.1137
330.357 330.3662 330.5345 330.5608 330.5991 330.6617 330.6564 330.7409 330.7628 330.761 330.761 330.7611 330.7602 330.7506 330.676 330.6902 330.7549 330.7594 330.7612 330.761 330.7589 330.8065 330.8627 330.8612 330.8611 330.862 330.8672 330.7516 330.6406 330.6715 330.6789 330.6736 330.6723 330.7442 330.7067 330.6077 330.5396 330.4457 330.3914 330.3375 330.3395 330.3253 330.2418 330.165 330.1278 330.0973 330.2033 330.5996 331.4722 331.8164 332.0473 332.2097 332.283 332.3147 332.3374 332.2892 332.2837 332.2961 332.3306 332.4342 332.8185 332.9784 333.0986
330.3551 330.4413 330.5351 330.5612 330.5978 330.6533 330.667 330.7578 330.7519 330.7523 330.7516 330.7556 330.7406 330.6601 330.661 330.6587 330.687 330.7546 330.7616 330.761 330.7596 330.8028 330.8518 330.8456 330.8455 330.8376 330.7757 330.6897 330.6406 330.6715 330.6789 330.6736 330.6723 330.6772 330.5975 330.4617 330.4709 330.399 330.3674 330.3258 330.2707 330.2397 330.1587 330.0758 330.0426 329.9635 329.9924 330.3225 330.9418 331.2871 331.5914 331.8278 331.9933 332.0795 332.1742 332.139 332.1114 332.1494 332.2477 332.3773 332.7637 332.865 332.9446
330.2679 330.4374 330.5254 330.5639 330.5611 330.5601 330.5698 330.6573 330.6482 330.6425 330.6429 330.6421 330.6426 330.6476 330.6476 330.6468 330.6436 330.6733 330.7446 330.7446 330.7445 330.7386 330.7405 330.8456 330.8455 330.8376 330.7757 330.6897 330.6855 330.7539 330.753 330.7493 330.7562 330.7069 330.6165 330.5685 330.5432 330.4516 330.3991 330.3571 330.3181 330.2258 330.0736 330.0612 330.0136 329.8658 329.8682 330.1702 330.6432 330.9279 331.2003 331.4542 331.6572 331.7626 331.8719 331.929 331.9708 332.0329 332.1659 332.3047 332.5478 332.6507 332.7333
330.2755 330.3611 330.4164 330.5124 330.5562 330.5502 330.5459 330.6195 330.5781 330.5333 330.5392 330.5379 330.5396 330.5594 330.5417 330.5376 330.5858 330.6733 330.7446 330.7446 330.7445 330.7386 330.7405 330.7591 330.7556 330.6437 330.638 330.651 330.6368 330.6302 330.632 330.6618 330.6633 330.601 330.5278 330.524 330.4599 330.3767 330.341 330.3028 330.2303 330.1797 330.0787 330.0606 330.0349 329.7763 329.6896 330.1457 330.5698 330.7411 330.9639 331.1723 331.2998 331.4453 331.6643 331.7007 331.732 331.8324 331.9745 332.0998 332.3425 332.4094 332.4698
330.2747 330.3634 330.4197 330.4498 330.4395 330.4389 330.4387 330.4311 330.4326 330.4464 330.461 330.4603 330.5396 330.5594 330.5417 330.5376 330.5858 330.6448 330.6355 330.6513 330.6618 330.6586 330.6844 330.7483 330.7087 330.5568 330.6115 330.6082 330.5596 330.5605 330.5641 330.6417 330.6302 330.5408 330.4579 330.456 330.4299 330.3612 330.3191 330.268 330.2619 330.2516 330.099 330.0698 330.0437 329.7098 329.5287 330.0773 330.5241 330.6543 330.877 331.0844 331.1716 331.2477 331.4408 331.5501 331.6055 331.6301 331.701 331.8543 331.9606 332.0345 332.1296
330.2743 330.3621 330.3609 330.3429 330.3409 330.3588 330.3614 330.4311 330.4326 330.4464 330.461 330.4603 330.4674 330.5512 330.4807 330.49 330.5519 330.5591 330.561 330.6195 330.6458 330.642 330.6339 330.5886 330.5235 330.539 330.5308 330.5294 330.5349 330.5343 330.5324 330.5544 330.498 330.4326 330.4341 330.4188 330.3621 330.3611 330.364 330.3275 330.2616 330.251 330.2046 330.1392 330.0666 329.6533 329.4252 330.0748 330.4865 330.609 330.7593 330.973 331.1652 331.214 331.2655 331.3558 331.4008 331.4272 331.4391 331.4828 331.477 331.5323 331.5972
330.2725 330.3456 330.3609 330.3429 330.3409 330.3588 330.3614 330.361 330.3593 330.3991 330.4485 330.443 330.4413 330.4322 330.4387 330.4286 330.4648 330.5431 330.541 330.5303 330.5278 330.5349 330.5026 330.4579 330.4616 330.4308 330.4406 330.4615 330.4611 330.4611 330.461 330.4895 330.4666 330.3921 330.3577 330.3612 330.3611 330.3618 330.3477 330.2971 330.2611 330.2577 330.2682 330.2141 330.1151 329.5589 329.2466 330.0569 330.4128 330.5648 330.6816 330.827 331.0048 331.1189 331.2079 331.1766 331.2175 331.2164 331.0956 331.1026 331.0766 331.0571 330.9938
330.2725 330.3456 330.3614 330.3134 330.2922 330.3438 330.3415 330.3398 330.3399 330.3348 330.3293 330.33 330.3309 330.3279 330.326 330.3352 330.3803 330.4312 330.4285 330.4511 330.4415 330.4238 330.4288 330.4346 330.4354 330.3692 330.3924 330.4345 330.4285 330.4278 330.4291 330.3733 330.3585 330.3611 330.3615 330.3573 330.3222 330.3306 330.2876 330.2598 330.2564 330.2119 330.2107 330.2376 330.1691 329.5019 329.1263 330.0933 330.4199 330.5229 330.6282 330.7585 330.8787 331.0053 331.1178 331.029 331.0287 331.0467 330.9472 330.8505 330.6621 330.6777 330.6654
330.2427 330.2601 330.3095 330.356 330.3135 330.2589 330.261 330.261 330.261 330.261 330.2619 330.2496 330.2289 330.2617 330.2593 330.2937 330.3374 330.3252 330.3271 330.397 330.3587 330.3174 330.3204 330.3188 330.3216 330.3619 330.3611 330.3611 330.3611 330.3615 330.357 330.3204 330.3229 330.324 330.3299 330.3169 330.2585 330.2235 330.2409 330.2555 330.2041 330.1541 330.1093 330.1459 330.0724 329.3623 329.0285 330.1435 330.416 330.5234 330.6266 330.7613 330.9155 331.0695 331.0614 331.0524 330.9052 330.7609 330.7443 330.6513 330.3559 330.3737 330.362
330.1608 330.2401 330.2486 330.2611 330.2611 330.2613 330.2592 330.2328 330.2354 330.2358 330.2401 330.2168 330.164 330.2375 330.2338 330.2291 330.2238 330.2211 330.2299 330.2355 330.2072 330.2361 330.2613 330.2606 330.2643 330.3316 330.3274 330.3271 330.3266 330.33 330.3204 330.2386 330.2631 330.24 330.2088 330.2115 330.2191 330.1701 330.1865 330.2016 330.1497 330.1072 330.0605 329.9933 329.7146 328.9842 328.86 330.1392 330.4122 330.5676 330.6705 330.7398 330.8513 331.0204 331.0253 330.9846 330.9199 330.7102 330.4491 330.3774 330.164 330.1396 330.0942
330.1569 330.1589 330.2048 330.2392 330.2328 330.2359 330.2245 330.1587 330.1346 330.1195 330.1209 330.1226 330.1281 330.1228 330.1227 330.1223 330.1222 330.1198 330.119 330.1621 330.1593 330.184 330.2267 330.2229 330.2213 330.2128 330.2127 330.2123 330.2115 330.2139 330.1673 330.2001 330.2308 330.1971 330.1604 330.161 330.1611 330.1611 330.1619 330.1458 330.0961 330.0608 330.0517 329.8719 329.3804 328.6456 328.7342 330.0818 330.4197 330.5686 330.6349 330.6921 330.7639 330.8161 331.0031 330.86 330.7737 330.7245 330.5182 330.1767 329.9951 329.9913 329.9739
