var/www/cgi-bin/BAERTOOLS/ravel/working/ravel-5155.DEM
NCOLS 88
NROWS 114
XLLCORNER 772875.31
YLLCORNER 3877126.5
CELLSIZE 10
NODATA_VALUE -9999
[rows 56 to 83 of 114, columns 0 to 62 of 88]
1305.368 1303.621 1302.75 1303.686 1304.198 1304.291 1303.911 1303.454 1303.075 1304.849 1310.205 1315.912 1320.031 1322.912 1327.846 1329.365 1331.431 1335.021 1339.313 1342.999 1347.798 1349.854 1352.052 1354.911 1358.523 1365.864 1369.719 1373.573 1374.599 1377.94 1380.661 1385.797 1388.117 1390.34 1392.991 1395.949 1401.316 1404.124 1407.206 1410.235 1413.13 1416.661 1425.937 1430.153 1434.036 1437.695 1440.572 1444.072 1445.75 1447.428 1449.098 1451.045 1454.048 1462.423 1465.845 1469.155 1472.487 1475.387 1479.344 1480.94 1482.759 1484.327 1485.669
1302.657 1301.191 1300.005 1299.379 1298.811 1298.484 1298.01 1297.43 1297.35 1302.012 1306.686 1311.429 1315.365 1318.303 1320.25 1323.405 1326.679 1330.64 1334.535 1337.971 1342.442 1344.615 1348.507 1352.904 1356.825 1360.461 1367.651 1371.064 1374.599 1373.764 1376.139 1380.632 1383.388 1386.151 1388.921 1392.114 1395.635 1402.096 1405.235 1408.256 1411.336 1414.843 1423.69 1427.99 1431.954 1435.694 1438.887 1441.145 1444.077 1445.555 1447.198 1449.048 1451.438 1459.671 1463.964 1467.307 1470.389 1473.441 1476.025 1479.057 1480.241 1481.866 1483.544
1299.293 1298.357 1297 1295.337 1293.35 1292.802 1292.301 1291.693 1292.008 1298.603 1302.92 1306.921 1310.104 1312.582 1314.375 1317.742 1321.659 1325.986 1329.641 1332.992 1338.772 1341.395 1345.945 1351.231 1355.411 1358.481 1365.082 1368.185 1371.065 1373.764 1371.076 1376.018 1379.092 1382.417 1385.979 1389.664 1393.273 1400.217 1403.502 1406.543 1409.636 1413.003 1421.28 1425.881 1429.817 1433.371 1436.695 1439.333 1442.409 1443.779 1445.34 1447.19 1449.249 1456.218 1461.279 1465.104 1468.05 1471.038 1473.901 1476.581 1477.017 1478.526 1480.788
1296.109 1295.498 1294.277 1292.261 1288.91 1288.003 1286.96 1286.373 1287.477 1290.642 1298.177 1301.834 1304.806 1306.934 1308.548 1313.286 1316.62 1321.268 1326.45 1330.722 1333.994 1340.29 1344.444 1349.124 1353.223 1356.212 1361.368 1364.367 1366.964 1369.046 1371.076 1368.263 1375.257 1379.09 1383.216 1387.332 1391.078 1398.15 1401.727 1404.918 1407.967 1411.195 1414.656 1423.254 1427.371 1430.557 1433.374 1436.141 1440.535 1442.019 1443.51 1445.226 1447.204 1449.399 1456.937 1461.973 1465.579 1468.21 1470.748 1473.691 1474.366 1475.751 1478.08
1292.718 1291.88 1290.251 1288.034 1285.04 1283.698 1281.771 1280.146 1281.208 1285.2 1292.706 1295.381 1298.047 1300.672 1302.631 1309.54 1314.274 1319.193 1324.591 1329.376 1332.84 1339.563 1343.41 1346.835 1350.032 1352.945 1356.702 1358.789 1361.302 1363.743 1365.887 1368.263 1372.125 1376.678 1380.816 1384.813 1388.75 1395.937 1399.59 1403.146 1406.244 1409.151 1412.146 1419.491 1423.736 1427.018 1429.579 1432.112 1437.514 1439.935 1441.622 1443.233 1445.161 1447.207 1452.028 1457.047 1462.552 1466.032 1467.812 1471.242 1472.597 1474.083 1475.981
1286.343 1284.817 1283.408 1282.208 1280.697 1279.66 1277.855 1276.671 1277.174 1279.448 1285.798 1288.642 1291.317 1294.062 1298.078 1309.041 1314.65 1319.521 1323.99 1328.296 1331.863 1338.289 1341.728 1344.47 1346.656 1348.543 1351.348 1352.717 1354.998 1357.713 1360.53 1363.686 1372.125 1374.259 1378.568 1382.441 1386.156 1393.281 1397.175 1401.242 1404.588 1407.257 1409.858 1415.54 1419.145 1422.732 1425.399 1427.272 1432.815 1436.22 1439.156 1441.362 1443.187 1445.051 1449.08 1451.684 1457.202 1462.843 1465.842 1469.137 1470.85 1472.528 1474.272
1279.163 1278.031 1277.243 1276.357 1275.353 1274.416 1273.993 1271.849 1271.026 1273.279 1279.042 1281.698 1285.276 1290.045 1296.149 1302.855 1314.338 1318.981 1322.9 1326.503 1329.793 1335.553 1338.712 1341.228 1342.987 1344.051 1344.598 1346.239 1348.545 1351.894 1355.947 1360.453 1369.611 1374.259 1376.062 1379.933 1383.409 1386.8 1394.236 1398.644 1402.513 1405.326 1407.615 1412.685 1415.627 1418.504 1421.167 1423.331 1425.172 1431.751 1435.905 1439.291 1441.578 1443.258 1446.898 1448.916 1451.514 1457.009 1462.894 1465.699 1469.083 1470.819 1472.536
1279.163 1273.453 1272.122 1270.71 1269.084 1268.963 1271.068 1269.6 1267.532 1268.349 1273.097 1276.129 1280.355 1286.421 1293.494 1300.412 1312.355 1317.143 1320.864 1324.178 1327.515 1332.58 1334.822 1336.627 1338.006 1338.873 1339.271 1340.514 1342.374 1347.044 1352.78 1357.868 1367.343 1371.767 1376.062 1377.031 1380.594 1383.814 1390.9 1395.337 1399.569 1402.817 1405.273 1410.134 1412.786 1415.503 1418.021 1420.302 1422.478 1427.222 1431.523 1436.217 1439.703 1441.801 1445.064 1446.906 1448.868 1451.974 1457.304 1462.839 1467.297 1468.968 1470.681
1274.714 1273.453 1267.065 1265.601 1264.989 1268.661 1270.3 1269.087 1266.714 1265.881 1266.683 1270.654 1275.993 1282.641 1289.746 1296.943 1309.01 1314.051 1318.27 1321.581 1324.479 1327.136 1331.221 1332.105 1332.633 1333.21 1333.864 1336.872 1339.152 1343.772 1350.046 1355.721 1365.068 1369.228 1373.145 1377.031 1377.342 1380.664 1387.818 1392.007 1396.081 1399.684 1402.692 1407.667 1410.238 1412.93 1415.507 1417.839 1419.935 1424.404 1427.313 1431.872 1436.811 1440.175 1443.371 1445.017 1446.97 1449.079 1452.424 1457.65 1465.456 1467.209 1468.884
1270.324 1268.72 1261.056 1259.941 1261.016 1268.768 1269.653 1268.266 1265.143 1263.058 1263.482 1266.625 1271.57 1278.261 1285.559 1292.72 1305.095 1310.381 1315.421 1319.01 1321.364 1323.698 1327.182 1327.68 1327.983 1328.482 1329.177 1333.838 1337.589 1341.989 1347.69 1353.423 1357.922 1366.185 1370.029 1373.789 1377.342 1377.193 1384.726 1389.083 1392.969 1396.371 1399.585 1402.574 1407.657 1410.312 1413.001 1415.428 1417.524 1421.832 1424.381 1427.617 1432.261 1437.135 1440.31 1443.338 1445.002 1446.957 1449.21 1452.705 1462.79 1465.395 1467.095
1265.226 1262.959 1261.056 1254.978 1257.434 1268.689 1269.574 1267.756 1263.262 1259.127 1258.485 1263.468 1267.706 1274.022 1281.268 1288.136 1300.417 1305.632 1310.724 1315.425 1318.775 1320.678 1322.886 1323.356 1323.534 1324.369 1325.95 1331.835 1336.121 1340.753 1345.566 1350.196 1354.334 1362.458 1366.589 1370.317 1373.793 1377.193 1380.777 1385.334 1389.488 1392.968 1396.201 1399.397 1404.973 1407.546 1410.158 1412.614 1414.82 1419.137 1421.627 1424.363 1427.901 1432.404 1436.887 1441.647 1443.088 1444.756 1446.796 1449.241 1458.312 1462.846 1465.29
1259.247 1257.031 1255.503 1254.978 1255.571 1261.57 1268.852 1266.647 1261.663 1256.785 1255.115 1260.343 1264.568 1270.193 1276.984 1283.801 1289.958 1300.846 1305.627 1310.379 1314.637 1317.604 1319.057 1318.927 1318.644 1319.16 1321.93 1326.447 1334.42 1338.891 1342.951 1346.483 1350.03 1358.012 1362.698 1366.94 1370.484 1373.698 1377.006 1380.723 1385.114 1389.186 1392.726 1395.985 1402.154 1404.81 1407.258 1409.645 1411.938 1414.118 1418.652 1421.337 1424.365 1428.033 1432.309 1439.252 1441.012 1442.509 1444.219 1446.383 1449.203 1458.503 1462.843
1253.23 1251.015 1250.271 1251.654 1255.571 1259.387 1264.522 1263.464 1260.091 1255.862 1253.527 1257.02 1261.327 1266.345 1272.741 1279.654 1285.833 1296.225 1300.592 1304.335 1307.753 1310.692 1313.456 1313.784 1314.235 1316.065 1319.976 1324.997 1332.867 1336.067 1339.397 1342.246 1345.109 1353.572 1358.55 1363.301 1367.212 1370.402 1373.438 1380.723 1380.504 1384.865 1388.909 1392.427 1398.918 1401.965 1404.61 1406.943 1409.161 1411.316 1415.663 1418.178 1421.165 1424.371 1427.746 1434.795 1437.573 1439.79 1441.515 1443.268 1445.724 1453.508 1458.468
1250.214 1244.997 1244.932 1248.725 1254.373 1259.387 1259.989 1259.682 1258.457 1254.793 1250.947 1253.456 1257.921 1262.946 1268.427 1274.677 1281.011 1290.938 1294.876 1298.09 1300.767 1302.93 1305.915 1307.295 1311.042 1315.515 1319.544 1323.71 1331.267 1332.845 1334.186 1336.635 1340.156 1349.782 1354.983 1359.491 1363.397 1366.805 1369.921 1376.521 1380.504 1380.272 1384.544 1388.614 1395.558 1398.764 1401.816 1404.379 1406.592 1408.789 1412.855 1414.852 1417.722 1420.991 1424.024 1430.049 1433.084 1435.716 1437.77 1439.553 1441.606 1448.39 1452.729
1245.31 1240.886 1242.544 1247.426 1253.026 1256.992 1259.989 1258.067 1256.754 1251.378 1245.473 1244.951 1254.172 1258.994 1263.88 1269.347 1275.214 1284.486 1288.237 1291.056 1293.333 1295.516 1297.914 1304.036 1308.894 1314.782 1319.149 1321.64 1326.803 1327.918 1328.458 1331.219 1336.018 1341 1351.412 1355.766 1359.418 1362.793 1366.09 1372.734 1376.286 1375.961 1379.976 1384.265 1388.343 1395.425 1398.795 1401.732 1404.216 1406.487 1410.734 1412.794 1415.113 1417.869 1420.886 1423.751 1428.946 1431.488 1433.824 1435.781 1437.428 1441.635 1446.395
1238.106 1236.183 1240.775 1246.051 1250.782 1254.449 1258.151 1258.067 1252.072 1246.638 1242.237 1242.152 1250.588 1255.322 1259.943 1264.359 1268.719 1277.484 1280.857 1283.717 1286.544 1289.34 1292.61 1302.195 1307.203 1312.315 1316.628 1318.787 1320.105 1321.816 1324.516 1328.38 1333.051 1337.932 1347.576 1351.81 1355.394 1358.649 1361.93 1368.786 1372.31 1375.961 1375.733 1379.856 1384.219 1392.179 1395.802 1399.169 1402.097 1404.496 1408.966 1411.103 1413.118 1415.437 1418.171 1420.994 1425.858 1428.151 1430.356 1432.356 1434.081 1437.601 1440.256
1231.308 1232.292 1238.148 1243.983 1248.205 1251.293 1253.752 1254.951 1252.072 1242.017 1238.521 1239.286 1247.57 1251.94 1256.064 1259.805 1263.168 1266.309 1273.015 1276.592 1280.502 1284.85 1289.425 1299.369 1304.76 1308.399 1310.481 1312.118 1313.499 1317.223 1320.713 1325.158 1329.751 1334.287 1343.687 1347.429 1350.852 1354.133 1357.425 1360.93 1368.102 1371.818 1375.733 1376.522 1380.783 1389.483 1393.2 1396.946 1400.152 1402.685 1405.006 1409.747 1411.855 1413.838 1416.123 1418.687 1423.345 1425.474 1427.522 1429.511 1431.35 1433.131 1437.221
1223.713 1228.873 1234.959 1240.709 1244.905 1247.668 1249.547 1249.781 1247.047 1242.017 1232.57 1235.485 1245.138 1248.871 1252.044 1255.087 1257.874 1260.398 1266.312 1271.055 1276.269 1281.252 1285.976 1294.761 1299.123 1302.555 1304.654 1305.557 1306.62 1312.98 1316.312 1320.266 1324.859 1329.239 1338.793 1342.563 1345.735 1349.054 1352.465 1356.055 1364.2 1367.605 1372.021 1376.522 1379.365 1388.095 1391.836 1395.499 1398.734 1401.566 1404.188 1408.639 1410.655 1412.586 1414.649 1416.875 1421.172 1423.271 1425.159 1427.153 1429.154 1431 1435.073
1218.716 1225.278 1231.644 1236.702 1240.768 1243.867 1245.632 1244.587 1240.561 1234.898 1232.57 1232.649 1242.171 1245.551 1248.136 1250.467 1252.761 1255.049 1261.992 1266.779 1271.827 1277.252 1282.157 1289.793 1292.982 1295.922 1298.543 1300.717 1302.84 1309.735 1313.609 1316.371 1320.755 1325.834 1334.121 1338.661 1341.08 1344.522 1349.244 1353.376 1362.014 1365.25 1370.016 1375.128 1379.365 1387.659 1391.319 1394.709 1398.02 1401.268 1403.964 1407.673 1409.685 1411.539 1413.279 1415.1 1419.183 1421.366 1423.351 1425.247 1427.161 1429.06 1433.678
1215.626 1217.242 1227.421 1232.382 1235.798 1237.902 1238.961 1236.031 1231.472 1228.312 1228.923 1232.649 1233.742 1240.874 1243.854 1245.925 1248.167 1250.894 1257.987 1262.587 1266.94 1271.71 1276.741 1280.988 1287.889 1290.949 1293.266 1297.288 1301.878 1309.163 1314.28 1318.048 1322.201 1326.881 1330.989 1339.302 1341.448 1345.416 1350.827 1354.917 1362.918 1366.554 1370.781 1375.675 1379.972 1383.652 1391.15 1394.286 1397.514 1400.968 1403.766 1406.995 1408.7 1410.348 1411.953 1413.494 1415.115 1419.558 1422.05 1424.101 1425.708 1427.54 1432.447
1210.104 1213.395 1223.445 1227.446 1229.899 1230.808 1230.055 1224.366 1222.749 1223.565 1226.287 1229.967 1233.742 1234.999 1238.241 1241.15 1244.39 1247.845 1254.641 1258.244 1262.006 1265.831 1270.163 1275.085 1285.398 1289.979 1293.928 1298.292 1302.864 1313.178 1318.648 1323.15 1327.127 1331.552 1336.573 1343.945 1346.781 1351.084 1355.03 1357.887 1365.564 1368.936 1372.602 1376.846 1380.672 1383.884 1391.15 1393.199 1396.587 1400.262 1403.218 1406.322 1407.81 1409.335 1410.815 1412.256 1413.702 1418.172 1421.624 1424.52 1426.696 1428.343 1431.602
1206.44 1209.531 1219.706 1222.951 1224.279 1223.686 1221.219 1217.487 1215.98 1220.055 1223.685 1226.561 1229.407 1234.999 1233.317 1237.351 1241.497 1244.643 1247.647 1255.097 1258.735 1263.282 1267.938 1273.71 1287.607 1292.909 1297.242 1301.797 1306.571 1311.47 1323.134 1328.12 1332.539 1337.167 1341.623 1346.838 1350.484 1354.185 1356.854 1359.284 1362.557 1369.435 1373.133 1377.095 1380.505 1383.388 1390.058 1393.199 1395.064 1398.675 1401.833 1404.094 1406.965 1408.411 1409.889 1411.368 1412.872 1417.542 1421.369 1425.193 1427.764 1429.192 1430.21
1204.174 1206.744 1215.559 1218.339 1218.534 1216.206 1211.976 1208.105 1211.629 1216.575 1220.006 1222.593 1225.361 1230.304 1233.317 1234.679 1239.011 1242.058 1245.695 1256.482 1260.141 1265.06 1271.06 1278.026 1292.764 1296.719 1300.758 1305.24 1309.833 1314.819 1326.811 1331.246 1335.258 1339.665 1343.282 1347.682 1351.289 1354.483 1356.642 1358.853 1361.905 1368.608 1371.953 1375.592 1378.905 1381.737 1388.121 1391.491 1395.064 1396.952 1400.357 1403.051 1406.123 1407.496 1409.099 1410.865 1412.666 1417.528 1421.251 1425.059 1427.601 1428.947 1429.968
1200.153 1203.486 1210.978 1212.266 1211.964 1207.252 1201.985 1201.269 1208.082 1212.126 1215.723 1219.204 1222.467 1228.273 1230.899 1234.679 1240.22 1244.389 1249.264 1260.727 1264.837 1269.724 1276.001 1283.144 1294.993 1298.542 1302.401 1306.538 1310.909 1315.736 1327.493 1331.605 1335.198 1339.176 1342.454 1346.47 1349.763 1352.541 1354.791 1357.058 1359.869 1366.718 1369.671 1372.816 1376.067 1379.207 1386.043 1389.597 1393.275 1396.952 1398.686 1401.622 1405.151 1406.43 1408.123 1410.265 1412.529 1417.555 1420.411 1423.733 1426.487 1428.146 1429.16
1196.14 1199.484 1203.594 1209.58 1203.616 1197.01 1195.043 1197.169 1204.648 1207.657 1211.722 1216.457 1220.655 1224.298 1230.972 1235.216 1240.22 1249.9 1255.248 1263.934 1268.408 1273.732 1279.714 1285.895 1291.445 1299.243 1303.312 1307.014 1310.719 1314.845 1325.683 1330.257 1333.652 1336.747 1339.584 1341.836 1346.224 1348.949 1351.543 1353.994 1356.614 1363.242 1366.189 1369.031 1372.336 1375.89 1379.537 1387.855 1391.714 1395.306 1398.686 1399.486 1403.705 1405.2 1406.994 1409.371 1411.964 1414.424 1419.517 1422.231 1424.711 1426.726 1428.156
1192.761 1195.17 1198.236 1199.517 1194.468 1191.932 1192.858 1195.056 1203.269 1206.184 1210.565 1216.28 1221.197 1225.058 1233.329 1239.111 1244.622 1249.9 1257.985 1265.765 1270.249 1275.62 1281.049 1286.44 1291.52 1298.711 1302.253 1305.843 1309.479 1312.989 1321.967 1327.023 1330.62 1333.382 1335.946 1338.199 1341.973 1344.288 1346.978 1349.787 1352.553 1358.506 1361.686 1364.554 1367.43 1371.578 1376.792 1386.175 1390.517 1393.747 1396.585 1399.486 1401.516 1403.626 1405.847 1408.299 1410.933 1413.589 1418.252 1420.41 1422.713 1424.837 1426.52
1188.732 1190.948 1192.775 1191.082 1188.691 1189.559 1192.1 1194.736 1198.598 1208.303 1213.215 1218.703 1223.225 1226.929 1236.183 1242.451 1247.826 1253.028 1258.515 1262.322 1271.016 1275.808 1280.444 1285.214 1289.945 1297.602 1301.137 1304.475 1308.034 1311.65 1315.137 1323.608 1327.179 1329.753 1332.031 1334.262 1338.174 1340.041 1342 1344.477 1347.475 1350.603 1356.635 1360.012 1363.616 1368.361 1374.254 1383.802 1388.206 1391.522 1393.82 1396.148 1401.516 1402.159 1404.811 1407.121 1409.601 1412.225 1416.642 1418.601 1420.695 1422.697 1424.343
1184.633 1186.628 1186.956 1184.2 1185.782 1188.645 1191.73 1195.051 1199.327 1210.041 1215.15 1220.079 1224.339 1228.303 1237.988 1243.688 1248.887 1253.944 1258.515 1262.267 1271.001 1275.203 1279.263 1283.881 1288.693 1296.577 1300.22 1303.772 1307.191 1310.537 1314.022 1320.988 1324.09 1326.585 1328.573 1330.472 1334.263 1335.993 1337.862 1339.905 1342.288 1345.511 1352.566 1356.503 1361.333 1366.401 1371.602 1380.421 1384.159 1387.626 1389.967 1392.093 1395.275 1402.159 1403.555 1405.741 1407.85 1410.175 1414.796 1416.753 1418.682 1420.461 1422.076
