var/www/cgi-bin/BAERTOOLS/ravel/working/ravel-28416.DEM
NCOLS 89
NROWS 112
XLLCORNER 543650.24
YLLCORNER 4083886.8
CELLSIZE 10
NODATA_VALUE -9999
[rows 0 to 27 of 112, columns 0 to 62 of 89]
1576.595 1576.655 1575.253 1574.234 1572.733 1570.903 1569.108 1565.654 1563.921 1562.217 1560.334 1558.122 1553.64 1551.585 1549.858 1548.488 1546.213 1545.551 1545.141 1544.985 1545.003 1545.742 1546.825 1548.081 1549.858 1552.932 1558.311 1560.873 1562.594 1563.745 1564.951 1567.14 1568.487 1569.787 1570.891 1572.981 1574.429 1576.519 1579.04 1581.694 1586.348 1587.948 1589.299 1590.701 1592.133 1594.121 1594.37 1594.087 1593.448 1590.2 1587.656 1585.715 1583.992 1581.622 1575.267 1572.846 1570.583 1568.048 1565.373 1560.379 1557.37 1554.327 1551.773
1576.586 1576.614 1575.119 1574.095 1572.594 1570.767 1568.997 1565.629 1563.902 1562.211 1560.287 1557.973 1553.409 1551.291 1549.517 1548.191 1545.999 1545.418 1545.037 1544.924 1544.977 1545.836 1547.08 1548.452 1550.354 1552.932 1558.311 1560.873 1562.594 1563.745 1565.38 1567.832 1569.162 1570.447 1571.626 1574.333 1576.542 1579.212 1582.119 1584.841 1588.521 1589.866 1591.162 1592.499 1593.789 1595.569 1595.816 1595.277 1593.989 1589.195 1586.965 1584.821 1582.549 1579.827 1572.965 1570.052 1566.288 1562.709 1560.553 1556.201 1553.375 1550.944 1548.909
1576.568 1576.461 1574.788 1573.657 1572.177 1570.479 1568.724 1565.362 1563.756 1562.096 1560.08 1557.63 1552.984 1550.837 1549.137 1547.878 1545.68 1545.252 1545.001 1544.924 1544.995 1546.04 1547.301 1548.648 1550.67 1553.51 1559.069 1561.402 1563.049 1564.243 1565.38 1567.832 1569.162 1570.447 1571.626 1576.079 1578.897 1582.012 1584.905 1587.162 1590.486 1591.913 1593.211 1594.368 1595.426 1596.971 1596.947 1595.958 1594.161 1589.181 1586.966 1584.549 1581.86 1578.898 1572.208 1568.329 1563.983 1560.427 1557.978 1551.621 1549.179 1547.439 1545.669
1576.86 1576.171 1574.359 1573.078 1571.572 1570.015 1568.385 1565.106 1563.527 1561.748 1559.624 1557.173 1552.359 1550.249 1548.707 1547.529 1545.354 1545.016 1544.849 1544.861 1545.017 1546.241 1547.513 1548.974 1551.154 1554.032 1559.772 1561.869 1563.328 1564.581 1565.81 1568.441 1569.79 1571.113 1572.342 1576.079 1578.897 1582.012 1584.905 1587.162 1590.486 1593.755 1595.082 1596.279 1597.368 1598.578 1598.127 1596.646 1594.378 1589.327 1587.023 1584.48 1581.526 1578.387 1571.702 1567.659 1563.563 1560.085 1557.036 1550.153 1547.509 1545.277 1542.546
1576.622 1575.986 1573.963 1572.59 1571.047 1569.474 1567.894 1564.583 1563.041 1561.261 1559.072 1556.598 1551.791 1549.74 1548.185 1547.06 1545.034 1544.769 1544.687 1544.793 1545.01 1546.42 1547.791 1549.413 1551.607 1554.367 1560.007 1562.057 1563.53 1564.818 1566.137 1568.948 1570.324 1571.595 1573.014 1578.094 1581.405 1584.699 1587.193 1588.904 1592.256 1593.755 1595.082 1596.279 1597.368 1598.578 1598.817 1596.804 1594.404 1589.432 1587.034 1584.388 1581.438 1578.336 1571.465 1567.465 1563.501 1559.998 1556.764 1550.051 1547.244 1544.149 1540.635
1576.213 1575.557 1573.591 1572.094 1570.491 1568.935 1567.349 1563.956 1562.438 1560.61 1558.319 1555.838 1551.037 1549.245 1547.834 1546.623 1545.563 1544.443 1544.374 1544.556 1544.951 1546.524 1547.879 1549.556 1551.817 1554.565 1560.027 1562.045 1563.636 1565.025 1566.391 1569.48 1570.908 1572.22 1573.97 1580.361 1583.926 1586.596 1588.696 1590.675 1594.194 1595.803 1597.235 1598.389 1599.151 1599.768 1598.817 1596.804 1594.404 1589.432 1587.034 1584.302 1581.301 1578.238 1571.438 1567.438 1563.5 1559.858 1556.457 1550.033 1546.96 1543.629 1540.232
1575.953 1575.218 1572.965 1571.458 1569.884 1568.31 1566.671 1563.305 1561.585 1559.503 1557.206 1554.902 1550.197 1548.542 1547.257 1546.056 1545.094 1544.213 1544.165 1544.411 1544.791 1546.53 1547.883 1549.554 1551.854 1554.665 1560.046 1562.116 1563.741 1565.15 1566.61 1569.954 1571.491 1572.907 1575.122 1582.645 1586.064 1588.469 1590.394 1592.383 1595.978 1597.711 1599.168 1600.292 1600.925 1600.213 1598.869 1596.779 1594.352 1591.884 1587.056 1584.302 1581.301 1578.238 1571.438 1567.438 1563.281 1559.703 1556.241 1550.01 1546.798 1543.422 1540.151
1575.763 1574.831 1572.391 1570.91 1569.372 1567.694 1565.967 1562.585 1560.687 1558.494 1556.208 1553.938 1549.462 1547.994 1546.709 1545.428 1544.527 1543.905 1543.848 1544.187 1544.694 1546.514 1547.884 1549.552 1551.807 1554.553 1559.938 1562.069 1563.726 1565.167 1566.748 1570.34 1571.958 1573.967 1576.989 1584.99 1587.721 1589.892 1592.048 1594.135 1597.827 1599.587 1601.3 1602.501 1602.794 1600.765 1598.977 1596.858 1594.441 1591.977 1587.066 1584.217 1581.164 1578.145 1571.231 1567.109 1563.281 1559.703 1556.241 1550.01 1546.798 1543.422 1540.075
1575.457 1574.504 1571.911 1570.421 1568.809 1567.089 1565.347 1561.854 1559.755 1557.52 1555.239 1552.878 1548.859 1547.464 1546.151 1544.974 1544.186 1543.57 1543.602 1543.969 1544.531 1546.446 1547.792 1549.382 1551.582 1554.339 1559.708 1561.846 1563.566 1565.149 1566.879 1570.62 1572.279 1574.741 1578.496 1586.641 1589.094 1591.332 1593.703 1595.918 1599.896 1601.923 1603.799 1605.148 1605.438 1602.003 1599.423 1596.947 1594.527 1592.05 1587.04 1584.206 1581.069 1577.857 1570.786 1566.454 1562.316 1558.775 1555.639 1549.386 1546.351 1543.209 1540.075
1575.216 1574.206 1573.067 1569.98 1568.336 1566.602 1564.845 1561.158 1559.002 1556.677 1554.268 1551.799 1548.124 1546.769 1545.493 1544.585 1544.019 1543.229 1543.29 1543.721 1544.329 1546.388 1547.716 1549.158 1551.278 1554.02 1559.304 1561.594 1563.49 1565.188 1566.964 1570.764 1572.551 1575.293 1579.337 1587.107 1589.976 1592.775 1595.374 1597.669 1602.159 1604.497 1606.72 1608.701 1609.456 1603.567 1599.928 1597.1 1594.618 1592.123 1586.94 1584.004 1580.837 1577.588 1570.163 1565.725 1561.63 1558.193 1555.106 1548.848 1545.796 1542.812 1539.935
1574.956 1573.947 1572.646 1569.535 1567.921 1566.227 1564.475 1560.685 1558.468 1556.008 1553.404 1550.895 1547.467 1546.198 1544.962 1544.083 1543.583 1542.824 1542.986 1543.501 1544.158 1546.084 1547.48 1548.901 1550.955 1553.674 1558.987 1561.426 1563.384 1565.073 1566.872 1570.661 1572.475 1575.465 1579.601 1583.72 1590.479 1593.701 1596.87 1599.625 1604.5 1607.051 1609.281 1611.085 1611.386 1604.478 1600.509 1597.461 1594.861 1592.176 1586.812 1583.749 1580.473 1577.32 1569.766 1565.285 1561.284 1557.802 1554.534 1548.284 1545.256 1542.337 1539.423
1574.672 1573.659 1572.239 1569.198 1567.564 1565.895 1564.233 1560.507 1558.147 1555.556 1552.922 1550.491 1547.116 1545.887 1544.651 1543.705 1543.165 1542.507 1542.645 1543.199 1543.911 1545.834 1547.25 1548.554 1550.455 1553.132 1558.517 1561.032 1563.086 1564.882 1566.706 1570.501 1572.458 1575.407 1579.42 1583.555 1590.505 1594.113 1597.71 1600.803 1606.62 1609.484 1611.456 1612.429 1611.861 1605.115 1601.331 1597.999 1595.041 1592.198 1586.574 1583.432 1580.122 1576.957 1569.299 1564.974 1561.008 1557.326 1553.871 1547.546 1544.572 1541.678 1538.89
1574.327 1573.243 1571.782 1568.801 1567.226 1565.634 1564.049 1560.293 1557.873 1555.313 1552.774 1550.429 1546.873 1545.539 1544.431 1543.502 1542.747 1542.153 1542.377 1542.911 1543.572 1545.658 1546.9 1548.121 1549.893 1552.378 1557.784 1560.408 1562.601 1564.504 1566.381 1570.263 1572.325 1575.219 1578.98 1582.875 1590.263 1594.043 1597.727 1601.168 1607.976 1610.897 1612.752 1613.135 1611.837 1605.373 1601.6 1598.156 1594.995 1591.952 1586.061 1582.922 1579.602 1576.241 1568.418 1564.198 1560.312 1556.62 1553.079 1546.769 1543.811 1540.977 1538.197
1573.701 1572.603 1571.28 1568.439 1566.996 1565.456 1563.839 1560.119 1557.669 1555.111 1552.636 1550.367 1546.782 1545.151 1543.897 1543.029 1542.326 1541.749 1541.964 1542.514 1543.295 1545.287 1546.482 1547.792 1549.325 1551.45 1557.039 1559.727 1562.085 1564.081 1565.95 1569.967 1572.071 1574.845 1578.389 1582.158 1589.576 1593.62 1597.497 1601.208 1608.757 1611.692 1612.843 1612.851 1611.845 1605.322 1601.626 1598.175 1594.881 1591.651 1585.43 1582.261 1579.018 1575.637 1567.548 1563.081 1559.225 1555.714 1552.177 1545.777 1542.837 1539.991 1537.259
1572.977 1571.845 1570.678 1567.961 1566.574 1565.154 1563.674 1559.982 1557.466 1554.921 1552.536 1550.335 1546.612 1544.717 1543.308 1542.348 1541.549 1541.124 1541.418 1542.154 1543.118 1544.038 1546.143 1547.384 1548.605 1550.418 1556.246 1559.055 1561.465 1563.432 1565.351 1569.697 1571.756 1574.416 1577.886 1581.625 1589.101 1593.132 1596.83 1600.713 1609.152 1612.082 1613.131 1613.029 1611.915 1605.253 1601.519 1597.971 1594.516 1591.169 1584.8 1581.571 1578.32 1574.928 1566.588 1562.461 1558.459 1554.619 1551.153 1544.657 1541.647 1538.803 1536.058
1572.201 1571.112 1570.004 1567.393 1566.119 1564.782 1563.403 1559.681 1557.19 1554.66 1552.289 1550.151 1546.115 1544.131 1542.334 1540.973 1540.196 1540.214 1540.816 1541.72 1542.738 1543.723 1545.862 1547.047 1548.203 1549.843 1555.494 1558.115 1560.397 1562.5 1564.669 1569.491 1571.64 1574.304 1577.768 1581.516 1588.998 1592.937 1596.74 1600.913 1609.791 1612.584 1613.334 1612.947 1611.711 1604.85 1600.917 1597.312 1593.845 1590.447 1583.908 1580.571 1577.278 1573.726 1569.643 1561.056 1556.985 1553.256 1549.803 1543.285 1540.338 1537.397 1534.588
1571.31 1570.284 1569.236 1566.866 1565.636 1564.328 1563.021 1559.221 1556.738 1554.269 1551.924 1549.767 1545.577 1543.377 1541.124 1539.423 1538.696 1539.498 1540.393 1541.328 1542.409 1543.556 1545.676 1546.842 1548.034 1549.659 1554.804 1557.33 1559.473 1561.63 1564.124 1569.429 1571.718 1574.493 1578.101 1581.961 1589.413 1593.229 1596.931 1601.358 1610.77 1613.102 1613.4 1612.456 1610.729 1604.021 1600.038 1596.375 1592.847 1589.363 1582.664 1579.097 1575.782 1572.181 1567.844 1559.405 1555.221 1551.509 1548.193 1541.468 1538.534 1535.802 1533.038
1570.443 1569.54 1568.484 1566.265 1565.098 1563.838 1562.543 1558.652 1556.195 1553.779 1551.464 1549.274 1544.893 1542.664 1540.355 1538.351 1537.427 1538.981 1540.011 1541.099 1542.291 1543.432 1545.631 1546.83 1548.048 1549.702 1554.562 1556.917 1559.075 1561.326 1563.941 1569.676 1572.117 1575.198 1579.087 1583.07 1590.45 1594.1 1597.944 1602.729 1611.895 1613.166 1613.171 1612.112 1609.805 1603.158 1599.351 1595.678 1591.872 1587.911 1581.076 1577.161 1573.442 1569.616 1565.273 1557.302 1552.88 1549.141 1546.141 1539.42 1536.56 1534.077 1531.396
1569.546 1568.726 1567.752 1565.675 1564.527 1563.301 1561.922 1557.886 1555.55 1553.151 1550.863 1548.686 1544.27 1542.002 1539.763 1537.744 1536.792 1538.793 1539.899 1541.019 1542.172 1543.328 1545.674 1546.972 1548.33 1550.035 1554.708 1556.973 1559.185 1561.505 1564.178 1570.241 1572.959 1576.369 1580.531 1584.633 1591.803 1595.36 1599.685 1605.022 1613.333 1613.827 1613.302 1611.982 1609.504 1602.796 1599.354 1595.495 1591.129 1586.863 1579.873 1575.864 1571.853 1567.424 1562.605 1555.275 1550.944 1547.479 1544.823 1537.825 1535.242 1532.887 1530.006
1568.788 1567.967 1566.993 1565.107 1563.962 1562.798 1561.318 1559.256 1554.683 1552.311 1550.042 1547.875 1543.583 1541.371 1539.115 1537.249 1536.62 1538.76 1539.899 1541.023 1542.219 1543.453 1545.872 1547.22 1548.672 1550.461 1555.034 1557.387 1559.652 1562.048 1564.826 1570.902 1574.001 1577.83 1582.199 1586.291 1593.138 1596.755 1601.494 1607.024 1613.849 1614.083 1613.333 1611.818 1609.325 1602.774 1599.443 1595.452 1590.964 1586.718 1579.496 1575.958 1571.744 1566.828 1562.083 1554.655 1551.143 1547.732 1544.405 1538.117 1535.159 1532.218 1529.183
1568.117 1567.335 1566.413 1564.408 1563.353 1562.176 1560.577 1558.421 1553.842 1551.571 1549.327 1547.091 1542.738 1540.658 1538.441 1536.813 1536.551 1538.753 1539.995 1541.148 1542.345 1543.627 1546.118 1547.498 1549.047 1550.934 1555.514 1557.902 1560.23 1562.784 1565.661 1571.657 1575.058 1579.19 1583.606 1587.539 1594.274 1598.15 1603.066 1608.324 1612.142 1613.84 1613.209 1611.707 1609.242 1602.539 1599.437 1595.54 1591.153 1587.063 1579.561 1575.971 1571.685 1566.775 1562.111 1554.552 1551.286 1547.834 1544.244 1537.944 1534.996 1531.963 1529.102
1567.418 1566.604 1565.711 1563.689 1562.709 1561.438 1559.669 1557.536 1553.039 1550.865 1548.675 1546.414 1541.855 1539.711 1537.679 1536.449 1536.446 1538.729 1540.029 1541.258 1542.535 1543.851 1546.543 1547.976 1549.62 1551.574 1556.092 1558.468 1560.885 1563.582 1566.579 1572.573 1576.175 1580.372 1584.588 1588.364 1595.302 1599.29 1604.089 1608.945 1612.297 1613.395 1612.608 1611.083 1608.597 1601.927 1598.958 1595.215 1591.088 1587.252 1579.496 1575.855 1571.505 1566.624 1562.104 1554.171 1550.716 1547.238 1543.709 1537.212 1534.355 1531.493 1528.828
1566.656 1565.851 1564.881 1563.037 1562.106 1560.582 1558.546 1556.477 1552.145 1549.979 1547.806 1545.55 1540.928 1538.707 1536.899 1536.09 1536.378 1538.731 1540.063 1541.355 1542.731 1544.121 1546.923 1548.37 1550.151 1552.262 1556.781 1559.164 1561.654 1564.483 1567.636 1574.033 1577.485 1581.432 1585.405 1589.032 1596.249 1600.306 1604.817 1609.224 1612.213 1612.588 1611.543 1609.644 1607.035 1600.827 1597.655 1594.118 1590.414 1586.745 1578.931 1575.416 1570.895 1565.763 1561.249 1553.164 1549.617 1546.083 1542.578 1536.36 1533.46 1530.708 1528.177
1565.939 1565.042 1564.056 1562.299 1561.075 1559.446 1557.511 1555.411 1551.172 1549.047 1546.864 1544.609 1539.911 1537.746 1536.363 1535.957 1536.373 1538.803 1540.219 1541.528 1542.939 1544.459 1547.232 1548.683 1550.597 1552.843 1557.443 1559.829 1562.459 1565.432 1568.637 1575.407 1578.846 1582.512 1586.228 1589.772 1596.814 1600.912 1605.32 1609.458 1612.197 1611.602 1610.155 1608.07 1605.419 1599.434 1596.136 1592.643 1589.055 1585.406 1577.585 1573.675 1568.698 1563.413 1559.047 1551.337 1547.805 1544.31 1541.008 1534.985 1532.087 1529.547 1527.159
1565.087 1564.116 1563.174 1561.236 1559.781 1558.07 1556.206 1554.24 1550.222 1548.117 1545.917 1543.66 1538.979 1537.003 1536.104 1536.003 1536.373 1538.907 1540.358 1541.751 1543.245 1544.793 1547.675 1549.189 1551.159 1553.462 1555.769 1560.443 1563.22 1566.359 1569.584 1576.304 1579.838 1583.417 1586.962 1590.427 1597.241 1601.328 1605.734 1609.732 1612.097 1610.498 1608.756 1606.615 1604.009 1598.015 1594.804 1591.146 1587.403 1583.853 1575.884 1571.41 1566 1560.982 1557.163 1549.163 1545.647 1541.998 1538.659 1533.085 1529.974 1527.576 1525.625
1564.154 1563.226 1562.31 1559.878 1558.344 1556.673 1554.884 1553.025 1549.187 1547.211 1545.069 1542.809 1538.35 1536.638 1535.902 1535.916 1536.411 1538.955 1540.427 1541.924 1543.512 1545.118 1548.179 1549.903 1551.887 1554.087 1556.425 1561.181 1564.031 1567.22 1570.446 1577.138 1580.624 1584.17 1587.658 1591.055 1597.945 1601.798 1606.052 1609.841 1611.662 1609.315 1607.567 1605.41 1602.888 1597.219 1593.96 1590.065 1586.236 1582.879 1575.212 1570.672 1565.257 1560.269 1556.352 1548.142 1544.24 1540.043 1536.446 1533.882 1527.26 1524.976 1523.586
1563.21 1562.342 1561.34 1558.435 1556.839 1555.143 1553.402 1551.671 1548.142 1546.261 1544.194 1542.015 1537.885 1536.372 1535.747 1535.807 1536.378 1538.969 1540.561 1542.168 1543.833 1545.513 1548.671 1550.536 1552.592 1554.789 1557.126 1561.992 1564.88 1568.064 1571.281 1577.907 1581.369 1584.865 1588.345 1591.751 1598.481 1601.94 1605.981 1609.383 1610.543 1608.298 1606.584 1604.54 1602.272 1596.984 1593.603 1589.861 1586.22 1582.838 1575.866 1571.409 1565.933 1560.752 1556.459 1548.048 1543.903 1539.608 1535.943 1532.987 1525.641 1523.52 1522.252
1562.342 1561.349 1559.937 1556.828 1555.269 1553.553 1551.777 1550.139 1546.972 1545.216 1543.243 1541.253 1537.528 1536.197 1535.655 1535.672 1536.185 1538.955 1540.649 1542.452 1544.257 1545.939 1549.242 1551.206 1553.328 1555.511 1557.783 1562.801 1565.747 1568.87 1572.059 1578.721 1582.13 1585.531 1588.972 1592.368 1598.668 1601.901 1605.229 1607.801 1608.822 1607.242 1605.598 1603.726 1601.74 1596.843 1593.446 1589.942 1586.516 1583.167 1576.569 1572.284 1566.922 1561.607 1556.955 1548.319 1544.198 1540.154 1536.525 1533.142 1525.98 1523.618 1521.911
