var/www/cgi-bin/BAERTOOLS/ravel/working/ravel-180209.DEM
NCOLS 133
NROWS 83
XLLCORNER 275926.32
YLLCORNER 3833698.9
CELLSIZE 10
NODATA_VALUE -9999
[rows 28 to 55 of 83, columns 0 to 62 of 133]
1613.478 1617.619 1621.248 1624.477 1627.63 1630.955 1638.119 1642.398 1646.331 1650.363 1653.963 1656.38 1658.858 1659.592 1660.557 1661.553 1662.164 1663.057 1663.836 1664.215 1664.64 1665.426 1663.955 1665.067 1664.21 1662.673 1660.374 1657.789 1655.412 1650.253 1647.524 1644.444 1641.597 1639.398 1638.871 1640.909 1643.834 1646.788 1649.573 1652.037 1655.393 1655.353 1653.981 1651.711 1649.21 1645.943 1635.807 1630.586 1625.736 1621.365 1617.884 1617.699 1619.062 1619.853 1620.519 1621.128 1621.735 1622.558 1621.826 1620.944 1620.577 1619.833 1617.006
1612.338 1615.865 1618.928 1621.813 1624.649 1627.521 1633.843 1637.777 1641.799 1645.98 1649.934 1655.73 1657.612 1659.039 1660.213 1661.277 1662.53 1664.376 1664.935 1665.659 1666.462 1665.426 1666.516 1667.75 1666.78 1664.222 1660.164 1657.019 1653.82 1652.113 1649.533 1646.868 1644.587 1642.825 1642.912 1644.342 1646.809 1649.633 1652.294 1654.561 1657.556 1657.16 1655.41 1652.897 1650.27 1642.305 1636.673 1632.111 1627.576 1622.169 1620.733 1623.033 1624.103 1625.163 1625.973 1626.387 1626.726 1626.677 1624.632 1622.292 1621.785 1621.921 1618.104
1611.076 1614.321 1617.108 1619.699 1622.222 1624.965 1629.51 1632.658 1637.443 1641.956 1646.313 1653.733 1656.158 1657.866 1659.449 1661.267 1662.646 1664.897 1665.583 1666.226 1666.462 1667.148 1668.266 1669.355 1667.84 1664.878 1660.766 1657.786 1655.951 1654.562 1652.757 1650.699 1648.937 1647.734 1647.1 1647.961 1649.615 1651.832 1654.321 1656.29 1658.173 1657.253 1655.371 1653.046 1650.835 1643.025 1637.531 1632.417 1629.174 1627.781 1625.857 1628.489 1629.701 1631.066 1632.156 1632.536 1630.843 1627.868 1624.807 1622.696 1620.876 1619.142 1618.104
1609.305 1612.386 1614.896 1617.31 1619.827 1622.44 1627.057 1630.538 1634.917 1638.992 1644.48 1651.995 1654.871 1657.043 1658.922 1660.375 1662.01 1664.152 1664.834 1666.226 1666.978 1667.542 1668.628 1669.253 1668.686 1666.331 1663.042 1660.495 1657.98 1657.48 1656.313 1654.578 1653.197 1652.273 1651.752 1652.06 1652.763 1654.086 1655.893 1658.111 1657.917 1656.648 1654.801 1652.693 1650.17 1642.432 1636.862 1632.73 1631.366 1631.028 1630.943 1634.013 1635.508 1637.306 1638.375 1637.068 1630.655 1627.663 1624.639 1621.683 1618.79 1619.142 1614.599
1606.791 1609.83 1612.542 1614.897 1617.495 1622.939 1626.016 1629.432 1633.385 1638.244 1642.797 1650.74 1653.486 1655.661 1657.518 1659.073 1660.362 1662.621 1664.834 1665.628 1666.528 1667.21 1667.418 1667.297 1666.877 1665.348 1663.215 1661.175 1658.864 1658.471 1658.204 1657.636 1656.567 1656.059 1655.671 1655.726 1655.811 1656.268 1657.082 1658.012 1657.329 1656.007 1654.332 1652.526 1650.567 1644.026 1639.991 1635.198 1631.592 1633.133 1635.905 1636.283 1637.137 1637.662 1637.503 1636.246 1630.478 1627.098 1623.803 1620.175 1618.79 1615.955 1610.88
1604.662 1607.468 1610.183 1613.011 1615.637 1621.829 1625.394 1629.307 1633.465 1637.913 1642.127 1648.952 1651.553 1653.822 1655.83 1656.902 1661.226 1662.621 1663.82 1664.625 1665.267 1665.782 1665.727 1665.127 1664.594 1663.545 1662.008 1660.421 1658.503 1658.109 1657.925 1657.686 1657.136 1657.15 1657.302 1657.409 1657.37 1657.301 1657.407 1657.19 1656.353 1655.147 1653.836 1652.236 1650.835 1645.888 1642.987 1639.922 1637.715 1637.072 1637.479 1637.186 1636.697 1635.977 1634.882 1633.402 1628.404 1625.079 1621.76 1620.175 1616.58 1613.132 1607.583
1603.399 1606.127 1608.955 1611.939 1614.881 1621.351 1625.027 1629.035 1632.967 1636.811 1640.371 1646.338 1648.871 1651.112 1653.062 1656.902 1659.13 1660.124 1660.835 1661.538 1662.135 1662.16 1662.578 1662.426 1661.951 1661.118 1660.108 1659.067 1657.453 1656.985 1656.766 1656.805 1656.794 1657.103 1657.504 1657.822 1657.696 1657.361 1657.02 1655.749 1654.865 1653.831 1652.767 1651.522 1650.36 1646.676 1644.787 1643.046 1641.464 1640.356 1638.969 1638.078 1636.694 1634.737 1632.645 1630.432 1625.116 1622.217 1621.76 1618.081 1614.513 1608.289 1606.099
1603.809 1606.377 1609.003 1611.941 1614.975 1621.427 1625.049 1628.835 1632.375 1635.522 1638.407 1643.609 1645.967 1648.006 1653.062 1654.365 1656.416 1657.18 1657.737 1658.266 1658.705 1658.745 1659.294 1659.366 1659.199 1658.712 1658.158 1657.009 1656.526 1656.109 1655.863 1655.841 1655.887 1656.079 1656.469 1656.996 1656.766 1656.174 1655.289 1653.464 1652.621 1651.784 1651.063 1650.31 1648.104 1646.781 1645.562 1644.492 1643.425 1642.429 1640.536 1639.21 1636.882 1633.64 1630.5 1627.563 1621.97 1622.217 1619.116 1615.887 1612.736 1607.334 1605.014
1605.571 1607.96 1610.163 1612.783 1615.74 1621.852 1625.242 1628.549 1631.566 1633.982 1638.495 1640.703 1642.775 1648.006 1649.762 1651.401 1653.239 1653.645 1653.865 1654.091 1654.422 1654.6 1655.65 1656.066 1656.226 1656.111 1655.842 1655.193 1654.775 1654.376 1654.083 1653.988 1654.375 1655.047 1655.468 1655.875 1655.631 1654.853 1653.679 1651.209 1650.196 1649.25 1648.442 1647.924 1647.06 1646.355 1645.636 1644.995 1644.338 1643.623 1641.823 1639.92 1636.689 1632.555 1628.628 1627.563 1621.97 1618.939 1616.047 1613.339 1610.868 1606.195 1603.81
1608.285 1610.303 1611.836 1613.264 1616.246 1623.012 1625.739 1628.301 1630.3 1632.311 1635.743 1637.564 1642.775 1644.638 1646.25 1647.848 1649.665 1649.511 1649.184 1649.021 1649.25 1650.549 1651.581 1652.525 1653.099 1653.363 1653.266 1652.714 1652.27 1651.847 1651.505 1651.405 1652.352 1654.269 1654.966 1654.985 1654.513 1653.592 1650.643 1649.193 1647.873 1646.552 1645.295 1644.896 1645.729 1645.687 1645.332 1644.91 1644.56 1644.292 1643.249 1640.803 1636.634 1631.747 1628.628 1621.584 1618.428 1615.399 1612.805 1610.529 1608.507 1604.524 1602.259
1610.997 1612.073 1613.135 1615.829 1621.543 1623.578 1626.235 1628.137 1628.78 1630.314 1633.618 1637.564 1639.271 1640.513 1641.598 1643.272 1644.827 1644.164 1643.26 1642.7 1642.836 1645.646 1648.072 1649.877 1650.909 1651.296 1651.243 1650.638 1650.133 1649.479 1648.985 1649.451 1650.685 1651.985 1652.246 1652.014 1651.591 1650.918 1648.391 1646.981 1645.14 1642.488 1639.271 1638.216 1643.216 1644.963 1645.636 1645.367 1645.284 1645.256 1644.494 1641.071 1635.953 1631.747 1627.225 1618.609 1614.72 1611.731 1609.557 1607.697 1606.019 1602.528 1600.449
1613.593 1613.126 1614.989 1618.47 1621.856 1623.691 1624.466 1625.25 1626.261 1627.751 1633.618 1634.827 1636.101 1636.953 1637.51 1637.885 1638.027 1637.519 1636.638 1635.741 1635.367 1640.563 1645.002 1647.852 1649.485 1649.673 1649.51 1648.722 1648.205 1647.256 1646.417 1647.34 1649.226 1649.134 1648.938 1648.608 1648.238 1647.522 1645.828 1643.99 1641.538 1638.242 1634.621 1632.956 1636.737 1640.821 1644.321 1646.067 1646.197 1645.13 1642.105 1637.738 1635.953 1630.705 1626.038 1615.419 1610.665 1607.741 1605.956 1603.907 1602.118 1599.042 1597.38
1612.04 1612.73 1614.194 1616.252 1620.101 1621.164 1622.033 1623.103 1626.261 1627.751 1630.393 1631.455 1632.241 1632.604 1632.867 1632.977 1632.63 1632.103 1631.405 1630.96 1631.822 1637.404 1641.862 1645.649 1647.837 1648.299 1647.945 1646.538 1645.522 1644.514 1643.842 1643.727 1645.508 1645.321 1644.863 1644.65 1644.368 1643.991 1642.216 1640.17 1637.088 1634.29 1632.526 1630.631 1634.226 1638.808 1642.3 1644.351 1644.307 1640.582 1636.902 1637.738 1633.016 1628.424 1624.216 1614.879 1610.323 1606.627 1602.964 1600.087 1598.71 1595.952 1594.361
1610.829 1611.273 1611.673 1613.649 1617.25 1618.523 1619.697 1623.103 1624.031 1625.421 1627.951 1628.942 1629.361 1629.096 1629.104 1628.333 1627.888 1627.292 1626.357 1626.212 1628.525 1635.672 1639.379 1642.809 1645.196 1646.246 1645.199 1644.232 1643.004 1641.211 1639.067 1637.981 1640.762 1640.716 1640.61 1640.572 1640.557 1640.123 1638.914 1637.273 1634.582 1630.735 1627.13 1628.206 1632.89 1636.51 1638.602 1639.482 1639.81 1636.375 1636.902 1633.157 1628.908 1624.104 1621.137 1612.992 1609.095 1605.003 1600.833 1597.398 1594.619 1593.272 1591.874
1607.819 1608.242 1609.272 1611.163 1614.909 1616.254 1619.697 1620.684 1621.747 1625.046 1626.135 1626.784 1627.141 1626.78 1624.962 1624.05 1623.288 1622.627 1621.938 1622.018 1625.348 1633.534 1636.687 1639.438 1641.395 1642.462 1642.151 1641.52 1640.303 1638.362 1635.863 1634.422 1635.759 1635.907 1635.922 1635.899 1636.052 1636.112 1635.084 1633.526 1630.785 1626.997 1623.6 1625.297 1629.394 1632.486 1634.651 1636.452 1637.794 1636.375 1632.617 1628.57 1624.063 1620.334 1618.206 1611.043 1607.495 1603.862 1600.244 1597.28 1592.075 1590.28 1589.169
1604.929 1605.498 1607.042 1608.808 1612.436 1616.254 1617.283 1618.49 1620.195 1623.688 1624.694 1625.068 1624.997 1624.295 1622.941 1620.449 1619.653 1618.986 1619.11 1620.335 1623.547 1630.811 1633.963 1636.326 1638.009 1638.935 1638.876 1638.389 1637.348 1635.733 1633.721 1631.742 1629.275 1628.991 1629.813 1631.338 1631.965 1631.707 1630.84 1629.066 1626.532 1623.943 1621.905 1623.759 1626.038 1628.702 1631.835 1636.452 1637.794 1633.21 1629.604 1625.604 1621.843 1618.74 1613.831 1610.897 1606.814 1602.455 1599.114 1596.032 1588.943 1586.668 1585.852
1601.453 1602.277 1604.507 1609.011 1612.436 1613.735 1614.786 1616.273 1618.266 1622.535 1623.583 1623.936 1623.295 1621.767 1619.996 1616.729 1615.726 1615.1 1616.044 1618.604 1624.933 1628.288 1631.449 1633.798 1635.383 1636.29 1636.391 1635.813 1634.63 1632.841 1630.537 1627.698 1623.583 1623.363 1624.537 1626.947 1628.209 1628.216 1627.684 1626.652 1624.296 1620.206 1615.755 1618.678 1622.142 1624.52 1631.835 1633.881 1634.938 1630.55 1626.717 1622.869 1619.693 1616.634 1612.343 1609.83 1605.962 1601.605 1597.86 1594.288 1587.406 1584.477 1582.077
1596.662 1597.494 1601.034 1609.011 1610.686 1611.342 1610.944 1611.694 1615.475 1620.99 1622.142 1622.222 1621.099 1619.046 1616.697 1612.156 1610.343 1610.886 1614.162 1618.052 1624.201 1626.444 1628.803 1630.79 1631.932 1632.711 1633.126 1632.59 1631.653 1630.341 1628.411 1623.031 1620.858 1619.675 1620.153 1622.869 1624.802 1624.433 1624.023 1623.69 1621.646 1616.542 1611.554 1613.594 1618.255 1624.52 1628.309 1630.802 1631.011 1628.52 1624.936 1621.11 1617.597 1614.008 1609.731 1607.125 1603.658 1600.529 1597.168 1593.225 1586.969 1583.436 1579.443
1594.18 1595.201 1601.034 1607.176 1608.783 1608.715 1607.792 1608.285 1611.07 1617.964 1619.258 1618.923 1617.735 1615.51 1610.887 1608.353 1607.206 1608.958 1612.752 1617.424 1623.622 1624.798 1626.013 1627.434 1628.479 1628.931 1629.172 1629.296 1628.597 1627.611 1626.484 1622.061 1617.592 1612.922 1612.422 1617.381 1620.718 1620.48 1619.886 1619.157 1616.994 1612.978 1609.319 1610.86 1618.255 1622.339 1625.603 1627.84 1627.154 1625.565 1623.207 1619.377 1615.106 1611.551 1606.042 1602.998 1600.169 1597.774 1594.515 1590.785 1584.409 1581.096 1578.053
1594.18 1595.201 1597.555 1603.135 1604.508 1604.651 1604.54 1605.458 1607.861 1613.329 1613.855 1613.371 1613.259 1611.97 1607.267 1603.905 1603.145 1606.428 1610.211 1614.159 1620.974 1622.061 1623.003 1624.309 1625.409 1625.847 1626.039 1626.071 1625.6 1624.683 1623.962 1619.677 1615.128 1610.894 1609.421 1612.119 1614.822 1615.028 1614.765 1614.621 1613.141 1608.725 1606.018 1610.86 1614.685 1619.601 1623.723 1626.328 1625.495 1624.184 1621.624 1617.795 1613.835 1610.244 1602.844 1599.33 1597.115 1594.395 1590.821 1584.2 1580.171 1577.299 1575.874
1591.88 1592.944 1595.22 1599.1 1599.454 1599.262 1599.258 1600.839 1607.332 1608.904 1609.509 1609.504 1609.074 1608.379 1603.009 1599.365 1598.455 1601.97 1606.774 1610.671 1616.744 1618.464 1619.867 1621.38 1622.64 1623.905 1623.958 1623.677 1622.872 1621.453 1620.005 1615.509 1612.609 1609.697 1607.803 1608.62 1610.694 1610.175 1610.948 1612.064 1609.987 1604.757 1606.018 1608.849 1612.448 1617.742 1621.694 1623.735 1623.14 1621.843 1619.813 1616.845 1613.412 1610.286 1602.575 1599.126 1596.482 1593.169 1588.535 1581.122 1576.71 1573.86 1572.607
1588.859 1590.42 1592.346 1594.938 1595.067 1594.913 1595.314 1597.074 1603.954 1605.345 1605.587 1605.393 1604.967 1604.215 1599.573 1596.356 1595.635 1598.584 1602.537 1606.775 1612.995 1614.878 1616.408 1618.135 1619.738 1621.371 1621.396 1620.902 1619.83 1617.943 1614.999 1610.6 1609.574 1606.817 1603.901 1603.352 1606.391 1606.766 1607.4 1607.267 1604.418 1604.757 1599.528 1605.332 1611.36 1615.531 1618.505 1619.647 1619.487 1618.758 1617.326 1615.23 1612.676 1606.573 1603.297 1600.225 1597.093 1593.376 1589.247 1580.984 1576.022 1573.034 1571.715
1585.974 1587.915 1589.553 1589.44 1589.391 1590.132 1592.194 1595.344 1600.92 1602.128 1601.992 1601.177 1600.394 1599.841 1596.287 1592.656 1591.715 1594.841 1598.033 1605.925 1609.192 1611.119 1612.756 1614.482 1616.217 1617.83 1617.899 1617.391 1616.179 1614.71 1612.334 1607.005 1605.526 1603.359 1600.379 1598.268 1602.164 1602.738 1602.639 1607.267 1604.418 1599.377 1598.613 1604.319 1610.332 1613.497 1614.702 1615.113 1614.813 1614.722 1614.146 1613.341 1611.825 1606.584 1603.74 1601.005 1598.084 1594.561 1591.17 1582.85 1577.685 1574.208 1572.331
1583.506 1585.091 1585.303 1584.824 1584.527 1585.108 1588.037 1592.344 1598.505 1599.823 1599.47 1597.864 1596.271 1595.171 1591.685 1588.353 1587.303 1590.412 1594.228 1602.088 1605.238 1607.406 1609.193 1611.064 1612.982 1614.335 1613.672 1613.065 1612.365 1611.318 1609.406 1603.407 1601.517 1600.596 1599.146 1597.101 1598.575 1598.649 1602.639 1602.13 1600.505 1597.74 1597.83 1602.804 1607.75 1610.297 1610.729 1610.68 1610.624 1610.704 1610.923 1610.857 1610.224 1605.827 1603.378 1601.478 1599.648 1597.143 1593.588 1585.825 1581.196 1576.903 1573.925
1580.099 1581.081 1580.127 1579.69 1580.586 1582.997 1586.207 1590.033 1595.927 1596.815 1596.208 1594.351 1591.327 1588.548 1586.94 1584.996 1584.678 1587.343 1591.566 1599.689 1602.358 1604.132 1605.87 1608.453 1611.178 1611.821 1610.655 1609.944 1609.224 1608.005 1602.709 1599.808 1598.015 1597.48 1596.678 1595.103 1594.703 1598.649 1598.329 1598.156 1597.107 1594.931 1597.161 1600.908 1604.178 1606.262 1606.65 1606.857 1607.154 1607.351 1607.559 1607.641 1606.984 1603.025 1601.765 1600.842 1600.092 1598.955 1596.172 1588.566 1584.529 1580.303 1576.492
1577.272 1577.068 1574.636 1574.456 1577.27 1582.09 1585.239 1588.422 1592.872 1592.947 1592.126 1590.251 1587.053 1583.637 1582.123 1580.889 1581.84 1585.242 1588.525 1596.204 1599.312 1600.17 1601.354 1605.357 1609.556 1610.073 1609.414 1608.544 1607.248 1605.131 1600.532 1598.323 1596.529 1595.089 1593.88 1592.364 1594.703 1595.016 1594.777 1593.981 1592.19 1589.271 1594.736 1598.947 1600.741 1601.913 1602.064 1603.026 1603.825 1604.348 1604.578 1604.159 1602.793 1599.949 1600.031 1599.996 1600.03 1599.594 1594.326 1590.554 1587.14 1583.431 1579.217
1575.321 1574.994 1571.42 1572.407 1575.061 1579.569 1583.698 1589.369 1590.297 1590.03 1589.111 1587.58 1585.115 1579.327 1576.705 1576.016 1578.597 1581.744 1584.265 1591.361 1594.89 1596.929 1599.39 1603.231 1609.808 1609.034 1607.704 1606.897 1605.064 1602.637 1598.427 1596.461 1594.794 1593.276 1591.469 1592.364 1591.19 1590.766 1590.277 1589.635 1587.994 1586.737 1590.772 1594.891 1597.008 1597.252 1597.482 1599.282 1600.849 1601.651 1601.696 1601.008 1599.192 1597.415 1597.936 1598.397 1598.902 1598.784 1594.908 1591.766 1588.806 1585.747 1582.01
1573.09 1572.665 1567.727 1570.473 1573.666 1577.707 1581.866 1587.597 1588.293 1587.829 1586.658 1584.616 1581.362 1576.262 1573.483 1572.509 1574.886 1579.551 1584.584 1591.633 1594.899 1597.756 1601.189 1605.201 1610.957 1609.561 1607.088 1604.964 1603.303 1601.237 1596.695 1594.306 1591.999 1590.085 1591.469 1589.78 1587.478 1587.162 1587.275 1587.105 1586.041 1584.331 1586.529 1589.296 1591.034 1591.798 1592.41 1596.149 1597.986 1598.718 1598.691 1598.191 1595.192 1594.964 1595.334 1595.655 1596.28 1596.357 1594.162 1591.85 1589.206 1587.112 1583.949
