var/www/cgi-bin/BAERTOOLS/ravel/working/ravel-22246.DEM
NCOLS 90
NROWS 113
XLLCORNER 384957.98
YLLCORNER 3868211.5
CELLSIZE 10
NODATA_VALUE -9999
[rows 56 to 83 of 113, columns 0 to 62 of 90]
881.5987 881.5764 881.5548 881.5272 881.4587 881.3889 881.4008 881.3954 881.2944 881.2441 881.1891 881.1704 881.0916 881.0513 881.0011 880.982 880.9539 880.8763 880.8729 880.8105 880.761 880.7726 880.7488 880.6681 880.67 880.6302 880.5716 880.5496 880.5535 880.5541 880.4716 880.4396 880.4498 880.4257 880.3373 880.3258 880.2711 880.1873 880.0955 880.0206 880.0074 879.8356 879.7609 879.6458 879.4905 879.4037 879.2367 879.1428 879.0806 879.1059 879.1973 879.3635 879.4461 879.5271 879.6141 879.6782 879.6823 879.8423 879.9253 880.0088 880.0912 880.1718 880.3328
881.3889 881.3032 881.2374 881.2434 881.2407 881.194 881.2007 881.1959 881.0896 881.041 880.9847 880.967 880.8875 880.8521 880.799 880.7774 880.7506 880.6739 880.6672 880.5788 880.5608 880.5706 880.5521 880.4662 880.4126 880.3626 880.3472 880.3499 880.3476 880.3577 880.2861 880.2321 880.239 880.235 880.2102 880.1276 880.1257 880.0771 879.9837 879.8918 879.8071 879.7558 879.6162 879.467 879.3777 879.2946 879.0544 878.9818 878.9876 879.0037 879.0872 879.2549 879.3381 879.4211 879.5096 879.5746 879.5794 879.7372 879.8206 879.9037 879.9869 880.0701 880.2375
881.186 881.1025 881.11 881.0409 880.983 880.9828 880.9508 880.9443 880.8917 880.8412 880.78 880.7633 880.685 880.6009 880.5622 880.577 880.5472 880.4708 880.384 880.3527 880.3685 880.3481 880.2852 880.2571 880.1834 880.1396 880.1473 880.1449 880.1444 880.0836 880.0416 880.0337 880.0325 880.0342 880.0261 879.9153 879.9303 879.8872 879.8163 879.7956 879.6279 879.5462 879.454 879.3621 879.2809 879.1931 878.9251 878.7772 878.6972 878.8185 878.9796 879.15 879.2338 879.3179 879.4021 879.4917 879.5734 879.6422 879.7341 879.8201 879.904 880.0701 880.2375
880.9895 880.9352 880.8971 880.8353 880.7855 880.7634 880.6752 880.6829 880.6552 880.6028 880.5807 880.5661 880.4816 880.4023 880.3604 880.3751 880.3503 880.2672 880.1843 880.1551 880.1299 880.073 880.0498 880.0469 879.9514 879.9421 879.9419 879.9398 879.9402 879.8519 879.8204 879.8306 879.8276 879.8258 879.8239 879.7415 879.7138 879.6791 879.6021 879.6041 879.5246 879.4321 879.3467 879.2661 879.1633 878.9998 878.7559 878.606 878.6254 878.8192 878.9691 879.1171 879.2399 879.3076 879.4237 879.5859 879.6725 879.8436 879.9268 879.8201 879.904 879.9833 880.1407
880.7935 880.7934 880.6835 880.6611 880.6132 880.5721 880.5251 880.4808 880.413 880.3665 880.3603 880.309 880.2723 880.2017 880.16 880.1432 880.0876 880.061 879.9834 879.9526 879.908 879.8403 879.8501 879.8499 879.7336 879.7393 879.7369 879.7349 879.733 879.7198 879.6555 879.6133 879.6224 879.6198 879.6178 879.6116 879.5568 879.4993 879.4999 879.4894 879.3904 879.3373 879.2451 879.1593 879.0758 878.9852 878.6411 878.5512 878.6288 878.8132 878.9757 879.2311 879.2278 879.201 879.3275 879.473 879.5584 879.8436 879.9268 880.0219 880.0783 880.0908 880.1734
880.6256 880.5834 880.4917 880.486 880.4513 880.38 880.3736 880.2733 880.2132 880.1727 880.1464 880.0629 880.0607 879.97 879.9677 879.9288 879.8511 879.8477 879.7542 879.7582 879.7113 879.6418 879.633 879.571 879.5346 879.5339 879.5317 879.5294 879.5273 879.5247 879.5195 879.4664 879.4064 879.4132 879.4119 879.4143 879.3553 879.2906 879.2949 879.2929 879.2903 879.2357 879.1431 879.0572 878.9738 878.8868 878.4621 878.4352 878.6381 878.8297 879.0728 879.1823 879.2227 879.3677 879.4644 879.473 879.5584 879.7342 879.811 879.9351 880.0692 880.0851 880.1637
880.4846 880.4342 880.3491 880.3064 880.2379 880.1686 880.164 880.0693 880.0151 879.9374 879.8903 879.8647 879.8641 879.7523 879.7258 879.6706 879.6529 879.642 879.5429 879.5047 879.4507 879.4443 879.4332 879.3438 879.331 879.3286 879.3263 879.3242 879.3219 879.3174 879.3162 879.3143 879.279 879.2089 879.2035 879.2012 879.1957 879.1889 879.185 879.1837 879.1889 879.1345 879.0408 878.9552 878.8738 878.7816 878.2975 878.4842 878.8326 878.9169 879.0738 879.3348 879.3477 879.3677 879.4644 879.398 879.6337 879.7336 879.8141 879.9064 879.9882 880.0583 880.0479
880.2784 880.2803 880.1765 880.1334 880.0533 880.0176 879.9639 879.8707 879.8193 879.7128 879.6532 879.6501 879.5956 879.5565 879.5021 879.4391 879.4485 879.4387 879.3406 879.2829 879.232 879.217 879.151 879.1295 879.134 879.1271 879.1202 879.1185 879.1163 879.1116 879.1089 879.1132 879.082 878.9991 879.0008 878.9966 878.9855 879.0168 879.0856 879.0856 879.0103 878.9763 878.9443 878.8594 878.7496 878.2077 878.2481 878.5615 878.8519 879.0195 879.1829 879.3348 879.3477 879.3071 879.4233 879.5964 879.6948 879.6834 879.7729 879.904 879.9446 879.9523 879.9467
880.1219 880.0735 879.9963 879.9149 879.862 879.8564 879.7654 879.6133 879.5779 879.5167 879.4542 879.4413 879.3433 879.3539 879.3001 879.2367 879.2432 879.2344 879.1356 879.0803 879.0297 879.0067 878.9287 878.8585 878.818 878.864 878.9202 878.9133 878.9102 878.9056 878.9031 878.9008 878.901 878.8846 878.7056 878.7418 878.7853 878.8083 878.8804 878.8792 878.8796 878.8264 878.7361 878.6284 878.4399 877.9748 878.2332 878.6788 878.9462 879.0195 879.1829 879.3466 879.4456 879.5097 879.5204 879.5797 879.7573 879.856 879.9108 879.8635 879.7893 879.8376 879.8354
879.9717 879.8826 879.7985 879.7384 879.7088 879.6478 879.5614 879.3782 879.3566 879.3212 879.2513 879.2451 879.1385 879.1489 879.0966 879.0318 879.038 879.0301 878.9305 878.8716 878.819 878.8011 878.7187 878.6315 878.654 878.7115 878.7096 878.7068 878.704 878.6994 878.6969 878.6942 878.6918 878.6912 878.6086 878.5674 878.6138 878.7071 878.7755 878.7756 878.7075 878.618 878.4929 878.3116 878.1347 877.9249 878.2332 878.6788 878.9462 879.1119 879.285 879.3808 879.4725 879.6218 879.6661 879.618 879.7352 879.8137 879.9139 879.9558 879.8801 879.7985 879.6758
879.7683 879.7399 879.665 879.5933 879.5267 879.4355 879.3488 879.1796 879.1088 879.0651 879.0303 878.9687 878.9374 878.9435 878.8927 878.8268 878.8328 878.8251 878.7158 878.7212 878.6731 878.6092 878.5948 878.4905 878.5009 878.5068 878.5031 878.5006 878.4979 878.4931 878.4904 878.4879 878.485 878.4847 878.4051 878.3621 878.4066 878.498 878.5645 878.5637 878.5031 878.3586 878.1793 878.0129 878.1347 877.9249 878.2983 878.7256 878.9297 879.1154 879.3502 879.447 879.4778 879.491 879.6141 879.7638 879.6439 879.6934 879.7944 879.8544 879.858 879.8616 879.5925
879.5619 879.5673 879.5003 879.4366 879.3971 879.3088 879.2241 879.0004 878.8713 878.834 878.819 878.731 878.7314 878.7394 878.6856 878.613 878.6174 878.6227 878.5425 878.5068 878.5161 878.4833 878.4065 878.4017 878.3397 878.2877 878.2924 878.2904 878.2885 878.2844 878.2822 878.2805 878.2785 878.2758 878.2717 878.2704 878.2669 878.2617 878.2563 878.2542 878.1906 878.0428 878.1793 878.0129 877.8317 877.8448 878.246 878.6453 878.9221 879.0847 879.2419 879.4288 879.4724 879.4935 879.5571 879.6474 879.6119 879.6138 879.6725 879.7258 879.7448 879.7417 879.6592
879.3521 879.3537 879.3392 879.293 879.2189 879.1313 879.0447 878.8535 878.7546 878.675 878.6211 878.6123 878.5451 878.5176 878.5178 878.5095 878.4942 878.419 878.4126 878.3533 878.298 878.3072 878.2902 878.1888 878.1911 878.1884 878.1866 878.1848 878.183 878.1788 878.1838 878.1451 878.0712 878.0695 878.0635 878.0612 878.0588 878.0565 878.056 878.0446 878.1906 878.0428 877.9018 877.8042 877.6402 877.8221 878.2557 878.6109 878.817 878.9709 879.1356 879.3125 879.4033 879.4009 879.3633 879.5092 879.611 879.6091 879.5455 879.5531 879.641 879.6473 879.5769
879.2228 879.1631 879.1365 879.1372 879.0967 879.0068 878.9141 878.7437 878.6589 878.5715 878.486 878.4227 878.4152 878.3547 878.3043 878.3114 878.3152 878.3008 878.195 878.2043 878.1652 878.0927 878.0907 878.0934 878.0329 877.9772 877.9823 877.9811 877.9782 877.9728 877.9703 877.968 877.9711 877.9619 877.8539 877.8547 877.8528 877.8528 878.056 877.9637 877.8758 877.7418 877.6002 877.511 877.4395 877.8317 878.2393 878.5948 878.7883 878.886 879.1285 879.1987 879.2321 879.2453 879.2798 879.3364 879.4355 879.4991 879.5301 879.4732 879.4976 879.5411 879.472
879.0515 879.0258 879.0192 878.9906 878.9067 878.8309 878.8135 878.6511 878.5654 878.4802 878.389 878.3046 878.2404 878.1986 878.2063 878.179 878.1033 878.096 878.0999 878.0486 877.9852 877.9908 877.9827 877.8789 877.8816 877.8849 877.8563 877.7771 877.7714 877.7675 877.7633 877.7611 877.7582 877.7579 877.6861 877.6417 877.8528 877.8528 877.8312 877.6587 877.5748 877.4902 877.4069 877.3121 877.2706 877.8224 878.1652 878.4777 878.7189 878.8598 879.0255 879.0388 879.0757 879.1697 879.2234 879.2429 879.3279 879.3702 879.4235 879.4371 879.4075 879.4407 879.374
878.8351 878.8322 878.8318 878.8294 878.7915 878.6998 878.5463 878.4585 878.3722 878.2806 878.2115 878.1986 878.1026 878.0493 877.9948 877.9979 877.9965 877.9171 877.8861 877.8967 877.8586 877.7832 877.7829 877.7111 877.6689 877.6741 877.6719 877.6696 877.6709 877.6066 877.5537 877.5544 877.5521 877.7579 877.6861 877.6417 877.6482 877.6179 877.5294 877.4243 877.3763 877.2902 877.1976 877.1544 877.2501 877.6995 878.049 878.3948 878.6696 878.7772 878.9223 878.9431 878.9849 879.041 879.0465 879.1315 879.1993 879.2325 879.2552 879.3622 879.4474 879.3019 879.2402
878.7084 878.712 878.7168 878.684 878.6263 878.603 878.4323 878.3467 878.2612 878.1725 878.0808 878.0096 877.9326 877.8891 877.8989 877.8728 877.7946 877.7931 877.7269 877.6755 877.6857 877.6664 877.5848 877.5729 877.5706 877.5744 877.5477 877.4645 877.4557 877.463 877.4181 877.5544 877.5521 877.5511 877.4791 877.4433 877.4042 877.3323 877.3288 877.16 877.1344 877.0852 877.0144 877.0367 877.1387 877.5919 877.9494 878.2508 878.4998 878.7195 878.7905 878.828 878.8683 878.9127 878.9443 878.9944 879.1011 879.134 879.1613 879.2443 879.2878 879.2415 879.153
878.5331 878.5301 878.535 878.4919 878.4229 878.4147 878.2387 878.1501 878.0574 878.0016 877.9863 877.8967 877.7944 877.7432 877.6836 877.6912 877.6791 877.5768 877.5798 877.5842 877.5511 877.4739 877.4706 877.4043 877.3571 877.3643 877.3406 877.2653 877.259 877.463 877.4181 877.3502 877.345 877.3448 877.2744 877.2368 877.2021 877.1323 877.1221 877.0325 876.9771 876.8812 876.8348 876.8771 877.0291 877.4872 877.8294 878.1218 878.3522 878.5059 878.6279 878.671 878.711 878.7598 878.8353 878.8305 879.0055 879.0349 879.061 879.1311 879.1221 879.2087 879.192
878.328 878.3232 878.3288 878.2839 878.2114 878.206 878.1008 878.0488 877.9561 877.8665 877.7974 877.789 877.618 877.5786 877.5883 877.5658 877.4854 877.4828 877.4199 877.3657 877.375 877.3583 877.2767 877.2676 877.2151 877.1547 877.1579 877.2653 877.259 877.2505 877.2524 877.2275 877.1515 877.1381 877.0696 877.0291 877.0049 876.9431 876.9206 876.8261 876.7759 876.7196 876.745 876.8566 876.9362 877.3648 877.6509 877.8995 878.1375 878.297 878.4739 878.5209 878.5511 878.6163 878.6921 878.8068 878.8666 878.9004 878.9603 879.0298 879.0268 879.0954 879.1522
878.1121 878.1151 878.1166 878.1143 878.0851 878.0134 877.9366 877.8481 877.7523 877.6912 877.6777 877.5989 877.52 877.4805 877.45 877.3788 877.3691 877.2665 877.2696 877.2734 877.2433 877.168 877.1584 877.0485 877.0509 877.1547 877.1579 877.154 877.1559 877.0977 877.0397 877.0423 877.0308 876.9435 876.879 876.8296 876.8306 876.8124 876.7256 876.6678 876.6274 876.5858 876.5959 876.7443 876.9828 877.2138 877.4531 877.6892 877.9296 878.0906 878.2579 878.3496 878.4089 878.4481 878.5349 878.7156 878.7256 878.7595 878.86 878.9273 878.9256 878.9499 878.9667
878.0042 877.9413 877.899 877.913 877.8895 877.8094 877.7348 877.6326 877.5877 877.5643 877.4885 877.4796 877.3794 877.3322 877.274 877.2571 877.1768 877.1741 877.1125 877.057 877.0654 877.0497 876.9553 877.0485 877.0509 877.0582 877.037 876.9589 876.9365 876.9472 876.9017 876.8293 876.8205 876.7254 876.7341 876.6807 876.6145 876.6057 876.5433 876.5204 876.467 876.4642 876.5688 876.6437 876.879 877.0967 877.2852 877.4767 877.7213 877.8841 878.0529 878.1324 878.2148 878.3025 878.3846 878.552 878.6038 878.664 878.7561 878.8248 878.8243 878.8154 878.8117
877.81 877.8071 877.754 877.701 877.6827 877.6002 877.5211 877.4854 877.4487 877.3831 877.37 877.2761 877.213 877.1698 877.1423 877.0668 877.0648 876.9907 876.9493 876.9639 876.9337 877.0497 876.9553 876.8942 876.8484 876.8492 876.8425 876.84 876.732 876.7347 876.7009 876.6384 876.6261 876.5474 876.5158 876.4852 876.4274 876.415 876.4134 876.2939 876.314 876.3721 876.4619 876.5438 876.7841 876.9281 877.0654 877.27 877.5189 877.683 877.8434 877.9537 878.0649 878.1461 878.2294 878.3904 878.4781 878.5637 878.6545 878.7287 878.7229 878.7163 878.7142
877.5964 877.6077 877.5527 877.4861 877.4938 877.4834 877.3837 877.3379 877.238 877.1765 877.1647 877.0695 877.0097 876.9581 876.9664 876.9489 876.8646 876.7911 876.9493 876.9639 876.9337 876.8525 876.7695 876.7366 876.7526 876.714 876.6311 876.6304 876.5636 876.5175 876.5227 876.4882 876.4227 876.3391 876.3038 876.3212 876.2885 876.2053 876.2004 876.1211 876.1788 876.2595 876.3163 876.3971 876.6413 876.7449 876.8544 877.0482 877.2531 877.4188 877.6328 877.7719 877.9182 877.9869 878.075 878.3036 878.384 878.4724 878.5366 878.5654 878.6197 878.6129 878.6158
877.4176 877.3856 877.3962 877.3593 877.2861 877.2782 877.1783 877.1261 877.0728 877.0526 876.9753 876.8935 876.8642 876.8217 876.7587 876.7402 876.8646 876.7911 876.7458 876.7506 876.7245 876.6455 876.5747 876.5342 876.5358 876.5099 876.4429 876.4253 876.3553 876.3159 876.2896 876.2256 876.2115 876.1586 876.1135 876.1057 876.0887 876.0303 875.9977 876.017 876.0894 876.1369 876.1404 876.2244 876.4318 876.5621 876.6814 876.8313 877.0394 877.2083 877.4669 877.5906 877.7165 877.8395 877.9213 878.1316 878.2111 878.2997 878.3788 878.4225 878.4482 878.5301 878.4821
877.2928 877.2291 877.1772 877.1859 877.1669 877.0862 877.0072 876.9689 876.9369 876.8679 876.8563 876.7593 876.6995 876.6517 876.7587 876.7402 876.6654 876.6544 876.6041 876.5466 876.5215 876.4517 876.4407 876.3882 876.3301 876.3281 876.3212 876.2507 876.1669 876.1355 876.1364 876.1024 876.0405 876.0216 875.9686 875.9144 875.898 875.8938 875.8381 875.8904 875.9656 876.0017 876.0458 876.1304 876.2902 876.4036 876.53 876.6811 876.8886 877.0566 877.3112 877.4376 877.5682 877.6938 877.8239 877.9896 878.0791 878.1299 878.1672 878.2581 878.345 878.3498 878.3297
877.0831 877.0253 876.9703 876.9792 876.9618 876.8821 876.804 876.7567 876.7653 876.7474 876.6544 876.5524 876.6995 876.6517 876.6285 876.5488 876.5455 876.4365 876.445 876.4142 876.3472 876.3308 876.2247 876.2319 876.1985 876.1318 876.1201 876.1208 876.0067 876.0225 875.9938 875.9301 875.91 875.8585 875.8162 875.7729 875.7307 875.7265 875.717 875.7969 875.8281 875.8491 875.9434 876.0278 876.1953 876.2721 876.3663 876.523 876.7374 877.0306 877.158 877.2922 877.3875 877.481 877.652 877.8239 877.9089 877.9813 878.0227 878.055 878.1474 878.1377 878.1363
876.9069 876.8745 876.8353 876.7659 876.7699 876.7654 876.663 876.6165 876.5569 876.5358 876.6544 876.5524 876.4977 876.45 876.4215 876.3515 876.3367 876.2855 876.2319 876.2338 876.2212 876.15 876.0698 876.0221 876.0244 875.9987 875.913 875.8535 875.8345 875.8194 875.8043 875.799 875.7365 875.7015 875.6685 875.6133 875.5937 875.5819 875.5965 875.697 875.7296 875.751 875.8398 875.9241 876.0914 876.1758 876.2486 876.363 876.5711 876.8827 877.0103 877.0981 877.193 877.3381 877.4481 877.6051 877.6926 877.7874 877.8452 877.8501 877.9421 877.9338 877.9264
876.777 876.7172 876.6606 876.6689 876.6537 876.558 876.4933 876.4508 876.5569 876.5358 876.4637 876.3843 876.3495 876.311 876.2485 876.2317 876.1282 876.137 876.0966 876.0317 876.0231 876.022 875.921 875.8649 875.806 875.7941 875.7388 875.7151 875.7117 875.6789 875.6176 875.5946 875.5986 875.4958 875.4917 875.4733 875.426 875.4212 875.4976 875.5969 875.6314 875.6474 875.7361 875.8206 875.9927 876.0802 876.1552 876.2529 876.4224 876.7288 876.8065 876.9147 877.059 877.162 877.2459 877.4935 877.5276 877.5746 877.6375 877.644 877.7372 877.7166 877.7584
