var/www/cgi-bin/BAERTOOLS/ravel/working/ravel-5155.depgrd.txt
NCOLS 88
NROWS 114
XLLCORNER 772875.31
YLLCORNER 3877126.5
CELLSIZE 10
NODATA_VALUE -9999
[rows 0 to 27 of 114, columns 0 to 62 of 88]
0 29.860714 -4.4408921e-16 3.5527137e-15 0 0 3.5527137e-15 7.1054274e-15 0.0031048475 23.250826 139.61116 0 0.0081105888 -3.5527137e-15 0.023586733 0.03781718 0.010539289 0.061615899 0.17953756 0.17510888 4.4408921e-15 -8.8817842e-16 0.040680849 0.072642604 0.15449961 0.079618447 0.1292682 0.04247671 0.088560904 0.1272238 0.26237447 0.72346698 1.0994316 0.239772 0.47208803 0.024580942 0.27095611 0.08498511 15.279771 15.508029 0.13867654 0.18349547 0.098384029 0.18176478 0.21726315 0.20542092 0.016991277 0 0 0 0 0 36.28014 0.1545453 0.16332311 0.14681082 0.21587013 0.13343227 0.088070359 0.092043726 0.37562748 0.55678961 0.22080245
55.485263 0 7.1054274e-15 0 0 -3.5527137e-15 -3.5527137e-15 -3.5527137e-15 -3.5527137e-15 0.049696958 0.014114585 0.0046025025 7.1054274e-15 0.055117102 -1.0658141e-14 3.5527137e-15 0.052670219 0.13123665 0.13924623 0.11229983 7.1054274e-15 0.087084582 0.16835519 0.22145193 0.11418998 0.050313465 0.027887889 0.042153613 0.078652201 0.36938582 0.80714461 0.95876138 1.7563214 0.38059745 7.1054274e-15 0.49457566 0.23025972 0.20389097 1.5689912 29.910035 14.407641 0.2585257 0.21037241 0.29310381 0.23414792 0.21294818 0.19763678 0.10860743 -3.5527137e-15 60.032346 6.5269586 123.87701 0.059936976 -3.5527137e-15 0 0.10207853 0.18481777 0.16290965 0.20246282 0.19131785 0.21937714 0.32984486 0.41184802
0 0 0 0 0 0 0 0 0 0.0069462542 0 0.055424848 0.034990186 -3.5527137e-15 0 3.5527137e-15 0 0 0.094481777 0.036815766 0.16275317 0.23551893 0.034042053 0.12431374 0.17630501 0.059521572 0.22108847 0.093378041 6.154272 1.3212537 0.46647608 0.28398009 -3.5527137e-15 0 0.40451587 0.086183603 0.23863866 0.37051847 0.50473142 4.6433157 21.241425 0.12602869 0.030364882 0.037375919 0.15804219 0.46292244 0.089243947 0.086999636 0.11892995 25.722167 247.38379 2.9976022e-15 0.046691842 0.14814954 0.10977388 0 0.12948714 0.088297747 0.081298725 0.17988418 0.25570643 0.2305172 0.10329381
0 -3.5527137e-15 0 0 0 0 0 0 0 0 0 4.3620375 0.025696269 0.070707087 0.054433014 0.046808368 0.080808619 0.049727073 7.1054274e-15 0.034998507 0.1391909 0.18623274 0.12665902 0.15099441 -3.5527137e-15 0.15133886 0 0.63441279 0.9307857 0.23989722 0.34167231 7.1054274e-15 0.26471423 0.24828758 0.20120567 0.14468837 0.38709464 0.35177326 1.5146031 13.49189 17.319512 0.34809914 0.10303003 0.21739914 0.062643329 0.028573232 0.24976295 0.030506406 0.28039784 -9.8532293e-16 0.20355465 0.10959956 0.068745607 -3.5527137e-15 0.091112316 0.14614415 0.091949015 0.17203326 0.18534052 0.52532505 0.36449236 0.23879475 0.27998257
3.1086245e-15 7.1054274e-15 0 0 0 0 0 0 0 0 0.008237392 21.140464 21.285071 0 0 3.5527137e-15 -3.5527137e-15 0.076158687 0.096386801 0.071304936 0.1144481 0.16410923 0 0.10915317 0.15444254 0.15247819 0.30311346 1.1814483 0.35726953 0.17812332 0.43118936 0 0.050431624 0.064962323 0.11709612 0.55997502 0.45554048 0.40549658 0.59299216 14.583449 19.572151 2.1316282e-14 0.47910887 1.3937388 0.219786 0.30911454 0.10389801 0.3094756 0.1160298 0 0.21183287 0.1589148 0.043398129 0.033215939 0.053262678 0.090930716 0.095454515 0.13075154 0.18833237 0.30632183 7.1054274e-15 0.32910684 0.38512849
-4.3021142e-16 0.043392393 0 3.5527137e-15 0 0 0 0 0 0 0 53.715754 0 0 0 -3.5527137e-15 0.081761005 0.055395183 0.065378052 0.1791583 0.20953712 0 0.18794763 0.15794817 0.38772491 0.60122079 1.3863662 0.43791111 0.20174744 0.36075528 0.032793186 0.097210297 0.12124734 0.096171454 0.29622544 0.76561235 0.029762624 0.67599464 0.7347483 16.423145 13.544203 0.63615523 0.037639836 0.23777079 0.23854573 0.50163496 0.51447166 0.18813142 0.11546289 0.09929132 0.00029242059 0.092334655 0.057665256 0.099723073 0 0.074237107 0.072021417 0.13766847 0.097176845 0.28280659 0.26437071 0.19754164 0.11215155
3.5527137e-15 0.036695526 3.5527137e-15 -7.1054274e-15 0 0 0 0 0 0 -3.5527137e-15 51.314852 0 0 0 0.059239081 0.03938351 0.10453514 0.08914666 1.4210855e-14 0.0075397016 0.29301037 0.32690261 0.40265861 0.86142567 1.0248782 0.13785553 0.1502538 0.10575126 0 0.20601863 0.060678269 0.26897792 0.29832593 0.34155921 0.64085904 0.62505152 0.67009918 0.54009771 2.492569 16.27373 5.7394146 0.035206302 0.085554896 0.034893375 0.2811835 0.29871778 0.24935805 0.17624726 0.2315055 0.037778228 0.10119973 0.12497136 0.11148466 0.1403526 0.14511967 0.076587302 0.10948853 0.088036339 0.10114261 0.20096981 0.14998402 0.10901865
0.047776901 -1.4210855e-14 0 3.5527137e-15 0 0 0 0 0 0 0 0.03917739 0.04689784 0 0 0.11495574 0.12626674 0.14307275 0.12947199 0.16865152 0.21597073 0.080223766 0.4834238 0.82533274 0.70632809 0.22667415 0.18908476 0.116866 0 0.17040002 0.13566016 0.20872821 0.14137827 0.23549142 0.36727656 0.64475943 0.41085451 0.23012655 0.24207558 2.8920613 0.30264191 9.9988321 0.038558493 -1.4210855e-14 0.081013057 0.35098567 0.15135301 0.074694007 0.3158834 0.38952215 0.25213282 0 0.18636243 0.02678173 0.076987679 0.11979668 0.081659434 0.12591639 0.081985499 0.13640448 0.099204425 -3.5527137e-15 0.23422944
0.044909637 3.5527137e-15 3.5527137e-15 0.026465196 0 -7.1054274e-15 0 0 0 0 0 0 0 -3.5527137e-15 9.3258734e-15 0.03240734 0.059614464 0.096327158 0.049697865 -3.5527137e-15 -1.4210855e-14 0.10231229 0.44216714 0.0924636 0.16376337 0.33685848 0.1336861 0.011540166 0.10737884 0.1748734 0.15433196 0.1656317 0.22354377 0.20914809 0.50529523 0.23775155 0.36131574 0.06073191 1.2611425 1.7005777 13.892298 4.1838546 0.20209025 0.12889066 0.11534651 3.5527137e-15 0.079120917 0.34111711 0.30057528 0.19215087 0.055155782 0.35943067 3.5527137e-15 0.15652658 0.10510485 0.10067799 0.074013371 0.22302258 0.027322252 0.188982 0.051518962 0.058898004 3.5527137e-15
80.637085 0.048870128 0.048803613 0 0.018314765 0.014282629 -3.5527137e-15 0 0 0 0 -7.1054274e-15 -3.5527137e-15 0 3.5527137e-15 0 -7.1054274e-15 7.1054274e-15 1.4210855e-14 -3.5527137e-15 0.30510471 0.47483786 0.5627118 0.15653599 0.1583785 0.19930676 0.14197737 0.14876916 0.16786253 0 0.10086618 -3.5527137e-15 0.32258162 0.43124596 0.34676451 0.19708486 0.10044639 1.8337629 1.9818195 0.48477163 3.1549027 15.828047 0.10697006 0.10423658 0.21341697 0.1849339 0.032551123 0.094502705 0.033287315 3.5527137e-15 0.082921373 0.085217034 0.22319495 -3.5527137e-15 0.11605102 0.10426931 0.090043804 0.097872092 0.068916469 0.13996236 0.089074826 0.051678598 0.041103084
203.41104 0.066315308 0.025126683 0.010462919 0.030021812 0.028183752 3.5527137e-15 3.5527137e-15 0 0 0 0 0 0 -3.5527137e-15 -3.5527137e-15 3.5527137e-15 0 -3.5527137e-15 0.31533032 0.29604196 -1.0658141e-14 0.055013651 0.1643498 0.079513696 0 0.10292904 0.064628691 0.025874405 0.17286809 0.32581615 0.076722719 0.036721403 0.070603786 -2.4868996e-14 0.16921467 1.6535975 0.90765164 0.45878346 0.2319371 0.48785488 16374.614 14.520325 0.035258911 0.092513283 0.20546969 0.11501956 0.07812715 0.065399028 0.052898609 0.056421115 0.089583061 0 0.28636863 0.095868855 0.044093748 0 0.079466689 0.057639193 0.059494647 0.031892258 0.053545739 0.11799242
167.27632 0.03110345 0.008041282 -7.1054274e-15 7.1054274e-15 -7.1054274e-15 0 0.013979161 0 0 0 0 0 0 0 -7.1054274e-15 -3.5527137e-15 -1.0658141e-14 0.24398636 0.32287928 0.19544795 0.10986487 -3.5527137e-15 0.039875774 0.036390493 0.041582105 -7.1054274e-15 0.17688194 -1.0658141e-14 0.1146185 0.11016744 0.038298203 0.062775283 0.055973597 0.26189537 1.6090546 1.3834954 0.48067722 0.094304237 0.44704403 0.55726271 8.0859304 3.0384115 0.14046153 0.075240574 0.060468434 0.16067061 0.026288919 0.033468108 0.0066571139 3.5527137e-15 0.022861291 1.4210855e-14 0.14723311 0 0.087891587 0.084031309 0 0.024764016 0.044926993 0.080917515 3.5527137e-15 0.095698413
0.045409304 1.0658141e-14 7.1054274e-15 0.02607732 3.9968029e-15 0 0 0 0 0 0 0 0 0 0 -3.5527137e-15 0 -1.4210855e-14 0.1227912 0.085552496 0.088000406 0.063671772 0.067746622 7.1054274e-15 0.067568124 0.027644584 0.14829877 -3.5527137e-15 0.15789645 0.046415561 0.045722861 0.090763478 0.050579163 0.092913702 0.47456105 1.4984042 0.76034262 0.26265531 0.33098472 0.55322444 0.30518779 18.354932 3.2081573 0.13370074 0.11726084 0.046249487 0.075103664 0.039321698 0.068249936 0.086329911 0.074421205 0.072781472 0.043120637 0.044022296 0.084953325 0.0095568907 0.0086759215 0.023981576 0 0.0065474033 0.035672699 0 0.051095133
3.5527137e-15 -3.5527137e-15 0.06167335 78.55946 18.007135 0 3.5527137e-15 0 0 0 0 0 0 0 -7.1054274e-15 0 0.032238924 0.038378234 0.16634397 0.04834121 0 0.12694503 7.1054274e-15 0 0.057766096 0.10031061 0.024869413 0.048202323 0.16304971 0.11831315 0.067441327 0.043125138 0.2954799 0.73231475 0.84503923 0.51727993 0.48573638 0.18730468 0.24317351 0.55223357 0.4505835 0.34604603 15.97521 7.210596 1.0658141e-14 0.081594952 0.086607786 0.0375327 7.1054274e-15 0.055948487 0.057522697 0 0.0098467394 0.040622308 0.026035744 0.1189723 0.054767743 0.079441806 3.5527137e-15 0 0.054497481 7.1054274e-15 0.076032555
0 0.089699017 -2.220446e-16 0 40.160952 3.5527137e-15 0 0 0 0 0 0 0 0 0 0.03715042 0.036961913 0.18000008 -7.1054274e-15 0.084858499 0.11726271 0.0450662 0.040670271 0.026844452 0.053344965 0.0090569952 0.0294325 -1.7763568e-14 0.04830528 0.041697424 0.25507709 0.17957103 1.325285 1.605218 1.6694515 0.34978972 0.42166406 0.16993563 0.22581497 0.30662865 0.42662944 0.59841938 8.9057638 4.8023386 0.016287031 0.067169304 0.057214017 0.083547415 0.02530843 0.054199334 0.051487082 0.05763664 0.055247101 0.0023231274 0.0015443309 0.01523478 0.0059620381 0.019392165 0.058339441 0 0.018883579 0 0.058004746
0.029413363 0 3.5527137e-15 0 0 0 0 0 0 0 0 0 0 0 0 0.033206769 0.087197344 0.027926014 7.1054274e-15 0.071645671 0.020060421 0.033173202 0.027586989 0.023559774 7.1054274e-15 0.032883179 0 0.27829093 0.07577183 0.23531367 0.3504931 1.2198802 0.80198273 0.4134222 0.22406426 0.28982002 0.19294743 0.23847504 0.29494338 0.42844356 0.41352888 0.50178566 4.7415408 6.6448782 0.031879567 0.091614964 0.096136571 0.078877678 0 0.064301371 0 0.1052052 0.032647284 0.016106425 0.03135547 -3.5527137e-15 0 0.00775709 0.019204192 -3.5527137e-15 0 0 3.5527137e-15
0.034716323 -1.0658141e-14 0 -1.4210855e-14 3.5527137e-15 0 7.1054274e-15 0 0 0 0 0 0 0 0 0 -7.1054274e-15 0.0019116379 0.01823069 0.065781658 0.042911804 0.028399412 0.014464226 0.10119623 0.12017024 3.5527137e-15 0.12507531 0.098389871 0.11899094 0.34120419 0.8709442 0.56093797 0.44406582 0.28118691 0.40211154 0.11772762 0.22877874 0.14626475 0.19268824 0.3088154 0.52498488 0.30125986 0.4151894 19.159365 9.8812806 0 0.10589225 0.11994199 0.12341352 0.038902841 0 0 0.04703145 0.069883311 0.056269388 0.0035224416 -3.5527137e-15 0 0 0 0.017446186 0 -7.1054274e-15
0 0 7.1054274e-15 8.8817842e-16 3.9968029e-15 0.02860932 0 0 0 0 0 0 0 0 0 0 0 -3.5527137e-15 0 0.018449115 0.032719888 0.071474948 0.014723941 0.11998518 0.027474746 0.18834562 0.046003803 0.18146566 0.20652572 0.22925207 0.6705668 0.71949236 0.20210439 0.23027731 0.28763873 0.17750279 0.12892722 0.21278348 0.24180483 0.42552857 0.46056848 0.33559779 0.11981153 10.450229 0.38713673 0.081762773 0.12804458 0.059253754 0.021670549 3.5527137e-15 0 0 0 0.13392702 8.4745364 3.5527137e-15 0 0.011578434 0 0 0 0 -3.5527137e-15
173.57729 3.5527137e-15 0 0 -3.5527137e-15 0 -3.5527137e-15 0 0 0 0 0 0 0 0 0 0 0 0.015482961 0.013343477 0.056011894 0 0.03385725 0.064829654 0.038893562 0.079747513 0.072750474 0.20221953 0.35642475 0.31765056 0.67849959 0.18079567 0.14909956 0.24577538 0.22230619 0.2786079 0.17822137 0.25631184 0.34042379 0.32272193 0.38619546 0.134827 0.44815074 3.3791506 7.878369 0.71899039 0.08070539 0.030305027 0 0.009264195 0 0.0339583 0.011517792 0 38.379509 0.039578892 -7.1054274e-15 0 0 0 0 5.4528131 0
203.06977 1.0658141e-14 -3.5527137e-15 7.1054274e-15 7.1054274e-15 0 0 0 0 0 0 43.928776 0 0 0 0 0 0.059354034 0.00059144741 0.032590125 0.065328597 0.035221702 0.033060535 0.10976526 0.028898054 0.15869271 0.30288892 0.59837168 0.36352762 0.48062187 0.30638518 0.046927112 0.16152023 0.16588197 0.22894244 0.2875544 0.26179047 0.12747443 0.36390973 0.30214211 0.13956815 0.2554458 0.25304704 2.0405098 5.1620491 2.1996968 0.91059002 6.353145 0.065572174 0.057451068 0.013240319 0.012906192 0.064138797 0.015743341 0 0.03497765 0 0 0 0 0 0 0
208.37042 -7.1054274e-15 3.5527137e-15 0 0 0 0 0 0 0 0 62.175974 3.5527137e-15 0 0 0 0 0 0 0.018219286 0.039202043 0.091787464 0.077115906 0.059932337 0.041772358 0.18345676 0.44870564 0.28483082 0.12568665 0.073761777 0.11871878 0.037042117 0.13334015 0.2235639 0.28420995 0.30467828 0.39372751 0.17975651 0.3016735 0.26353502 0.22306512 0.32589398 0.34589198 1.2455365 0.14618698 2.6392059 1.7382822 1.0936456 1.1333724 0.014385435 0.39925032 0.15400914 0.43691528 0.088038285 0.0024436757 0.12633186 -3.5527137e-15 0 60.072118 87.548871 49.558284 32.406937 18.006614
230.64946 3.5527137e-15 0 -7.1054274e-15 0 -3.1086245e-15 0 0 0 0 0 56.703819 0 0 0 0 0 0 0.028784299 0.019958766 0.045153847 0.034462481 0.064474767 0.020049731 0.14572757 0.17332509 0.26029177 0.068521334 0.16182324 0.12382693 0.12218874 0.05593703 0.073322361 0.067818591 0.19618403 0.1639043 0.094341336 0.26812735 0.046823358 0.35067257 0.2251874 0.34224243 0.22288333 0.83599319 0.38815305 0.067398218 1.8732972 1.2637824 3.6720801 1.6000692 0.27424623 0.54415294 0.3961678 0 0.31942663 0.29858823 0.21038913 0 138.4713 -5.3290705e-15 1.6653345e-15 0.056729445 -8.6042284e-16
200.61806 0 -7.1054274e-15 -7.1054274e-15 0 3.1086245e-15 -2.6645353e-15 0 0 0 0 65.530081 3.5527137e-15 3.5527137e-15 0 0 0 0 0.010065699 0.037571335 0.019882046 0.060697005 0.041042027 0.12406867 0.2034191 0.050251288 0.047684272 0.14889517 0.039791411 0.11708861 0.076727399 0.018035425 0.23478076 0.20357785 0.16797027 0.045576209 0.17525691 0.26168015 0.14758019 0.24431388 0.31893506 0.41200173 0.39456252 0.61938831 0.64811023 0.020091059 0.094704092 0.12661538 0.0090061854 1.983861 2.3791205 1.0360921 0.15107097 0.23168675 0.28648291 0.10789009 0.024061489 0.024937178 0.087886663 0.047561235 0 0.075726342 3.5527137e-15
195.58418 0.045566801 0.033865493 3.5527137e-15 -3.4972025e-15 1.110223e-15 -7.1054274e-15 0 3.5527137e-15 1.110223e-15 4.4408921e-16 1.3322676e-15 0 -3.5527137e-15 0 0 0 0 0 0 0.014424797 0.035314754 0.047077691 0.0439061 0.0036709838 0.072176492 0.017750741 -1.4210855e-14 0.098514356 0.15847628 0.065669065 0.14740849 0.10626133 0.19442282 0.1347655 0.094775052 0.12682199 0.10505036 0.35718934 0.27260898 0.32180347 -3.5527137e-15 0.49446824 0.55951562 0.27429681 0.4625599 0.055462093 0.15904393 0.073562145 0.086107673 0.86997789 1.4863461 0.52895562 0.18076156 0.14086922 0.31755707 0.21520686 3.5527137e-15 -7.1054274e-15 0.019073358 0.015057879 -3.5527137e-15 0.07452694
75.317956 190.90894 -1.0658141e-14 0 4.7184479e-16 -7.1054274e-15 3.5527137e-15 -3.5527137e-15 -3.5527137e-15 2.220446e-16 1.3322676e-15 0 -8.8817842e-16 0 0 0 0 0 0 3.5527137e-15 7.1054274e-15 0.010817497 0.043862942 0.010029427 0.028997501 0.067780877 3.5527137e-15 0 1.0658141e-14 0.13322122 0.023573157 0.12888305 0.10026999 0.074496 0.031948916 0.14588259 0.051305566 -1.0658141e-14 0.1320149 0.13098863 0.24180592 0.37322956 0.18506585 0.66948946 1.472147 0.61857248 0.15303977 0.17196851 0.10262787 0.11888429 0.16643093 1.3873497 1.5798998 0.75873885 0.059852779 0.14526946 0.063696271 0.046656893 3.5527137e-15 0.035669827 0.047311918 0.076054908 0.014439649
0 199.38502 0.11602947 0.034740159 0.044717331 0.034256611 -1.4210855e-14 0 7.1054274e-15 0 -7.1054274e-15 1.7763568e-15 -1.7763568e-15 0 0 0 1.7763568e-15 0 0 0 0 0.021669493 0.016818303 0.032225977 0.090011377 0 -1.4210855e-14 3.5527137e-15 -1.4210855e-14 0.029506144 0.01787461 0.065080958 0.037071307 0.0080744777 0.054607935 0.12371282 0.15224819 0.13744405 0.15721934 0.10787704 0.26371117 0.26662999 0.18360723 0.91469833 0.87070369 0.58363342 0.20670841 0.18362052 0.036795497 0.05229861 0.1422816 1.152004 1.4269396 1.4835386 0.93027818 -1.0658141e-14 0.086168547 0.14280649 0.036368491 0.03221723 0.044220921 0.033073285 0.03451162
0 228.48419 0.096500254 0.074828953 0.046149323 0 -7.1054274e-15 -3.5527137e-15 0.025270938 0.11020951 3.3306691e-15 0.064002002 3.5527137e-15 3.5527137e-15 0.027193329 1.7763568e-15 -3.5527137e-15 0 0 0 0 0 0 0.0037833284 0 7.1054274e-15 1.0658141e-14 -7.1054274e-15 1.0658141e-14 0 0.10379906 0.034371221 0.063076796 0.11940383 0.0079773724 0.1009855 3.5527137e-15 0.031748351 0.10083554 0.34840832 0.22451154 0.27825556 0.33682129 1.1116868 0.60585232 1.1180942 0.69641602 0.078356235 -1.0658141e-14 0.069179302 0.16741599 0.12858415 0.64391467 0.45908071 1.5711003 0.24665437 0.080533528 0.05688089 0.12144352 0.015305096 0.06527028 0.010896623 0.025196783
0 192.28544 0.022232354 0.13533169 0.13576857 0.028387372 0.092512461 0.058521933 0.062615476 0.050820135 6.6613381e-16 0.071360692 0.040517407 3.5527137e-15 -3.5527137e-15 0.004054961 0 0.018121589 0 3.5527137e-15 0 0 0 0 -3.5527137e-15 -7.1054274e-15 -3.5527137e-15 3.5527137e-15 0 3.5527137e-15 -7.1054274e-15 0.065044524 0.10473451 0.033371256 3.5527137e-15 0.081064246 0 0.039210195 0.16476385 0.23110234 0.15653059 0.30868195 0.29911685 0.70260908 0.61942024 0.80409996 0.20354102 0.15542034 0.14002028 0.10039367 0.13489847 0.095432302 0.26376658 0.80724298 0.85379766 2.0068595 0.34124125 0.072240539 0.054499229 0.037570593 0.13479743 0.046034152 0.046396785
