var/www/cgi-bin/BAERTOOLS/ravel/working/ravel-13157.DEM
NCOLS 92
NROWS 90
XLLCORNER 452038.49
YLLCORNER 3773695.4
CELLSIZE 10
NODATA_VALUE -9999
[rows 56 to 83 of 90, columns 0 to 62 of 92]
364.8849 364.9272 365.085 365.3111 365.6091 365.9157 366.1263 366.3291 366.5505 366.5713 366.6124 366.4128 365.908 365.2727 364.5788 363.6653 363.5368 363.6935 363.9557 364.0535 363.8737 363.423 363.2586 363.0806 362.9308 362.8666 362.788 362.6941 362.66 362.6646 362.6635 362.6625 362.6602 362.6593 362.6522 362.6696 362.8355 363.1883 363.4711 363.5279 363.5725 363.5619 363.5597 363.5387 363.4335 363.6223 363.906 364.0963 364.1782 364.2526 364.2492 364.2492 364.2487 364.2481 364.2476 364.2472 364.2404 364.3026 364.3527 364.3452 364.3448 364.3444 364.3435
364.7237 364.8056 364.905 365.3052 365.5668 365.8245 366.0814 366.3174 366.4875 366.5332 366.3467 366.0078 365.4973 364.8973 364.3699 363.5222 363.4319 363.5367 363.7423 363.8452 363.6829 363.3611 363.1483 362.9785 362.8331 362.748 362.6638 362.5259 362.4456 362.4583 362.4568 362.4557 362.4536 362.4528 362.4407 362.4824 362.8045 363.3591 363.5402 363.6376 363.6241 363.5268 363.4075 363.2029 363.3432 363.6589 363.8555 364.0275 364.1582 364.1508 364.1465 364.1461 364.1456 364.1451 364.1446 364.1443 364.1382 364.192 364.2358 364.2291 364.2281 364.2263 364.2255
364.4247 364.5092 364.6023 364.9348 365.2288 365.5391 365.7966 366.0386 366.1945 366.0625 365.898 365.5916 365.1429 364.6876 364.1733 363.4972 363.4564 363.4838 363.6555 363.8441 363.4955 363.3308 363.0997 362.8689 362.73 362.6479 362.4741 362.3888 362.2952 362.2445 362.2498 362.249 362.2466 362.2426 362.2859 362.386 362.6953 363.2504 363.5427 363.5648 363.5109 363.3825 363.0948 362.7945 363.5129 363.687 363.8532 363.9906 364.0481 364.0461 364.0436 364.0431 364.0427 364.0423 364.0417 364.0413 364.0407 364.0357 364.0314 364.0313 364.0309 364.0299 364.0293
364.2767 364.2879 364.3859 364.725 364.9756 365.1365 365.2727 365.5312 365.6921 365.5502 365.3815 365.1207 364.7638 364.4018 363.9628 363.4361 363.4624 363.4543 363.5449 363.7536 363.5029 363.2622 362.9942 362.7719 362.6367 362.5367 362.2679 362.1882 362.0975 362.0461 362.0485 362.0482 362.0425 362.1088 362.1283 362.257 362.641 363.063 363.4508 363.442 363.2894 362.8918 362.6505 363.0147 363.5541 363.6706 363.7965 363.8766 363.9447 363.9433 363.9407 363.9403 363.9398 363.9394 363.9389 363.9384 363.9376 363.9372 363.9367 363.9363 363.9359 364.0299 364.0293
364.1031 364.1655 364.1852 364.3784 364.4073 364.6507 364.9255 364.9827 364.9687 364.8841 364.6402 364.4089 364.2855 364.0189 363.7585 363.3685 363.4089 363.4543 363.5146 363.647 363.4825 363.2604 363.0471 362.8833 362.7079 362.5339 362.1799 362.139 362.0998 361.9979 361.9306 361.9336 361.9396 361.9267 362.032 362.2039 362.4283 362.7937 363.0445 362.956 362.6022 362.3735 362.6986 363.3016 363.5625 363.609 363.699 363.7845 363.8415 363.8402 363.838 363.8375 363.837 363.8366 363.8362 363.9384 363.9376 363.9372 363.9367 363.9363 363.9359 363.935 363.9356
363.9691 363.981 364.0677 364.1579 364.2731 364.426 364.4314 364.3789 364.4387 364.2442 364.2065 364.0727 363.8924 363.7224 363.5517 363.3442 363.3495 363.3925 363.4895 363.5639 363.4006 363.1505 362.9441 362.7307 362.4867 362.313 361.9657 361.8521 361.7742 361.6869 361.6179 361.632 361.7339 361.7962 361.9182 362.0827 362.1931 362.1718 362.1655 362.0703 362.0348 362.29 362.9068 363.4504 363.5563 363.6042 363.6938 363.7484 363.737 363.7359 363.838 363.8375 363.837 363.8366 363.8362 363.8353 363.8348 363.8346 363.834 363.834 363.835 363.835 363.8174
363.6805 363.7756 363.863 363.952 364.0726 364.1672 364.1472 364.1739 364.2375 363.895 363.8463 363.7755 363.586 363.433 363.2676 363.1656 363.2516 363.4079 363.4928 363.5492 363.2901 363.0477 362.7782 362.5146 362.2493 361.9923 361.6518 361.5357 361.5082 361.474 361.4112 361.4078 361.5659 361.6983 361.6654 361.6251 361.6818 361.6675 361.6723 361.6883 361.835 362.25 362.8506 363.2943 363.5209 363.6042 363.6938 363.7484 363.737 363.7359 363.7352 363.7347 363.7344 363.7339 363.7335 363.7327 363.7322 363.7328 363.7351 363.7269 363.7065 363.7077 363.6485
363.5507 363.5666 363.652 363.8268 363.8468 363.8888 363.953 363.9491 363.9388 363.782 363.6982 363.5595 363.4081 363.3255 363.1545 363.1424 363.2716 363.4182 363.4612 363.4678 363.1261 362.8267 362.5068 362.1848 361.8939 361.5973 361.3586 361.239 361.1412 361.0891 361.0939 361.1051 361.289 361.3653 361.4005 361.4011 361.3699 361.3065 361.3976 361.6883 361.835 362.25 362.8506 363.2943 363.5209 363.5523 363.5898 363.6388 363.6341 363.6319 363.6328 363.6321 363.6317 363.6313 363.6308 363.632 363.6338 363.6165 363.606 363.5828 363.52 363.5185 363.526
363.3441 363.3668 363.4395 363.5065 363.5951 363.6845 363.7417 363.7415 363.7466 363.6837 363.5351 363.3502 363.1673 363.037 362.9555 363.1474 363.3941 363.4644 363.4622 363.4568 362.9303 362.5318 362.1146 361.6932 361.4127 361.2914 361.1438 360.987 360.8381 360.7832 360.7844 360.8195 361.097 361.112 361.4005 361.4011 361.3699 361.3065 361.3976 361.5956 361.8606 362.207 362.6802 363.0057 363.3953 363.4794 363.5325 363.5311 363.5358 363.554 363.5286 363.5295 363.5302 363.5314 363.5318 363.506 363.5027 363.4564 363.4119 363.4202 363.4286 363.4294 363.405
363.1759 363.2462 363.2403 363.312 363.333 363.3644 363.4574 363.5539 363.6315 363.4674 363.3369 363.09 362.8996 362.9309 362.9576 363.1658 363.3916 363.4637 363.465 363.4289 362.6244 362.0651 361.5066 361.086 360.9346 360.9748 360.9462 360.793 360.5971 360.7832 360.7844 360.8195 361.097 361.112 361.1044 361.0971 361.0808 361.0827 361.261 361.502 361.7652 362.0809 362.4642 362.801 363.1739 363.2549 363.3601 363.4339 363.4438 363.5015 363.4249 363.4326 363.4173 363.3957 363.3984 363.3315 363.3137 363.3241 363.3301 363.319 363.2907 363.2916 363.2397
363.0393 363.0306 363.0385 363.1382 363.1292 363.1715 363.2523 363.3332 363.3987 363.2525 363.1249 362.8432 362.6324 362.7365 363.0141 363.2768 363.4362 363.4621 363.4687 363.3936 362.2102 361.5129 360.8936 361.086 360.9346 360.9748 360.9462 360.793 360.5971 360.4813 360.511 360.6165 360.8913 360.8995 360.8771 360.8293 360.7678 360.8208 361.1901 361.401 361.7054 362.0229 362.2811 362.5878 362.9172 363.0351 363.1849 363.3197 363.3297 363.3278 363.3054 363.2968 363.2631 363.2129 363.2178 363.2261 363.2014 363.1848 363.1912 363.1697 363.1142 363.1165 363.1213
362.8321 362.8362 362.8428 362.924 362.9848 363.0367 363.0232 363.0135 362.9912 362.9153 362.7914 362.6191 362.5241 362.5976 362.982 363.2854 363.4292 363.4612 363.4687 363.3936 362.2102 361.5129 360.8936 360.5435 360.4903 360.6073 360.7432 360.5866 360.4057 360.3082 360.3341 360.4336 360.6967 360.6466 360.532 360.471 360.5385 360.7261 361.1591 361.3558 361.6113 361.9087 362.1412 362.3848 362.6504 362.7853 362.9728 363.1234 363.197 363.1919 363.1378 363.1105 363.1235 363.1167 363.0858 363.0865 363.0359 363.0093 363.0159 363.0193 363.0189 362.9761 362.9771
362.6618 362.7312 362.7303 362.715 362.7682 362.8035 362.792 362.7775 362.5764 362.4061 362.4351 362.3702 362.168 362.5976 362.982 363.2854 363.4292 363.4612 363.4868 363.3392 361.7419 361.0014 360.4726 360.2816 360.3353 360.4076 360.512 360.3982 360.2685 360.2193 360.2412 360.3405 360.5135 360.4418 360.3418 360.3366 360.4756 360.6579 361.0662 361.2932 361.5655 361.7779 361.959 362.2092 362.4714 362.6215 362.8073 362.9415 362.9852 363.0182 363.0246 363.0028 362.9836 362.9648 362.9122 362.9154 362.9229 362.8998 362.873 362.8779 362.8681 362.8098 362.814
362.5235 362.5169 362.5163 362.5033 362.4988 362.4474 362.3699 362.3304 362.5764 362.4061 362.4351 362.3702 362.168 362.2796 363.0107 363.3232 363.436 363.4672 363.4104 363.0182 361.3779 360.6347 360.2842 360.2385 360.2245 360.2293 360.3045 360.2444 360.1637 360.1222 360.1388 360.2055 360.2789 360.2006 360.2188 360.3617 360.5136 360.6594 360.991 361.1965 361.4507 361.6792 361.8597 362.0752 362.3575 362.5114 362.6697 362.7973 362.8257 362.882 362.8823 362.8449 362.81 362.8182 362.8167 362.7715 362.7767 362.7396 362.7057 362.7128 362.7148 362.6793 362.6633
362.3123 362.3121 362.5163 362.5033 362.4988 362.4474 362.3699 362.3304 362.0649 361.938 361.9543 361.884 361.7225 361.8673 362.8481 363.3259 363.5226 363.5385 363.3584 362.6853 361.0187 360.468 360.2576 360.1977 360.1189 360.098 360.0966 360.0276 359.9838 359.9958 359.9905 359.9943 359.984 360.0117 360.2841 360.5561 360.6166 360.6973 360.9995 361.1668 361.3657 361.5774 361.7433 362.0884 362.2343 362.3457 362.4944 362.638 362.6822 362.7157 362.7163 362.6922 362.6685 362.6731 362.6632 362.6089 362.6125 362.6192 362.6009 362.5625 362.5643 362.518 362.5053
362.3123 362.3121 362.2979 362.2306 362.1927 362.1548 362.0337 361.837 361.5323 361.3894 361.2413 361.1564 361.1683 361.3612 362.8191 363.3785 363.6108 363.6208 363.1818 362.2743 360.6359 360.2954 360.188 360.0916 360.0028 359.9162 359.8857 359.8443 359.8139 359.8202 359.8123 359.7776 359.8471 360.1588 360.4629 360.6 360.6783 360.7645 361.0117 361.1477 361.299 361.4701 361.6421 361.949 362.0619 362.2207 362.3902 362.4861 362.5211 362.571 362.5711 362.539 362.5086 362.5115 362.5138 362.4748 362.4584 362.4646 362.4435 362.4089 362.4096 362.4173 362.3787
362.1078 362.1067 361.9937 361.9629 361.9042 361.8135 361.7061 361.515 361.1024 360.9978 360.8563 360.6256 360.5782 361.0167 362.7259 363.4723 363.6795 363.396 362.7397 361.8624 360.4162 360.2462 360.1389 359.9837 359.9058 359.82 359.7128 359.6986 359.6842 359.6925 359.6733 359.612 359.9745 360.366 360.5725 360.6284 360.7128 360.804 361.0367 361.1076 361.2101 361.3608 361.5405 361.7908 361.9476 362.1021 362.2279 362.3293 362.3715 362.4136 362.4145 362.386 362.3575 362.3596 362.3603 362.3152 362.3044 362.3141 362.2914 362.2519 362.2522 362.2532 362.2246
361.9053 361.89 361.7063 361.6348 361.5395 361.4432 361.3324 361.1605 360.9174 360.7586 360.5767 360.391 360.3939 360.881 362.8276 363.6081 363.7412 363.191 362.2904 361.4195 360.2604 360.1325 360.0094 359.8918 359.7986 359.6835 359.5965 359.5442 359.494 359.4703 359.4687 359.5165 360.077 360.4397 360.6308 360.6955 360.7812 360.8664 361.0356 361.1217 361.2009 361.2932 361.437 361.7021 361.812 361.9398 362.0736 362.1768 362.2172 362.2599 362.26 362.2331 362.2068 362.2094 362.2092 362.2158 362.1744 362.1486 362.136 362.1069 362.1074 362.1106 362.0692
361.7203 361.6831 361.5303 361.5131 361.4091 361.282 361.175 361.0088 360.7558 360.5882 360.4038 360.2921 360.3664 360.7492 362.6698 363.3878 363.383 362.6942 361.7298 360.9152 360.15 359.9964 359.8458 359.7512 359.6523 359.5202 359.4001 359.378 359.3289 359.2649 359.3197 359.4571 360.1395 360.4272 360.5874 360.6964 360.7811 360.9104 360.9846 361.0722 361.1578 361.2384 361.3271 361.5396 361.6564 361.7859 361.9192 362.0243 362.0612 362.1116 362.1126 362.08 362.0461 362.0491 362.048 362.0544 362.0249 362.0083 361.9868 361.9408 361.9419 361.9509 361.9224
361.5853 361.5053 361.4238 361.3586 361.2701 361.1783 361.0528 360.9082 360.6505 360.5011 360.2882 360.1656 360.2456 360.5714 362.0244 362.4546 362.3945 361.8669 361.1401 360.5092 360.0358 359.8507 359.6985 359.5666 359.455 359.3745 359.1907 359.1664 359.1361 359.1198 359.2342 359.462 360.1561 360.3835 360.5244 360.6421 360.7339 360.8132 360.8719 360.963 361.0507 361.1407 361.2238 361.3804 361.4978 361.6326 361.7666 361.8671 361.9131 361.9489 361.9489 361.9269 361.9047 361.9068 361.9083 361.8526 361.8393 361.8512 361.8335 361.8069 361.7994 361.7273 361.7379
361.3973 361.4147 361.3226 361.2625 361.1757 361.0604 360.9172 360.8166 360.5701 360.3971 360.17 360.0399 360.1606 360.4548 361.2125 361.3094 361.2566 361.033 360.631 360.2653 359.8881 359.6916 359.5577 359.4142 359.2483 359.1631 358.9875 358.951 358.9683 359.0362 359.1956 359.4636 360.1623 360.4043 360.5222 360.5817 360.6144 360.6965 360.7776 360.8723 360.929 360.9685 361.0655 361.2958 361.3669 361.469 361.6103 361.7193 361.751 361.8093 361.8105 361.774 361.735 361.7378 361.7391 361.718 361.6569 361.6246 361.6333 361.6423 361.6375 361.6053 361.557
361.2302 361.2776 361.2219 361.1607 361.0681 360.9928 360.8815 360.7118 360.4671 360.291 360.1115 359.9971 360.0633 360.2914 360.681 360.7332 360.6866 360.5263 360.2654 360.0625 359.6778 359.5134 359.3309 359.1631 359.0454 358.9604 358.7758 358.7649 358.8642 358.9975 359.148 359.4099 360.0689 360.2908 360.4138 360.4818 360.5111 360.592 360.6357 360.702 360.7755 360.8249 360.9127 361.1212 361.252 361.3609 361.455 361.5572 361.609 361.6378 361.6376 361.6204 361.6022 361.6068 361.5975 361.5342 361.5174 361.5054 361.4782 361.4233 361.4303 361.4348 361.4137
361.1229 361.1128 361.1228 361.0589 360.967 360.8849 360.7854 360.6515 360.3637 360.1901 360.0119 359.8853 359.8942 360.0371 360.2584 360.264 360.2207 360.1212 359.9914 359.8189 359.3722 359.1792 359.0296 358.9241 358.85 358.7629 358.6066 358.6448 358.7948 358.9325 359.0322 359.6471 359.8872 360.0667 360.1947 360.2795 360.3497 360.428 360.4924 360.519 360.5665 360.6789 360.8162 360.9739 361.0869 361.1829 361.2979 361.4141 361.4408 361.5067 361.5079 361.468 361.4234 361.4302 361.4342 361.3398 361.3233 361.3347 361.3263 361.2859 361.2212 361.2166 361.2172
360.9872 361.0121 361.0193 360.9576 360.8654 360.7793 360.6996 360.6084 360.2657 360.0987 359.8925 359.7141 359.6631 359.721 359.9061 359.9233 359.8471 359.7301 359.632 359.4586 359.1122 358.9341 358.8126 358.7155 358.5815 358.4959 358.4804 358.5479 358.679 358.846 358.9885 359.4924 359.6917 359.8586 359.9902 360.0702 360.1506 360.2269 360.2996 360.3727 360.4344 360.5232 360.6485 360.8823 360.9594 361.0413 361.1421 361.2474 361.3045 361.3268 361.3264 361.313 361.3034 361.2871 361.2305 361.2112 361.1472 361.1136 361.126 361.1206 361.0991 361.0972 361.0967
360.8388 360.9531 360.9281 360.8529 360.764 360.6776 360.5995 360.5019 360.1132 359.9521 359.7502 359.5569 359.446 359.4129 359.5497 359.5784 359.4741 359.3169 359.2147 359.0394 358.8311 358.6871 358.5535 358.459 358.3303 358.2409 358.3588 358.4869 358.6189 358.753 358.9276 359.2925 359.476 359.6541 359.7852 359.8636 359.9483 360.0898 360.1721 360.2126 360.2859 360.4201 360.5027 360.7583 360.8634 360.9483 361.042 361.1057 361.1296 361.1965 361.201 361.1616 361.1216 361.1053 361.0186 361.0242 361.0132 360.9572 360.9044 360.9102 360.9178 360.9165 360.9157
360.8009 360.9211 360.8393 360.748 360.6588 360.5737 360.4916 360.3522 359.9204 359.7227 359.5297 359.3557 359.1855 359.1043 359.1488 359.1189 359.0201 358.9017 358.8083 358.6895 358.5257 358.3711 358.2319 358.1432 358.0631 358.0927 358.3358 358.4421 358.5402 358.6463 358.8211 359.1685 359.2927 359.444 359.5772 359.6461 359.7448 359.9253 359.9894 360.0477 360.1571 360.3156 360.4011 360.6683 360.7629 360.8058 360.8484 360.9358 360.997 361.084 361.0533 361.0047 360.9728 360.9154 360.8897 360.8025 360.8141 360.8067 360.7971 360.7793 360.7078 360.7018 360.7009
360.7451 360.8135 360.7361 360.6423 360.5912 360.5399 360.3818 360.1114 359.5938 359.3203 359.0996 358.9404 358.8311 358.7942 358.7489 358.6582 358.5956 358.5499 358.4626 358.3853 358.2151 358.1072 357.9868 357.9251 357.9678 358.0631 358.2739 358.3555 358.4283 358.5359 358.7209 359.0085 359.0862 359.2214 359.3957 359.5262 359.6143 359.7798 359.848 359.9822 360.1183 360.2289 360.374 360.5609 360.657 360.6898 360.722 360.8015 360.8261 360.9103 360.9056 360.8692 360.7862 360.7108 360.7103 360.6963 360.6385 360.5981 360.6102 360.6053 360.5911 360.5892 360.5887
360.6348 360.7109 360.6358 360.5473 360.5291 360.3969 360.049 359.6976 359.0196 358.7365 358.5399 358.45 358.4385 358.4855 358.396 358.3384 358.3435 358.3261 358.2215 358.0831 357.9077 357.8041 357.7614 357.8199 357.9133 358.0808 358.1656 358.2403 358.3548 358.5006 358.6074 358.8669 358.9643 359.1013 359.2505 359.3426 359.424 359.6537 359.7589 359.8431 359.9658 360.1309 360.3027 360.5511 360.5865 360.588 360.5939 360.6049 360.6185 360.7819 360.7568 360.611 360.4955 360.4984 360.4987 360.5047 360.5027 360.4481 360.3896 360.3935 360.3939 360.3922 360.3913
