var/www/cgi-bin/BAERTOOLS/ravel/working/ravel-2502.DEM
NCOLS 1117
NROWS 10
XLLCORNER 715687.24
YLLCORNER 4166558.7
CELLSIZE 10
NODATA_VALUE -9999
[rows 0 to 9 of 10, columns 252 to 314 of 1117]
77.81226 77.85696 77.87235 77.87679 77.89634 78.02203 78.00117 77.96027 77.90495 77.69698 77.53168 77.32941 77.13174 75.92551 74.70062 73.03501 71.52554 70.82417 69.06762 68.51499 67.60387 65.75835 59.24693 55.21174 51.66343 49.4649 48.92501 49.64457 51.7814 54.82272 58.04322 63.1101 64.20084 64.90514 65.40657 66.07576 66.15152 66.0761 65.86894 65.60236 65.03387 64.89458 64.9682 65.40838 67.61983 68.43842 69.42664 70.56754 71.7633 73.88503 74.3327 74.61776 74.92265 75.6517 76.01385 76.24801 76.3721 76.47392 76.67365 76.78705 76.88044 76.94662 77.08336
77.93276 77.99487 78.01875 78.02224 78.02167 78.02203 78.12881 78.09944 78.04022 77.8031 77.64107 77.42912 77.20755 76.37466 75.47569 74.85742 74.71446 74.73407 74.52935 73.69688 72.15517 69.88568 62.39906 57.74034 53.33956 50.26809 49.02221 49.15763 50.94063 54.02712 57.5167 62.40215 63.34111 64.02536 64.40106 64.61797 64.83997 64.86909 64.8156 64.73256 64.45034 64.40204 64.66418 65.44586 66.64726 69.19592 70.21636 71.33373 72.50895 74.09614 74.39036 74.63697 74.89536 75.21524 75.85083 76.08858 76.2114 76.29838 76.54408 76.65366 76.75253 76.83989 76.92396
78.00346 78.06538 78.11093 78.14286 78.14561 78.13882 78.12881 78.21931 78.16192 77.90858 77.6981 77.46483 77.26427 76.67844 76.21162 75.73907 75.37037 75.18777 74.93981 74.76668 74.13548 72.16617 64.57653 60.13219 55.15042 51.0416 49.20493 48.94577 50.30641 53.21343 56.86547 62.0196 62.81234 63.3085 63.69087 63.87129 64.02367 64.09718 64.09789 64.03445 64.084 64.20464 64.62959 65.80157 67.46198 69.19592 70.90954 72.01279 73.10062 74.21623 74.42192 74.65759 74.90071 75.15339 75.63546 75.85097 76.03494 76.18208 76.40976 76.51336 76.61726 76.72144 76.8231
78.07451 78.1564 78.21552 78.25568 78.28228 78.26806 78.24838 78.21931 78.24817 77.9865 77.77874 77.57683 77.3946 76.89424 76.48882 76.22181 76.0341 75.79668 75.37887 74.98485 74.62048 73.16472 66.07421 62.18941 57.45436 52.64745 49.55593 48.94084 49.63351 52.15862 56.13276 61.76752 62.56229 62.8868 63.13897 63.28373 63.46418 63.52901 63.58734 63.66786 63.91029 64.01616 64.75833 66.41563 68.19544 69.88371 70.90954 72.60102 73.54111 74.30189 74.47147 74.66396 74.8699 75.05806 75.4632 75.67385 75.87524 76.04777 76.30577 76.40198 76.50478 76.61972 76.7231
78.14922 78.24184 78.31776 78.37086 78.39755 78.40342 78.36856 78.31547 78.24817 78.06924 77.89167 77.73441 77.55272 77.29504 76.74664 76.61792 76.5476 76.40371 75.75172 75.14288 74.50284 72.91705 69.92178 64.41096 60.5424 55.2272 50.31296 48.93534 49.25887 51.31223 55.1513 58.95722 62.42159 62.84793 63.03403 63.03836 63.3988 63.44614 63.4538 63.59729 63.79921 63.97469 65.21195 67.18158 68.65447 70.38391 71.44784 72.60102 73.90922 74.15869 74.53689 74.67329 74.79985 74.94476 75.31467 75.52325 75.72295 75.91003 76.08299 76.34024 76.48582 76.61881 76.69292
78.22107 78.32769 78.42198 78.48902 78.51962 78.52877 78.4991 78.43645 78.34254 78.06924 78.01523 77.87218 77.68749 77.41828 77.11217 77.10011 77.05708 76.94183 76.2145 75.33549 74.30447 72.82251 70.93075 67.65255 63.88185 57.98128 51.95782 48.92112 48.97588 50.44828 53.90195 57.96346 62.47802 63.18855 63.57379 63.62089 63.75835 63.66155 63.5127 63.5619 63.78992 64.02055 65.54494 67.61971 68.90212 70.81289 71.93938 73.11291 73.90922 74.20678 74.51058 74.6278 74.73057 74.85081 75.20179 75.39085 75.5724 75.76292 75.95583 76.27718 76.40609 76.50662 76.58018
78.29416 78.41342 78.51432 78.59577 78.64491 78.66161 78.62678 78.56663 78.47923 78.18573 78.01523 78.03453 77.84163 77.6349 77.46729 77.4099 77.33731 77.23859 76.66248 75.7226 74.52064 73.60065 72.96843 69.887 66.83663 61.71207 54.95124 48.8807 48.96686 49.81031 52.61314 56.90278 62.6955 64.05045 64.58266 64.44687 64.30173 64.25243 64.15615 64.06287 64.06889 64.54882 65.95412 67.72494 69.01614 71.1546 72.35711 73.4417 74.0524 74.20678 74.45529 74.56012 74.67191 74.7858 75.0983 75.27158 75.4545 75.64442 75.82458 76.16142 76.30799 76.41363 76.48911
78.17977 78.48032 78.59937 78.69508 78.76057 78.81413 78.79177 78.73219 78.64292 78.51375 78.18768 78.03453 78.10391 77.98487 77.75887 77.66547 77.57562 77.4369 77.25975 76.38287 75.66179 75.14269 74.67859 71.82897 68.5578 63.65741 57.12582 50.85868 48.93343 49.5404 51.66825 55.51755 62.85477 64.75365 65.57312 65.66521 65.33598 65.20425 65.10521 65.02076 65.00067 65.55849 66.51176 67.78819 69.0291 71.32511 72.59898 73.59654 74.06084 74.19697 74.45529 74.49709 74.59876 74.71887 75.02514 75.21485 75.39911 75.57156 75.74174 76.04479 76.19068 76.30222 76.38335
78.21978 78.56169 78.70461 78.82775 78.9082 78.97142 78.95357 78.90359 78.82285 78.70912 78.4058 78.24868 78.10391 77.98487 78.0122 77.93153 77.82619 77.65312 77.44013 76.85246 76.62614 76.27219 75.59852 73.23281 70.09526 65.3729 59.17259 52.68382 48.8845 49.29158 50.82334 54.20396 62.46375 65.61768 67.3083 67.53002 67.07583 66.55666 66.50104 66.52097 66.57597 66.97712 67.43726 68.1769 69.1728 70.26498 72.69514 73.64365 74.064 74.17423 74.38481 74.49709 74.57066 74.693 74.85896 75.21847 75.3828 75.53001 75.67741 75.95961 76.08258 76.19669 76.28857
78.2602 78.64351 78.79718 78.92371 79.01716 79.13028 79.12257 79.09087 79.03129 78.92896 78.65899 78.51202 78.39441 78.29153 78.0122 78.19891 78.04594 77.86148 77.65503 77.34044 77.26244 76.96478 76.1217 73.79923 70.9052 66.5084 60.96107 54.66287 48.85541 49.07533 50.10535 53.01234 61.84112 66.29012 68.45084 68.50803 68.29075 67.9481 67.95998 67.99549 68.03025 68.25992 68.48835 68.99944 69.69613 70.4221 72.76957 73.67599 74.03861 74.118 74.29764 74.43888 74.57066 74.693 74.93064 75.23626 75.37322 75.50963 75.64053 75.90404 76.01478 76.1074 76.18557
