var/www/cgi-bin/BAERTOOLS/ravel/working/ravel-17765.DEM
NCOLS 43
NROWS 186
XLLCORNER 364825.66
YLLCORNER 3984981.5
CELLSIZE 10
NODATA_VALUE -9999
[rows 82 to 122 of 186, columns 0 to 42 of 43]
1377.981 1377.912 1378.057 1377.932 1377.866 1377.919 1377.923 1377.914 1377.897 1377.837 1377.846 1378.506 1379.232 1380.429 1382.949 1384.123 1386.369 1387.256 1388.078 1388.854 1389.595 1391.056 1391.719 1392.443 1393.185 1393.975 1395.407 1395.994 1396.573 1397.268 1397.878 1398.765 1399.141 1399.522 1399.746 1399.792 1399.499 1399.234 1399.112 1398.931 1398.668 1398.266 1398.015
1377.443 1377.355 1377.229 1377.095 1377.228 1377.377 1377.306 1377.398 1377.238 1377.151 1377.312 1378.126 1378.618 1380.429 1381.69 1382.861 1384.913 1385.89 1386.742 1387.499 1388.19 1389.603 1390.262 1390.844 1391.46 1392.169 1393.531 1394.016 1394.367 1394.541 1394.841 1395.576 1396.017 1396.476 1397.019 1397.488 1397.762 1397.669 1397.482 1397.548 1397.588 1397.23 1397.199
1376.891 1376.909 1376.414 1376.337 1376.641 1376.779 1376.783 1376.507 1376.41 1376.556 1376.835 1378.126 1378.618 1379.519 1380.626 1381.71 1383.604 1384.464 1385.364 1386.172 1386.853 1388.145 1388.721 1389.342 1389.945 1390.519 1391.549 1391.949 1392.222 1392.276 1392.198 1392.682 1393.313 1394.032 1394.781 1395.412 1396.035 1396.137 1396.23 1396.232 1396.3 1396.061 1395.872
1376.349 1375.919 1375.636 1375.666 1375.956 1376.28 1375.782 1375.63 1375.795 1376.556 1376.835 1377.718 1378.272 1378.817 1379.684 1380.719 1382.435 1383.118 1383.854 1384.61 1385.348 1386.69 1387.255 1387.965 1388.555 1389.011 1389.97 1390.293 1390.476 1390.509 1390.447 1390.972 1391.845 1392.57 1393.215 1393.801 1394.683 1395.102 1395.317 1395.357 1395.239 1394.842 1394.731
1375.8 1375.054 1374.941 1375.04 1375.425 1375.673 1374.933 1375.63 1375.795 1376.075 1376.404 1377.301 1377.886 1378.335 1378.797 1379.569 1381.299 1381.964 1382.63 1383.23 1383.867 1385.238 1385.804 1386.363 1386.986 1387.58 1388.334 1388.881 1389.134 1389.257 1389.392 1390.139 1390.777 1391.578 1392.324 1392.94 1393.987 1394.312 1394.424 1394.366 1394.211 1393.704 1393.505
1374.755 1374.13 1374.146 1374.422 1374.511 1375.673 1374.933 1375.044 1375.281 1375.608 1375.998 1376.876 1377.393 1377.888 1378.323 1378.774 1380.143 1380.687 1381.216 1381.827 1382.48 1383.775 1384.347 1384.901 1385.531 1386.094 1386.778 1387.484 1387.937 1388.12 1388.311 1389.402 1390.06 1390.778 1391.552 1392.191 1393.223 1393.504 1393.536 1393.394 1393.152 1392.466 1392.263
1372.83 1372.841 1373.109 1373.024 1374.511 1374.449 1374.641 1374.611 1374.746 1375.087 1375.52 1376.462 1376.885 1377.365 1377.822 1378.236 1378.906 1379.138 1379.752 1380.482 1381.12 1382.414 1382.914 1383.392 1383.809 1384.26 1385.308 1386.172 1386.664 1386.951 1387.355 1388.654 1389.244 1389.999 1390.812 1391.456 1392.322 1392.615 1392.61 1392.376 1392.058 1391.311 1391.128
1371.589 1371.674 1373.109 1373.024 1373 1373.767 1374.113 1374.027 1374.168 1374.561 1375.478 1375.956 1376.444 1376.883 1377.298 1377.689 1378.245 1378.48 1378.7 1379.171 1379.865 1381.068 1381.561 1381.974 1382.36 1382.749 1383.53 1384.2 1384.884 1385.595 1386.433 1387.824 1388.483 1389.231 1389.995 1390.627 1391.559 1391.576 1391.49 1391.253 1390.929 1390.466 1390.359
1371.589 1371.674 1371.616 1371.633 1371.954 1372.816 1373.215 1373.553 1373.809 1374.13 1374.947 1375.422 1375.927 1376.365 1376.78 1377.378 1377.618 1377.932 1378.197 1378.471 1379.258 1379.812 1380.235 1380.566 1380.818 1381.047 1381.865 1382.402 1383.076 1383.973 1385.103 1386.933 1387.771 1388.684 1389.395 1389.892 1390.607 1390.652 1390.582 1390.391 1390.127 1389.731 1389.67
1370.445 1370.399 1370.583 1370.801 1371.059 1371.961 1372.44 1372.928 1373.274 1373.607 1374.516 1374.997 1375.425 1375.829 1376.261 1376.76 1377.076 1377.408 1377.741 1378.02 1378.59 1378.741 1378.873 1379.142 1379.367 1379.865 1380.31 1380.869 1381.671 1382.788 1385.182 1386.355 1387.375 1388.122 1388.689 1389.127 1389.603 1389.682 1389.678 1389.501 1389.248 1388.941 1389.024
1369.165 1369.43 1369.701 1370.043 1370.476 1371.199 1371.668 1372.242 1372.829 1373.265 1374.081 1374.488 1374.969 1375.42 1375.792 1376.337 1376.657 1376.913 1377.213 1377.508 1377.977 1378.221 1378.394 1378.483 1378.547 1378.786 1378.938 1379.611 1380.573 1381.664 1384.02 1385.471 1386.406 1387.206 1387.903 1388.621 1388.7 1388.665 1388.701 1388.667 1388.47 1388.215 1388.354
1368.244 1368.529 1368.903 1369.272 1369.648 1370.782 1371.43 1371.728 1372.158 1372.679 1373.668 1374.073 1374.476 1374.885 1375.314 1375.826 1376.216 1376.497 1376.788 1377.09 1377.351 1377.58 1377.685 1377.806 1378.029 1378.452 1378.705 1379.031 1379.855 1380.941 1383.223 1384.464 1385.417 1386.358 1387.049 1387.574 1387.734 1387.662 1387.615 1387.677 1387.618 1387.536 1387.653
1367.415 1367.754 1368.168 1368.59 1368.972 1369.858 1370.428 1371.186 1371.964 1372.329 1372.929 1373.428 1373.926 1374.374 1374.748 1375.293 1375.61 1375.948 1376.237 1376.388 1376.638 1376.876 1377.068 1377.308 1377.578 1378.206 1378.548 1378.913 1379.568 1380.381 1382.516 1383.783 1384.787 1385.507 1385.974 1386.58 1386.709 1386.693 1386.707 1386.724 1387.039 1387.051 1387.083
1366.947 1367.23 1367.553 1368 1368.44 1369.388 1369.889 1370.454 1370.932 1371.715 1373.283 1373.06 1373.44 1373.977 1374.327 1374.887 1375.209 1375.543 1375.829 1376.004 1376.29 1376.565 1376.91 1377.32 1377.714 1378.411 1378.699 1378.996 1379.6 1380.317 1382.046 1382.76 1383.731 1384.499 1384.931 1385.548 1385.693 1385.747 1385.785 1385.871 1386.111 1386.299 1386.49
1366.647 1366.837 1367.049 1367.453 1367.944 1368.961 1369.459 1370.014 1370.544 1371.029 1372.125 1373.56 1374.488 1374.238 1373.98 1374.696 1375.015 1375.298 1375.559 1375.878 1376.556 1377.047 1377.502 1377.87 1378.196 1378.867 1378.974 1379.376 1380.07 1381.001 1382.884 1382.914 1383.266 1383.607 1383.938 1384.369 1384.51 1384.63 1384.748 1384.872 1385.085 1385.153 1385.437
1366.238 1366.509 1366.744 1367.075 1367.539 1368.73 1369.159 1369.682 1370.224 1370.711 1371.679 1372.125 1372.472 1374.058 1375.811 1375.032 1375.24 1375.6 1376.044 1376.566 1377.624 1377.975 1378.26 1378.552 1378.824 1379.092 1379.429 1380.279 1381.171 1382.013 1383.282 1383.515 1383.674 1383.575 1383.451 1383.466 1383.412 1383.411 1383.534 1383.665 1383.903 1383.933 1384.14
1366.05 1366.215 1366.443 1366.653 1367.056 1368.422 1369.081 1369.701 1370.126 1370.506 1371.48 1371.963 1372.537 1373.092 1373.508 1377.059 1377.708 1377.25 1377.292 1377.89 1378.576 1378.78 1378.873 1378.923 1379.042 1379.788 1380.468 1381.45 1382.191 1382.637 1383.295 1383.498 1383.467 1383.297 1383.158 1382.823 1382.641 1382.4 1382.29 1382.372 1382.556 1382.577 1382.789
1365.757 1365.986 1366.303 1366.556 1367.552 1368.203 1368.936 1369.633 1370.231 1370.959 1371.647 1372.169 1372.727 1373.422 1374.335 1376.351 1377.26 1378.37 1378.91 1378.86 1378.978 1379.001 1379.059 1379.26 1379.602 1381.105 1381.657 1382.124 1382.501 1382.738 1383.057 1383.135 1383.218 1383.094 1382.792 1382.261 1382.004 1381.754 1381.438 1381.201 1381.226 1381.303 1381.474
1365.45 1365.758 1366.101 1366.405 1367.261 1368.062 1368.82 1369.567 1370.27 1371.831 1372.819 1373.918 1374.053 1374.475 1375.669 1377.873 1378.63 1378.932 1378.989 1379.03 1379.232 1379.389 1379.685 1380.173 1380.676 1381.62 1381.837 1381.899 1382.035 1382.231 1382.583 1382.638 1382.655 1382.714 1382.605 1381.76 1381.462 1381.148 1380.768 1380.386 1379.976 1379.974 1380.227
1365.243 1365.548 1365.949 1366.348 1367.247 1367.956 1368.619 1369.447 1370.29 1371.788 1372.798 1373.961 1375.179 1376.316 1377.928 1378.66 1378.942 1379.097 1379.292 1379.536 1379.703 1380.035 1380.6 1380.963 1381.1 1381.313 1381.341 1381.32 1381.376 1381.554 1381.96 1382.04 1382.124 1382.151 1382.071 1381.451 1380.909 1380.475 1380.078 1379.642 1379.055 1378.953 1379.178
1364.956 1365.383 1365.857 1366.241 1367.13 1367.848 1368.602 1369.334 1370.005 1371.526 1372.652 1373.954 1375.22 1376.377 1378.449 1378.939 1379.133 1379.338 1379.55 1379.723 1380.01 1380.543 1380.674 1380.578 1380.531 1380.57 1380.56 1380.552 1380.661 1381.135 1381.331 1381.55 1381.644 1381.605 1381.497 1380.968 1380.452 1379.941 1379.486 1379.069 1378.49 1378.414 1378.59
1365.011 1365.275 1365.676 1366.183 1367.039 1367.817 1368.58 1369.254 1369.848 1371.163 1372.163 1373.698 1375.184 1376.426 1378.566 1379.082 1379.271 1379.4 1379.481 1379.62 1379.96 1379.889 1379.798 1379.808 1379.75 1379.732 1379.749 1379.831 1380.023 1380.516 1380.806 1381.074 1381.234 1381.182 1380.74 1380.316 1379.836 1379.355 1378.936 1378.325 1378.067 1378.068 1378.271
1364.85 1365.126 1365.592 1366.077 1367.016 1367.705 1368.368 1369.044 1369.682 1371.363 1372.482 1373.667 1374.919 1376.148 1378.385 1379.012 1379.169 1379.2 1379.172 1379.338 1379.312 1379.216 1379.183 1379.176 1379.024 1379.008 1379.073 1379.206 1379.4 1380.012 1380.343 1380.615 1380.814 1380.755 1380.058 1379.628 1379.217 1378.846 1378.461 1377.854 1377.655 1377.682 1378.271
1364.709 1365.098 1365.582 1366.08 1366.9 1367.493 1368.117 1368.907 1369.735 1371.007 1371.788 1373.043 1374.435 1375.698 1377.679 1378.493 1378.761 1378.794 1378.819 1378.735 1378.688 1378.633 1378.585 1378.514 1378.322 1378.351 1378.411 1378.553 1378.82 1379.543 1379.932 1380.177 1380.276 1380.177 1379.401 1379.028 1378.691 1378.365 1377.974 1377.344 1377.655 1377.682 1377.889
1364.885 1364.962 1365.38 1365.99 1366.794 1367.298 1367.855 1368.455 1369.009 1370.019 1370.759 1372.206 1373.618 1374.767 1376.689 1377.311 1377.693 1377.908 1378.002 1377.92 1377.85 1377.838 1377.805 1377.724 1377.589 1377.615 1377.708 1377.933 1378.295 1379.148 1379.466 1379.676 1379.709 1379.547 1378.95 1378.609 1378.269 1377.934 1377.535 1377.344 1377.225 1377.264 1377.468
1364.781 1364.807 1365.173 1365.76 1366.657 1367.086 1367.625 1368.186 1368.689 1369.823 1370.854 1371.694 1372.655 1373.78 1375.361 1376.012 1376.44 1376.721 1376.924 1376.985 1377.013 1377.01 1377.038 1377.02 1376.982 1377.018 1377.138 1377.403 1377.774 1378.728 1379.052 1379.153 1379.111 1378.937 1378.402 1378.124 1377.786 1377.934 1377.535 1376.919 1376.888 1376.95 1377.093
1364.648 1364.713 1365.019 1365.546 1366.417 1366.78 1367.266 1367.757 1368.245 1369.713 1370.315 1370.685 1371.547 1372.639 1373.829 1374.735 1375.171 1375.526 1375.894 1376.11 1376.19 1376.233 1376.266 1376.28 1376.368 1376.441 1376.609 1376.895 1377.274 1378.076 1378.376 1378.481 1378.435 1378.279 1377.867 1378.124 1377.786 1377.483 1377.22 1376.508 1376.487 1376.562 1376.688
1364.434 1364.473 1364.778 1365.312 1366.099 1366.47 1366.829 1367.235 1367.862 1369.064 1369.471 1369.964 1370.688 1371.381 1372.233 1373.353 1373.943 1374.256 1374.662 1375.245 1375.372 1375.449 1375.492 1375.537 1375.752 1375.871 1376.091 1376.359 1376.663 1377.357 1377.502 1377.585 1377.604 1378.279 1377.867 1377.619 1377.344 1377.028 1376.724 1376.256 1376.097 1376.132 1376.27
1364.14 1364.074 1364.368 1365.404 1365.804 1366.152 1366.441 1366.861 1367.418 1368.393 1368.689 1369.386 1370.057 1370.406 1371.029 1372.067 1372.695 1372.944 1373.391 1374.268 1374.468 1374.654 1374.761 1374.833 1375.144 1375.365 1375.552 1375.75 1376.043 1376.497 1376.576 1377.585 1377.604 1377.561 1377.282 1377.021 1376.816 1376.584 1376.298 1375.975 1375.876 1375.77 1375.885
1363.771 1363.741 1363.932 1365.2 1365.594 1365.757 1365.986 1366.364 1367.265 1367.664 1368.047 1368.626 1369.175 1369.793 1370.174 1370.907 1371.414 1371.738 1372.133 1373.186 1373.52 1373.757 1374.016 1374.249 1374.466 1374.629 1374.886 1375.156 1375.397 1375.656 1376.576 1376.665 1376.629 1376.654 1376.682 1376.484 1376.304 1376.074 1375.827 1375.577 1375.48 1375.494 1375.63
1363.358 1363.535 1363.819 1365.036 1365.198 1365.187 1365.396 1365.797 1366.574 1366.99 1367.453 1367.872 1368.282 1368.923 1369.293 1369.876 1370.325 1370.694 1371.48 1372.192 1372.648 1372.976 1373.112 1373.55 1373.731 1373.933 1374.195 1374.488 1375.397 1375.656 1375.662 1375.667 1375.694 1375.723 1375.964 1375.882 1375.765 1375.616 1375.419 1375.162 1375.139 1375.193 1375.315
1362.838 1363.074 1363.684 1364.525 1364.694 1364.557 1364.709 1365.193 1365.975 1366.292 1366.682 1367.025 1367.355 1368.099 1368.424 1368.909 1369.397 1369.847 1370.807 1371.301 1371.657 1371.995 1372.214 1372.693 1373.078 1373.348 1374.195 1374.488 1374.675 1374.745 1374.809 1374.756 1374.756 1374.9 1375.081 1375.226 1375.183 1375.059 1374.95 1374.844 1374.833 1374.872 1375.043
1362.464 1362.615 1362.774 1363.835 1363.966 1363.856 1364.137 1364.677 1365.144 1365.492 1365.903 1366.254 1366.565 1367.266 1367.582 1368.074 1368.642 1369.186 1369.935 1370.328 1370.899 1371.271 1371.494 1371.995 1373.078 1373.348 1373.552 1373.657 1373.833 1373.911 1373.992 1373.945 1373.822 1374.065 1374.079 1374.194 1374.361 1374.418 1374.369 1374.437 1374.507 1374.629 1374.83
1361.957 1361.925 1361.83 1362.808 1362.778 1362.995 1363.591 1363.952 1364.354 1364.708 1365.132 1365.568 1365.943 1366.499 1366.908 1367.464 1368.017 1368.527 1369.402 1369.815 1370.247 1370.741 1371.097 1371.995 1372.227 1372.556 1372.728 1372.768 1372.921 1372.994 1373.07 1373.086 1373.006 1373.054 1373.123 1373.427 1373.459 1373.5 1373.76 1373.826 1373.959 1374.234 1374.574
1361.017 1361.021 1360.806 1361.46 1361.912 1362.472 1362.677 1362.626 1363.54 1364.114 1364.706 1364.959 1365.096 1365.897 1366.423 1367.047 1367.644 1368.167 1369.178 1369.606 1369.866 1370.741 1371.097 1371.444 1371.553 1371.601 1371.773 1371.944 1372.072 1372.145 1372.228 1372.256 1372.193 1372.129 1372.269 1372.293 1372.442 1372.601 1372.949 1373.185 1373.42 1373.702 1374.129
1359.655 1359.647 1359.506 1359.94 1360.76 1361.227 1361.252 1361.633 1362.963 1363.307 1363.75 1364.057 1364.493 1365.459 1366.152 1366.871 1367.495 1368.047 1368.966 1369.606 1369.866 1370.37 1370.863 1371.008 1370.956 1370.989 1371.03 1371.123 1371.34 1371.417 1371.432 1371.426 1371.369 1371.291 1371.443 1371.449 1371.594 1371.815 1372.128 1372.439 1372.69 1373.019 1373.537
1358.19 1358.03 1358.121 1358.705 1359.29 1359.794 1360.408 1361.062 1362.078 1362.442 1362.862 1363.345 1363.926 1365.17 1366.107 1366.811 1367.388 1368.047 1368.966 1369.33 1369.657 1369.921 1370.238 1370.599 1370.427 1370.459 1370.52 1370.469 1370.61 1370.617 1370.603 1370.593 1370.58 1370.55 1370.539 1370.664 1370.763 1370.905 1371.29 1371.521 1371.897 1372.304 1372.795
1357.238 1356.966 1356.906 1357.554 1358.088 1358.714 1359.387 1359.972 1361.167 1361.836 1362.367 1362.872 1363.439 1364.931 1365.873 1366.811 1367.388 1367.922 1368.758 1369.036 1369.306 1369.497 1369.75 1370.119 1370.167 1370.057 1369.94 1369.859 1369.802 1369.876 1369.818 1369.76 1369.755 1369.734 1369.796 1369.865 1369.981 1370.18 1370.664 1370.906 1371.199 1371.614 1372.202
1356.478 1356.117 1355.994 1356.533 1357.184 1357.756 1358.345 1359.056 1360.621 1361.308 1361.874 1362.458 1363.131 1364.717 1365.873 1366.659 1367.258 1367.735 1368.479 1368.736 1368.937 1369.058 1369.132 1369.574 1369.613 1369.602 1369.436 1369.227 1369.069 1368.98 1368.948 1368.941 1368.928 1368.904 1368.965 1369.099 1369.318 1369.528 1369.942 1370.259 1370.586 1370.942 1371.456
1355.933 1355.417 1355.228 1355.702 1356.408 1357.11 1357.799 1358.509 1360.09 1360.841 1361.498 1362.135 1363.131 1364.717 1365.645 1366.482 1367.052 1367.416 1368.088 1368.355 1368.475 1368.587 1368.705 1369.076 1369.101 1369.023 1368.934 1368.772 1368.35 1368.25 1368.155 1368.108 1368.096 1368.17 1368.244 1368.373 1368.582 1368.832 1369.319 1369.551 1369.915 1370.314 1370.782
1355.523 1354.946 1354.731 1355.11 1355.835 1356.573 1357.3 1358.795 1359.56 1360.318 1361.498 1362.135 1363.598 1364.433 1365.236 1365.951 1366.57 1367.034 1367.581 1367.763 1367.912 1368.076 1368.216 1368.289 1368.357 1368.314 1368.215 1368.094 1367.733 1367.633 1367.477 1367.331 1367.265 1367.347 1367.498 1367.657 1367.856 1368.138 1368.688 1368.924 1369.223 1369.534 1369.955
