var/www/cgi-bin/BAERTOOLS/ravel/working/ravel-22671.depgrd.txt
NCOLS 83
NROWS 85
XLLCORNER 361207.98
YLLCORNER 3876671.5
CELLSIZE 10
NODATA_VALUE -9999
[rows 0 to 25 of 85, columns 0 to 59 of 83]
0.056255224 0.21685923 0.2689514 1.0658141e-14 0.17390614 0.30403668 0.35799972 0.39614479 0.27285898 0.20299144 0.075357032 0.096836336 0.14390893 0 3.5527137e-15 -3.5527137e-15 3.5527137e-15 0 0 61.018469 96.395216 0.060635615 0.17824074 0.13515435 0.11231564 0.13405174 0.082281685 0.31964338 0.12803382 0.36539628 0.27195121 0.53651608 0.70413471 0.76491226 1.0690205 0.24844863 0.3899946 0.14203647 0.27000752 0.1336961 0.04380333 0.61807642 0.22748402 0.81884228 0.75352737 0 0 0.43128272 827.69284 0.27489625 0.25842186 0.049612313 0.20879736 -3.5527137e-15 0.033644103 0.032390337 3.5527137e-15 0.023788347 0.0048381583 0
0.13638258 0.17327782 0.17762574 0.11375605 0.080301542 0.11014562 0.20613764 0.4861953 0.18279522 0.12813351 0.23971092 0.071196848 0.12022088 0.054991736 -1.0658141e-14 0.041594148 -1.0658141e-14 0.14617363 0 0.037259685 7.1054274e-15 0.06056942 0.058811125 0.13830495 0.27929569 0.19741836 0.14704407 0.1701825 0.97941894 0.18331116 0.24801109 0.96786586 0.80442758 0.64947136 2.10934 0.42469963 0.34623513 0.24110713 0.23308639 0.079177361 0.061107114 0.0681715 0.17640053 3.5527137e-15 0 0.77094425 0.33461783 0.38612467 0.63394006 0.33639794 0.56842362 0.62856357 0.16403102 0.11721108 0.051647715 -7.1054274e-15 0.014144755 0.058838351 -3.5527137e-15 -3.5527137e-15
0.062123139 0.15142228 0.092877996 0.069829239 0.032327925 0.028787614 0.039394856 0.038877916 0.57954059 0.25301079 0.088770938 0.2284046 0.11258684 0.037977196 1.0658141e-14 0.088325876 0.030000518 0 0.048277381 0.039769263 7.1054274e-15 0.074856608 0.059824114 0.096067581 0.26543633 0.17169681 0.13873678 0.23085914 0.2385701 0.1952026 0.20971761 0.47976918 0.48052318 0.66664543 1.3602681 0.229668 0.13784704 0.26794604 0.18520354 0.1223621 0.070748523 0.082668416 0 0.54208844 0.45992149 0.12351325 0.11372616 0.69342478 0.47474279 0.22563667 0.1855567 0.66228098 0.69654619 -1.7763568e-14 0.061544974 0.04427358 0.056534602 0 1.0658141e-14 0.032101885
0.085606794 0.068029662 0.081712493 0.091111014 0.062402464 0.062680822 0.090701597 0.071369735 0.097254266 0.23960216 0.30780325 0.12448254 0.22632725 0.041954184 -7.1054274e-15 3.5527137e-15 0.065379027 0.0077761428 0.024133815 0.028821792 -3.5527137e-15 0.0082683547 0.065707238 0.21393777 0.15480646 0.225079 0.21250546 0.29027045 0.32429921 0.19081085 0.26476077 0.40816405 0.40241602 0.12539334 0.77513048 0.076545443 0.23352372 0.37473545 0.1518822 0.080961468 0.046667937 3.5527137e-15 0.20999131 0.048864877 0.095656822 0.037352708 0.060541123 0.99546622 0.25311015 0.42045446 0.28497858 0.14533964 0.29506596 0.26176482 0.18919948 -7.1054274e-15 0.064540631 3.5527137e-15 7.1054274e-15 0.032136178
0.048444637 -7.1054274e-15 0.06762779 0.01670719 -1.4210855e-14 0.050561283 -1.0658141e-14 0 0.083049553 -3.5527137e-15 0.041882952 0.25456321 0.20517442 0.22813196 0.10214952 -3.5527137e-15 0.020691908 0.0041737782 0.061029353 3.5527137e-15 7.1054274e-15 0 0.046676746 0.15973205 0.120878 0.15054179 0.098992958 0.1420934 0.1063605 0.12111607 0.69560113 0.20804094 0.20428604 0.069822086 0.92086526 0.084124933 0.21026423 0.15858848 0.47953855 0.080138927 -3.5527137e-15 0.058493391 0.02960443 0.00075089719 0 0 0.07791103 0.88138033 0.52088513 0.28824163 0.25413741 0.23756908 0.17093427 0.35361293 0.12201077 0.03591144 0 0.10364964 0 -3.5527137e-15
-1.0658141e-14 0.0205932 2.1316282e-14 0.025641408 0.014412274 0.024439965 7.1054274e-15 7.1054274e-15 0 -1.7763568e-14 1.4210855e-14 0.059856371 0.032384174 0.10134292 0.093467355 0.075598465 0.017008106 0.040348821 0.04423049 -3.5527137e-15 -3.5527137e-15 0.029400544 0.032444192 0.077617576 0.16446208 0.049297528 0.049454463 0.073335641 0.097263791 0.16926364 0.28219303 0.13900134 0.21976317 1.2426143 0.63539275 0.11071959 0.25053524 0.18887041 0.22738813 0.0095458407 0 0.049914224 0.00087868889 0.069790115 0.030207264 0.070488114 0.05776415 0.39789822 0.31089153 0.10475516 0.26124104 0.297622 0.059535544 0.093488749 0.27464098 0.27580578 0.23272316 0.034420827 -3.5527137e-15 3.5527137e-15
0 -3.5527137e-15 -1.0658141e-14 -3.5527137e-15 1.0658141e-14 -7.1054274e-15 -7.1054274e-15 -3.5527137e-15 0.043580115 0.068282085 0.14143276 0.059450159 7.1054274e-15 -7.1054274e-15 0.19644205 0.046972757 0.065364578 0.016069886 0 -4.4408921e-16 -3.5527137e-15 0.03161994 0.025489334 0.19214482 0.12372623 0.052498711 0.10814039 0.057690401 0.16566687 0.090185176 0.1605523 0.19814921 0.24415707 0.87174781 0.54350991 3.5527137e-15 0.30452834 0.13644262 0.11465194 0 0.14877705 1.7763568e-14 0.061523826 0.046201149 0.054917716 0.023806353 0.17360234 0.1969131 0.33999205 0.051583551 1.0658141e-14 0.25881652 0.1204634 0.054062126 0.041755051 0.076879866 0.13211036 0.079547509 0 3.5527137e-15
0 0 0 3.5527137e-15 0 7.1054274e-15 -7.1054274e-15 3.5527137e-15 -1.0658141e-14 3.5527137e-15 0.084855398 -1.4210855e-14 7.1054274e-15 0.054082022 0.20938936 0.053010901 0.018226402 0.00033774926 0.029972821 -3.5527137e-15 0.044611418 0.031671417 0.05358008 0.076399989 7.1054274e-15 0.023258361 0.023777523 0.0096886867 0.026861094 -7.1054274e-15 0.26090931 0.16521 0.19720348 0.53284259 0.82728684 0.037261579 0.14439293 0.093575813 0.13031716 0.13446712 0.049237637 0.011375782 0.058881158 0.035354278 0.15914816 0 0.11740375 0.20487727 0.4694759 0.065161483 -3.5527137e-15 0.071910545 0.09067159 0.057463139 0.050155118 0.061072308 0.097360166 0.12050355 0.036343892 0
25.64431 0 0 0.031072318 3.5527137e-15 -3.5527137e-15 -3.5527137e-15 -3.5527137e-15 0 -3.5527137e-15 0.0080980993 0.092538743 3.5527137e-15 0 0.067688937 0.028961688 0.032269945 0.019314596 0.017399545 0.080521597 0.00672072 0.064819085 0.057909913 0.034136777 0.028346048 0.096557485 0.011691211 0.014206042 0.039553724 7.1054274e-15 0.38987551 0.19614208 0.31061567 0.36860693 0.31405863 0.12484597 0.073504363 0.067941463 0.081173354 0.064111455 0.014613318 0.073502212 0.062025572 0.028782416 0.16401113 0.04099971 0.048951522 0.23982853 0.18942954 0.087387391 0 -1.4210855e-14 0.221665 0.062365217 0.016032858 0.05233145 0.041744871 0.067221038 0.034971373 0
0.037999646 -3.5527137e-15 -3.5527137e-15 0 0 0 0 0 -3.5527137e-15 0 0 0 0.0052480728 0.010497597 0.035745937 0.019856048 0 0 0.026951295 0 0.005319581 0.01731396 0.044539868 3.5527137e-15 -7.1054274e-15 0.063569642 0.035485372 0.10176793 0.05204982 0.018607582 0.33142934 0.34389838 0.21176631 0.19212136 0.098864257 0.043820444 0.052791132 0.14650713 0.06864838 0.041982153 0.022870747 0.015341256 0.034911048 0.029543999 0.063989463 0.040727317 0.097357987 0.32704984 0.17782539 0.15201858 -1.4210855e-14 3.5527137e-15 0.10713352 0.04678832 0.038360692 0.035804077 0.035305563 0.013131936 0.052839364 0.017859885
0.0089304078 0.040922235 0 0.011681661 3.5527137e-15 0 0 0 0 0 0 0.011620607 0.021245484 0.037262063 0.015039831 0.030726192 0.0322856 3.5527137e-15 3.5527137e-15 0.12433656 0 3.5527137e-15 0 -7.1054274e-15 1.4210855e-14 0.10080123 0.071234062 7.1054274e-15 -7.1054274e-15 0.22259734 0.18678414 0.26396046 0.16260767 0.055166681 0.062280684 -7.1054274e-15 0.04446203 0 -1.0658141e-14 0.056019226 0.023417217 0.024436316 0.037370386 0.036254462 0.026261665 0.04607796 0.063997197 0.051022883 0.15947957 0.07251207 3.5527137e-15 0 0 0.026556689 0.0022624 0.012962268 0.012552766 0.017641677 0.037285504 0
0 0.0095787151 0.044265017 0 0 0.013575707 0 0.018471601 -3.5527137e-15 0 0.047353876 0.0076868726 0.0059845033 0 0 0.027434591 3.5527137e-15 0 0 0 0.0111014 0 0 0 0.078906567 7.1054274e-15 0 0.03310673 0.065881087 0.1009151 0.43795312 0.058559358 0 0.037471196 0.038839197 -3.5527137e-15 0.028651548 0.11301024 -3.1974423e-14 0.029645175 0.045654591 0.081801098 0.036473404 0.082159781 0.02783703 0 0.095687845 0.04035369 0.055261538 0.067152303 -7.1054274e-15 3.5527137e-15 -7.1054274e-15 0.013634225 0.024985543 0 -7.1054274e-15 0.01108966 0.023312692 0
0.058661207 0 0.053568326 3.5527137e-15 0.0027290093 0 0.17182825 0.011926201 0.048456862 0.032123656 0 0.077888688 0.016539314 0.066992716 0 3.5527137e-15 -3.5527137e-15 -3.5527137e-15 0 0 0 0.029026653 0 0 0 0 -3.5527137e-15 0.036542398 0.10828725 0.18803511 0.018095728 0.14282572 0.035788712 1.0658141e-14 7.1054274e-15 0 0.066275395 -3.5527137e-15 1.0658141e-14 0.027616177 2.4868996e-14 0.013131818 7.1054274e-15 0.038309492 0.035287587 0.053895706 0.028397991 0.020433514 0.099823071 7.1054274e-15 -7.1054274e-15 1.4210855e-14 -3.5527137e-15 0.037790839 -3.5527137e-15 0.032127405 0.03653554 3.5527137e-15 0 0
0.0091873667 0.044288772 0 -7.1054274e-15 0.036845792 0.19044686 0.051642433 -3.5527137e-15 0.11510685 0.02553935 0.086301667 0.011585907 0.032249097 0.00026763826 0.015824561 0.043942523 0.032282168 0.028564841 -3.5527137e-15 0 0 0 0 0 -7.1054274e-15 3.5527137e-15 -7.1054274e-15 0.048579779 0.1180132 0.027644477 0.013909213 0.070010137 -3.5527137e-15 0 -1.0658141e-14 7.1054274e-15 1.4210855e-14 1.0658141e-14 0.051657894 -1.0658141e-14 -3.5527137e-15 0.015848983 -7.1054274e-15 0.051808169 0.01719358 0 0 0 0 -3.5527137e-15 0.090482113 0 -7.1054274e-15 0.021429469 0.0088378248 0 0 0 0 0
0.04281015 -3.5527137e-15 -7.1054274e-15 0.039678351 0.22409917 0.018504738 7.1054274e-15 0.014959021 0.086205571 0.044508929 -3.5527137e-15 0.092650517 0.018055967 0.018196741 0.089332621 3.5527137e-15 0.021639461 0.012614483 3.5527137e-15 0 -3.5527137e-15 0 0 0 3.5527137e-15 0.022195791 0.042704381 0.026568457 -7.1054274e-15 0.018534304 0.016395935 3.5527137e-15 0 7.1054274e-15 -3.5527137e-15 -7.1054274e-15 0 0 0 7.1054274e-15 -1.0658141e-14 0 -1.0658141e-14 0.017750929 0.0081101908 0.016773025 0.01805709 0.0041621164 0.014017954 -3.5527137e-15 0 -7.1054274e-15 -3.5527137e-15 0.0076922035 3.5527137e-15 0.020329112 0 0 0 0
0.033237062 0 0.04898888 0.18358358 0.026155471 0.019568312 0.041959813 0.15391644 0.11419146 0.094596414 3.5527137e-15 0.06008931 0.043702854 0.12921799 0.013237556 0.025472993 0.0024792361 0.038219294 0.048353781 0.0028162493 0 0 0 0 0 0 0 0 0 -3.5527137e-15 0 -3.5527137e-15 0 -3.5527137e-15 -7.1054274e-15 -3.5527137e-15 0 0 3.5527137e-15 0 0 3.5527137e-15 0 3.5527137e-15 0 3.5527137e-15 -3.5527137e-15 0 1.0658141e-14 0 -3.5527137e-15 3.5527137e-15 0 0 0 0 0 0 0 0
1.0658141e-14 0.16549542 0.32104503 -7.1054274e-15 0.067429027 -1.4210855e-14 0.25335627 0.33158259 0.037163598 0.055511039 0 0.02855714 0.12105299 0.22474797 0.030517477 0.017386017 0 0.054578873 0.087062483 0.033582841 7.1054274e-15 0 0 0 0 0 0.0031141494 0 3.5527137e-15 0 0 0 0 0 0 0 0 0 0 0 0 0 3.5527137e-15 0 0 0 0 0 0 0 0 0 0 0 0 0 0 0 -3.5527137e-15 0
-3.5527137e-15 0.039725152 0.094458416 0.055942487 0.14098051 0.48087741 0.21855537 0.15558104 0.062631438 0.053678122 3.5527137e-15 0.037271739 0.068387974 0.19038867 0.24753443 0.074042781 0.045400085 0.057995258 -3.5527137e-15 0 0.036521362 0 3.5527137e-15 0 0 0 0 0 8.8817842e-16 17.367983 0 0 0 0 0 0 0 0 0 0 0 0 0 0 0 0 0 0 0 0 0 0 0 0 -3.5527137e-15 0 -3.5527137e-15 0 7.1054274e-15 0
1.0658141e-14 0.047882031 0.044910936 0.3996151 0.22084848 0.30154665 0.08019747 0.12204126 0.037002866 0.097039519 0.25270701 0.1439247 0.094482932 0.37179499 0.11370399 0.06175628 0 0.039086854 0 0.047794308 0.021492388 0 0.0062589468 0.031136498 -3.5527137e-15 0 0 0 0 0 0 0 0.21269037 0.050515756 0.02751416 0 3.5527137e-15 3.5527137e-15 0 0 0 0 0 0 0 0 0 0 0 0 0 0 0 7.1054274e-15 0.023124723 -3.5527137e-15 0.027346139 0 0 0
0.21791349 0.22760597 0.45920522 0.10629621 0.11361893 0.043487294 0.18168094 0.08032801 0.21307924 0.18129793 0.096929604 0.15681954 0.4543393 0.37468786 0.050157931 0.14948291 0.054038964 0.030591156 0.031837556 0.046463783 0.0030340786 0.016623354 0.034854039 0 0 0 0 0 0 0 0 0 0 0.0025679396 0.073369691 0.057061774 0.038231209 0 0 0 0 0 0 0 0 0 0 0 -7.1054274e-15 3.5527137e-15 0 0 0 0 0.052481571 0 0.048023416 0 0 -3.5527137e-15
0.92076832 0.69821506 0.19257898 0.039753247 0.16316803 0.16373211 0.048265985 0.09988144 0.26459261 0.017262983 0.092553797 0.56213388 0.37747711 0.051896704 0.044580537 0.038055784 0 -7.1054274e-15 0.020559293 0.12978399 0.010522111 0.029300331 0.03679978 0.017863256 0 0 0 0 0 0 0 0 0 0 0 0 0 0 0 0 0 0 0.011396252 0.02222437 0 0 3.5527137e-15 0 -7.1054274e-15 -3.5527137e-15 7.1054274e-15 -7.1054274e-15 3.5527137e-15 0 0.025134177 0.10167174 7.1054274e-15 0 3.5527137e-15 0.055290847
0.28797411 0.20914797 0.091102342 0.18558861 0.19242084 0 -3.5527137e-15 0.098244939 0.14034502 0.10485852 0.84356446 0.32167024 0.14315637 0.15192146 0.07001317 0.07420644 3.5527137e-15 0.036960921 0.081057983 0.20344919 0.011786449 0.053123675 0.039933565 0.035288714 0 0 0 0.019281377 0 0 0 0.050312875 -7.1054274e-15 -3.5527137e-15 0 0 0.038166146 0.010560634 -7.1054274e-15 0 3.5527137e-15 0 0 3.5527137e-15 0.025721506 0 0.026594244 0.011100201 3.5527137e-15 -7.1054274e-15 3.5527137e-15 -3.5527137e-15 0.034444478 0.029070404 0.085907821 0.089940948 0 -7.1054274e-15 0.052447272 0.03257543
0.44553517 0.19565139 0.17097954 0.039276308 0.02170485 0.058187569 0.15718008 0.14045951 0.70251996 0.49604108 0.25954698 0.12726937 0.078931625 -3.5527137e-15 0.036017854 0 0.045421484 0.047269326 0.10160796 0.070746806 0.14698836 0.037385032 0.090156415 0.059322717 0.069269644 0.043521005 3.5527137e-15 0 0 -3.5527137e-15 0.066188184 0.026034054 0.077691352 0 0.03955449 0.038950526 0.019313134 0.013856175 0.077176943 0 3.5527137e-15 0 3.5527137e-15 0.011190667 0.032789825 0.028801154 0.0158853 0.0098888727 0.037281292 0.023745447 0 3.5527137e-15 0.05719943 0.21813201 0.074613848 0.048308178 -7.1054274e-15 0.022490077 0.2575655 0.099282416
0.41703767 0 0.09759889 0.063155943 -7.1054274e-15 0.12185006 0.10410847 1.0477309 0.49653906 0.38406936 0.19412033 0.123241 0.12470346 0.010729898 0.074046114 0.0018051475 0.13049258 0.14818014 0.35905493 0.080729789 0.076154144 0.1067538 0.077452198 0.1184064 0.093369605 0.0015695974 0 0 0 3.5527137e-15 0 0.096534598 0.075514198 -3.5527137e-15 0.055458021 0.04537433 0.032593902 0.038790028 7.1054274e-15 7.1054274e-15 0 0 0.0067128381 0.11238959 0.066862793 0 0.014462066 0.046827582 0.0094677219 -3.5527137e-15 3.5527137e-15 0 -3.5527137e-15 0.19212947 0.25900105 0.10288312 0.058436363 0.30753137 0.17628309 0.23239107
0.26716918 0.22228909 0.017051729 0.22147068 -3.5527137e-15 0.35037582 0.25904219 0.2360231 0.32639226 0.41144804 0.19361471 0.13820915 0.16144307 0.081946119 0.15920983 3.5527137e-15 0.080115671 0.095073092 0.46621906 0.019602153 0.09923839 0.090819756 0.043064224 0.051908021 0 0.033617419 0 0 0 -7.1054274e-15 0 0.18396403 0.12990416 0 -3.5527137e-15 0 0.041855187 0.063616163 0.030521659 0.019204508 3.5527137e-15 7.1054274e-15 0.13055582 0.10267739 0.11247415 0.038596837 0.015438457 3.5527137e-15 0.039645049 0.018144965 0.019222677 0 0.050345526 0.2836586 0.37933139 0.16698456 0.20326284 0.47835728 0.23761588 0
0.24291633 0.22608683 0.064876105 0.16150357 5.0757569e-05 0.18362786 0.11338379 0.077876742 0.56167245 0.24431353 0.16174597 0.14004937 0.16280526 0.22854073 0.066132663 0.19620202 0.10920586 0.15379034 0.44980219 0.12527759 0.14223968 0.027698787 0.031521333 0.0064734072 0.065883399 0.018601129 0 0 -3.5527137e-15 3.5527137e-15 -7.1054274e-15 0.40458844 0.1705373 -7.1054274e-15 3.5527137e-15 0 0.10457593 3.5527137e-15 0.056600871 0 -7.1054274e-15 0.24286088 0.055154183 0.042199801 0.053350641 0.033633445 0 3.5527137e-15 0.05228319 0.039740948 0 0.030169432 0.04500254 0.12877567 0.41376431 0.31205642 0.1988425 0.22021 0.10715527 0.045663607
