var/www/cgi-bin/BAERTOOLS/ravel/working/ravel-27913.prodgrd.txt
NCOLS 42
NROWS 41
XLLCORNER 277086.32
YLLCORNER 3844468.9
CELLSIZE 10
NODATA_VALUE -9999
0 0 0 -35.536299 0 0 0 0 0 -29.364006 0 0 0 0 -33.266302 -27.277705 0 0 -26.82904 -27.488277 -27.356876 -27.302029 -27.649077 -28.206451 -27.072794 -27.105066 0 -31.626318 -33.37143 -39.30594 0 0 0 0 0 -30.277629 -28.306608 -26.452185 -26.953433 -26.825519 -27.051167 -26.431201 
0 0 0 0 -35.536299 0 0 0 0 -27.007467 -29.364006 0 0 0 0 -33.266302 -27.277705 -27.537911 -26.986825 -26.82904 -26.507897 -26.676389 -26.644796 -27.002342 -27.369762 -26.556116 -27.105066 -26.79997 -26.70637 -26.892542 -26.814705 -26.802339 -26.514896 0 -29.374482 -26.87986 -26.707985 -26.245028 -26.285091 -26.359231 -26.392046 -27.051167 
0 0 0 0 0 0 0 0 0 0 -27.007467 -29.677988 0 0 0 0 -26.990885 -26.889977 -26.945084 -26.986825 -26.860986 -26.644796 -26.58383 -26.649628 -27.631696 -26.604679 -26.556116 -26.70637 -26.767668 -26.814705 -26.802339 -26.514896 -26.388532 -27.040352 -28.426288 0 0 -26.285091 -26.46417 -26.392046 -26.351996 -26.652767 
-28.781231 0 0 0 0 0 0 0 0 0 0 -28.651914 -26.679145 -28.610392 -39.27328 -27.31332 -28.561039 -26.889247 -26.380283 -26.532349 -26.717121 -26.58383 -26.649628 -26.608243 -26.735869 -26.597841 -26.604679 -26.767668 -26.990432 -27.287573 -26.932078 -26.388532 -26.426534 -26.769303 -26.846526 -26.949224 -27.171361 -27.035877 -28.118044 -28.57015 -26.626167 -26.910541 
0 -28.781231 0 0 0 0 0 0 0 0 -39.324879 -26.878434 -28.651914 -26.679145 -27.244685 -30.698605 -27.31332 -26.750132 -26.889247 -26.380283 -26.626529 -26.826826 -26.608243 -26.709144 -26.514163 -26.735869 -26.597841 -26.650213 -26.573176 -27.043357 -27.136354 -26.426534 -26.475682 -26.846526 -26.949224 -27.171361 -27.514272 -27.725212 -27.035877 0 0 0 
-27.296818 -27.421882 -26.773973 -26.555546 -26.414462 -26.55769 -27.000491 -26.611331 -26.517972 -27.72247 -27.459218 -39.324879 -26.878434 -26.611676 -27.133383 -26.930478 -27.117603 -27.390858 -26.750132 -27.115876 -29.787246 -27.66172 -26.71831 -26.547131 -26.531565 -26.514163 -26.650213 -26.573176 -26.763073 -26.741661 -27.07599 -26.475682 -26.859961 -26.98369 -27.202557 -27.635389 -28.079434 -28.028824 -29.153533 -34.263688 0 0 
-26.614625 -26.773973 -26.598006 -26.41202 -26.422955 -26.414462 -26.55769 -26.517972 -26.451033 -26.541121 -30.65821 -27.459218 -26.378821 -26.271927 -26.611676 -26.873126 -26.930478 -27.117603 -26.803827 -26.406609 -27.115876 -39.327739 -39.327739 -39.259485 -39.282468 -29.077412 -27.023162 -26.763073 -26.741661 -27.07599 -27.190012 -26.651973 -26.98369 -27.234758 -27.512159 -28.002579 -28.028824 -27.608684 -27.813257 -28.347451 -28.908113 0 
-26.457025 -26.614625 -26.541256 -26.523098 -26.41202 -26.422955 -26.610642 -26.451033 -26.479364 -26.374048 -27.490323 -26.532741 -26.349724 -26.260708 -26.271927 -27.25988 -26.976598 -27.1269 -27.566818 -26.700888 -26.406609 0 0 0 -38.436497 -27.023162 -27.016444 -27.615881 -27.289872 -27.190012 -26.651973 -26.70545 -27.347618 -27.512159 -28.002579 -27.565686 -27.295268 -26.832223 -27.303055 -27.867955 -28.386218 0 
-26.491095 -26.457025 -26.576684 -26.541256 -26.523098 -26.554126 -26.538165 -26.479364 -26.374048 -26.374048 -27.091707 -26.577606 -26.41249 -26.210599 -26.260708 -26.84785 -26.762805 -26.704762 -27.041351 -26.568814 -26.700888 0 0 0 0 -27.016444 -29.868362 -29.302495 -28.534089 -27.960907 -26.70545 -26.767125 -27.238285 -27.21537 -27.511105 -27.547796 -26.832223 -26.70614 -27.179007 -27.894074 -28.015616 0 
-26.528455 -26.491095 -26.457218 -26.576684 -26.567325 -26.747803 -26.665793 -26.493443 -26.374048 -26.43103 -26.671985 -26.9265 -26.577606 -26.249054 -26.210599 -26.694598 -26.704762 -26.578686 -26.528455 -26.605355 -26.568814 -28.704868 0 0 0 -27.274699 -28.594766 -27.422816 -26.953819 -26.763342 -26.732883 -26.507897 -27.108457 -27.4842 -27.006531 -27.219473 -26.70614 -26.687111 -26.577606 -26.707292 -27.001416 -31.806314 
-26.310272 -26.331586 -26.303579 -26.457218 -26.756944 -27.03144 -26.727227 -26.493443 -26.336738 -26.378028 -26.407987 -26.592286 -26.9265 -26.301468 -26.249054 -26.687547 -26.578686 -26.528455 -26.605355 -26.924524 -26.890708 -29.910237 0 0 -27.274699 -27.026554 -27.422816 -26.953819 -26.763342 -26.710073 -26.507897 -26.336529 -26.479258 -26.552572 -26.879503 -27.006531 -26.641742 -26.577606 -26.55683 -26.531174 -26.581013 -28.410888 
-26.555688 -26.310272 -26.331586 -26.303579 -26.762 -26.888517 -26.727227 -26.336738 -26.378028 -26.407987 -26.410615 -26.493893 -26.655523 -26.531435 -26.375539 -27.668115 0 0 0 0 0 -38.508271 0 -28.126356 -27.026554 -26.924919 -27.478127 -27.015492 -26.710073 -26.537098 -26.336529 -26.479258 -26.552572 -26.675546 -26.701115 -26.641742 -26.664364 -26.55683 -26.531174 -26.552431 -26.611331 -27.110239 
0 -26.555688 -27.391751 0 0 -26.888517 -26.699079 -26.470008 -26.453013 -26.410615 -26.493893 -26.48064 -26.414145 -26.3344 -26.531435 -27.289105 -31.295585 0 0 0 0 -29.728607 -29.009051 -27.428442 -26.924919 -26.671569 -26.7869 -26.948808 -27.008874 -26.782073 -26.544109 -26.715464 -26.776469 -26.940981 -27.172628 -26.695267 -26.671777 -26.569113 -26.552431 -26.611331 -26.627255 -27.182261 
0 0 -28.67813 0 0 0 0 -29.073049 -27.208593 -26.636091 -26.48064 -26.414145 -26.3344 -26.418868 -26.394687 -26.457411 -26.913997 -31.295585 0 0 -27.432218 -26.586357 -26.965719 -27.89573 -26.671569 -26.7869 -26.937319 -27.009344 -27.014066 -26.544109 -26.39007 -26.383649 -26.439152 -26.617427 -26.866493 -27.043357 -26.903331 -26.752476 -26.695713 -26.688639 -26.59505 -26.947564 
0 -28.67813 -28.67813 -27.917534 -27.877664 -29.813904 0 0 0 0 0 -39.253158 -26.485485 -26.394687 -26.49378 -26.420575 -26.457411 -26.913997 -31.401161 0 -28.99657 -27.432218 -26.586357 -26.965719 -27.894074 -27.048911 -27.077594 -27.111869 -26.919425 -26.39007 -26.383649 -26.439152 -26.427207 -26.353258 -26.346205 -26.39007 -26.397875 -26.66092 -26.723827 -26.730906 -26.917868 -37.754627 
0 -28.67813 -27.917534 -27.267988 -27.003734 -26.891808 -26.70637 -26.611849 -26.815931 -26.922556 -27.21265 -28.173264 -37.0425 -32.582201 0 0 0 0 -33.96018 -28.975997 0 -28.99657 -29.539824 0 0 0 0 -34.078868 -39.324879 -28.006287 -26.639281 -26.427207 -26.353258 -26.346205 -26.39007 -26.344554 -26.277925 -26.37783 -27.015968 -27.058129 -26.433877 -27.139803 
-27.725212 -28.055765 -27.267988 -27.003734 -26.891808 -26.70637 -26.611849 -26.437027 -26.905974 -27.055038 -27.120492 -27.395336 -28.698134 -32.582201 0 0 0 -33.96018 -27.845684 -26.540716 -26.731646 -28.349996 -39.310567 -35.707145 -29.307535 -39.251432 -29.185983 -27.286809 -27.0339 0 -28.222288 -28.059672 -26.749095 -26.447309 -26.344554 -26.277925 -26.37783 -26.252066 -26.275278 -26.689955 -26.538968 -27.802296 
-26.573328 -26.70984 -26.67282 -26.841595 -27.040352 -26.820876 -26.437027 -26.583202 -26.823997 -26.921772 -27.193288 -27.378474 -28.118044 -28.865814 0 0 -39.279023 -27.845684 -26.540716 -26.566732 -26.422131 -26.520085 -26.943028 -27.662996 -27.016444 -29.185983 -27.286809 -27.0339 -26.898835 -26.799675 -26.882009 -27.471103 -26.978803 -27.026554 -27.306197 -26.617603 -26.252066 -26.275278 -26.342376 -26.31005 -26.561883 -26.561883 
-27.187404 -26.625084 -26.841595 -26.739889 -26.87102 -27.232651 -26.583202 -26.755361 -26.921772 -26.902578 -26.874535 -26.989528 -27.13994 -26.977478 -27.626797 -27.468114 -27.344274 -27.22568 -26.566732 -26.422131 -26.484075 -26.494005 -26.608585 -26.790631 -26.473293 -26.638527 -27.080819 -26.898835 -26.799675 -26.882009 -27.446557 -26.978803 -27.026554 -26.926104 -26.790631 -26.348151 -27.202557 -26.342376 -26.31005 -26.587629 -26.561883 -27.358381 
-26.588107 -26.440223 -26.549768 -26.458378 -26.402456 -26.472056 -26.609955 -26.482566 -26.902578 -26.707985 -26.591155 -26.586357 -26.811046 -26.488549 -26.433011 -26.467474 -26.484725 -26.480427 -26.508255 -26.484075 -26.494005 -26.595705 -26.570311 -26.473293 -26.389369 -26.408756 -26.348207 -26.42246 -26.93813 -27.210618 -27.499604 -27.096679 -26.926104 -26.790631 -26.348151 -26.300465 -26.667227 -27.675854 -26.64788 -26.587629 -26.548377 -27.59836 
-26.359567 -26.296884 -26.267993 -26.273092 -26.276719 -26.29579 -26.330827 -26.272303 -26.616023 -26.591155 -26.477674 -26.37955 -26.449629 -26.40328 -26.442289 -26.433011 -26.467474 -26.508255 -26.442379 -26.570761 -26.595705 -26.570311 -26.558553 -26.389369 -26.408756 -26.348207 -26.42246 -26.343788 -26.407987 -26.461993 -26.670945 -26.786329 -26.844876 -26.816854 -26.300465 -26.272098 -26.671569 -27.115302 -26.64788 -26.698178 -26.765769 -29.302495 
-27.049927 -26.267993 -26.273092 -26.276719 -26.29579 -26.297659 -26.272303 -26.320599 -26.409142 -26.477674 -26.37955 -26.425362 -26.326885 -26.420738 -26.40328 -26.442289 -26.540851 -26.442379 -26.37995 -26.673656 -26.638339 -26.587151 -26.496836 -26.298684 -26.352626 -26.396928 -26.343788 -26.407987 -26.461993 -26.501087 -26.699982 -26.608927 -26.590672 -26.653743 -26.272098 -26.476414 -26.635532 -27.115302 0 -26.765769 -27.331883 -33.365071 
-26.669081 -26.561883 -26.425947 -26.345763 -26.297659 -26.283784 -26.268392 -26.32842 -26.35763 -26.416533 -26.424779 -26.447864 -26.426366 -26.326885 -26.420738 -26.646142 -26.708912 -26.37995 -26.326147 -26.665997 -26.563051 -26.548238 -26.298684 -26.300882 -26.299097 -26.317174 -26.385012 -26.454152 -26.501087 -26.688421 -26.608927 -26.590672 -26.653743 -26.601491 -26.281938 -26.591801 -26.635532 -26.780383 -27.524927 -27.331883 -36.876257 -28.164582 
-26.332502 -26.669081 -26.538298 -26.43791 -26.466167 -26.268392 -26.32842 -26.35763 -26.416533 -26.424779 -26.447864 -26.427628 -26.561156 -26.426366 -26.566583 -26.837368 -26.710772 -26.326147 -26.528326 -26.908252 -26.675546 -26.563051 -26.300882 -26.299097 -26.317174 -26.288046 -26.345984 -26.442922 -26.483859 -26.476414 -26.727472 -26.614451 -26.573631 -26.281938 -26.414066 -26.591801 -26.591316 -26.625084 -26.650408 -26.691937 -26.505528 0 
-26.187725 -26.332502 -26.276931 -26.230905 -26.25192 -26.33895 -26.268491 -26.479046 -26.493106 -26.46808 -26.475369 -26.400227 -26.427628 -26.561156 -26.637213 -26.710772 -26.570161 -26.290985 -26.644988 -26.763073 -26.752215 -26.675546 -26.427628 -26.323518 -26.288046 -26.345984 -26.360006 -26.41249 -26.476414 -26.550187 -26.495927 -26.448977 -26.417014 -26.414066 -26.270806 -26.519586 -26.494118 -26.51331 -26.429578 -26.385149 -26.236938 0 
-26.252801 -26.187725 -26.230905 -26.197438 -26.1909 -26.222467 -26.194445 -26.407067 -26.431545 -26.470212 -26.550466 -26.354762 -26.400227 -26.348319 -26.413198 -26.470212 -26.290985 -26.208754 -26.404409 -26.531826 -26.625445 -26.752215 -26.520085 -26.490096 -26.401413 -26.360006 -26.41249 -26.479789 -26.44842 -26.495927 -26.448977 -26.417014 -26.417014 -26.270806 -26.187238 -26.316341 -26.311074 -26.3324 -26.385149 -26.236938 -26.295387 -26.585572 
-26.398827 -26.252801 -26.197438 -26.1909 -26.222467 -26.194445 -26.159454 -26.267629 -26.30921 -26.408525 -26.306933 -26.286485 -26.272612 -26.29815 -26.348319 -26.336947 -26.208754 -26.21015 -26.454057 -26.534845 -26.531826 -26.625445 -26.490096 -26.454342 -26.349048 -26.38035 -26.450939 -26.441298 -26.416293 -26.844546 -26.530914 -26.417014 -26.347704 -26.187238 -26.177778 -26.311074 -26.3324 -26.444101 -26.62999 -26.562466 -26.307805 -26.639248 
-26.479046 -26.398827 -26.340976 -26.223985 -26.211359 -26.159454 -26.251979 -26.237822 -26.257181 -26.350063 -26.28308 -26.306933 -26.286485 -26.272612 -26.29815 -26.316387 -26.21015 -26.312554 -26.534845 -26.546304 -26.536035 -26.58604 -26.345763 -26.349048 -26.38035 -26.354008 -26.441298 -26.416293 -26.43353 -27.176447 -26.530914 -26.394687 -26.347649 -26.177778 -26.288814 -26.466066 -26.710306 -27.384638 -26.219894 -26.451503 -26.885251 -27.509001 
-26.529746 -26.479046 -26.743697 -26.260426 -26.221038 -26.15239 -26.237822 -26.257181 -26.254643 -26.301888 -26.262508 -26.265922 -26.251686 -26.34012 -26.422543 -26.336947 -26.312554 -26.338844 -26.465466 -26.500855 -26.566732 -26.345763 -26.399784 -26.393255 -26.354008 -26.502015 -26.836398 -26.43353 -26.55683 -27.176447 -27.662996 -27.051966 -26.2241 -26.209622 -26.367889 -26.632749 -26.464269 -26.372825 -26.205196 -26.219894 -26.640036 -26.885251 
-26.566139 -26.529746 -26.678932 -26.375409 -26.15239 -26.162942 -26.259957 -26.254643 -26.27925 -26.292754 -26.194987 -26.193111 -26.265922 -26.251686 -26.336947 -26.336895 -26.338844 -26.43327 -26.485485 -26.465466 -26.500855 -26.48032 -26.467777 -26.459447 -26.422378 -26.461895 -34.836451 -26.427966 -26.55683 -26.534845 -26.575001 -26.522845 -26.181151 -26.2241 -26.209622 -26.522215 -26.374436 -26.464269 -26.372825 -26.205196 -26.851849 0 
-26.467777 -26.432665 -26.569561 -26.602829 -26.162942 -26.166471 -26.278211 -26.27925 -26.292754 -26.302816 -26.239398 -26.194987 -26.193111 -26.284492 -26.365532 -26.300257 -26.298643 -26.435622 -26.43327 -26.502597 -26.61866 -26.224588 -26.340066 -26.332502 -26.459447 -26.422378 -26.461895 -26.196757 -26.336372 -26.36764 -26.429748 -26.373275 -26.177109 -26.181151 -26.420493 -26.64788 -26.485702 -26.374436 -26.56101 -26.591155 -26.310672 -27.024129 
-26.440491 -26.467777 -26.432665 -26.635718 -26.166471 -26.18478 -26.295226 -26.346703 -26.395119 -26.376386 -26.43103 -26.239398 -26.377107 -26.422296 -26.300257 -26.298643 -26.316202 -26.478412 -26.502597 -26.61866 -26.88489 -26.202891 -26.224588 -26.352053 -26.332502 -26.40328 -26.181819 -26.283006 -26.196757 -26.336372 -26.320931 -26.259428 -26.192973 -26.177109 -26.656515 -27.116451 -26.683643 -26.485702 -26.806219 -26.671777 -26.402531 -26.310672 
-26.526401 -26.440491 -26.473914 -27.138742 -26.18478 -26.212437 -26.345377 -26.348767 -26.468586 -26.745744 -26.620254 -26.477358 -27.959134 -26.481173 -26.313504 -26.316202 -26.353835 -26.638339 -26.957612 -26.88489 -27.085148 -26.2006 -26.2006 -26.507184 -26.772043 -26.45896 -26.156551 -26.181819 -26.283006 -26.275733 -26.236292 -26.255845 -26.259428 -26.192973 -26.784337 -27.563427 -28.519361 -26.462684 -26.506473 -26.599992 -26.899208 -26.909014 
-26.50283 -26.430859 -26.564077 -26.994979 -26.212437 -26.208713 -26.348767 -26.403655 -26.39613 -26.422872 -26.547131 -26.669288 -26.715937 -26.685373 -26.501667 -26.353835 -26.617955 -26.860644 -26.536699 -26.773697 -26.190933 -26.202398 -26.204538 -26.661727 -26.782637 -26.38902 -26.156382 -26.156551 -26.263497 -26.258562 -26.275733 -26.236292 -26.255845 -26.273161 -28.101614 -28.109797 -26.50155 -26.29307 -26.43606 -26.506473 -26.599992 -27.779024 
-26.371675 -26.333422 -26.430859 -26.526529 -26.208713 -26.313731 -26.403655 -26.39613 -26.422872 -26.49604 -26.536433 -26.598667 -26.675546 -26.88489 -29.103855 -26.424695 -26.686458 -26.554693 -26.464668 -26.536699 -26.224286 -26.190933 -26.206408 -26.479576 -26.34687 -26.201364 -26.127249 -26.156382 -26.317081 -26.263497 -26.258562 -26.381958 -26.442469 -26.669081 -26.352626 -26.260959 -26.275944 -26.326491 -26.29307 -26.43606 -26.970041 0 
-26.397146 -26.371675 -26.333422 -26.448235 -26.249169 -26.280334 -26.306023 -26.308067 -26.348039 -26.541121 -26.95298 -27.138144 -28.280753 -27.035382 -26.301972 -26.328122 -26.424695 -26.468586 -26.397365 -26.464668 -26.190146 -26.224286 -26.237848 -26.248 -26.233467 -26.163433 -26.140187 -26.127249 -26.281134 -26.317081 -30.531595 -26.67053 -26.301342 -26.292517 -26.282858 -26.336947 -26.260959 -26.275944 -26.326491 -28.684765 -27.102817 0 
-26.300465 -26.312915 -26.426031 -26.249169 -26.227846 -26.306023 -26.308067 -26.342322 -26.273575 -26.285993 -26.349273 -26.910541 -26.674705 -26.582731 -26.276683 -26.301972 -26.328122 -26.732883 -26.468586 -26.397365 -26.141164 -26.190146 -26.251774 -26.237848 -26.200377 -26.113205 -26.163433 -26.140187 -26.628893 -26.592448 -26.674075 -26.440939 -26.326984 -26.301342 -26.292517 -26.282858 -26.336947 -26.492994 -26.919816 -28.019372 -27.463158 -27.102817 
-26.312689 -26.300465 -26.312915 -26.227846 -26.205624 -26.253808 -26.342322 -26.273575 -26.285993 -26.349273 -26.29579 -26.463574 -26.731893 -26.674705 -26.258778 -26.276683 -26.687984 -26.504704 -26.306933 -26.387628 -26.152766 -26.141164 -26.237145 -26.251774 -26.290634 -26.180848 -26.113205 -26.264591 -26.215564 -26.257548 -26.312509 -26.366707 -26.507659 -26.600159 -26.494456 -26.484725 -26.554835 -26.608585 -26.327725 -26.990885 -28.019372 -28.805937 
-26.462881 -26.312689 -26.418625 -26.205624 -26.253808 -26.363265 -26.467676 -26.385834 -26.200563 -26.180743 -26.256937 -26.553701 -26.463574 -26.731893 -26.22343 -26.258778 -26.588427 -26.302816 -26.274685 -26.306933 -26.163916 -26.152766 -26.358458 -26.714285 -26.37995 -26.186803 -26.135093 -26.129817 -26.14575 -26.163866 -26.168753 -26.185969 -26.23961 -26.406761 -26.421556 -26.549211 -26.553136 -26.324827 -26.32977 -26.837044 -26.990885 0 
-26.518592 -26.462881 -26.910924 -26.29122 -26.363265 -26.467676 -26.483967 -26.477148 -26.160457 -26.200563 -26.180743 -26.391762 -26.553701 -26.568366 -26.281902 -26.22343 -26.434486 -26.30529 -26.290089 -26.1645 -26.158254 -26.163916 -26.456159 -26.901827 -26.310095 -26.210558 -26.173689 -26.135093 -26.129817 -26.146746 -26.185969 -26.23961 -26.227655 -26.31414 -26.377041 -26.421556 -26.298808 -26.178819 -26.324827 -27.416307 -26.973527 0 
-27.159042 -26.518592 -26.88779 -28.362692 -26.529746 -31.933481 -27.149005 -26.483967 -26.477148 -26.160457 -26.31045 -26.336476 -26.425112 -26.574392 -26.568366 -26.281902 -29.967502 -26.434486 -26.30529 -26.290089 -26.1645 -26.158254 -26.398754 -27.457256 0 -26.764689 -26.246169 -26.252389 -26.324973 -26.426786 -26.379285 -26.34189 -26.326134 -26.359409 -26.364855 -26.435359 -27.168522 -26.174163 -26.933282 0 -28.725275 -26.973527 
