var/www/cgi-bin/BAERTOOLS/ravel/working/ravel-12229.DEM
NCOLS 40
NROWS 105
XLLCORNER 616843.99
YLLCORNER 4620745.4
CELLSIZE 10
NODATA_VALUE -9999
[rows 44 to 87 of 105, columns 0 to 39 of 40]
1466.732 1465.088 1464.136 1463.166 1462.555 1461.37 1460.946 1460.69 1460.657 1460.624 1460.596 1460.563 1460.81 1460.984 1462.166 1462.314 1462.156 1461.916 1461.512 1461.242 1461.015 1460.918 1460.781 1460.785 1460.787 1460.786 1460.785 1460.785 1460.785 1460.785 1460.785 1460.785 1460.785 1460.785 1460.785 1460.784 1460.801 1460.926 1461.493 1461.839
1468.394 1467.65 1465.419 1464.497 1464.105 1462.747 1462.341 1462.162 1462.186 1462.062 1461.933 1461.757 1461.86 1462.04 1462.166 1462.844 1462.676 1462.509 1461.922 1461.561 1461.333 1461.161 1460.85 1460.803 1460.874 1460.85 1460.784 1460.784 1460.785 1460.785 1460.785 1460.785 1460.785 1460.785 1460.785 1460.797 1460.907 1461.133 1461.609 1461.88
1471.498 1470.258 1467.219 1466.027 1465.206 1463.776 1463.802 1463.865 1463.919 1463.811 1463.567 1463.133 1463.002 1462.99 1463.052 1462.844 1462.676 1462.986 1462.364 1462.061 1461.758 1461.513 1461.074 1460.99 1460.906 1461.005 1460.98 1460.899 1460.781 1460.786 1460.785 1460.785 1460.785 1460.785 1460.784 1460.933 1461.113 1461.343 1461.508 1461.974
1475.088 1473.063 1468.96 1467.198 1466.003 1464.617 1464.854 1464.991 1464.881 1464.671 1464.264 1463.906 1463.518 1463.579 1463.646 1463.47 1463.261 1462.986 1462.364 1462.478 1462.261 1462.028 1461.432 1461.222 1461.127 1461.024 1461.123 1461.206 1461.22 1461.067 1460.98 1460.895 1460.978 1460.983 1461.052 1461.238 1461.401 1461.558 1461.705 1462.154
1476.393 1474.526 1470.732 1468.795 1467.499 1466.042 1465.934 1465.866 1465.239 1464.629 1464.144 1463.949 1463.954 1464.131 1464.261 1463.955 1463.671 1463.298 1462.987 1462.478 1462.261 1462.438 1461.971 1461.727 1461.48 1461.194 1461.279 1461.499 1461.597 1461.474 1461.392 1461.31 1461.389 1461.393 1461.467 1461.616 1461.687 1461.768 1461.912 1462.253
1476.35 1474.937 1472.129 1470.431 1469.102 1467.396 1466.923 1466.463 1466.015 1464.444 1464.037 1463.982 1464.25 1464.544 1464.831 1464.15 1463.9 1463.703 1463.472 1462.8 1462.645 1462.438 1462.47 1462.245 1462.016 1461.647 1461.639 1461.606 1461.587 1461.722 1461.729 1461.802 1461.732 1461.798 1461.789 1461.814 1461.921 1462.073 1462.226 1462.535
1476.496 1475.606 1473.185 1471.486 1470.254 1468.397 1467.73 1467.054 1466.343 1464.636 1464.313 1464.303 1464.741 1465.177 1465.388 1464.687 1464.288 1464.107 1463.784 1463.148 1462.96 1462.892 1462.47 1462.245 1462.615 1462.19 1462.007 1461.831 1461.735 1462.142 1462.112 1462.095 1462.146 1462.18 1462.107 1462.182 1462.232 1462.383 1462.464 1462.612
1476.531 1475.979 1473.454 1472.089 1470.97 1469.237 1468.421 1467.716 1467.052 1465.688 1465.466 1465.424 1465.638 1465.83 1465.941 1465.304 1464.826 1464.4 1464.055 1463.352 1463.238 1463.16 1462.912 1462.761 1462.615 1462.19 1462.515 1462.309 1462.266 1462.22 1462.194 1462.111 1462.128 1462.242 1462.378 1462.387 1462.486 1462.495 1462.565 1462.682
1475.526 1475.068 1473.161 1472.215 1471.408 1469.993 1469.394 1468.791 1468.171 1467.435 1467.122 1466.955 1466.742 1466.609 1466.415 1465.745 1465.127 1464.486 1464.176 1463.606 1463.457 1463.378 1463.282 1463.161 1463.117 1462.995 1462.515 1462.309 1462.746 1462.541 1462.447 1462.357 1462.367 1462.412 1462.398 1462.386 1462.487 1462.485 1462.486 1462.587
1474.74 1474.236 1473.038 1472.458 1471.9 1470.835 1470.433 1470.051 1469.682 1469.14 1468.894 1468.647 1467.895 1467.549 1467.164 1466.7 1465.456 1464.93 1464.419 1463.959 1463.741 1463.661 1463.544 1463.516 1463.584 1463.534 1463.155 1462.977 1462.746 1463.206 1463.093 1462.914 1462.702 1462.641 1462.624 1462.536 1462.5 1462.494 1462.49 1462.483
1474.78 1474.184 1473.19 1472.833 1472.32 1471.935 1471.392 1471.191 1471.194 1471.111 1470.938 1470.545 1469.358 1468.735 1468.099 1467.384 1465.949 1465.42 1464.79 1464.085 1463.946 1463.917 1463.958 1463.887 1463.852 1463.774 1463.628 1463.426 1463.363 1463.206 1463.093 1463.527 1463.255 1463.164 1463.055 1462.887 1462.801 1462.703 1462.619 1462.486
1475.043 1474.421 1473.478 1473.161 1472.907 1472.593 1472.337 1472.363 1472.626 1473.43 1473.125 1472.766 1471.077 1470.091 1469.004 1468.03 1466.216 1465.49 1464.673 1464.134 1464.148 1464.248 1464.24 1464.107 1464.053 1463.984 1464.047 1463.998 1464 1463.888 1463.76 1463.527 1463.255 1463.753 1463.594 1463.429 1463.179 1463.035 1462.944 1462.705
1475.449 1474.879 1474.018 1473.721 1473.522 1473.212 1473.117 1473.26 1473.788 1475.27 1475.257 1475.108 1472.959 1471.368 1469.942 1468.723 1466.236 1465.085 1464.272 1464.15 1464.284 1464.657 1464.517 1464.216 1464.187 1464.26 1464.276 1464.303 1464.309 1464.19 1464.106 1463.993 1463.994 1463.753 1464.141 1464.013 1463.631 1463.535 1463.362 1463.034
1475.729 1475.315 1474.97 1474.797 1474.425 1474.068 1473.784 1474.062 1474.637 1476.336 1476.467 1476.349 1474.319 1472.545 1470.946 1469.558 1466.658 1465.289 1464.505 1464.358 1464.742 1465.297 1465.279 1464.557 1464.384 1464.651 1464.75 1464.78 1464.645 1464.178 1464.186 1464.186 1464.186 1464.208 1464.141 1464.013 1464.078 1463.894 1463.669 1463.406
1475.836 1475.537 1476.24 1476.03 1475.491 1474.782 1474.456 1474.642 1475.158 1476.589 1476.632 1476.509 1475.852 1473.2 1471.836 1470.506 1467.778 1466.523 1465.497 1465.319 1465.606 1465.766 1465.771 1465.306 1465.167 1465.356 1465.341 1465.167 1464.616 1464.18 1464.186 1464.186 1464.185 1464.235 1464.189 1464.193 1464.078 1463.894 1463.936 1463.739
1475.964 1476.075 1476.39 1476.332 1475.942 1475.877 1475.649 1475.414 1475.685 1476.527 1476.613 1476.469 1475.725 1473.599 1472.569 1471.506 1469.224 1468.144 1467.192 1466.61 1466.568 1466.555 1466.446 1466.13 1465.966 1465.913 1465.549 1465.186 1464.554 1464.181 1464.186 1464.181 1464.184 1464.447 1464.199 1464.184 1464.167 1464.072 1463.936 1463.739
1476.104 1476.353 1476.473 1476.377 1476.161 1476.322 1476.381 1476.203 1476.118 1476.508 1476.626 1476.459 1475.655 1474.1 1473.401 1472.594 1470.776 1469.829 1468.99 1467.867 1467.571 1467.377 1467.18 1466.771 1466.547 1466.398 1465.81 1465.315 1464.759 1464.19 1464.163 1464.207 1464.335 1464.474 1464.198 1464.184 1464.149 1464.07 1463.994 1463.846
1476.287 1476.382 1476.4 1476.351 1476.273 1476.366 1476.467 1476.368 1476.277 1476.46 1476.537 1476.371 1475.626 1474.458 1474.504 1474.115 1472.283 1471.4 1470.469 1469.08 1468.568 1468.183 1467.905 1467.355 1467.092 1466.816 1466.078 1465.621 1465.168 1464.751 1464.339 1464.461 1464.641 1464.419 1464.193 1464.184 1464.148 1464.064 1463.987 1463.917
1476.301 1476.379 1476.386 1476.381 1476.372 1476.382 1476.463 1476.357 1476.285 1476.442 1476.507 1476.305 1475.442 1475.572 1475.994 1475.742 1473.757 1472.542 1471.579 1470.764 1469.508 1469.052 1468.643 1467.97 1467.574 1467.219 1466.471 1466.081 1465.606 1465.257 1464.984 1464.995 1464.874 1464.321 1464.189 1464.185 1464.146 1464.062 1463.986 1463.909
1476.381 1476.385 1476.386 1476.386 1476.385 1476.386 1476.391 1476.382 1476.368 1476.37 1476.556 1476.316 1475.85 1476.363 1476.525 1476.43 1474.568 1473.275 1472.338 1471.585 1470.341 1469.844 1469.375 1468.528 1468.061 1467.68 1466.921 1466.569 1466.223 1465.956 1465.534 1465.363 1465.006 1464.262 1464.187 1464.185 1464.143 1464.058 1463.984 1463.907
1476.386 1476.386 1476.386 1476.386 1476.385 1476.39 1476.439 1476.385 1476.385 1476.385 1476.525 1476.524 1476.4 1476.484 1476.348 1475.929 1474.598 1473.727 1472.954 1472.285 1471.117 1470.531 1470.02 1469.034 1468.611 1468.137 1467.37 1467.062 1466.795 1466.447 1465.848 1465.49 1465.099 1464.274 1464.186 1464.185 1464.164 1464.089 1463.987 1463.909
1476.386 1476.386 1476.386 1476.386 1476.385 1476.389 1476.446 1476.385 1476.385 1476.386 1476.618 1476.681 1476.665 1476.54 1476.263 1475.656 1474.62 1474.083 1473.619 1473.114 1471.92 1471.307 1470.714 1469.651 1469.147 1468.604 1467.803 1467.44 1467.131 1466.742 1466.04 1465.564 1465.175 1464.412 1464.193 1464.182 1464.186 1464.108 1463.95 1463.871
1476.381 1476.399 1476.474 1476.382 1476.404 1476.475 1476.437 1476.384 1476.385 1476.386 1476.597 1476.609 1476.68 1476.503 1476.25 1475.537 1474.901 1474.807 1474.38 1473.93 1472.719 1471.987 1471.307 1470.122 1469.579 1469.044 1468.597 1467.767 1467.371 1466.992 1466.168 1465.714 1465.372 1464.651 1464.319 1464.186 1464.117 1463.999 1463.875 1463.796
1476.423 1476.494 1476.491 1476.382 1476.405 1476.477 1476.434 1476.384 1476.385 1476.387 1476.63 1476.683 1476.69 1476.398 1476.05 1475.552 1475.733 1475.979 1475.565 1475.012 1473.138 1472.344 1471.703 1470.55 1469.961 1469.429 1468.968 1468.021 1467.558 1467.132 1466.303 1465.943 1465.603 1464.79 1464.413 1464.182 1464.008 1463.911 1463.836 1463.76
1476.572 1476.692 1476.609 1476.482 1476.486 1476.485 1476.487 1476.384 1476.385 1476.388 1476.633 1476.685 1476.679 1476.319 1476.148 1476.186 1476.377 1476.494 1476.269 1475.406 1473.485 1472.804 1472.247 1471.037 1470.436 1469.908 1469.351 1468.209 1467.76 1467.254 1466.307 1465.977 1465.558 1464.735 1464.363 1464.19 1464.029 1463.849 1463.767 1463.689
1476.852 1476.887 1476.809 1476.759 1476.643 1476.488 1476.4 1476.386 1476.385 1476.39 1476.702 1476.685 1476.686 1476.515 1476.335 1476.374 1476.469 1476.342 1475.927 1475.161 1473.88 1473.308 1472.761 1471.489 1470.915 1470.257 1469.579 1468.366 1467.807 1467.219 1466.205 1465.617 1465.06 1464.352 1464.216 1464.073 1463.959 1463.821 1463.782 1463.705
1477.005 1476.984 1476.905 1476.741 1476.632 1476.482 1476.399 1476.385 1476.395 1476.467 1476.739 1476.786 1476.784 1476.683 1476.535 1476.489 1476.52 1475.868 1475.308 1475.075 1474.373 1473.959 1473.416 1472.063 1471.37 1470.613 1469.919 1468.465 1467.768 1467.18 1465.913 1465.24 1464.73 1464.277 1464.125 1463.965 1463.887 1463.75 1463.717 1463.641
1477.228 1477.08 1477.002 1476.688 1476.517 1476.393 1476.384 1476.385 1476.396 1476.471 1476.741 1476.785 1476.786 1476.698 1476.534 1476.379 1476.18 1475.669 1475.417 1475.321 1475.247 1474.988 1474.228 1473.489 1471.856 1471.082 1470.329 1468.677 1467.86 1467.039 1465.582 1465.027 1464.513 1464.234 1464.15 1464.037 1463.957 1463.839 1463.715 1463.639
1477.388 1477.19 1477.103 1476.717 1476.499 1476.392 1476.385 1476.383 1476.413 1476.567 1476.845 1476.894 1476.885 1476.818 1476.537 1476.343 1475.961 1475.746 1475.733 1475.798 1476.329 1476.094 1475.102 1473.949 1472.286 1471.571 1470.794 1469.028 1467.987 1466.953 1465.021 1464.476 1464.238 1464.18 1464.159 1464.071 1463.996 1463.921 1463.77 1463.695
1477.388 1477.378 1477.203 1476.887 1476.38 1476.385 1476.386 1476.373 1476.437 1476.67 1476.955 1476.971 1476.895 1476.893 1476.624 1476.452 1476.21 1476.117 1476.266 1476.348 1476.42 1475.913 1475.015 1474.211 1472.853 1472.142 1471.433 1469.51 1468.343 1467.139 1464.556 1464.153 1464.172 1464.18 1464.156 1464.142 1464.065 1463.897 1463.753 1463.682
1477.523 1477.378 1477.203 1476.934 1476.387 1476.385 1476.385 1476.462 1476.666 1476.889 1476.996 1477.017 1477.093 1477.105 1476.783 1476.568 1476.484 1476.475 1476.472 1476.395 1475.868 1475.432 1474.849 1474.545 1473.618 1473.023 1472.3 1470.42 1469.154 1467.674 1464.494 1464.004 1464.103 1464.755 1464.324 1464.17 1464.096 1463.966 1463.814 1463.742
1477.623 1477.477 1477.313 1476.934 1476.608 1476.39 1476.397 1476.627 1476.88 1477.101 1477.208 1477.201 1477.202 1477.202 1476.952 1476.877 1476.798 1476.717 1476.543 1476.291 1475.403 1475.41 1475.592 1475.522 1474.382 1473.792 1473.344 1471.777 1470.663 1469.159 1467.073 1465.284 1465.317 1465.633 1464.549 1464.127 1464.076 1464.038 1463.93 1463.847
1477.73 1477.617 1477.501 1477.156 1476.608 1476.39 1476.625 1476.855 1477.106 1477.309 1477.292 1477.327 1477.382 1477.318 1477.166 1477.068 1476.913 1476.712 1476.522 1476.287 1476.091 1476.397 1476.479 1476.505 1474.889 1474.623 1474.438 1473.661 1472.655 1471.24 1469.774 1467.151 1467.081 1466.585 1464.881 1464.268 1464.111 1464.027 1463.967 1463.953
1477.867 1477.757 1477.606 1477.409 1476.776 1476.559 1476.625 1476.855 1477.405 1477.507 1477.446 1477.368 1477.31 1477.385 1477.253 1477.181 1477.106 1476.86 1476.629 1476.491 1476.479 1476.474 1476.377 1476.157 1475.564 1475.69 1475.581 1475.151 1474.677 1473.666 1472.693 1469.97 1468.671 1467.602 1465.648 1465.054 1464.676 1464.125 1464.093 1463.975
1478.01 1477.782 1477.71 1477.588 1477.094 1476.985 1476.976 1477.196 1477.405 1477.507 1477.619 1477.498 1477.5 1477.488 1477.289 1477.287 1477.199 1476.902 1476.681 1476.398 1476.379 1476.14 1476.077 1476.072 1476.416 1476.452 1476.437 1476.397 1476.389 1476.114 1474.963 1472.139 1470.434 1468.869 1466.39 1465.585 1464.783 1464.177 1464.18 1464.131
1477.975 1477.878 1477.819 1477.747 1477.518 1477.404 1477.401 1477.541 1477.633 1477.614 1477.619 1477.561 1477.486 1477.403 1477.412 1477.363 1477.207 1476.845 1476.635 1476.486 1476.329 1476.141 1476.302 1476.377 1476.678 1476.785 1476.775 1476.776 1476.718 1476.581 1476.459 1473.626 1471.693 1469.999 1466.905 1465.455 1464.433 1464.321 1464.184 1464.175
1477.931 1477.851 1477.854 1477.8 1477.786 1477.747 1477.743 1477.662 1477.688 1477.694 1477.715 1477.561 1477.486 1477.505 1477.452 1477.371 1477.305 1477.013 1476.819 1476.606 1476.519 1476.544 1476.614 1476.69 1476.946 1476.986 1476.987 1477.062 1476.942 1476.879 1476.832 1474.719 1472.915 1471.192 1467.716 1466.069 1464.922 1464.273 1464.168 1464.277
1477.967 1477.791 1477.778 1477.813 1477.784 1477.785 1477.791 1477.774 1477.692 1477.691 1477.762 1477.583 1477.576 1477.505 1477.452 1477.383 1477.379 1477.334 1476.978 1476.921 1476.837 1476.918 1476.942 1477.085 1477.136 1477.188 1477.179 1477.108 1477.097 1477.067 1476.853 1475.391 1473.902 1472.474 1468.932 1467.268 1465.855 1464.85 1464.956 1464.894
1477.807 1477.851 1477.838 1477.886 1477.814 1477.815 1477.817 1477.88 1477.764 1477.712 1477.702 1477.599 1477.571 1477.498 1477.443 1477.383 1477.379 1477.269 1477.185 1477.187 1477.126 1477.213 1477.208 1477.198 1477.189 1477.192 1477.181 1477.107 1477.09 1477.066 1476.922 1476.161 1474.994 1473.495 1470.254 1468.625 1467.346 1466.365 1465.572 1465.354
1477.432 1477.775 1477.864 1477.884 1477.884 1477.901 1477.93 1477.901 1477.802 1477.796 1477.823 1477.649 1477.568 1477.493 1477.427 1477.339 1477.266 1477.269 1477.186 1477.188 1477.203 1477.237 1477.287 1477.281 1477.245 1477.28 1477.183 1477.098 1477.01 1476.896 1476.973 1476.73 1476.253 1474.996 1471.348 1469.849 1468.507 1467.482 1466.152 1465.745
1476.965 1477.573 1477.773 1477.878 1477.884 1477.904 1477.95 1477.903 1477.869 1477.827 1477.86 1477.661 1477.57 1477.494 1477.323 1477.229 1477.162 1477.157 1477.186 1477.188 1477.295 1477.319 1477.178 1477.188 1477.354 1477.345 1477.169 1477.004 1476.862 1476.865 1476.793 1476.599 1476.318 1475.307 1473.722 1470.798 1469.42 1468.245 1466.793 1466.229
1476.526 1477.378 1477.682 1477.831 1477.886 1477.885 1477.885 1477.885 1477.879 1477.845 1477.787 1477.686 1477.539 1477.47 1477.221 1477.099 1477.035 1477.03 1477.187 1477.201 1477.295 1477.319 1477.306 1477.289 1477.211 1477.222 1477.042 1476.803 1476.429 1476.499 1476.662 1476.294 1475.789 1474.974 1473.785 1471.277 1470.039 1468.866 1467.306 1466.748
1476.495 1477.306 1477.639 1477.781 1477.831 1477.845 1477.889 1477.924 1477.859 1477.819 1477.794 1477.572 1477.423 1477.264 1477.049 1476.862 1476.791 1476.784 1477.162 1477.214 1477.357 1477.354 1477.306 1477.289 1477.276 1476.992 1476.813 1476.511 1476.328 1476.405 1476.56 1475.998 1475.231 1474.445 1473.554 1471.357 1470.164 1469.232 1467.623 1467.038
1476.65 1477.353 1477.631 1477.727 1477.812 1477.837 1477.89 1477.982 1477.906 1477.846 1477.767 1477.383 1477.125 1476.862 1476.67 1476.546 1476.499 1476.495 1476.898 1477.19 1477.275 1477.383 1477.357 1477.292 1477.276 1476.765 1476.621 1476.4 1475.885 1476.13 1476.258 1475.771 1474.967 1473.913 1473.07 1471.084 1470.05 1469.209 1467.691 1467.042
