var/www/cgi-bin/BAERTOOLS/ravel/working/ravel-13123.DEM
NCOLS 92
NROWS 90
XLLCORNER 452028.49
YLLCORNER 3771475.4
CELLSIZE 10
NODATA_VALUE -9999
[rows 28 to 55 of 90, columns 0 to 62 of 92]
336.0062 335.7603 335.5871 335.3118 335.2264 335.1839 335.2239 335.3185 335.4076 335.5742 335.6511 335.78 335.9635 336.083 336.0838 336.1668 336.2268 336.2675 336.294 336.3633 336.3713 336.4626 336.5193 336.5689 336.5617 336.5578 336.5645 336.6696 336.6023 336.5507 336.5572 336.5554 336.551 336.6266 336.6075 336.5527 336.5239 336.466 336.5644 336.5609 336.561 336.5644 336.5381 336.4591 336.2369 335.7483 335.5746 335.9306 336.3048 336.4769 336.9034 337.0503 337.2825 337.358 337.2455 337.4078 337.6944 337.7015 337.7964 337.8892 337.8558 337.9165 338.0692
335.6406 335.4587 335.2838 335.0139 334.9249 334.8847 334.8859 334.9073 334.9926 335.163 335.2469 335.3234 335.4391 335.6136 335.7823 336.0527 336.0661 336.0999 336.1959 336.2604 336.2676 336.3596 336.4158 336.4655 336.4582 336.4576 336.4569 336.4533 336.4543 336.4551 336.4544 336.4539 336.4529 336.4492 336.4527 336.4552 336.4516 336.4523 336.534 336.5595 336.5602 336.5203 336.4473 336.4675 336.3728 335.7118 335.5004 335.9259 336.3107 336.4719 336.786 336.8923 336.8958 336.9633 337.1174 337.1497 337.3879 337.41 337.4413 337.5834 337.7285 337.6912 337.7927
335.1678 335.0622 334.8867 334.61 334.5204 334.4796 334.4785 334.496 334.5831 334.6747 334.7195 334.8602 335.0041 335.0782 335.1699 335.4217 335.6125 335.8934 336.0973 336.1572 336.1623 336.3342 336.3634 336.3549 336.3548 336.3543 336.3532 336.3527 336.3521 336.3521 336.3496 336.3454 336.3496 336.3423 336.4104 336.4222 336.3407 336.3642 336.4511 336.4457 336.4393 336.4415 336.4187 336.3355 336.311 335.6518 335.3795 335.8541 336.3055 336.4456 336.5547 336.6112 336.6505 336.7358 336.8835 337.125 337.1293 337.41 337.4413 337.5834 337.7285 337.6912 337.7927
334.6615 334.5272 334.2836 334.101 334.0063 333.9651 333.9637 333.9807 334.0678 334.1583 334.2094 334.2984 334.3799 334.4586 334.5485 334.8021 334.9265 335.1185 335.4909 335.9467 336.0548 336.2291 336.2589 336.2519 336.2515 336.2509 336.25 336.2495 336.2499 336.2531 336.2139 336.1544 336.2495 336.2407 336.2973 336.3063 336.2757 336.3551 336.3593 336.3531 336.296 336.2428 336.215 336.1354 336.1235 335.4208 335.2529 335.8432 336.2007 336.2969 336.2697 336.3648 336.6505 336.7358 336.8835 337.125 337.1293 337.1917 337.2896 337.4342 337.4629 337.3803 337.4161
334.0709 334.039 333.8559 333.6571 333.5982 333.5495 333.5542 333.5487 333.5536 333.7167 333.8072 333.8383 333.8619 333.9297 333.9218 333.9725 334.0409 334.1844 334.472 334.9442 335.5979 336.1293 336.165 336.1582 336.1616 336.1609 336.1577 336.1589 336.1435 336.0705 335.998 336.0004 336.0979 336.1445 336.1342 336.1703 336.2717 336.3363 336.3528 336.2777 336.242 336.219 336.1191 335.9974 335.5236 334.8849 335.0677 335.8432 336.2007 336.2969 336.2697 336.3648 336.455 336.58 336.7853 337.0126 336.8792 336.8928 337.0441 337.0977 337.0657 337.0707 337.1445
333.5913 333.4317 333.3459 333.1699 333.1499 333.0967 333.071 333.1471 333.1431 333.2023 333.2934 333.3312 333.3214 333.316 333.3136 333.3055 333.2995 333.2832 333.289 333.322 333.5248 335.5904 335.8425 335.8549 335.9272 335.9314 335.8052 335.7603 335.5492 335.37 335.4156 335.4727 335.7404 335.9347 336.0197 336.0623 336.1263 336.1426 336.2472 336.1869 336.1485 336.1154 336.1191 335.9974 335.5236 334.8849 335.0677 335.896 336.155 336.0688 336.0965 336.1863 336.3335 336.5097 336.6597 336.8044 336.8942 336.7973 336.7823 336.8158 336.7882 336.763 336.8311
333.2958 333.1058 332.9685 332.9513 332.9503 332.9517 332.952 332.9485 332.9478 332.9433 332.9379 332.9349 332.9342 332.9331 332.9321 332.9302 332.9293 332.9286 332.9261 332.9212 332.8246 332.7386 332.9944 333.3156 333.4608 333.5804 333.3397 333.0734 333.1342 333.7443 334.5077 334.942 335.3229 335.5051 335.6962 335.8363 336.1263 336.1426 336.2472 336.1869 336.1485 336.1154 335.9696 335.6955 334.98 334.5125 335.0177 335.9719 336.1598 336.0739 336.0565 336.1633 336.3475 336.4683 336.5376 336.6264 336.8446 336.8513 336.6578 336.4661 336.5531 336.481 336.5263
333.0113 332.9512 332.9566 332.8849 332.8589 332.8539 332.8492 332.8487 332.8488 332.8614 332.8611 332.8611 332.8611 332.8611 332.8611 332.8611 332.8611 332.8611 332.8611 332.8611 332.8607 332.9203 332.9357 332.903 332.8897 332.8779 332.8942 332.9283 332.9459 333.0976 333.6931 334.942 335.3229 335.5051 335.6962 335.8363 335.9203 336.0273 336.1224 336.1293 336.0901 335.9546 335.7401 335.4406 334.657 334.2293 334.8607 335.979 336.1633 336.0745 336.0594 336.1523 336.2881 336.3797 336.4621 336.5565 336.7606 336.6847 336.5814 336.4489 336.2706 336.2465 336.2556
332.9557 332.9372 332.8595 332.8519 332.8603 332.8106 332.7596 332.7603 332.7651 332.856 332.8506 332.8504 332.85 332.8496 332.8493 332.8485 332.8483 332.8478 332.8475 332.8471 332.8457 332.8396 332.8362 332.8351 332.8397 332.858 332.8942 332.9283 332.9459 333.0976 333.6931 334.2487 334.8885 335.1563 335.3826 335.5154 335.6198 335.7902 335.8875 335.8906 335.8451 335.6747 335.382 335.0164 334.3434 334.05 334.8019 335.9705 336.1399 336.0685 336.0471 336.1179 336.2739 336.4303 336.5045 336.5615 336.7541 336.6556 336.4199 336.2285 336.097 336.0549 336.0991
332.9232 332.8561 332.8445 332.7427 332.7432 332.7464 332.75 332.7497 332.7492 332.7415 332.7414 332.7409 332.7404 332.74 332.7395 332.7379 332.737 332.7365 332.736 332.735 332.8457 332.8396 332.8362 332.8351 332.8397 332.858 332.8597 332.9106 332.9352 333.0545 333.393 333.7849 334.4813 334.7631 335.0312 335.2158 335.3095 335.4737 335.5726 335.5649 335.4624 335.2449 334.968 334.6433 334.1328 333.8266 334.7064 335.997 336.0648 336.0469 335.9926 336.1806 336.3469 336.4711 336.5395 336.5632 336.6948 336.5697 336.282 336.078 336.0579 336.0624 336.1237
332.8519 332.8335 332.7605 332.6831 332.6592 332.6611 332.6616 332.6541 332.6396 332.638 332.6374 332.637 332.6365 332.636 332.6344 332.7379 332.737 332.7365 332.736 332.735 332.7523 332.7617 332.761 332.7596 332.7778 332.8409 332.8386 332.8409 332.9002 332.9948 333.1695 333.5122 334.161 334.4152 334.6645 334.8694 335.0037 335.1682 335.2728 335.1909 335.0401 334.83 334.5657 334.3159 333.9634 333.6611 334.4909 335.8501 336.1176 336.0415 335.9452 336.1917 336.3104 336.3823 336.4703 336.5271 336.5252 336.4245 336.1971 336.0574 336.0609 336.0618 336.1135
332.8241 332.7531 332.7403 332.6437 332.6451 332.6453 332.6504 332.6319 332.5645 332.5611 332.6374 332.637 332.6365 332.636 332.6344 332.6484 332.6612 332.6611 332.6611 332.6606 332.7241 332.7462 332.7397 332.739 332.7352 332.7318 332.7594 332.8169 332.9058 332.9235 333.0035 333.3058 333.7903 333.9852 334.1897 334.448 334.6955 334.8341 334.9458 334.8004 334.6373 334.4542 334.1866 333.9716 333.8235 333.597 333.9393 334.9995 335.7788 335.7256 335.9565 336.1671 336.2647 336.3562 336.4863 336.4874 336.3951 336.3159 336.1689 336.0589 336.0608 336.06 336.1315
332.8344 332.743 332.6581 332.5803 332.5587 332.6453 332.6504 332.6319 332.5645 332.5611 332.5611 332.5611 332.5611 332.5611 332.5604 332.6133 332.6471 332.6407 332.64 332.6383 332.6303 332.6259 332.6418 332.6612 332.6605 332.6649 332.7544 332.8281 332.8609 332.8814 332.9846 333.1309 333.5305 333.7449 333.9634 334.1624 334.3356 334.4553 334.5802 334.4364 334.3181 334.1628 333.938 333.7769 333.6061 333.4416 333.5739 334.2059 334.8645 335.1138 335.9571 336.1363 336.1863 336.3014 336.497 336.5127 336.3077 336.2597 336.2021 336.0847 336.0615 336.0847 336.2263
332.8344 332.743 332.6581 332.5803 332.5587 332.5463 332.5327 332.5359 332.5423 332.5419 332.5415 332.5412 332.5408 332.5403 332.5399 332.532 332.5274 332.5259 332.5333 332.5577 332.561 332.5595 332.595 332.636 332.6398 332.6601 332.7354 332.8111 332.8427 332.891 332.9756 333.067 333.3705 333.5264 333.7255 333.8894 333.9924 334.1472 334.3054 334.2003 334.0691 333.9109 333.7449 333.6115 333.4409 333.2987 333.4057 333.8745 334.4058 334.8558 335.8806 336.1271 336.1973 336.3068 336.4821 336.5088 336.2735 336.2215 336.2634 336.1733 336.0525 336.1899 336.3548
332.8176 332.7315 332.6584 332.5386 332.5456 332.5065 332.4438 332.4295 332.4295 332.429 332.4285 332.428 332.4275 332.4271 332.4251 332.4456 332.4614 332.4597 332.4766 332.5338 332.531 332.5292 332.5434 332.5602 332.5711 332.6288 332.7137 332.7401 332.7994 332.8971 332.9693 333.0378 333.3246 333.4293 333.5064 333.6205 333.7795 333.8639 334.0669 333.9466 333.807 333.7121 333.5854 333.5093 333.3495 333.1635 333.2337 333.6855 334.1935 335.203 335.7377 336.0781 336.2004 336.329 336.5189 336.4376 336.3206 336.231 336.2423 336.2563 336.1795 336.2608 336.3719
332.718 332.6612 332.6559 332.4803 332.4582 332.4532 332.4133 332.3612 332.3611 332.3611 332.3611 332.3611 332.3611 332.3611 332.3603 332.4077 332.4375 332.4305 332.4264 332.4246 332.4617 332.4598 332.4891 332.545 332.5619 332.563 332.6447 332.7155 332.8085 332.9014 332.9598 332.9716 333.3206 333.3874 333.4247 333.553 333.7117 333.7961 333.9856 333.8952 333.7449 333.6732 333.5832 333.4588 333.2628 333.0795 333.0376 333.3435 333.9338 335.1501 335.6843 336.0523 336.2029 336.3314 336.5189 336.3393 336.2407 336.1475 336.1125 336.1683 336.2222 336.2083 336.272
332.7295 332.6577 332.634 332.4893 332.4455 332.399 332.3581 332.3588 332.3309 332.3316 332.3312 332.3306 332.3302 332.3297 332.3289 332.3203 332.3379 332.3615 332.3604 332.3674 332.4291 332.4222 332.4359 332.4792 332.5347 332.5607 332.6297 332.723 332.8104 332.8839 332.9218 332.9719 333.2835 333.3845 333.4625 333.5848 333.7462 333.8319 333.9855 333.9046 333.7734 333.6894 333.5986 333.465 333.1695 332.9798 332.8843 333.1509 333.8404 335.1464 335.6853 336.0495 336.2097 336.3004 336.4128 336.2511 336.0914 336.0071 336.0141 336.0713 336.1049 336.0998 336.1673
332.7386 332.6472 332.558 332.4904 332.399 332.3591 332.3586 332.3201 332.2606 332.261 332.261 332.261 332.261 332.261 332.261 332.2598 332.2914 332.3285 332.3241 332.3213 332.3483 332.3606 332.3839 332.4338 332.4702 332.5197 332.6339 332.7214 332.8165 332.8616 332.8714 332.9642 333.2242 333.322 333.3979 333.5005 333.6301 333.7128 333.7576 333.7212 333.7175 333.6795 333.5472 333.4639 333.119 332.8987 332.8011 333.1306 333.8381 335.1281 335.7327 336.0822 336.212 336.2687 336.307 336.1571 336.0639 336.003 335.9681 336.008 336.0032 335.9973 336.075
332.7067 332.6238 332.4708 332.4345 332.3929 332.3484 332.3069 332.261 332.2618 332.2387 332.2224 332.2246 332.2241 332.2236 332.2225 332.2196 332.2398 332.2614 332.2611 332.2609 332.3014 332.3526 332.3605 332.3729 332.4219 332.4601 332.6361 332.7282 332.7927 332.8258 332.8764 332.9608 333.1692 333.2692 333.3831 333.4819 333.5198 333.5914 333.6433 333.6624 333.669 333.6493 333.5551 333.2867 333.1367 332.8353 332.7252 333.1331 333.8263 335.11 335.7632 336.0981 336.2014 336.2823 336.3151 336.0949 336.0595 336.0151 335.9336 335.8979 335.8995 335.898 335.9225
332.6252 332.5497 332.4781 332.3854 332.3609 332.321 332.2586 332.2585 332.2237 332.1774 332.1591 332.1611 332.1611 332.1611 332.1611 332.1596 332.186 332.2225 332.2145 332.2162 332.2593 332.2846 332.3381 332.3608 332.3701 332.4568 332.6385 332.6912 332.7203 332.7797 332.8771 332.9628 333.129 333.2088 333.3245 333.4207 333.4845 333.6129 333.5509 333.5988 333.5782 333.4863 333.4435 333.2848 333.1419 332.8108 332.7311 333.1824 333.8346 335.1212 335.7992 336.1761 336.2429 336.2971 336.3519 336.0731 336.0611 336.0237 335.8927 335.7759 335.7878 335.7975 335.7946
332.6096 332.5512 332.4276 332.3847 332.3427 332.3005 332.2558 332.2125 332.1607 332.1611 332.1611 332.1611 332.1611 332.1611 332.1611 332.1611 332.1611 332.1605 332.1658 332.2106 332.2616 332.2835 332.3304 332.3748 332.4293 332.5106 332.6352 332.688 332.7553 332.8293 332.8755 332.9611 333.1328 333.2187 333.3008 333.3874 333.4851 333.5538 333.4271 333.4196 333.4408 333.3861 333.2968 333.2769 333.1649 332.7825 332.7133 333.2143 333.8375 335.1189 335.817 336.2204 336.2623 336.2741 336.2818 336.0788 336.0609 336.0202 335.9167 335.8215 335.7606 335.6915 335.6938
332.5518 332.5142 332.3674 332.3329 332.2876 332.2438 332.2008 332.1612 332.1276 332.1133 332.1159 332.1152 332.1147 332.1142 332.1109 332.1466 332.1626 332.1602 332.1707 332.2196 332.2612 332.3288 332.3621 332.3881 332.4893 332.5591 332.6287 332.7226 332.8204 332.8617 332.8755 332.9595 333.1324 333.217 333.31 333.3857 333.4078 333.4018 333.3324 333.3013 333.2894 333.2178 333.1294 333.1423 333.1065 332.6641 332.5872 333.2156 333.833 335.1783 335.8409 336.2143 336.2638 336.2624 336.2496 336.0766 336.0609 336.0242 335.9034 335.7676 335.6784 335.5858 335.5985
332.4991 332.4059 332.3254 332.2787 332.2375 332.1894 332.159 332.1602 332.0676 332.0604 332.0611 332.0611 332.0611 332.0611 332.0591 332.0887 332.1087 332.1286 332.1624 332.1612 332.2477 332.288 332.327 332.3925 332.4693 332.5055 332.6319 332.7234 332.7818 332.8157 332.8742 332.9608 333.14 333.2291 333.2912 333.3067 333.3015 333.3035 333.2345 333.1646 333.0901 333.0174 333.0046 332.9646 332.8018 332.4191 332.5094 333.2188 333.8292 335.21 335.8596 336.1647 336.2247 336.2649 336.2491 336.1406 336.0938 336.0215 335.8937 335.7384 335.6613 335.4973 335.4823
332.4074 332.3571 332.2722 332.2292 332.1828 332.1609 332.1546 332.1071 332.0624 332.031 332.0054 332.009 332.0085 332.0065 332.0508 332.062 332.0598 332.0683 332.1187 332.1597 332.236 332.261 332.3 332.4062 332.4614 332.4651 332.6395 332.7334 332.7609 332.781 332.878 332.9645 333.0684 333.1672 333.2086 333.1996 333.1978 333.1928 333.1269 333.033 332.9476 332.8725 332.8312 332.6949 332.4973 332.2273 332.4552 333.2187 333.8292 335.1364 335.8342 336.1741 336.1731 336.2072 336.2579 336.163 336.1097 336.0191 335.9002 335.7249 335.5765 335.4706 335.4178
332.2801 332.3105 332.2134 332.1841 332.1308 332.1113 332.1064 332.0575 332.0072 331.9745 331.9596 331.9611 331.9611 331.9607 331.9939 332.0013 332.033 332.0618 332.0679 332.104 332.1918 332.2409 332.2806 332.3262 332.4085 332.4727 332.5883 332.651 332.7232 332.7931 332.8727 332.8975 332.9802 333.0515 333.1016 333.085 333.0973 333.1597 333.096 333.0106 332.8888 332.7497 332.6761 332.5168 332.3642 332.1101 332.3864 333.2225 333.8166 335.1008 335.7231 336.038 336.1194 336.1764 336.1906 336.1011 336.0744 336.0354 335.908 335.7216 335.5579 335.3991 335.3109
332.1158 332.1511 332.1064 332.1204 332.096 332.0391 332.0082 332.0068 331.9603 331.9626 331.9366 331.8985 331.9019 331.9003 331.9469 331.9618 331.9806 331.9977 332.0092 332.0632 332.1472 332.1841 332.2178 332.2907 332.3694 332.3992 332.5451 332.6205 332.7146 332.7775 332.8025 332.8621 332.9431 332.9825 333.026 333.062 333.0764 333.1634 333.1032 333.0043 332.9116 332.7927 332.6517 332.4285 332.2635 332.0029 332.3142 333.225 333.8232 335.048 335.5374 335.917 336.103 336.0886 336.0859 336.0822 336.0312 335.9442 335.8525 335.7331 335.5692 335.3943 335.3077
332.0064 332.0025 332.0089 331.9644 331.9868 331.9842 331.8994 331.8964 331.9013 331.9034 331.8797 331.8602 331.861 331.8609 331.8871 331.8948 331.9278 331.9619 331.9633 331.9965 332.0839 332.1257 332.209 332.2791 332.2997 332.36 332.4835 332.5405 332.6367 332.7204 332.7704 332.8553 332.8915 332.8836 332.9218 333.0171 333.0739 333.0877 333.0693 333.0602 332.9815 332.8044 332.6497 332.3425 332.1527 331.8959 332.244 333.2063 333.7133 334.8268 335.4079 335.7844 335.963 336.0009 335.9933 335.9303 335.8322 335.7904 335.7678 335.6529 335.482 335.3067 335.2166
331.9131 331.9117 331.9084 331.8281 331.8117 331.8283 331.8162 331.86 331.8611 331.8611 331.8611 331.8611 331.8611 331.8611 331.861 331.861 331.873 331.9184 331.9615 331.9692 332.0602 332.1207 332.1812 332.2071 332.283 332.3649 332.439 332.5269 332.5779 332.6206 332.6919 332.7751 332.786 332.8264 332.872 332.909 332.9874 333.0466 333.0624 333.0634 333.026 332.8936 332.7317 332.3342 332.0829 331.7741 332.2089 333.2798 333.6979 334.6682 335.1588 335.4965 335.6666 335.7408 335.8073 335.7242 335.6887 335.6469 335.5581 335.4694 335.3754 335.1936 335.1678
