var/www/cgi-bin/BAERTOOLS/ravel/working/ravel-12136.DEM
NCOLS 43
NROWS 216
XLLCORNER 616443.99
YLLCORNER 4619635.4
CELLSIZE 10
NODATA_VALUE -9999
[rows 164 to 204 of 216, columns 0 to 42 of 43]
1500.952 1500.756 1500.563 1500.57 1500.767 1501.021 1501.66 1501.962 1502.094 1502.187 1502.217 1502.206 1502.141 1501.543 1501.413 1501.217 1500.748 1500.82 1500.898 1500.838 1499.982 1499.656 1499.501 1498.933 1498.732 1498.581 1498.419 1498.097 1497.948 1497.867 1497.538 1497.421 1497.401 1497.134 1497.051 1496.962 1496.877 1496.689 1496.547 1496.453 1496.036 1495.856 1495.557
1501.026 1500.802 1500.735 1500.658 1500.87 1501.204 1501.729 1501.968 1502.089 1502.17 1502.217 1502.206 1502.319 1502.02 1501.764 1501.429 1501.038 1500.866 1500.974 1500.835 1500.085 1499.737 1499.51 1499.102 1498.826 1498.678 1498.518 1498.308 1498.154 1498.072 1497.901 1497.812 1497.737 1497.6 1497.478 1497.464 1497.393 1497.215 1497.112 1496.964 1496.602 1496.369 1496.111
1501.113 1500.908 1500.803 1500.693 1500.872 1501.277 1501.627 1502.061 1502.132 1502.189 1502.323 1502.33 1502.319 1502.205 1502.054 1501.747 1501.51 1501.116 1500.858 1500.705 1500.102 1499.958 1499.718 1499.188 1499.008 1498.795 1498.782 1498.535 1498.457 1498.376 1498.206 1498.139 1498.125 1498.1 1498.087 1498.066 1497.907 1497.792 1497.648 1497.555 1497.112 1496.873 1496.64
1501.154 1500.964 1500.801 1500.703 1500.896 1501.277 1501.702 1502.194 1502.324 1502.336 1502.479 1502.509 1502.42 1502.205 1502.054 1502.047 1501.815 1501.194 1500.751 1500.609 1500.35 1500.164 1499.914 1499.39 1499.211 1498.993 1498.902 1498.783 1498.77 1498.687 1498.544 1498.56 1498.624 1498.668 1498.679 1498.597 1498.579 1498.399 1498.233 1498.085 1497.709 1497.47 1497.233
1501.167 1500.91 1500.791 1500.798 1501.035 1501.358 1501.8 1502.326 1502.457 1502.539 1502.638 1502.622 1502.559 1502.461 1502.266 1502.047 1501.815 1501.248 1500.807 1500.819 1500.722 1500.413 1500.016 1499.486 1499.341 1499.2 1499.117 1498.873 1498.9 1498.973 1499.049 1499.185 1499.238 1499.23 1499.331 1499.287 1499.144 1499.033 1498.853 1498.692 1498.292 1497.988 1497.762
1501.118 1500.848 1500.785 1501 1501.268 1501.58 1501.928 1502.527 1502.675 1502.748 1502.779 1502.862 1502.879 1502.656 1502.505 1502.333 1502.111 1501.248 1501.202 1501.15 1500.773 1500.486 1500.114 1499.873 1499.578 1499.487 1499.332 1499.262 1499.208 1499.281 1499.509 1499.756 1499.956 1499.964 1499.955 1499.911 1499.677 1499.496 1499.388 1499.219 1498.797 1498.585 1498.277
1501.109 1500.8 1500.782 1501.153 1501.451 1501.792 1502.092 1502.654 1502.878 1502.952 1503.044 1503.096 1503.124 1502.996 1502.8 1502.549 1502.317 1501.545 1501.202 1501.15 1500.742 1500.491 1500.208 1500.046 1499.737 1499.597 1499.525 1499.5 1499.516 1499.594 1500.031 1500.394 1500.583 1500.585 1500.502 1500.334 1500.174 1499.89 1499.809 1499.726 1499.362 1499.017 1498.781
1501.12 1500.78 1500.792 1500.91 1501.618 1501.963 1502.303 1502.862 1503.126 1503.194 1503.421 1503.405 1503.279 1503.191 1503.089 1502.856 1502.622 1502.083 1501.837 1501.496 1500.742 1500.491 1500.318 1500.169 1499.896 1499.839 1499.825 1499.691 1499.737 1499.893 1500.43 1500.961 1501.336 1501.579 1501.354 1501.005 1500.69 1500.426 1500.391 1500.247 1499.944 1499.575 1499.203
1501.214 1500.765 1500.778 1500.909 1501.744 1502.109 1502.492 1503.175 1503.4 1503.502 1503.722 1503.745 1503.605 1503.571 1503.33 1503.187 1502.952 1502.441 1502.107 1501.771 1500.768 1500.519 1500.318 1500.169 1500.359 1500.239 1500.049 1499.904 1499.947 1500.106 1500.649 1501.312 1502.509 1503.267 1503.065 1502.685 1501.965 1501.517 1501.192 1500.75 1500.586 1500.001 1499.618
1501.488 1500.897 1500.762 1500.875 1501.881 1502.374 1502.797 1503.469 1503.698 1503.849 1504.024 1503.981 1503.945 1503.98 1503.708 1503.573 1503.366 1502.801 1502.412 1501.958 1500.843 1500.681 1500.548 1500.484 1500.359 1500.56 1500.263 1500.153 1500.222 1500.312 1500.651 1502.027 1503.41 1504.622 1505.659 1505.234 1504.655 1503.837 1502.888 1502.028 1501.246 1500.269 1499.84
1501.942 1501.338 1500.869 1501.011 1502.282 1502.797 1503.217 1503.885 1504.121 1504.262 1504.36 1504.356 1504.348 1504.258 1504.133 1503.901 1503.724 1503.172 1502.765 1502.233 1501.641 1501.074 1500.906 1500.888 1500.782 1500.56 1500.263 1500.338 1500.338 1500.412 1500.638 1502.851 1504.75 1506.674 1509.547 1509.751 1509.118 1506.868 1505.416 1504.038 1502.489 1500.377 1499.955
1502.566 1502.202 1501.886 1501.967 1502.936 1503.368 1503.74 1504.384 1504.584 1504.725 1504.766 1504.814 1504.761 1504.682 1504.474 1504.35 1504.105 1503.569 1503.154 1502.817 1502.359 1501.761 1501.479 1501.334 1500.747 1500.571 1500.456 1500.338 1500.338 1500.613 1500.649 1503.571 1505.938 1508.537 1512.508 1513.272 1512.883 1510.763 1508.453 1505.187 1502.35 1500.383 1500.164
1503.391 1503.213 1503.182 1503.283 1503.728 1504.038 1504.425 1504.929 1505.091 1505.189 1505.227 1505.219 1505.165 1505.09 1504.841 1504.796 1504.587 1504 1503.74 1503.473 1503.063 1502.38 1502.13 1501.784 1500.722 1500.75 1500.812 1500.723 1500.626 1500.613 1500.649 1504.527 1507.417 1510.365 1513.874 1514.299 1514.249 1513.703 1510.719 1505.568 1501.532 1500.293 1500.18
1504.098 1504.19 1504.249 1504.392 1504.622 1504.881 1505.165 1505.495 1505.577 1505.648 1505.741 1505.635 1505.62 1505.5 1505.258 1505.13 1504.975 1504.583 1504.347 1504.046 1503.772 1503.046 1502.693 1502.294 1501.289 1501.311 1501.534 1501.117 1500.81 1500.732 1500.583 1504.527 1508.795 1511.806 1514.304 1514.367 1514.774 1515.757 1510.48 1504.274 1500.974 1500.388 1500.389
1504.843 1505.089 1505.219 1505.363 1505.59 1505.715 1505.887 1506.07 1506.153 1506.231 1506.224 1506.094 1506.085 1505.963 1505.708 1505.541 1505.382 1505.117 1504.953 1504.777 1504.542 1503.959 1503.59 1503.188 1502.629 1502.502 1502.573 1502.335 1501.002 1500.647 1500.707 1505.662 1508.795 1511.806 1514.499 1514.531 1514.68 1514.944 1510.072 1503.904 1500.96 1500.534 1500.664
1505.459 1505.858 1505.992 1506.131 1506.446 1506.598 1506.682 1506.807 1506.786 1506.692 1506.611 1506.597 1506.501 1506.429 1506.087 1505.903 1505.792 1505.718 1505.542 1505.455 1505.28 1504.852 1504.592 1504.282 1503.869 1503.726 1503.552 1503.132 1501.416 1500.822 1501.385 1507.244 1510.418 1512.953 1514.499 1514.531 1514.314 1513.709 1510.4 1506.141 1503.035 1501.394 1501.934
1506.149 1506.5 1506.715 1506.916 1507.265 1507.452 1507.501 1507.521 1507.435 1507.38 1507.179 1506.99 1506.839 1506.726 1506.398 1506.235 1506.153 1506.013 1506.083 1506.031 1506.02 1505.822 1505.66 1505.5 1505.179 1504.988 1504.721 1504.377 1502.637 1502.026 1503.349 1509.302 1512.036 1513.5 1514.271 1514.465 1514.314 1513.709 1512.719 1511.217 1510.133 1507.475 1506.789
1506.811 1507.315 1507.54 1507.752 1508.076 1508.286 1508.4 1508.388 1508.135 1507.807 1507.762 1507.382 1507.141 1506.894 1506.502 1506.378 1506.338 1506.301 1506.514 1506.549 1506.702 1506.813 1506.855 1506.775 1506.47 1506.276 1506.055 1505.803 1505.512 1505.816 1507.644 1511.508 1513.122 1513.451 1514.166 1514.18 1514.123 1513.758 1512.719 1513.55 1513.58 1513.059 1511.381
1507.508 1508.027 1508.201 1508.495 1509.016 1509.182 1509.254 1509.362 1508.968 1508.795 1508.419 1507.667 1507.18 1506.835 1506.39 1506.435 1506.518 1506.535 1506.899 1507.141 1507.369 1507.681 1507.871 1508.01 1507.943 1507.808 1507.617 1507.587 1508.248 1509.451 1511.227 1512.717 1513.414 1513.78 1514.022 1514.194 1514.125 1514.086 1513.468 1513.55 1513.58 1513.722 1512.765
1508.243 1508.692 1508.901 1509.143 1509.783 1509.963 1510.16 1510.448 1510.077 1509.918 1509.371 1507.414 1506.84 1506.358 1506.095 1506.3 1506.486 1506.657 1507.242 1507.658 1507.918 1508.57 1508.822 1509.07 1509.298 1509.397 1509.192 1509.207 1510.008 1510.88 1512.006 1513.201 1513.6 1514.022 1514.129 1514.314 1514.321 1514.246 1513.893 1513.762 1513.743 1513.722 1512.765
1508.867 1509.329 1509.542 1509.774 1510.513 1510.862 1511.189 1511.419 1511.37 1510.88 1509.504 1506.681 1505.504 1505.123 1505.129 1505.966 1506.36 1506.744 1507.637 1508.08 1508.483 1509.337 1509.709 1510.17 1510.583 1511.213 1510.859 1510.46 1510.863 1511.38 1512.391 1513.401 1513.774 1514.09 1514.323 1514.363 1514.414 1514.361 1514.175 1513.991 1513.833 1513.344 1512.054
1509.326 1509.805 1510.088 1510.311 1510.598 1511.5 1512.02 1512.452 1512.328 1512.243 1511.597 1502.808 1501.552 1501.882 1503.356 1505.41 1506.225 1506.94 1508.11 1508.589 1508.997 1509.88 1510.388 1511.067 1511.699 1512.72 1512.458 1511.73 1511.173 1511.431 1512.489 1513.538 1513.96 1514.166 1514.432 1514.556 1514.517 1514.501 1514.321 1514.105 1513.911 1512.475 1510.947
1509.938 1510.327 1510.493 1510.741 1511.11 1511.917 1512.403 1512.88 1513.07 1512.943 1511.766 1502.469 1500.052 1500.626 1501.379 1504.986 1506.186 1507.144 1508.444 1508.9 1509.331 1510.172 1510.728 1511.458 1512.26 1513.085 1513.052 1512.586 1511.926 1511.939 1512.564 1513.641 1514.195 1514.383 1514.526 1514.699 1514.647 1514.556 1514.463 1514.27 1513.922 1513.276 1510.739
1510.651 1510.955 1511.072 1511.158 1511.377 1512.161 1512.607 1512.936 1513.177 1513.157 1513.093 1508.113 1502.285 1500.315 1500.919 1504.699 1506.478 1507.559 1508.812 1509.291 1509.697 1510.429 1510.893 1511.592 1512.315 1512.995 1512.951 1512.829 1512.959 1512.734 1512.751 1513.066 1514.417 1514.591 1514.709 1514.772 1514.798 1514.775 1514.543 1514.365 1514.041 1513.374 1511.835
1511.385 1511.469 1511.479 1511.565 1511.711 1512.374 1512.804 1513.04 1513.413 1513.455 1513.48 1512.272 1508.876 1504.936 1504.201 1506.522 1507.467 1508.308 1509.486 1509.928 1510.262 1510.543 1511.24 1511.733 1512.557 1512.986 1512.993 1513.06 1513.368 1513.314 1513.181 1513.501 1514.609 1514.791 1514.9 1514.911 1514.829 1514.918 1514.669 1514.515 1514.244 1513.583 1512.531
1512.292 1512.417 1512.217 1512.071 1512.053 1512.656 1513.018 1513.242 1513.58 1513.607 1513.653 1513.374 1512.628 1511.364 1510.344 1508.49 1508.821 1509.412 1510.534 1510.772 1510.86 1510.986 1511.487 1511.729 1512.289 1512.996 1512.993 1513.026 1513.595 1513.808 1513.901 1514.161 1514.855 1515.059 1515.176 1515.112 1515.023 1515.06 1514.893 1514.7 1514.372 1513.825 1512.715
1512.807 1512.977 1512.83 1512.373 1512.265 1512.903 1513.138 1513.442 1513.748 1513.67 1513.673 1513.595 1513.186 1512.906 1512.383 1510.169 1510.06 1510.515 1512.284 1512.158 1511.8 1511.568 1511.699 1511.845 1511.99 1512.738 1512.802 1512.962 1513.719 1514.042 1514.329 1514.651 1515.083 1515.258 1515.38 1515.319 1515.24 1515.274 1515.082 1514.818 1514.434 1514.027 1512.714
1513.089 1513.105 1512.852 1512.58 1512.569 1513.107 1513.356 1513.655 1513.837 1513.893 1513.873 1513.726 1513.316 1512.972 1512.716 1511.161 1510.96 1511.333 1512.784 1513.012 1512.706 1512.127 1511.683 1511.816 1511.938 1512.553 1512.79 1513.026 1513.831 1514.246 1514.59 1514.885 1515.296 1515.466 1515.527 1515.523 1515.432 1515.476 1515.383 1514.979 1514.686 1514.255 1512.978
1512.983 1512.975 1512.615 1512.586 1512.667 1513.217 1513.448 1513.671 1513.791 1513.786 1513.788 1513.786 1513.363 1512.955 1512.795 1511.6 1511.613 1511.742 1512.874 1513.116 1512.938 1512.432 1511.829 1511.863 1512.076 1512.558 1512.916 1513.197 1513.517 1514.402 1514.769 1515.045 1515.507 1515.668 1515.75 1515.739 1515.736 1515.681 1515.562 1515.257 1514.975 1514.42 1513.435
1512.957 1512.726 1512.575 1512.612 1512.762 1513.139 1513.474 1513.77 1513.893 1513.88 1513.892 1513.969 1513.707 1513.307 1513.008 1512.093 1511.635 1511.906 1512.614 1513.162 1513.033 1512.776 1512.176 1512.129 1512.371 1512.806 1513.197 1513.488 1513.72 1514.577 1514.945 1515.255 1515.641 1515.829 1515.929 1516.001 1516.031 1515.939 1515.904 1515.586 1515.275 1514.846 1513.993
1512.877 1512.72 1512.684 1512.699 1512.772 1513.101 1513.366 1513.672 1513.849 1513.995 1513.988 1513.986 1513.862 1513.494 1513.114 1512.463 1512.241 1512.857 1513.021 1513.388 1513.309 1513.008 1512.553 1512.521 1512.623 1513.103 1513.431 1513.73 1514.003 1514.786 1515.151 1515.464 1515.876 1516.04 1516.151 1516.314 1516.35 1516.309 1516.318 1515.987 1515.693 1515.384 1514.696
1512.877 1512.758 1512.684 1512.697 1512.774 1513.057 1513.29 1513.663 1513.848 1514.133 1514.179 1514.106 1514.032 1513.825 1513.5 1512.914 1513.009 1513.267 1513.495 1513.564 1513.518 1513.279 1512.786 1512.667 1512.838 1513.344 1513.64 1513.948 1514.319 1515.023 1515.438 1515.686 1516.09 1516.25 1516.46 1516.65 1516.679 1516.723 1516.675 1516.42 1516.213 1515.984 1515.49
1512.969 1512.758 1512.702 1512.71 1512.79 1513.075 1513.248 1513.488 1513.809 1514.019 1514.095 1514.177 1514.343 1514.156 1513.896 1512.989 1513.15 1513.48 1513.798 1513.973 1513.917 1513.677 1513.084 1512.908 1512.878 1513.387 1513.825 1514.163 1514.47 1515.248 1515.672 1515.892 1516.41 1516.598 1516.776 1516.931 1517.042 1517.053 1517.021 1516.923 1516.804 1516.643 1516.211
1512.999 1512.932 1512.702 1512.71 1512.868 1513.072 1513.255 1513.504 1513.821 1514.132 1514.203 1514.279 1514.4 1514.405 1514.397 1514.075 1513.96 1513.986 1514.138 1514.21 1514.243 1514.08 1513.462 1513.077 1512.965 1512.955 1513.738 1514.307 1514.738 1515.515 1515.882 1516.163 1516.782 1517.001 1517.08 1517.285 1517.459 1517.493 1517.491 1517.492 1517.336 1517.226 1516.998
1513.105 1513.027 1512.917 1512.796 1512.868 1513.072 1513.258 1513.531 1513.915 1514.12 1514.196 1514.275 1514.555 1514.604 1514.583 1514.441 1514.422 1514.487 1514.484 1514.596 1514.551 1514.389 1513.94 1513.48 1513.051 1512.94 1513.636 1514.339 1514.935 1515.754 1516.19 1516.553 1517.139 1517.369 1517.552 1517.709 1517.966 1518.012 1518 1518.103 1518.065 1517.982 1517.748
1513.182 1513.084 1512.893 1512.784 1512.792 1512.922 1513.258 1513.639 1513.933 1514.138 1514.206 1514.278 1514.593 1514.547 1514.488 1514.562 1514.583 1514.597 1514.671 1514.685 1514.685 1514.68 1514.386 1514.045 1513.699 1513.286 1513.777 1514.523 1515.216 1516.154 1516.607 1516.981 1517.491 1517.653 1517.897 1518.185 1518.411 1518.535 1518.578 1518.729 1518.76 1518.668 1518.513
1513.099 1512.993 1512.919 1512.817 1512.826 1512.932 1513.329 1513.639 1513.933 1514.247 1514.288 1514.284 1514.32 1514.417 1514.492 1514.493 1514.521 1514.606 1514.678 1514.816 1514.98 1514.901 1514.902 1514.676 1514.436 1514.312 1514.63 1515.077 1515.63 1516.597 1516.914 1517.297 1517.998 1518.25 1518.462 1518.634 1518.973 1519.062 1519.186 1519.337 1519.37 1519.342 1519.377
1512.986 1512.984 1512.984 1513.006 1513.04 1513.032 1513.517 1513.739 1513.965 1514.247 1514.288 1514.287 1514.424 1514.501 1514.569 1514.572 1514.73 1514.79 1514.795 1514.926 1515.05 1515.275 1515.345 1515.36 1515.264 1515.234 1515.662 1515.964 1516.276 1517.097 1517.407 1517.791 1518.11 1518.701 1518.913 1519.13 1519.497 1519.586 1519.799 1519.981 1520.065 1520.058 1520.177
1512.988 1512.984 1512.99 1513.094 1513.276 1513.339 1513.651 1513.869 1514.066 1514.225 1514.273 1514.287 1514.424 1514.24 1514.306 1514.318 1514.593 1514.69 1514.861 1515.097 1515.128 1515.287 1515.522 1515.854 1516.004 1516.148 1516.459 1516.699 1517.001 1517.768 1518.092 1518.317 1518.615 1519.133 1519.414 1519.562 1520.056 1520.173 1520.33 1520.708 1520.812 1520.862 1521
1512.991 1512.976 1513.16 1513.381 1513.567 1513.581 1513.928 1514.015 1514.082 1514.161 1514.181 1514.264 1514.261 1514.24 1513.705 1513.832 1514.282 1514.477 1514.723 1515.13 1515.319 1515.41 1515.627 1516.091 1516.349 1516.726 1517.241 1517.524 1517.745 1518.332 1518.666 1519.027 1519.265 1519.667 1519.844 1520.135 1520.612 1520.821 1521.029 1521.339 1521.466 1521.608 1521.813
1513.1 1513.023 1513.163 1513.6 1513.712 1513.822 1513.985 1513.994 1514.025 1514.05 1514.071 1514.11 1514.025 1513.665 1513.705 1513.832 1513.693 1514.042 1514.378 1515.06 1515.268 1515.611 1515.929 1516.554 1516.861 1517.162 1517.768 1518.068 1518.366 1518.964 1519.268 1519.559 1519.784 1520.339 1520.537 1520.689 1521.068 1521.365 1521.585 1521.959 1522.197 1522.331 1522.548
