var/www/cgi-bin/BAERTOOLS/ravel/working/ravel-28416.DEM
NCOLS 89
NROWS 112
XLLCORNER 543650.24
YLLCORNER 4083886.8
CELLSIZE 10
NODATA_VALUE -9999
[rows 84 to 111 of 112, columns 0 to 62 of 89]
1503.283 1506.048 1508.926 1511.865 1515.009 1522.282 1525.738 1529.029 1532.326 1538.953 1542.007 1545.198 1548.501 1551.589 1557.3 1560.278 1562.26 1563.607 1565.062 1567.858 1569.206 1570.483 1571.696 1572.853 1574.589 1575.226 1575.892 1576.454 1577.252 1577.472 1577.643 1577.852 1577.737 1575.42 1573.256 1570.224 1566.513 1562.946 1558.763 1557.155 1555.546 1554.034 1550.997 1549.375 1547.454 1545.323 1543.179 1538.932 1536.669 1534.246 1531.678 1529.013 1524.139 1522.304 1520.574 1518.627 1516.463 1512.157 1510.338 1508.467 1506.144 1500.834 1499.022
1503.717 1506.593 1509.538 1512.595 1515.841 1523.083 1526.468 1529.66 1532.842 1539.351 1542.618 1545.866 1549.046 1552.115 1557.845 1560.604 1562.514 1563.863 1565.274 1568.058 1569.398 1570.666 1571.917 1573.123 1574.797 1575.463 1576.029 1576.458 1577.118 1577.485 1577.513 1577.407 1577.076 1574.077 1571.281 1567.928 1564.291 1561.203 1558.083 1556.427 1554.875 1553.413 1550.361 1548.651 1546.755 1544.73 1542.677 1538.68 1536.46 1533.91 1531.228 1528.606 1523.923 1521.984 1520.052 1518 1515.851 1511.726 1509.826 1507.817 1505.574 1500.987 1499.12
1504.053 1507.118 1510.212 1513.356 1516.65 1523.591 1526.937 1530.115 1533.249 1539.78 1543.112 1546.439 1549.625 1552.641 1558.302 1560.903 1562.682 1564.028 1565.493 1568.201 1569.522 1570.796 1572.043 1573.236 1574.968 1575.65 1576.163 1576.488 1576.93 1577.155 1577.416 1577.155 1576.121 1572.229 1569.219 1565.839 1562.708 1560.383 1557.325 1555.773 1554.258 1552.789 1549.744 1547.95 1546.081 1544.149 1542.209 1538.25 1536 1533.407 1530.718 1528.202 1523.693 1521.7 1519.676 1517.64 1515.681 1511.66 1509.594 1507.484 1505.338 1501.168 1499.184
1504.505 1507.591 1510.734 1513.954 1517.311 1524.051 1527.355 1530.527 1533.613 1536.792 1543.63 1547.03 1550.202 1553.168 1558.865 1561.301 1563.004 1564.319 1565.701 1568.422 1569.724 1570.986 1572.243 1573.419 1575.048 1575.672 1576.081 1576.398 1577.135 1577.092 1576.906 1576.35 1575.152 1570.344 1567.121 1563.833 1561.246 1559.584 1556.575 1555.115 1553.641 1552.207 1550.8 1547.362 1545.514 1543.678 1541.759 1537.764 1535.402 1532.876 1530.268 1527.633 1523.214 1521.338 1519.404 1517.426 1515.485 1511.555 1509.485 1507.419 1505.353 1501.35 1499.387
1504.901 1507.947 1511.087 1514.355 1517.751 1524.667 1527.868 1530.907 1533.964 1537.159 1544.065 1547.594 1550.795 1553.7 1559.5 1561.712 1563.305 1564.616 1565.94 1568.64 1569.889 1571.098 1572.341 1573.516 1575.081 1575.702 1576.105 1576.455 1576.968 1577.037 1576.46 1575.314 1573.633 1568.291 1565.027 1562.135 1560.156 1558.783 1555.842 1554.447 1553.065 1551.67 1550.235 1546.813 1544.978 1543.123 1541.218 1537.54 1534.983 1532.312 1529.725 1527.125 1522.795 1520.921 1519.014 1517.166 1515.395 1511.541 1509.475 1507.35 1505.245 1501.411 1499.386
1505.117 1508.166 1511.304 1514.612 1518.11 1525.071 1528.28 1531.348 1534.397 1537.584 1544.426 1547.822 1551.088 1554.237 1560.13 1562.108 1563.574 1564.897 1566.217 1568.818 1570.072 1571.266 1572.489 1573.637 1575.176 1575.773 1576.238 1576.567 1576.958 1576.542 1575.643 1574.111 1571.818 1566.103 1563.044 1560.871 1559.408 1557.954 1555.115 1553.798 1552.458 1551.041 1549.513 1546.131 1544.35 1542.506 1540.628 1536.69 1534.322 1531.717 1529.129 1526.703 1522.483 1520.599 1518.696 1516.912 1515.259 1511.406 1509.34 1507.217 1505.116 1501.271 1499.254
1505.276 1508.344 1511.437 1514.752 1518.372 1525.462 1528.629 1531.745 1534.893 1538.108 1544.971 1548.24 1551.489 1554.775 1560.852 1562.573 1563.878 1565.149 1566.419 1568.974 1570.178 1571.404 1572.7 1573.848 1575.294 1575.743 1576 1576.367 1576.394 1575.695 1574.436 1572.403 1569.813 1564.08 1561.596 1559.882 1558.533 1557.141 1554.486 1553.196 1551.903 1550.533 1548.972 1545.508 1543.709 1541.951 1540.195 1536.058 1533.581 1531.012 1528.416 1525.939 1522.006 1520.214 1518.41 1516.636 1514.92 1511.15 1509.092 1506.985 1504.891 1501.048 1499.096
1505.443 1508.486 1511.548 1514.874 1518.482 1525.44 1528.745 1532.109 1535.48 1538.762 1545.553 1548.967 1552.216 1555.439 1561.539 1563.038 1564.233 1565.473 1566.661 1569.156 1570.316 1571.509 1572.825 1573.975 1575.37 1575.802 1575.975 1576.094 1575.692 1574.481 1572.681 1570.401 1567.815 1562.374 1560.512 1559.093 1557.716 1556.361 1553.854 1552.635 1551.371 1549.96 1548.339 1544.853 1543.073 1541.31 1539.671 1535.62 1532.915 1530.19 1527.546 1525.172 1521.481 1519.685 1517.93 1516.208 1514.485 1510.703 1508.704 1506.694 1504.661 1500.815 1498.857
1505.506 1508.593 1511.722 1515.031 1518.538 1525.457 1528.867 1532.344 1535.804 1539.161 1545.895 1549.317 1552.674 1556.027 1561.878 1563.306 1564.425 1565.654 1566.877 1569.212 1570.379 1571.559 1572.818 1573.934 1575.299 1575.785 1576.041 1575.853 1575.193 1572.889 1570.79 1568.354 1565.781 1561.195 1559.661 1558.279 1556.923 1555.664 1553.199 1551.968 1550.73 1549.323 1547.646 1544.111 1542.405 1540.729 1539.073 1534.815 1532.14 1529.397 1526.764 1524.491 1520.942 1519.244 1517.521 1515.79 1514.047 1510.259 1508.274 1506.308 1504.341 1502.374 1498.517
1505.534 1508.646 1511.846 1515.14 1518.552 1525.466 1528.935 1532.388 1535.783 1539.168 1546.02 1549.396 1552.866 1556.384 1562.062 1563.456 1564.596 1565.769 1566.937 1569.283 1570.397 1571.526 1572.729 1573.834 1575.109 1575.569 1575.568 1574.988 1573.99 1570.819 1568.681 1566.315 1563.848 1560.158 1558.809 1557.433 1556.121 1554.91 1552.502 1551.277 1550.029 1548.555 1546.811 1543.356 1541.697 1540.032 1538.298 1533.836 1531.221 1528.628 1526.132 1523.953 1520.452 1518.78 1517.091 1515.371 1513.622 1509.831 1507.846 1505.922 1504.006 1502.021 1498.169
1505.574 1508.579 1511.694 1515 1518.472 1525.517 1528.902 1532.281 1535.708 1539.147 1546.079 1549.463 1552.978 1556.589 1562.132 1563.501 1564.705 1565.855 1566.94 1569.299 1570.412 1571.539 1572.745 1573.846 1575.09 1575.18 1574.552 1573.46 1572.181 1568.67 1566.617 1564.3 1562.111 1559.158 1557.859 1556.563 1555.298 1554.086 1551.844 1550.661 1549.224 1547.607 1545.945 1542.486 1540.815 1539.235 1537.499 1532.792 1530.244 1527.807 1525.53 1523.506 1519.984 1518.256 1516.614 1514.964 1513.183 1509.393 1507.43 1505.497 1503.571 1501.601 1497.849
1505.474 1508.419 1511.391 1514.625 1518.167 1525.183 1528.605 1532.128 1535.657 1539.107 1546.098 1549.498 1553.005 1556.604 1562.151 1563.468 1564.597 1565.759 1566.892 1569.202 1570.354 1571.542 1572.794 1573.912 1574.759 1574.042 1572.886 1571.58 1570.076 1566.636 1564.664 1562.577 1560.793 1558.203 1556.918 1555.67 1554.451 1553.264 1551.026 1549.866 1548.363 1546.673 1545.003 1541.507 1539.813 1538.205 1536.387 1531.664 1529.213 1526.78 1524.645 1522.873 1519.388 1517.704 1516.132 1514.527 1512.766 1508.948 1506.999 1505.062 1503.121 1501.177 1497.516
1505.286 1508.18 1511.135 1514.362 1517.8 1524.549 1528.149 1531.896 1535.585 1539.101 1546.005 1549.416 1552.871 1556.401 1562.057 1563.391 1564.532 1565.655 1566.708 1568.991 1570.218 1571.41 1572.536 1573.524 1573.474 1572.338 1571.037 1569.63 1568.077 1564.72 1562.871 1561.189 1559.796 1557.22 1555.932 1554.71 1553.539 1552.411 1550.112 1548.81 1547.324 1545.715 1544.021 1540.46 1538.757 1536.912 1534.886 1530.406 1528.068 1525.777 1523.808 1522.162 1518.787 1517.17 1515.606 1514.044 1512.359 1508.424 1506.517 1504.582 1502.648 1500.798 1497.169
1505.026 1507.959 1510.912 1514.076 1517.414 1524.079 1527.724 1531.575 1535.38 1538.934 1545.767 1549.12 1552.501 1555.932 1559.133 1563.084 1564.313 1565.507 1566.57 1568.746 1569.742 1570.845 1571.831 1572.38 1571.607 1570.441 1569.108 1567.667 1566.137 1562.807 1561.317 1560.034 1558.802 1556.241 1554.944 1553.761 1552.62 1551.487 1549.159 1547.704 1546.19 1544.627 1542.946 1539.474 1537.738 1535.694 1533.43 1531.223 1526.898 1524.881 1523.057 1521.394 1518.077 1516.582 1515.061 1513.477 1511.784 1507.9 1505.987 1504.108 1502.276 1500.451 1496.733
1504.726 1507.699 1510.641 1513.773 1517.092 1523.752 1527.402 1531.237 1535.015 1538.587 1545.422 1548.795 1552.117 1555.358 1558.408 1562.653 1564.04 1565.312 1566.451 1568.057 1568.964 1569.771 1570.176 1570.33 1569.537 1568.294 1567.013 1565.682 1564.16 1561.229 1560.096 1558.987 1557.777 1555.253 1554.014 1552.8 1551.632 1550.486 1548.021 1546.622 1545.089 1543.488 1541.88 1538.618 1536.672 1534.422 1532.046 1529.696 1525.405 1523.722 1522.139 1520.523 1517.403 1515.881 1514.41 1512.792 1510.984 1507.286 1505.411 1503.579 1501.773 1499.948 1496.315
1504.435 1507.404 1510.35 1513.487 1516.83 1523.623 1527.24 1530.932 1534.612 1538.209 1545.039 1548.435 1551.711 1554.807 1557.78 1562.376 1563.792 1565.066 1566.09 1567.222 1567.845 1568.185 1568.302 1568.318 1567.255 1566.19 1565.022 1563.726 1562.339 1560.083 1558.994 1557.847 1556.68 1554.313 1553.078 1551.881 1550.673 1549.421 1546.778 1545.396 1543.919 1542.39 1540.882 1537.724 1535.554 1533.118 1530.656 1528.17 1524.045 1522.598 1521.148 1519.616 1516.628 1515.099 1513.601 1511.996 1510.233 1506.589 1504.761 1502.972 1501.176 1499.362 1495.814
1504.235 1507.136 1510.067 1513.168 1516.482 1523.485 1527.048 1530.612 1534.188 1537.733 1544.646 1548.075 1551.292 1554.303 1557.259 1562.131 1563.724 1564.869 1565.514 1566.413 1566.922 1566.997 1566.793 1566.475 1565.211 1564.347 1563.232 1562.033 1560.957 1558.996 1557.963 1556.879 1555.752 1553.437 1552.26 1551.029 1549.752 1548.407 1545.592 1544.205 1542.758 1541.271 1539.813 1536.561 1534.283 1531.801 1529.257 1526.734 1523.102 1521.66 1520.17 1518.698 1515.747 1514.327 1512.739 1511.046 1509.36 1505.867 1504.083 1502.368 1500.636 1498.815 1495.192
1501.071 1506.841 1509.721 1512.779 1516.109 1523.067 1526.603 1530.203 1533.804 1537.3 1544.183 1547.509 1550.683 1553.773 1556.768 1561.789 1563.505 1564.517 1565.088 1565.898 1565.925 1565.565 1565.065 1564.687 1563.51 1562.596 1561.667 1560.787 1559.884 1557.843 1556.919 1555.911 1554.839 1552.685 1551.54 1550.321 1548.947 1547.458 1544.538 1543.093 1541.622 1540.141 1538.66 1535.103 1532.88 1530.456 1527.907 1525.56 1522.256 1520.774 1519.3 1517.801 1514.807 1513.334 1511.819 1510.16 1508.424 1504.974 1503.269 1501.632 1499.92 1498.088 1494.516
1500.881 1506.648 1509.465 1512.38 1515.606 1522.573 1526.103 1529.718 1533.364 1536.912 1543.638 1546.835 1549.98 1553.127 1556.209 1561.667 1563.385 1564.503 1565.093 1565.041 1564.666 1564.101 1563.636 1563.274 1562.044 1561.333 1560.504 1559.645 1558.814 1556.791 1555.862 1554.91 1553.896 1552.909 1550.821 1549.626 1548.149 1546.516 1543.45 1541.963 1540.482 1539.029 1537.485 1533.667 1531.437 1529.108 1526.762 1524.644 1521.512 1520.01 1518.503 1516.97 1513.863 1512.293 1510.772 1509.204 1507.553 1504.038 1502.37 1500.712 1499.002 1497.251 1493.725
1500.699 1506.385 1509.226 1512.181 1515.335 1522.096 1525.635 1529.235 1532.966 1536.632 1543.075 1546.162 1549.223 1552.381 1555.651 1561.563 1563.389 1564.385 1564.628 1564.084 1563.524 1562.829 1562.368 1562.022 1560.843 1560.158 1559.402 1558.576 1557.69 1555.834 1554.869 1553.878 1552.915 1551.988 1549.979 1548.676 1547.128 1545.527 1542.397 1540.846 1539.355 1537.863 1536.201 1532.246 1530.119 1527.886 1525.742 1523.903 1520.785 1519.281 1517.78 1516.277 1513.178 1511.507 1509.916 1508.353 1506.712 1503.155 1501.395 1499.687 1498.032 1496.379 1492.849
1500.52 1506.197 1509.047 1512.033 1515.101 1521.527 1524.856 1528.477 1532.324 1536.007 1542.481 1545.487 1548.431 1551.609 1555.093 1561.443 1563.441 1564.148 1564.022 1563.194 1562.528 1561.964 1561.424 1560.835 1559.711 1558.998 1558.271 1557.428 1556.472 1554.748 1553.826 1552.897 1551.948 1551.005 1548.896 1547.413 1545.875 1544.371 1541.229 1539.703 1538.205 1536.571 1534.781 1530.926 1528.92 1526.799 1524.82 1523.187 1520.116 1518.624 1517.134 1515.654 1512.601 1510.935 1509.255 1507.605 1505.942 1502.377 1500.541 1498.842 1497.202 1495.49 1491.919
1500.255 1505.843 1508.68 1511.635 1514.65 1520.773 1523.863 1527.551 1531.597 1535.441 1541.977 1544.953 1547.812 1550.965 1554.601 1561.366 1563.19 1563.59 1563.264 1562.257 1561.742 1561.159 1560.505 1559.847 1558.577 1557.927 1557.186 1556.317 1555.391 1553.606 1552.699 1551.845 1550.959 1549.976 1547.604 1546.123 1544.556 1542.958 1539.992 1538.589 1537.005 1535.236 1533.392 1529.667 1527.805 1525.896 1524.084 1522.468 1519.424 1517.986 1516.557 1515.103 1512.045 1510.372 1508.64 1506.914 1505.199 1501.773 1499.974 1498.186 1496.464 1494.709 1491.043
1499.786 1505.469 1508.178 1511.009 1513.942 1520.049 1523.281 1526.969 1531.002 1534.983 1541.665 1544.684 1547.69 1550.878 1554.366 1560.987 1562.619 1562.885 1562.503 1562.005 1560.89 1560.228 1559.568 1558.923 1557.542 1556.832 1555.994 1555.118 1554.279 1552.469 1551.555 1550.723 1549.843 1548.756 1546.234 1544.81 1543.237 1541.543 1538.52 1537.163 1535.54 1533.78 1531.982 1528.333 1526.574 1524.887 1523.274 1521.704 1518.633 1517.238 1515.913 1514.586 1511.491 1509.69 1507.929 1506.228 1504.56 1501.116 1499.37 1497.578 1495.743 1493.91 1490.22
1499.212 1504.907 1507.533 1510.151 1512.963 1519.429 1522.772 1526.474 1530.54 1534.615 1541.454 1544.552 1547.689 1550.794 1553.955 1559.833 1561.509 1562.019 1561.718 1561.182 1559.951 1559.351 1558.699 1557.959 1556.502 1555.712 1554.889 1554.028 1553.13 1551.324 1550.494 1549.616 1548.587 1547.419 1544.886 1543.4 1541.778 1540.079 1536.866 1535.428 1533.849 1532.148 1530.415 1526.909 1525.265 1523.727 1522.225 1520.74 1517.872 1516.515 1515.217 1513.882 1512.405 1509.027 1507.294 1505.595 1503.951 1500.603 1498.776 1496.955 1495.098 1493.216 1489.436
1498.545 1504.33 1506.929 1509.499 1512.203 1518.808 1522.261 1525.989 1530.037 1534.165 1541.344 1544.547 1547.732 1550.748 1553.541 1558.623 1560.129 1560.735 1560.651 1560.174 1559.095 1558.529 1557.869 1557.125 1555.574 1554.682 1553.835 1552.985 1552.081 1550.285 1549.348 1548.34 1547.238 1546.083 1543.551 1542.133 1540.617 1538.995 1535.557 1533.932 1532.282 1530.534 1528.768 1525.422 1523.952 1522.541 1521.125 1519.711 1516.974 1515.716 1514.403 1512.95 1511.395 1508.178 1506.502 1504.863 1503.284 1499.989 1498.17 1496.298 1494.425 1492.606 1489.064
1498.545 1504.33 1506.318 1508.954 1511.644 1518.196 1521.746 1525.497 1529.579 1533.799 1541.147 1544.514 1547.8 1550.606 1552.988 1557.371 1558.748 1559.479 1559.577 1559.273 1558.21 1557.657 1557.011 1556.203 1554.55 1553.704 1552.903 1552.002 1551.033 1549.176 1548.146 1547.021 1545.91 1544.821 1542.263 1540.94 1539.571 1538.072 1534.503 1532.704 1530.885 1528.919 1526.95 1524.063 1522.772 1521.389 1519.984 1518.61 1515.965 1514.722 1513.464 1512.006 1510.368 1507.165 1505.549 1504.014 1502.511 1499.198 1497.396 1495.498 1493.687 1492.006 1488.571
1497.772 1503.733 1506.318 1508.954 1511.644 1518.196 1521.746 1525.044 1529.124 1533.405 1540.933 1544.486 1547.849 1550.573 1552.703 1556.193 1557.404 1558.167 1558.452 1558.335 1557.422 1556.824 1556.066 1555.259 1553.693 1552.873 1552.002 1551.095 1550.177 1548.059 1546.911 1545.826 1544.695 1543.488 1541.104 1539.793 1538.549 1537.156 1533.469 1531.574 1529.697 1527.617 1525.588 1522.887 1521.68 1520.346 1518.896 1517.464 1514.855 1513.62 1512.325 1510.849 1509.258 1506.043 1504.498 1503.021 1501.522 1498.217 1496.472 1494.642 1492.884 1491.253 1487.869
1496.754 1503.054 1505.805 1508.462 1511.148 1514.165 1521.336 1525.044 1529.124 1533.405 1540.933 1544.486 1547.88 1550.539 1552.418 1555.659 1556.329 1556.755 1557.126 1557.125 1556.483 1555.892 1555.163 1554.456 1552.868 1552.03 1551.159 1550.273 1549.312 1547.011 1545.792 1544.621 1543.45 1542.217 1539.764 1538.545 1537.255 1535.77 1534.084 1530.504 1528.721 1526.944 1525.196 1522.048 1520.729 1519.335 1517.844 1516.371 1513.625 1512.334 1510.982 1509.547 1508.041 1504.9 1503.379 1501.958 1500.489 1497.1 1495.36 1493.662 1491.986 1490.394 1487.086
