var/www/cgi-bin/BAERTOOLS/ravel/working/ravel-23367.prodgrd.txt
NCOLS 89
NROWS 110
XLLCORNER 677881.89
YLLCORNER 4377654.9
CELLSIZE 10
NODATA_VALUE -9999
[rows 0 to 27 of 110, columns 0 to 62 of 89]
0 0 -26.555146 -26.229843 0 -28.156665 -26.236565 -26.327963 -27.601241 -34.731017 -26.217862 -30.122293 -30.114778 -26.904044 -26.236515 -26.628063 -26.505985 -26.459897 -26.354894 -26.73337 -27.631333 -27.780631 -26.45243 -26.658098 -26.760299 -26.867556 -26.357479 -26.886642 -26.626842 -26.50102 -26.382397 -39.513846 -32.511157 -27.720781 -26.758434 -27.923211 -29.076275 -29.467951 -28.181835 -28.121974 -28.029564 -27.520343 -26.612884 -26.632818 -26.671011 -26.896361 -31.807926 -39.491443 -30.20055 -26.343126 -27.672805 -27.813976 -27.199547 -26.670294 -32.00961 -33.535775 0 -27.483183 -36.873655 -38.278809 -31.225988 -26.695226 -27.467933
0 -26.698637 -26.329794 -26.256165 -26.229843 -26.957754 -26.326786 -26.196812 -26.196812 -27.601241 -26.256982 -26.217862 -26.40883 -26.992719 -26.211156 -26.236515 -26.482202 -26.505985 -26.459897 -26.354894 -26.522744 -26.440165 -26.308052 -26.45243 -26.658098 -26.760299 -26.36785 -26.357479 -26.637645 -26.599486 -26.299072 -26.382397 -27.182081 -26.708373 -26.346519 -26.239787 -26.39444 -26.594606 -26.801928 -26.864234 -27.867563 -27.065855 -26.72732 -26.612884 -26.632818 -26.671011 -26.896361 -31.807926 -27.557268 -26.593683 -26.343126 -27.375349 -27.199547 -26.558374 -26.670294 -27.344302 -27.900269 -26.497289 -26.588359 -26.978474 -26.858024 -26.323651 -26.436462
-30.736531 -26.428466 -26.410316 -26.329794 -26.256165 -26.927449 -26.549068 -26.239071 -26.196812 -31.854631 -26.347623 -26.261054 -26.313879 -27.776426 -26.263124 -26.211156 -26.44661 -26.482202 -26.350539 -26.396199 -26.402846 -26.457752 -26.396338 -26.308052 -26.611721 -26.837302 -26.385968 -26.36785 -26.80453 -26.637645 -26.263591 -26.299072 -26.765586 -26.483307 -26.239787 -26.239065 -26.300134 -26.312488 -26.373598 -26.451218 -27.768353 -27.803395 -27.065855 -26.72732 -27.213152 -27.882988 -27.152445 -26.939064 -27.214065 -26.97979 -26.326271 -26.626947 -26.47255 -26.558374 -26.558374 -27.900269 -27.105209 -26.588359 -26.540962 -26.547935 -27.26009 -26.436462 -26.595956
-26.800194 -26.399778 -26.428466 -26.410316 -26.376252 -27.177026 -26.669419 -26.3026 -26.239071 -27.419911 -26.900079 -26.330955 -26.261054 -27.91673 -26.316209 -26.237361 -26.267047 -26.669022 -27.000642 -26.350539 -26.396199 -26.402846 -26.457752 -26.396338 -26.697126 -26.555283 -26.371746 -26.385968 -26.608259 -26.632092 -26.283137 -26.263591 -26.683509 -26.588958 -26.239065 -26.300134 -26.312488 -26.373598 -26.451218 -26.425221 -27.067165 -29.453112 0 -31.779667 -39.484792 -39.106735 -26.68644 -27.100306 -27.175126 -26.893098 -26.273185 -26.326271 -26.398486 -26.47255 -26.558374 -27.105209 -27.012674 -26.458384 -26.492934 -26.407951 -27.122636 -26.608276 -26.567086
-26.911714 -26.800194 -26.399778 -26.542992 -26.485835 -27.966841 -27.177026 -26.397805 -26.3026 -30.911769 -27.419911 -26.330955 -26.30456 -33.612023 -27.436175 -26.274451 -26.237361 -28.376989 -29.67283 -26.819367 -27.522394 -27.140737 -26.974713 -26.614386 -26.643646 -26.620466 -26.555283 -26.371746 -26.660718 -26.608259 -26.376427 -26.283137 -27.344702 0 -26.523083 -26.677782 -26.682414 -26.630221 -26.425221 -26.723288 -27.964102 -29.797669 -39.488501 -29.248817 -27.716181 -27.172014 -26.497947 -26.68644 -26.62276 -26.4616 -26.20521 -26.273185 -26.357961 -26.398486 -26.9946 -39.489972 -26.458384 -26.492934 -26.407951 -26.32303 -26.858938 -26.567086 -26.639434
-27.816458 -26.911714 -27.024256 -26.651826 -26.542992 0 -30.254394 -26.404724 -26.3026 -29.149969 -28.209447 -26.30456 -26.243035 -28.601673 -27.209835 -26.258276 -26.230195 -27.4128 -27.257703 -26.937465 -26.580864 -39.486146 -36.098307 -26.769108 -27.360837 -26.643646 -26.620466 -26.567143 -26.669598 -26.660718 -26.856169 -26.376427 -27.216224 0 -27.565695 -26.981281 -26.65735 -26.535405 -26.594512 -26.509457 -27.799944 -27.950186 -26.98548 -26.797649 -26.904298 -27.017835 -26.476179 -26.497947 -26.461062 -26.454388 -26.240864 -26.20521 -26.392881 -26.924259 -27.53785 -27.391632 0 -27.445465 -26.32303 -26.858938 -26.820797 -26.938518 -26.538805
0 -27.816458 -39.499679 -26.587058 -26.600651 -30.447205 -26.885251 -26.3026 -26.255238 -28.209447 -27.95661 -26.243035 -26.220588 -26.617073 -26.673414 -26.230195 -26.276603 -27.212435 -27.004203 -26.580864 -26.38108 0 0 -26.869628 -26.769108 -27.612913 -27.056425 -26.819992 -26.567143 -27.441771 -27.58438 -26.28604 -26.519447 -27.444909 -27.224008 -26.65735 -26.48475 -26.472362 -26.375401 -26.272881 -26.670971 -27.001885 -27.169827 -26.98548 -26.797649 -26.904298 -26.491388 -26.476179 -26.592265 -26.461062 -26.316515 -26.240864 -26.831686 -27.598745 -26.757212 -27.53785 -27.445465 -27.333184 -26.601451 -26.820797 -26.952942 -27.025792 -26.570224
0 0 0 -26.600651 -26.477004 -36.571302 -26.767277 -26.255238 -26.22115 -28.808901 -27.448154 -26.220588 -26.230171 -26.521898 -26.686524 -26.276603 -26.250507 -27.004203 -26.994031 -26.38108 -26.303332 -27.866019 0 -26.904479 -26.646079 0 -27.778806 -26.902201 -27.205634 -28.156047 -26.888737 -26.264088 -26.28604 -26.776063 -27.153033 -26.48475 -26.472362 -26.375401 -26.272881 -26.33606 -26.348445 -26.616702 -26.721346 -27.049011 -27.393694 -27.53806 -26.580684 -26.491388 -26.664707 -26.629676 -26.409126 -26.316515 -27.258615 -26.956536 -26.528732 -26.757212 -27.333184 -26.601451 -26.619139 -26.269316 -27.025792 -27.059102 -26.555023
-27.951696 -26.608259 -32.551414 -26.477004 -26.394399 -26.430592 -27.239741 -26.22115 -26.226772 -34.343685 -27.495163 -26.230171 -26.244007 -26.533368 -26.620125 -26.250507 -26.191145 -27.068883 -26.787627 -26.303332 -26.282737 -26.927068 -27.437089 -26.646079 -26.528584 -28.180628 -28.326513 -26.755387 -26.565424 -30.499515 -27.330199 -26.26317 -26.264088 -26.588513 -26.776063 -26.554097 -26.748597 -26.519459 -26.33606 -26.348445 -26.616702 -26.721346 -26.930201 -27.481034 -27.344943 -27.836411 -26.607408 -26.580684 -26.816669 -26.735665 -26.444666 -26.409126 -26.916527 -26.963972 -26.405342 -26.528732 -27.017468 -26.619139 -26.269316 -26.231083 -26.567186 -26.876144 -26.488009
-26.858217 -26.608587 0 -26.394399 -26.430592 -26.347784 0 -26.226772 -26.271937 -26.338754 -28.394643 -26.244007 -26.249676 -26.570873 -26.589512 -26.191145 -26.18698 -26.752692 -26.900797 -26.282737 -26.300706 -26.835133 -26.716832 -26.528584 -26.441975 -28.02127 -27.886608 -26.53724 -26.374914 -34.291575 -32.253703 -26.302503 -26.26317 -26.644879 -26.991455 -27.110757 -26.519459 -26.538278 -26.383274 -26.338998 -26.31138 -26.831778 -27.730524 -33.543331 -34.16558 -28.857625 -28.04508 -26.607408 -26.858155 -26.820947 -26.837706 -26.444666 -26.970021 -26.916527 -26.370678 -26.405342 -26.721576 -26.443565 -26.231083 -26.190861 -26.427549 -26.623018 -26.709063
-26.760853 -26.586448 0 -28.592707 -26.347784 -26.36417 0 -26.271937 -26.338754 -26.405306 -39.534337 -26.249676 -26.31493 -26.2422 -26.628588 -26.18698 -26.203008 -26.646412 -26.89972 -26.300706 -26.519734 -26.716832 -26.706289 -26.441975 -26.35697 -27.835814 -27.953562 -26.374914 -26.390185 -28.150091 -26.973745 -26.335895 -26.28509 -28.871806 -28.458017 -27.131869 -26.634063 -26.383274 -26.338998 -26.31138 -26.22204 -26.306938 -26.403834 -26.593153 -27.088525 -27.415192 -27.655383 -26.586052 -26.987766 -26.858155 -26.914781 -26.489311 -26.961057 -26.970021 -27.052582 -26.370678 -27.734514 -26.659926 -26.190861 -26.243017 -26.28781 -26.383326 -26.549951
-26.737203 -26.700371 0 0 -26.36417 -26.42119 0 0 -26.405306 -26.513584 0 -26.31493 -26.2422 -26.293129 -26.645857 -26.203008 -26.217715 -26.225008 -26.833591 -26.519734 -26.564731 -26.706289 -26.7482 -26.35697 -26.303496 -27.213739 -27.511484 -26.390185 -26.409015 -26.973745 -26.92188 -26.28509 -26.238401 -28.576723 -39.484439 -26.645764 -27.131869 -26.667301 -26.353925 -26.22204 -26.306938 -26.403834 -26.420194 -26.423323 -26.459532 -26.810277 -27.415192 -26.698875 -26.586052 -27.08304 -27.187305 -26.524798 -26.489311 -27.218786 -26.944883 -26.403451 -32.004152 0 -26.243017 -26.28781 -26.268078 -26.381673 -26.425622
-26.867556 -26.867556 0 0 -26.32845 -26.39999 -31.054777 -39.505559 -26.550676 -26.543777 0 0 -26.293129 -26.329553 -26.738167 -26.217715 -26.225008 -26.236788 -26.928976 -26.564731 -26.332172 -26.394743 -26.760299 -26.303496 -26.298479 -26.288815 -27.156282 -26.409015 -26.407156 -26.92188 -26.642803 -26.238401 -26.216527 -27.019766 -27.158895 -26.694295 -26.632464 -35.284119 -27.547657 -26.425839 -26.502113 -26.420194 -26.423323 -26.459532 -26.681857 -26.816256 -27.354955 -26.576045 -26.698875 -27.028363 -27.178994 -26.584731 -26.524798 -26.635115 -26.509584 -26.380124 -26.403451 -32.004152 -26.424741 -26.268078 -26.315701 -26.441767 -26.394013
-27.195734 -27.102833 0 -29.023379 -26.298834 -26.32845 -28.276299 -31.054777 -26.728635 -26.632109 0 0 -26.329553 -26.381531 -27.046579 -26.68011 -26.236788 -26.24619 -26.808796 -26.332172 -26.394743 -26.39323 -28.389572 -26.298479 -26.288815 -26.305385 -27.11592 -26.407156 -26.399212 -26.423744 -26.601451 -26.216527 -26.209773 -26.841516 -26.883311 -26.511443 -26.348364 0 0 -26.840764 -26.653259 -26.544433 -26.478836 -26.536359 -26.645617 -28.686208 -28.942572 -26.889928 -26.576045 -26.857209 -27.378878 -26.461978 -26.444027 -26.366405 -26.392335 -26.32291 -26.380124 -28.374988 -27.170859 -26.315701 -26.333784 -26.411311 -26.350871
-26.788728 -27.195734 -27.52445 -26.835751 -26.281889 -26.298834 -27.6925 -32.348696 -27.023791 -26.910243 0 0 -26.43499 -26.41302 -28.425525 -26.680726 -26.24619 -26.273586 -26.937076 -26.868558 -26.39323 -26.34967 -35.877335 -28.669369 -26.305385 -26.444149 -27.569614 -26.399212 -26.423744 -26.431456 -26.709888 -26.209773 -26.206587 -26.222328 -27.059848 -26.348364 -26.287626 -34.075013 0 -27.27238 -26.544433 -26.478836 -26.44926 -26.360915 -26.34921 -27.345183 -30.03821 -27.223212 -26.889928 -27.817336 -27.488654 -26.251928 -26.308735 -26.357893 -26.366405 -26.355447 -26.32291 -27.206472 -26.950454 -26.333784 -26.348558 -26.350871 -26.439873
-26.509181 -26.788728 -26.638367 -26.581462 -26.269084 -26.281889 -27.408392 -31.721064 -26.87973 -27.174576 -28.34245 -38.933979 -26.524079 -26.529862 0 -27.160683 -26.273586 -26.312531 -27.835664 -26.85216 -26.34967 -26.375064 -28.669369 0 -26.444149 -26.448563 -28.571438 -29.447836 -26.431456 -26.516452 -26.84969 -26.206587 -26.222328 -26.204749 -27.104128 -26.287626 -26.285415 -26.300377 -30.316229 -26.513094 -27.145659 -26.44926 -26.360915 -26.34921 -26.289954 -26.503974 -26.772081 -26.899684 -26.844666 -26.662852 -26.460648 -26.209611 -26.251928 -26.308735 -26.357893 -26.344693 -26.355447 -27.171467 -26.806657 -26.348558 -26.287297 -26.444149 -26.361383
-26.673012 -26.509181 -26.454892 -26.564731 -26.300026 -26.269084 -27.132721 -29.003264 -26.446081 -26.574798 -26.956942 -28.030544 -26.502941 -26.524079 -34.017641 -27.438005 -26.334238 -26.339927 0 -27.984132 -26.375064 -26.378206 0 -34.663984 -26.448563 -26.37644 -32.976702 0 -26.516452 -26.573615 -27.199037 -26.594418 -26.204749 -26.193119 -27.028503 -26.285415 -26.300377 -26.298289 -27.646206 -26.490161 -26.404971 -26.986946 -26.518457 -26.289954 -26.360667 -26.27811 -26.324204 -26.389989 -26.457103 -26.455176 -26.444368 -26.242021 -26.209611 -26.384626 -26.424989 -26.299353 -26.344693 -26.605225 -26.49853 -26.287297 -26.186326 -26.379401 -26.483327
-26.957754 -26.196282 -26.320566 -26.454892 -26.564731 -26.300026 -28.698089 -33.510698 -26.372034 -26.446081 -26.574798 -26.956942 -26.538586 -26.502941 -27.117024 -26.648455 -26.322674 -26.35816 0 -29.991079 -26.378206 -26.405962 0 -39.475546 -26.37644 -26.433486 -37.427723 0 -26.573615 -26.68196 -29.441527 -26.684878 -26.193119 -26.201062 -26.965291 -27.344302 -26.298289 -26.301932 -27.207182 -26.404971 -26.410735 -26.40335 -39.477843 -26.384475 -26.27811 -26.324204 -26.389989 -26.452975 -26.499236 -26.457103 -26.455176 -26.248675 -26.242021 -26.409773 -26.43167 -26.291946 -26.299353 -26.650436 -26.314926 -26.186326 -26.190553 -26.282337 -26.32013
-26.653335 -26.201576 -26.196282 -26.493375 -26.754201 -26.629465 -27.989378 -27.958308 -26.686732 -26.372034 -27.23838 -27.318696 -26.581912 -26.538586 -26.663125 -26.575238 -26.340954 -26.322674 -28.701319 -27.277638 -26.362474 -26.408238 -39.513787 -27.364127 -26.346503 -26.494999 0 0 -26.68196 -26.822083 0 -27.306785 -26.201062 -26.224628 -27.038728 -27.931989 -26.301932 -26.321209 -26.941532 -26.725916 -26.365142 -26.270526 0 -39.477843 -26.739861 -26.458654 -26.464966 -26.499236 -26.411589 -26.35824 -26.338357 -26.326275 -26.248675 -26.395581 -26.452176 -26.288745 -26.291946 -26.664453 -26.754277 -26.190553 -26.282337 -26.32013 -26.318791
-26.590437 -26.22539 -26.201576 -26.731706 -27.032691 -26.765975 -26.629465 -27.439839 -27.224938 -26.432821 -26.841673 -27.368262 -26.960607 -26.581912 -26.511837 -26.623724 -26.351467 -26.340954 -27.218325 -26.983205 -26.31184 -26.362474 -27.000642 -26.786256 -26.330518 -26.346503 -28.5779 0 -26.809609 -26.822083 0 -31.801954 -26.224628 -26.261866 -27.133518 -28.389066 -26.321209 -26.351221 -26.725916 -26.658789 -26.270526 -26.219928 -29.57226 -39.482025 -27.365117 -27.153977 -26.492557 -26.383971 -26.227418 -26.239413 -26.242255 -26.274952 -26.326275 -26.412816 -26.570109 -26.644879 -26.288745 -26.719093 -28.35467 -26.31235 -26.343931 -26.318791 -26.328192
-26.615895 -26.256369 -26.22539 -26.981068 -27.790519 -26.721415 -26.765975 -27.15121 -27.439839 -26.543123 -26.432821 -39.492032 -26.833591 -26.239172 -26.453065 -26.511837 -26.623724 -26.351467 -26.702114 -26.699503 -26.270828 -26.31184 -26.550542 -26.607441 -26.333104 -26.330518 -27.807729 -31.084384 -26.731991 -26.809609 0 0 -26.286334 -26.304634 -27.461944 -28.306777 -26.351221 -26.362358 -26.700784 -26.549416 -26.219928 -26.188467 -27.222284 -28.13403 -26.71114 -26.900294 -26.618155 -26.492557 -26.319247 -26.227418 -26.239413 -26.242255 -26.274952 -26.329616 -26.688492 -26.760478 -26.702595 -31.44633 -35.291764 -26.492503 -26.583597 -26.425726 -26.398838
-26.734325 -26.300345 -26.256369 -27.153564 -29.579626 -26.552564 -26.721415 -27.055388 -27.15121 -26.728165 -26.543123 -26.675227 -26.486883 -26.237111 -26.239172 -26.57656 -26.588589 -26.265351 -26.641816 -26.554328 -26.510217 -26.270828 -26.55392 -26.550542 -26.607441 -26.333104 -27.799657 -28.815208 -26.672471 -26.731991 0 -30.672789 -26.338261 -26.402666 -28.306777 -29.049112 -26.362358 -26.406481 -26.850426 -26.646282 -26.188467 -26.185505 -26.535977 -26.708506 -26.528126 -26.385961 -27.265318 -26.618155 -26.589789 -26.319247 -26.398944 -26.424517 -26.5955 -26.935173 -26.999799 -26.835009 -26.760196 -26.965043 0 -26.583597 -26.425726 -26.435065 -26.612485
-27.065352 -26.369174 -26.300345 -27.819387 0 -26.360218 -26.552564 -26.77412 -27.055388 -26.950494 -26.728165 -26.535519 -26.550139 -26.249125 -26.237111 -26.598263 -26.568715 -26.294968 -26.265351 -26.641816 -26.554328 -26.275422 -26.506894 -26.55392 -26.740347 -26.494186 -27.440575 -27.953731 -28.815208 -26.672471 -39.489913 -29.776698 -26.471878 -26.402666 0 -34.060593 -26.406481 -26.494077 -27.009233 -26.82842 -26.185505 -26.22019 -26.456946 -26.475227 -26.385961 -26.302999 -26.97733 -27.337055 -27.13204 -26.844255 -31.289334 0 -27.302937 -27.03307 -26.722107 -26.537394 -26.498277 -26.760196 -26.969188 -27.086533 -26.435065 -26.426668 -26.845457
-27.923263 -26.522865 -26.369174 -31.032236 0 -26.24833 -26.360218 -26.631932 -27.897393 -26.628763 -26.499822 -26.601612 -26.535519 -26.26692 -26.249125 -26.592452 -26.601772 -26.356519 -26.294968 -26.684027 -26.543123 -26.28531 -26.275422 -26.682785 -26.72629 -26.520958 -26.494186 -28.946413 -31.022158 -26.735689 -34.854328 -30.871482 -26.79155 -26.471878 -27.768769 0 -26.494077 -26.598914 -27.438096 -27.103534 -26.22019 -26.273586 -26.475227 -26.452847 -26.302999 -26.269113 -26.967733 -26.951776 -26.782439 -26.515226 0 0 -26.801216 -26.848955 -26.504278 -26.410787 -26.475487 -26.498277 -26.58686 -26.599343 -26.426668 -26.374323 -26.676685
-31.431911 -26.696481 -26.522865 -37.724551 -27.715659 -26.208735 -26.24833 -26.905495 0 -26.382955 -26.572611 -26.499822 -26.601612 -26.282454 -26.26692 -26.834824 -26.744744 -26.362067 -26.356519 -26.600331 -26.580416 -26.302824 -26.28531 -26.708951 -26.799882 -26.564575 -26.520958 -29.037213 -29.52044 -26.718407 -26.735689 -39.470067 -30.012365 -27.148398 -27.724969 0 -26.598914 -26.700219 -26.672912 -27.709551 -26.273586 -26.336125 -26.452847 -26.480058 -26.269113 -26.241646 -26.951776 -26.89285 -26.515226 -26.41848 -36.581214 0 -26.650379 -26.801216 -26.848955 -26.504278 -26.410787 -26.475487 -26.599343 -26.495683 -26.374323 -26.321315 -26.627208
-28.921621 -28.586764 -26.696481 -27.139585 -26.495542 -26.257158 -26.208735 -28.271717 -37.847645 -26.322905 -26.382955 -26.572611 -27.048524 -26.313269 -26.282454 -27.340628 -27.4289 -26.313399 -26.362067 -26.814047 -26.600331 -26.29777 -26.302824 -26.731777 -26.759046 -26.660699 -26.564575 -27.704902 -27.552555 -26.616231 -26.718407 -32.851739 -39.488442 -27.404361 -27.148398 0 -26.700219 -26.672912 -26.858318 -36.107352 -26.336125 -26.436496 -26.337477 -26.387565 -26.241646 -26.227852 -26.296826 -26.955079 -26.41848 -26.377226 -28.347811 -27.483468 -26.721507 -26.650379 -27.274896 -27.303013 -27.12381 -26.921353 -26.495683 -26.472807 -26.321315 -26.233464 -26.528819
-26.859298 -26.829607 -26.45581 -26.601291 -26.509181 -26.495542 -26.257158 -33.98926 0 -26.328977 -26.322905 -26.896859 -27.352681 -26.386894 -26.313269 -28.619793 -27.456566 -26.312402 -26.313399 -26.830829 -26.715923 -26.298171 -26.29777 -26.752667 -26.825601 -26.481584 -26.625453 -26.51397 -26.582693 -26.492471 -26.616231 -27.033353 -27.511586 -27.074174 -27.404361 0 0 -26.909802 -26.858318 0 -26.436496 -26.337477 -26.483172 -26.412054 -26.227852 -26.296826 -26.281738 -27.12113 -26.377226 -26.367043 -26.382663 -27.076326 -26.568701 -26.402889 0 0 -30.342806 -27.12381 -26.723264 -26.402803 -26.233464 -26.26494 -26.303683
-26.79991 -26.859298 -26.494565 -26.45581 -26.601291 -26.509181 -27.048037 0 -39.536683 -26.480457 -26.328977 -26.973032 -28.625889 -26.440939 -26.386894 -29.822108 -28.00707 -26.347784 -26.312402 -27.068377 -26.830829 -26.301924 -26.298171 -27.345183 -27.01857 -26.29547 -26.387153 -26.457168 -26.51397 -26.335875 -26.492471 -26.692124 -27.033353 -26.806917 -27.074174 -29.858702 -39.463819 -26.922295 -26.947103 0 0 -26.483172 -26.665727 -26.478653 -26.515402 -26.281738 -26.269731 -27.089681 -26.367043 -26.382663 -26.385401 -27.1939 -26.402889 -26.365284 -26.465273 0 -29.101488 -28.063026 0 -28.893529 -26.26494 -26.303683 -26.361105
