var/www/cgi-bin/BAERTOOLS/ravel/working/ravel-5155.depgrd.txt
NCOLS 88
NROWS 114
XLLCORNER 772875.31
YLLCORNER 3877126.5
CELLSIZE 10
NODATA_VALUE -9999
[rows 28 to 55 of 114, columns 0 to 62 of 88]
0 224.08544 0.11962709 0.096168247 0.10621245 0.067768631 0.061977926 0.062477745 0.048687578 0.14784358 0 3.1086245e-15 1.7763568e-15 0.042135995 0.013716093 -7.1054274e-15 0 0 0.0097349389 0 0 0 0 0 0 -3.5527137e-15 0 3.5527137e-15 3.5527137e-15 3.5527137e-15 -3.5527137e-15 0.046823915 -3.5527137e-15 1.0658141e-14 0.05644149 0.078539716 0.06558978 0.026466626 1.0658141e-14 -7.1054274e-15 0.28408867 0.39576184 0.27654675 0.53903847 0.18253304 0.99457274 0.22090756 -3.5527137e-15 0.16020596 0.06803587 0.10632643 0.031350313 0.24790969 0.99282348 0.42448376 0.54393445 1.3015842 -3.5527137e-15 0.15647969 0.013071079 0.082983832 0.055968039 0.044282548
0 4.6515477 329.72609 0.066938048 0.036802769 0.19820911 0.16492366 3.5527137e-15 0.17912942 0.045046133 0.12627186 -8.8817842e-16 0 0 0 0.060149287 94.910738 0.0040371288 0.021583792 0 0 0 0 3.372964 0 0 0 -3.5527137e-15 0 3.5527137e-15 0 0 0 -1.0658141e-14 0.065641078 1.4210855e-14 0.038712369 7.1054274e-15 0.095072034 3.5527137e-15 0.16719915 0.13785541 0.34389367 0.71712295 0.80459248 0.80253845 0.5599599 0.035098329 0.11309626 0.11558815 0.19573834 0.091870293 0.017399556 0.13350008 0.49242404 0.47170865 0.21348449 0.31048858 0.23953173 0.071691324 0.1078062 0.11370124 0.16034892
0 0 258.22379 0.28029809 0.10981342 0.057214734 0.20066613 0.10400806 0.048198996 -3.5527137e-15 -3.5527137e-15 0.073246094 5.5511151e-15 0 0 0 0 109.52912 -1.7763568e-15 0.0235107 0.016122402 0 0 0 0 0 0 -3.5527137e-15 -3.5527137e-15 0 0 3.5527137e-15 0 0 0.055496308 0.018442272 0.012056476 0.11682957 0.16265984 -3.5527137e-15 0.20591775 0.12765399 0.56963249 0.24745306 0.75222709 0.46399522 0.56936814 0.1606423 0.27099971 0.16582235 0.054126982 -3.5527137e-15 0.014063143 -1.4210855e-14 0.14832616 0.49687855 0.13126976 0.58792751 0.061330218 0.040027301 0.030223722 0.053902727 0.15504308
0 0 240.74554 0.17307128 0.24484613 0.11456049 0.1177999 0.10724195 0 0.063742097 0.023508966 -2.6645353e-15 1.110223e-16 0 0 0 0 0 85.294125 0.029370597 -7.1054274e-15 -1.3322676e-15 -8.8817842e-16 0 0 0 0 0 0 0 0 -7.1054274e-15 0 -3.5527137e-15 -7.1054274e-15 0.011969489 0.046882401 0.025997892 0.1071767 1.0658141e-14 0.19911514 0.19495504 0.4666947 0.19455846 0.81282346 0.3180955 0.16880016 0.20332133 0.1328146 0.10741667 0.065689318 0.098962158 0 -7.1054274e-15 0.05555606 0.3792863 0.20430047 0.31045429 0.086501947 0.078476734 0.025032872 0.054923207 0.015131037
0 0 195.93698 0.13742755 0.03525429 0.13383906 0.11970355 0 0.037617439 3.5527137e-15 0.047859361 0.023296966 0 7.1054274e-15 0 0 0 0 0 68.06751 0.043417566 56.696897 72.412569 0 0 0 0 0 0 0 0 0 3.5527137e-15 -3.5527137e-15 3.5527137e-15 0.040243628 0.0038937071 0.069784318 0.089345717 1.0658141e-14 0.118314 0.0099197778 0.28152099 0.35032567 0.31409867 0.30573227 0.20019333 0.041104231 0.063678976 -3.5527137e-15 0.054000179 0.054112463 0.011110804 0 0.030097046 0.050366306 0.22795451 0.14719262 0.19126719 -3.5527137e-15 0.020583865 0.029132222 0.062548499
0 0 144.81195 0.037516913 7.1054274e-15 3.5527137e-15 0.094882987 0.062959605 3.5527137e-15 0 3.5527137e-15 1.9984014e-15 0.012149389 0.026961463 0.0068829787 0 0 0 0 3.1168872 -4.3021142e-16 0 61.325198 0.00076940702 0.031212558 0 0 0 0 0 0 0 0 0 0 3.5527137e-15 0.066430626 0.013614626 0 -1.0658141e-14 0.0010734502 0.032883645 0.2406581 0.05882684 0.12298894 0.13227317 0.15985533 0 0.21837815 0.10874406 0 0.036445286 0.024332024 0.022167844 0.035597815 0.033912587 0.14585428 0.19973094 0.020145598 0 0.022044171 0.020764937 -3.5527137e-15
0 0 233.02687 3.5527137e-15 0.048533729 0.045691945 0.039786931 -7.9936058e-15 0 -3.5527137e-15 7.1054274e-15 0.012007952 1.110223e-16 0.0040934986 -3.5527137e-15 0 7.1054274e-15 0 0 0 0.021711966 26.540583 54.711304 0.8857634 -3.5527137e-15 0.010673854 0 0 0 0 0 0 0 0 0 0 0 0.027645081 7.1054274e-15 -1.0658141e-14 1.0658141e-14 0 0.047684188 -3.5527137e-15 0.1245284 0.1610772 0.068462886 -3.5527137e-15 0.031899016 0.023982175 0.095019001 0.041442659 1.0658141e-14 -3.5527137e-15 0 -1.4210855e-14 0.26943526 0.24721953 0 0.088860266 0.021495585 0 3.5527137e-15
0 0 213.09371 342.35491 0.15328089 0.051768619 0.027622569 0.10893385 0.038468506 0.048606706 -3.5527137e-15 3.5527137e-15 0.0031396932 -1.7763568e-15 0.010224765 0.023624708 0 0 0 0.012852677 0 0 0 124.17331 0.0047251332 0.038627803 0.014678728 0 0 0 0 0 0 0 0 0 0 0 -3.5527137e-15 -7.1054274e-15 -7.1054274e-15 1.4210855e-14 0.022178876 0.1761124 -3.5527137e-15 -3.5527137e-15 0.067046591 0.037182177 0 0.020464471 3.5527137e-15 -1.0658141e-14 0.048069634 -3.5527137e-15 -3.5527137e-15 3.5527137e-15 0.11180357 0.15723985 3.5527137e-15 0.076705344 0.014972865 -3.5527137e-15 0
0 0 206.68914 7.7354978 0.055310247 0.1815152 0.19938672 0.10179592 0.041231051 0.017297216 -3.5527137e-15 0.035347725 0 0.0017069063 0 3.5527137e-15 0.013505036 3.5527137e-15 0.0081457329 0.016460174 0.017756993 3.5527137e-15 0 69.240921 0.45344307 0.022634955 0.0017248336 -3.5527137e-15 0 0 0 0 0 0 0 0 0 0 7.1054274e-15 3.5527137e-15 7.1054274e-15 7.1054274e-15 0.028409188 0.02316831 0.092799096 0.032345834 1.0658141e-14 -1.0658141e-14 3.5527137e-15 0.063738717 0.036226939 -1.0658141e-14 7.1054274e-15 0 0 3.5527137e-15 0.064811771 0.098952545 -3.5527137e-15 0.06389943 -3.5527137e-15 0 0
0 0 93.541564 0.059295713 0.04451525 0.18611551 0.076267817 0.028668915 0 0 0.018877436 7.1054274e-15 0.022400108 0.0083626496 0.0091057649 0.030835704 0.0091678263 0.04530572 0.073277751 0.055589375 0.020844127 0.04488803 0.023509115 0 35.779479 0.041597613 0.012312575 0 0 0 0 3.5527137e-15 -3.5527137e-15 0 0 0 0 0 -3.5527137e-15 3.5527137e-15 0.017614625 -3.5527137e-15 -3.5527137e-15 0 0.01101811 0.073863046 0.020217194 -3.5527137e-15 -3.5527137e-15 0.033406479 0 0.038096268 -7.1054274e-15 3.5527137e-15 -1.0658141e-14 0 3.5527137e-15 0.082481056 7.1054274e-15 0.027635978 0.00023629478 0 0
0 0 191.43259 0.062628314 0.15260385 0.21553143 0.085633184 0.14305746 0 0 0.026461645 0 0 7.1054274e-15 0 7.1054274e-15 0.031335398 0.080052552 0.04257387 0.083567922 0.031137174 0.013400525 0.026850176 0 9.9027313e-05 7.1054274e-15 -3.5527137e-15 0.020333552 0.010348555 3.5527137e-15 0.04511585 0.04119617 0 8.7612996e-05 0 0 0 0 0 0 0 0 0 0 0 3.5527137e-15 0.02638117 7.1054274e-15 -3.5527137e-15 0 0.038532488 1.0658141e-14 0 0 0 7.1054274e-15 118.48737 184.64969 -2.6645353e-15 3.5527137e-15 -3.5527137e-15 0 0
0 0 0 171.81447 0.17996631 0.14327574 -7.1054274e-15 -3.5527137e-15 0 0.058436824 0.067178317 0.019233443 -7.1054274e-15 0.026449245 0 0.030123329 0.082742403 0.11440654 0.071084825 0.10542783 0.077163698 0.043059966 0.029353102 -3.5527137e-15 0.053432677 0.040484436 0.031140796 0.026611624 0.015543532 0 0.019920189 0.025437406 0.029818761 0 0 0 0 0 0 0 0 0 0 3.5527137e-15 0 -3.5527137e-15 -7.1054274e-15 0 3.5527137e-15 -3.5527137e-15 0 0 0 0 0 0 0.0029217487 0.0033065031 -7.1054274e-15 0 0 0 0
0 0 0 196.81223 259.77929 -3.5527137e-15 1.0658141e-14 0.1538949 0.031814955 0.0070592426 -3.5527137e-15 0.046018903 0 0 0 0.098664407 0.27586438 0.054385916 0.045867088 0.090374981 0.023641115 0.092046935 0.018878714 -7.1054274e-15 3.5527137e-15 0 0.04878433 0.054525312 0.080625213 0.09172592 0.026325996 0.06082967 7.1054274e-15 0 0.0051411762 0.0035188151 0 0 -7.1054274e-15 0 0 0 0 0 0 0 -3.5527137e-15 0 -1.4432899e-15 3.5527137e-15 0.02731176 0 0 0 0 7.1054274e-15 0 -3.5527137e-15 0 0 0 -3.5527137e-15 0
0 0 0 0 268.71583 0.11155737 0.045590827 0.054555503 0.0080356233 0.00078045428 0.064045595 0.16033793 0.016041262 -5.5511151e-17 321.96741 0.30287533 0.16006879 0.055261165 0.050665127 0.062129066 0.081758752 0.049856859 0.064334077 0.057963024 3.5527137e-15 0.098941387 0.028308167 0.30063577 0.05712764 0.13931188 0.0085295138 0 -7.1054274e-15 0.011106597 0.019554011 0.054444739 0.01357212 0 0 0 0 0 0 0 0 0 0 0 10.642839 8.8817842e-16 0 0 0 0 0 0 0 0 0 0 0 0 0
0 0 0 0 175.13951 0.10017468 0.032363464 0.036482521 -3.5527137e-15 0.083856734 0.13314388 0.18563762 0.021917766 162.40962 172.56334 0 0.20585651 0.074549969 0.18813684 0.11626196 0.05022442 0.021336453 0.030484543 7.1054274e-15 0.035328994 0.11403105 0.42872826 0.072286231 0.10826741 0.10202716 0.076040621 0 0.060049639 0.033753603 40.798837 0 0.0063388373 0.024870746 3.5527137e-15 0 0 0 0 0 0 0 0 0 0 0 0 0 0 0 0 0 0 0 0 0 0 0 -3.5527137e-15
0 0 0 0 113.10507 0.039432977 0.11521126 0 0.094677988 0.058711989 0.079704411 0.062860487 0.04030604 0 0 636.34171 0.054628756 0.1149853 0.080623541 0.10965041 0.12478673 0.025386802 0.076320533 0.052098013 0.22991303 0.11892198 0.11825377 0 0.039690445 0.014265626 0.031851225 0.036944599 0.045489848 0.027155096 0.0059670151 173.66787 14.947647 0.012473817 0 0.01501826 0 0 0.028813632 0 0 0 0 0 0 0 0 0 0 0 0 0 0 0 0 0 0 -3.5527137e-15 0
0.0061770184 0.00497432 0.055028836 0.22577591 0.094766686 0.051663117 0 0.13646585 0.060200547 0.10433527 0.12263433 0.12393857 0.10598105 0.17390376 0 171.99362 0.28951963 0.14621307 0.15111329 0.080083107 3.5527137e-15 0.065328743 0.28893263 0.27810673 0.39886594 -3.5527137e-15 0.12258812 0.13094049 0.033121102 0.23478583 0.081892882 0.014502217 0.042798644 0.064907936 0.0045227049 0 96.157354 0.0034289976 0 0 0 3.5527137e-15 0.0054236522 0 0.002727691 0 0 0 0 0 0 0 0 0 0 0 0 0 0 0 0 0 0
0.0030479804 0.0012493611 0.32911808 0.16139265 0.17044414 0.18693157 0.26597146 0.12625003 0.097787825 0.18750504 0.094010996 0.043235041 0.074453444 -3.5527137e-15 0.12399031 0.065176782 0.37943012 0.1499991 0 0.03756501 0.031492884 0.28106768 0.47558156 0.15700061 0.0023470949 0.17254481 0.093290496 0.27997681 0.069938371 0.02970886 0.0076211108 0.077282837 0.005265275 0.0062189378 0 0 9.8476201 110.08251 15.455895 0.017655969 0.047808295 0.033245414 0 0.0072397982 0.018239362 0 0 0 0 0 0 0 0 0 0 0 0 0 0 0 0 0 3.5527137e-15
133.80269 0.20263192 0.036402831 0.0050337135 0.10798761 0.23390302 0.26355026 0.1890608 143.02663 67.85552 -7.1054274e-15 0.08488441 0.16087057 0.27025923 0.04909783 0.52066453 0.16741437 0.18840949 0 0.10585948 0.30642395 0.19098781 0.46249966 3.5527137e-15 0.071459103 0.090068819 0.28507226 0.30288023 0.052723801 0.044141832 0.052675671 0.011276781 0.076953635 0.024886354 0.012036971 0 0 0 130.17201 0.017360129 0.026681152 0 0 0.037075207 0.03310024 0 0 0 0 0 0 0 0 0 0 0 0 0 0 0 0 0 -3.5527137e-15
112.7608 0.14784456 0.035861337 0.10117179 0.25069774 0.15972655 0.3160298 0.15337285 40.615148 11.763548 0.19915715 0.082757729 0.23275091 0.24181496 0.10032317 0.54345313 0.23520604 0.36224934 -3.5527137e-15 0.42745183 0.37204207 0.05424671 0.73694477 0.10592089 0.049306019 0.19181426 0.37985761 0.25779533 0.064336412 0.0019211872 0.033568911 0.061324537 0.032953293 0 0 0 0 0 0 0.050068551 8.8817842e-16 151.25811 23.310143 0.0025031952 0.020870767 -3.5527137e-15 0 0 0 17.464696 8.8817842e-16 0 0 0 0 0 0 0 0 0 0 0 -3.5527137e-15
230.16823 0.015412755 0.17463596 0.19288002 0.093422453 0.15896724 0.16876742 0.17840083 0 0 0 0.26401364 0.50881983 0.18511549 0.42887258 0.48717858 0.31520667 0.77451386 0.31933928 0.28900236 0.15619136 0.40965144 0.19267411 0.081613714 0.3515584 0.1266571 0.28543068 0.08673933 0.067013939 0.030158352 0.046106364 0.044360068 0.027223061 0.083455518 0.02004241 0.0031631779 0.032149009 0 0.05017181 0.0010578044 -8.8817842e-16 0 223.64637 0.066144251 0.0087241638 0.020933226 0.032649559 0 0 0 0 0 0 0 0 0 0 0 3.5527137e-15 -4.4408921e-16 0 0 7.1054274e-15
0 0.10859212 0.11762281 0.18538291 0.17117175 0.22691558 0.0662904 0.15197637 0 0 0.067488233 0.43833249 0.40020768 0.43927346 0.76198249 0.19997362 0.50517181 0 0.30873203 0.34559375 0.063064857 0.25611151 0.048337049 0.20133985 0.17302831 0.42411037 0.11782554 0.031137768 0.065936135 0.063851683 0.11747848 0.070392628 0.028395699 0.047449452 0.020547831 0.039132493 0.018124873 0.0097771662 0.068858749 0.034975831 0.017728232 0 0 132.95501 0.12098161 -7.1054274e-15 3.5527137e-15 0.028920221 0.017551481 4.4408921e-16 0.0052585922 0 0 0 0 0 0 69.393543 4.4408921e-16 0.0040894199 0 0 0
0.086584081 0.10242131 0.27051994 0.069578973 0.14717688 0.12606287 0.19943249 0.28471238 0 0.26322269 0.34699498 0.45198465 0.79444839 0.58015084 0.22539501 0.44459766 0 0.20121346 0.22331772 0.14413877 0.27328485 0.26243184 0.17439166 0.40140161 0.11978729 0.27227849 0.006079317 0.090078518 0.2649231 0.3187481 0.18217458 0.048107633 0.050089103 0.1083346 0 0.020880939 0.041336552 0.08988306 0.056480907 0.028514257 0.09847515 0 0 25.081134 59.357009 0.0086226183 0.04824169 0.0089802125 0.009453513 0.0063825003 0.016601227 0 0.021857536 0 0 3.6390526 0 0 28.233108 0.0030191907 0 3.4987524 0
460.28543 0.16693164 0.13344127 0.067589559 0.23402033 0.050696472 0.25284063 0.30661531 0 0.45989919 0.62172484 0.8581154 0.89382467 0.28928616 0.61235921 0 0.32948533 0.23471341 0.084518507 0.088229833 0.26050126 0.68434243 0.070330694 0.056009695 0.27115655 0.38859503 0.17310038 0.21452072 0.10744274 0.11693324 0.096543438 0.085787947 0.095296316 0.0094211388 0 0.048539688 0.10072493 0.047315426 0.064581883 0.13181522 0.00050895277 0 0 0 84.045821 0.061042131 0.02494362 0.020682753 0.012790588 0.017938861 0.00050627804 0 0 0 0 -4.4408921e-16 0 0 0 0 0 0 0
204.31112 0.3539961 0.35691548 0.26125331 0.12014076 0.22707512 0.35804289 0.24757156 0 0.49484802 0.39504256 1.5774358 0.28347067 0.53791214 0.46739639 1.0757886 0.37654277 0.1726236 0.065649655 0.37080106 0.60167156 0.4703388 0.33204218 0.13995537 0.33634083 0.45533819 0.26703745 0.060579765 0.29593522 0.13919003 0.073711487 0.058567342 0.0075035759 0.011516489 0.057320866 0.087865606 0.059086999 0.12965646 0.064385811 0.12717473 -3.5527137e-15 0 0 0 89.369528 0.078286452 0.026985244 0.060667965 0.019389407 -7.1054274e-15 2.6413716e-05 -3.5527137e-15 0.018620052 1.110223e-16 0 64.189059 0 0 0 0 0 0 0
299.93108 193.71581 0.36272459 0.37737725 0.18557773 0.46048325 0.4546451 0 0 0.45404309 2.0908837 0.72824618 0.068014509 0.33024147 -3.5527137e-15 0.32838532 0.16237053 -1.4210855e-14 0.10611216 0.62438779 0.41080127 0.45633626 0.37423032 0.28520276 0.87881619 0.1070716 0.10803611 0.27814063 0.017048998 7.1054274e-15 0.084600885 0.002263666 0.022675187 0.09939208 0.079416996 0.055318415 0.21449888 0.11371104 0.14797625 0.088879858 0.0083117272 0.0019492259 0.0036517633 0.09068454 0.10096049 296.8148 0.04017056 0 0 0.00065108738 0.025860833 0.015360415 0.0042608117 0.036597361 0 0 76.070878 0 0 0 0 0 0
1.4451321 0 0.25969463 0.26191595 0.41131685 0.23631348 0.21141779 0.093417444 0.03339748 0.82694627 1.4790252 1.2384941 0.28500772 0.40491658 1.7327722 0.20430476 -3.5527137e-15 0.068100452 0.81723926 0.67759357 0.69464207 0.23553226 0.25614461 0.75841846 0.63058416 0.2911249 0.172978 0.13602402 0.080131011 0.058770497 0.011893901 0 0.093996984 0.034993086 0.084132121 0.1007109 0.089102278 0.065966626 0.11263682 0.040500061 0.12303777 0.090209369 0.13302311 0.30468616 0.043692623 0.028749198 0.020361287 0.00049283552 0.010907463 0.014635445 0.024645814 0.059305051 0 0 0 0 6.3999009 0 0 0 0 0 0
0 155.88103 0.17876539 0.31221129 0.42931165 0.29875906 0.30513232 0.15234315 0.2368816 0.92747872 1.7515794 0.2893129 0.43415392 0 0.35712601 0.1311904 0.14428317 0.11188029 1.0261099 0.58479024 0.25667532 0.40366688 0.41036944 0.89259026 0.19767639 0.15958598 0.26551376 0.090621267 0.03586508 0.28855621 0.069362505 0.27012051 0.067289669 0.074022382 0.089307196 0.15239863 0.21532291 0.24084029 0.21711968 0.2256125 0.37771047 0.10643132 0.022834648 0.033200044 0.057882158 0 0.0040871907 0.056030436 214.64982 0.031891259 0.084054427 0.014983425 3.5527137e-15 0 0 0 0 0 0 0 0 0 0
