var/www/cgi-bin/BAERTOOLS/ravel/working/ravel-22671.depgrd.txt
NCOLS 83
NROWS 85
XLLCORNER 361207.98
YLLCORNER 3876671.5
CELLSIZE 10
NODATA_VALUE -9999
[rows 52 to 77 of 85, columns 0 to 59 of 83]
-3.5527137e-15 0 0 0 0 0.052332452 0.030126454 0.056223494 0.044784054 0.014037345 0.051474239 0.052868994 0.021654185 0.02669371 0.031300557 -3.5527137e-15 7.1054274e-15 0.046158403 0.17578338 0.094207437 0.053070996 0.18355507 0 3.5527137e-15 0 0 0 0 0 0.012089482 0.063161232 0.050290458 0.079222006 0.13179341 8.8758483 15.148212 -3.5527137e-15 0.068170387 0.031256045 -3.5527137e-15 0.04206062 0.029981925 0.030942335 0.03330562 0.10259635 0 0.036589788 0.019446719 2.3073753 1.1054935 0.13842981 0.15704083 0.030063818 0.1306692 0 -3.5527137e-15 0 0.039161724 0.054152323 0.043618176
3.5527137e-15 0 0 0 3.5527137e-15 0.20012043 0 0.018635136 0 0.056517387 0.028901987 -7.1054274e-15 0.044828986 0.022261954 0 -3.5527137e-15 0 0 0.27005972 0.12859398 0.20907263 0.040797342 -7.1054274e-15 0 0 0 0.054243958 0 0.053238275 0.038647546 0.070302448 0.022997739 0.042985186 0.07944773 2.9239481 9.5028159 0.020652418 0.094735482 0.039017368 0.035114483 -3.5527137e-15 0.020499145 0.047386335 0.045829488 0 0 0.069596013 0.042037624 0.65503779 2.6241352 0.059522957 0 0.032599401 1.7763568e-15 0 0 0 0.031497108 0.034624439 0.14685901
16.207084 0 0 0 0 0.10837698 -7.1054274e-15 0.13502959 0.039930974 0.028607999 0.14454462 -3.5527137e-15 0.055255795 0.077001723 -3.5527137e-15 0 0 0.024827055 0.59413585 0.12979589 0.4787495 0 3.5527137e-15 0 0 0 0.083598807 3.5527137e-15 0.011687455 0.029109961 0.038349074 0.085171884 0.012114849 0.03796602 5.0223918 7.9754447 0.097197599 0.030723966 0.12217005 0.011870479 0.095846595 0.03211163 -3.5527137e-15 -3.5527137e-15 3.5527137e-15 0 0.058691579 14.587594 3.4973715 0.49496591 0.040034283 0 0 0.025611929 0 -3.5527137e-15 0 0.051202869 0.035065232 0
0 0 0 -3.5527137e-15 0.15930504 0.15052688 0.074535163 0.029502693 0.050624849 0.078929183 0.090998677 3.5527137e-15 0.21187552 -7.1054274e-15 -3.5527137e-15 -7.1054274e-15 0.087805856 0.046374372 0.50858831 0.29593507 0.054927005 0.015303868 0.00064115871 0.06629279 0.02928569 3.5527137e-15 0.045749912 0.028932264 0.038863948 0.024478781 0.050783909 0.022390244 0.088207832 0.79707479 4.3315427 10.367227 0 0.042693751 0.10066324 0 0.08413231 0.018410848 0.041563715 0.028516092 0 0 2.2239401 11.085044 0.24145982 0.0052030102 0 0 2.2095368 0.71671198 0.035461158 0.024085001 0.049341988 0.065745546 0.040625154 0.1069784
0 0.019132772 3.5527137e-15 -3.5527137e-15 0.11219028 0.17545942 0.2619561 0.16985935 0.052749953 0.064264614 0.10872993 0.061416971 0.19018654 -3.5527137e-15 7.1054274e-15 0.0021908622 0.093015395 -4.4408921e-16 34.250541 0.43630802 0 0.045880782 0 0.027676254 0.070118918 0 0 0.02588481 3.5527137e-15 0.035054458 0.018355118 0.21434303 0.05800513 16.539561 20.639654 0.20196929 0.021309813 0.078376962 0.077775432 0.024281 0.03799733 0 0.070242691 0.10038857 0.23127771 96.196843 3.6839051 5.2587688 0 0 -3.5527137e-15 0 0.49445968 0 0.025889929 0.10560118 0.070842597 0.081890379 0.19718216 0.09121081
0 0.054382979 -7.1054274e-15 -7.1054274e-15 0.21415629 0.21977877 0.13202234 0.090395174 0.12775947 0.11590287 0.02850725 0.15984474 3.5527137e-15 -3.5527137e-15 0.049953191 0.098130283 0.086288016 0.10021045 0.13806581 0.31408183 0.082450464 0 0.038737231 0.072836329 0.066220069 -3.5527137e-15 -3.5527137e-15 0.021417379 0.020806969 0.12290291 0.088640785 0.043936382 0 6.8201074 14.163723 0.081943797 0.18033217 0 0 0.042440778 -3.5527137e-15 0.080852984 0.035909502 2.2989669 5.0413331 4458.4913 1.8507821 0 3.5527137e-15 0 0 0 0.054578871 0 0.088532669 0.11045326 0.14529179 0.12090331 0.1783068 0.37038333
0 0 3.5527137e-15 -3.5527137e-15 0.39546874 0.44669544 0.024832493 0.046167984 0.04499373 -3.5527137e-15 0.13394971 0.1055646 0.032897185 3.5527137e-15 0.045303099 0.23653001 0.10511077 1.4256146 0.29261308 0.35022083 0.024051461 0.00034020757 0.072420514 0.070540742 0 0 0 0.025714849 0.054674453 0.090598875 0.10820633 0.093387866 0.025786778 7.5832183 16.713741 7.1054274e-15 0.10493944 0.10702712 0.18411696 3.0766106 1.8735404 4.0940586 1.7112894 2.5392728 3.5527137e-15 0.022392489 0.033243987 -3.5527137e-15 0 0 0 3.5517475 0 0 3.5527137e-15 0.0097943891 0.2205808 0.087148389 0.22370835 0.2427499
0 0 0 0.027821202 0.36327668 0.36305457 0.089257942 0.1627763 0.11340877 0.15348366 0.17327516 0.095533642 0.027304724 0.032365745 0.20302895 0.14116022 0.10987393 0.033170457 0.83677932 0.44794634 0.10312941 0.050147907 0 0 0.028177872 3.5527137e-15 -7.1054274e-15 0.088256374 0.086537011 0.062489034 0.059612532 0.0093699912 0.051507056 10.97704 15.423506 9.8885398 7.5338289 1.5617676 1.0633606 1.205059 1.994925 0.77953047 1.5683656 1.4210855e-14 0.071070779 0.07885161 0.001977938 0 3.5527137e-15 0 0 0 0.050996211 0 0 0.015970451 0.1514356 0.18460155 0.6332286 0.19739507
0 -3.5527137e-15 3.5527137e-15 0.07372444 0.37673631 0.53469571 0.12771902 0.03305896 0.1085623 0.45524648 0.33647982 0.10768399 0.1311734 0.52643505 0.149461 0.090799416 0.17977384 0.61422185 1.3782289 0.88038399 0.11761711 0.046220208 0.073897517 0.037852644 0.09296447 0.086721598 0.081509691 0.10260386 0.076405911 0.068433966 0.11340456 0.08789379 0.18854946 6.2650937 9.2599111 1.5086529 0.060051964 6.994485 0.39898834 0.053200062 0.024193015 0.072433136 0.17322763 0.079282418 0.060125635 -1.4210855e-14 3.5527137e-15 3.5527137e-15 0 0 0 0 0 0.06165093 0.030534475 -3.5527137e-15 0.00038738407 0.4497357 0.19280812 0.28440701
0.083495854 7.1054274e-15 -7.1054274e-15 0.01546783 0.68406075 0.79738535 0.88793244 0.61311307 0.30694383 0.50757607 0.16658023 0.13618185 0.2731641 0.28072774 0.089687858 0.040730016 1.9849262 0.58376638 1.2179355 2.3117608 0.12635516 0.089524386 0.076661732 0.066520362 0.10397658 0.05627756 0.093936543 0.092560408 0.10222291 0.12211833 0.051750533 0.15318475 9.9002891 38.103026 5.7362758 0.23291917 0.062119699 -3.5527137e-15 0.012940354 0.076408106 0.028775765 0.0020753198 0.07293948 0.074320728 0.025872386 -7.1054274e-15 0 0 0 0 0 0 0.015064379 0.071176188 0.0060538175 0.047740733 0.10539838 0 0.53510782 0.64594344
0.0792559 0.070942934 -1.0658141e-14 0 0.76488449 0.81100647 0.4598698 0.018787162 0.41779756 0.19428585 0.14226035 0.14232474 0.41512135 0.34899346 0.12006272 2.8582139 0.66324862 0.69530402 1.7092861 0.45585048 0.11391595 0.10974122 0.10360377 0.092836446 -3.5527137e-15 0.035991724 0.07290066 0.035645403 0.26022039 0.16110496 7.1054274e-15 18.40175 25.789647 0.10469421 0.019017032 0.061170385 0.047003317 0.0090576784 0.026431621 0.036674918 0.091729326 0.013123001 0.027208557 0 0.028258661 0 0 0 0 0 0 3.5527137e-15 0.078661447 0.033603681 0.025538782 0.084198091 0.069922802 0.097869018 0.031711177 0.52902735
0.010012356 0.031024317 0.068898643 0.33533752 0.36532819 1.3074041 0.29644076 0.15246217 0.4141249 0.18193154 0.16880667 0.16673426 0.30833333 0.19773989 1.7702 1.719941 0.77697604 0.30422459 1.0942565 0.076885163 0.089786705 0.084799753 0.11379257 0.061944598 0.10794648 0.11676198 0.23596108 0.14077627 0.047534732 0.076248918 5.2632504 22.04345 29.16451 0.13704571 0.1479222 0.084139139 -1.7763568e-14 0.024570148 0.052153085 0.021979873 0.028615504 0.016625237 0.0024413434 0 0 0 0 0 0 0 7.1054274e-15 0 0.050340774 0.055729904 0.039698645 0.052465925 0.13578424 0.048063268 0.051087528 0.026204347
0.043672974 0.079197615 0.16148175 0.86519422 0.60254247 0.64354233 0.13119848 0.28829276 0.11288301 0.3265504 0.19520889 0.3140219 0.14941982 0.29042233 2.3250048 1.1682634 0.62048542 0.2085721 1.3461878 0.13489602 0.10281857 0.072850258 0 0.056394872 0.12502357 0.25487814 0.089412891 0.14323801 0.10050158 18.321137 32.148244 7.4860782 0.078554946 0.12411378 0.11755608 0 0.049289374 0.057676507 1.0658141e-14 0.022108372 0.06516318 0 0 0 0 0 0 0 -3.5527137e-15 0.0070904801 0 0 0.018266229 0.040359396 0.072816457 0.066784082 0.036852111 0.010980435 0.068623788 0.067259733
0 0.16792301 0.89192375 0.09934368 1.0188113 0.4123548 0.29515259 0.4363644 0.12541324 0.18840517 0.40704108 0.42348261 0.17633752 3.2679163 2.0956283 2.4754779 0.64308703 0.43701891 2.9452784 0.17037984 0.067314233 0.17203522 0.071786811 0.03239041 0.099537764 0.21300553 0.15765378 0.25425199 16.219812 31.528768 0.08190366 -7.1054274e-15 0.050070338 0.10658128 0.080302636 0.068211143 0.061883579 0.051603877 0.043610585 7.1054274e-15 -3.5527137e-15 -3.5527137e-15 3.5527137e-15 0 0 0 0 0 0.051084323 0.029272346 -3.5527137e-15 0 -7.1054274e-15 0.069973971 0.030665168 0.038639144 0.060860137 0.023606226 0.021593071 0.00048812687
0 0.098996811 0.71119534 1.5516748 1.1615742 0.047230731 0.24019304 0.52205272 0.52987643 0.27043246 0.29685603 0.30686777 0.24888858 2.4441106 3.4875079 1.076259 0.28826641 0.80232551 0.75920696 0.12569648 0.091893596 0.058287397 0.074443572 0.2276282 0.13993686 0.13777709 0.12623869 6.5889417 40.374202 0.097473934 0.068827275 0.045622637 0.045780086 0.035030906 7.1054274e-15 0.021307222 -3.5527137e-15 7.1054274e-15 -1.0658141e-14 -3.5527137e-15 0 3.5527137e-15 0 0 0 3.5527137e-15 0.0070261638 0.015926406 0.012329183 0 -7.1054274e-15 0 0.059970143 0.04376364 -3.5527137e-15 0.088372927 0.13460105 0.10197775 0.056695949 0.34541158
0 0.043177608 1.4381052 1.0422691 4.1661104 0.19976059 0.4058714 0.26786863 0.33983414 0.39174364 0.27787114 0.1729524 0.22255019 1.7687997 2.5636211 0.5717816 0.32864984 1.1457455 0.14227326 0.024826649 0.076759692 0.096975949 0.022667123 0.25994659 0.17831124 0.013785401 0.05425198 27.84814 45.730573 0.058674868 0.033617161 0.049292841 -1.0658141e-14 0 -1.4210855e-14 0 3.5527137e-15 3.5527137e-15 3.5527137e-15 0 0.0081169531 0 0 0 0 0 0.037878276 0.036212276 0.020941211 0.049946913 0 0.0454282 0 0.11237611 0.023260987 0.16799308 0.12668075 0.10372763 0.037428219 0.18301487
0 0.060961577 1.1908097 0.37048385 0.28667875 0.32155203 0.59801503 0.38727132 0.45376928 0.19279191 0.33170294 0.087454615 0.28993509 1.6879633 1.3569009 0.33461062 0.69437121 4.0935789 0.0071331976 0.030966178 0.030104739 0.086151837 0.072181126 0.18415676 0.18687089 0.16380152 19.077985 33.316297 0.035683947 0.027554434 0.014478359 0.10381983 0.080606044 0.012852482 3.5527137e-15 0 1.0658141e-14 0 0 0 0 0 0 0 -3.5527137e-15 0.031248038 0 0.047073156 0.020184946 0.075317595 0 0.04579496 0.030331672 0.094175908 0.017933001 0.18986737 0.19635147 0.066078505 0.17814074 0.027183556
0.021771914 0.037366201 1.7291822 0.95334967 1.3949329 0.46528046 0.43429687 0.42406108 0.44713224 0.46034104 0.66773446 0.3741984 0.31527008 3.9186229 0.6014354 0.20885116 2.2724589 0.098302421 0 0.016746928 0.037080503 0 0.17422082 0.14690412 0.05262773 0.14192521 81.889143 41.464082 0.018179466 3.5527137e-15 0 -3.5527137e-15 -3.5527137e-15 0.039274706 7.1054274e-15 0 0 0 0 0 0 0 0 -3.5527137e-15 0 0.01918056 0.0098507943 0.053891722 0.037252926 0.05001379 -7.1054274e-15 -7.1054274e-15 0.089565898 0.12716277 0.043816854 0.24410009 0.41424698 0.13276627 0.082737336 0.23829176
3.5527137e-15 0.052534641 2.0681648 0.77279822 0.68527316 5.7749228 0.63109839 0.38475686 0.21824838 0.55432187 0.47529938 0.47103214 0.94161455 1.5227464 0.49776696 3.1103524 0.057229369 0.019142514 0.081083835 0.027658358 0 0 0.13453325 0.082589556 0.076471347 11.748496 35.825923 0 3.5527137e-15 0 7.1054274e-15 0 1.0658141e-14 -7.1054274e-15 0 0 0 0 0 0 0 0 0 0.0037670194 0.070941529 0.012112825 0.034704714 0.11320192 0.04577968 0.060913792 1.0658141e-14 0.079001441 0.12829402 0.20316724 0.15627308 0.16711472 0.16188617 0.22462705 0.15398152 3.1895701
0.059179258 0.064749532 3.8187792 1.5939994 0.89329849 3.7955978 0.58134595 0.35093363 0.32019967 0.76638378 0.52650396 0.4392072 2.6764211 0.66692337 2.0979141 0.13883825 0.042698131 0.049175303 0.02320912 0.02999557 0.02709364 0 0 0.057058967 0.040928555 37.159258 1.8103815 0.46249732 0.43824917 0.31237945 0.26041295 0.27700075 0.24233044 0.16797644 0.027619936 0.021799537 -3.5527137e-15 0 0 0 0 0 0 0.0028680408 0.077652056 0.070121023 0.025735657 0.068853396 0.05042212 0.15030881 0.10831393 0.027916871 0.09853979 0.12191811 -3.5527137e-15 0.11406086 0.15970543 0.14055053 0.14291125 6.9084014
0 0.03543205 2.8291815 2.0848203 1.9593465 2.2834129 0.43513623 0.23501284 0.25114535 0.57094946 0.55417149 3.7334742 1.2029535 0.32784165 1.8115511 0.078240771 -3.5527137e-15 0.042251803 0.049099729 0.040620101 0.078552007 0.018520296 0.10632083 0.10127844 19.677253 22.46102 0.084879121 0.16588171 0.10724136 0.15865027 0.26298447 0.0010729475 0.085485501 0.010854 0.068106585 0.015029489 0 -3.5527137e-15 -7.1054274e-15 0 0 0 0.036162759 6.6616419e-05 0.023908782 0.10724542 0.12421546 0.046580091 0.095477363 0.029686175 0.15213035 0.090219106 0.015240885 0.11760127 0.11507959 0.0065612991 0.091910262 0.080069922 0.24498332 6.674814
0.056449701 0.026588661 0.11040897 3.4942494 2.8774965 1.6293711 0.42770295 0.27090914 0.59254288 0.70594241 0.54710788 2.4673625 0.61684063 0.42553422 0.05680667 -3.5527137e-15 0.033256091 0.093107488 0.097188994 0.065821989 0.073751569 0.026768683 0.06005812 0 79.775067 2.6249213 0.048206362 0.084316232 -7.1054274e-15 3.5527137e-15 0.042380059 0.040574632 1.7763568e-14 0 3.5527137e-15 0 0 3.5527137e-15 0 3.5527137e-15 -3.5527137e-15 0 0.040856422 0.046984741 0.0040599544 0.086672675 0.0096273352 0.073136413 0.055663856 0.14367665 0.34019032 0.11945954 0.152941 0.14168815 0.13561451 0 0.14487376 0.19623527 0.15265485 8.0824931
0 0.064536268 0.12771361 7.2532508 2.4706138 2.1457376 0.31846867 0.3560053 0.64550207 0.60939147 5.3299629 1.4553906 0.52902514 0.35654478 0.085725247 3.5527137e-15 0.10012179 0.015431473 3.5527137e-15 0 0 0.028743861 0.095613197 26.990875 10.682435 0.20439592 0.08994577 0.35503564 0.17817355 0.057630352 3.5527137e-15 7.1054274e-15 0.033133039 0.075849503 3.5527137e-15 -3.5527137e-15 0 -3.5527137e-15 0 0.019786772 0 -3.5527137e-15 0.046478114 0.030260505 0.055255457 0.083143739 0.20106107 0.12540245 0.070813989 0.084609534 0.16580646 0.15952568 0.37866193 0.26272574 0.50060366 0.14608024 0.082106116 0.022768758 0.12417725 11.524695
0.052148061 0.034919904 0.11358906 0.25105605 4.1020831 3.4929176 0.17575722 0.59169828 1.4589879 1.9579266 1.8069302 0.69611254 0.39054378 0.86331386 0.089456197 0 0.047831354 0.058665201 0.03851098 0.070751798 0.020249906 8.375259 23.852836 33.276712 0.26087714 0.037571607 0.045671501 0.14777712 0.0627296 0.13680799 0.12276958 0 0.064785555 -3.5527137e-15 0 0 0.052028451 -3.5527137e-15 0 0 0 3.5527137e-15 0.009019699 0.026533482 0.03773752 0.048804125 0.11912794 0.14399521 0.1068828 0.24797309 0.13711385 0.27648344 0.25087016 -3.5527137e-15 0.1403753 0.11151391 0.13543031 0.1880928 -7.1054274e-15 4.1845009
0 0.11487736 0.16820488 0.12241427 0.84246298 2.3718364 0.74316495 1.0863821 1.1409882 2.9955196 643.22937 3641.0387 5195.6605 2.1826421 0.10908032 0.16001088 0.014596283 0.045532812 0.073002531 0.090627284 17.860587 88.887142 37.332519 0.139271 0.063111427 0.097082837 0.13788743 0.032940864 -1.0658141e-14 -3.5527137e-15 0 -3.5527137e-15 0 3.5527137e-15 0 0 0 0 -3.5527137e-15 0 -3.5527137e-15 3.5527137e-15 0.0074884991 0.0098350853 0.043137908 0.013437901 0.13063646 0.151847 0.22353727 0.20068355 0.19569295 0.37866988 0.35752203 0.25718228 0.14431202 0.16195794 0.086451884 0.15594956 3.5527137e-15 10.554331
0.14755791 0.11829022 3.5527137e-15 2.4885961 12.31892 7.9478125 6.8426027 1.0141743 0.082388522 0.17742534 0.1026933 3296.4815 38615.21 15.643029 22.916839 8.7963252 16.03602 23.232127 35.941912 58.96479 14.96636 0.093172076 0.1810993 -3.5527137e-15 0.061018493 0 -3.5527137e-15 3.5527137e-15 3.5527137e-15 -7.1054274e-15 3.5527137e-15 3.5527137e-15 0 0 0 0 0 0.044659222 0.0086647429 0 0 0 0.0067528882 0.037134877 0.091143264 0.070650705 0.1043999 0.058407843 7.1054274e-15 0.23749311 0.21507888 0.28060901 0.284676 0.2336316 0.29877527 0.093210756 0.12693861 0.34179626 0.21830724 3.3524095
