var/www/cgi-bin/BAERTOOLS/ravel/working/ravel-13933.prodgrd.txt
NCOLS 92
NROWS 90
XLLCORNER 452078.49
YLLCORNER 3782565.4
CELLSIZE 10
NODATA_VALUE -9999
[rows 26 to 51 of 90, columns 0 to 59 of 92]
0 -27.716833 -26.838546 -27.249072 -28.417989 -28.060013 -27.478706 -29.097232 0 0 0 0 0 0 0 0 0 0 0 0 0 0 0 0 -26.995302 -29.018527 -26.917309 -26.71251 -26.61139 -26.702136 -26.263105 -26.264552 -27.361822 -27.344622 -26.732894 -26.61758 -26.223648 -26.222348 -26.515461 -26.60516 -26.868223 -26.35207 -26.274151 -27.72352 -26.736722 -28.088802 -39.500855 -27.953223 -27.55598 -30.677631 -35.503032 0 0 -39.494973 -38.299605 -30.86938 -28.473371 -27.720891 -27.378289 -27.035534
-28.453474 -26.254657 -26.703668 -26.838546 -27.249072 -28.417989 -31.328042 0 0 0 0 0 0 0 0 0 0 0 0 0 0 0 0 0 -27.421789 -26.995302 -26.929014 -26.917309 -26.71251 -26.893486 -26.258288 -26.263105 -27.392662 -27.712404 -27.344622 -26.732894 -26.268924 -26.223648 -26.631579 -27.103912 -26.833899 -26.282772 -26.35207 -26.814047 -27.178871 -26.736722 -28.75406 -27.55598 0 0 -38.23294 -29.619814 -29.643187 -31.158762 -39.489089 -29.068596 -27.438005 -26.881448 -26.678475 -26.969687
-26.368872 -26.222979 -26.254657 -26.703668 -26.8704 -27.254627 -28.670317 -31.328042 0 0 0 -29.05365 -27.964957 -26.853804 0 0 0 0 -28.499669 0 0 0 0 0 -27.39249 -27.421789 -26.939925 -26.929014 -26.920752 -27.160563 -26.291927 -26.258288 -27.353249 -27.011404 -26.667834 -26.7482 -26.237661 -26.268924 -27.145949 -27.165478 -27.047064 -26.312186 -26.282772 -27.056871 -26.814047 -27.178871 0 0 -30.827716 -27.762553 -27.221623 -27.211134 -27.180721 -27.19891 -27.961712 -27.190687 -26.660215 -26.448563 -26.395921 -26.569864
-26.538985 -26.340661 -26.222979 -26.74337 -27.760903 0 0 0 0 -39.509909 -27.936133 -27.22547 -26.853804 -26.449188 -26.617192 -26.800024 -27.156045 -27.096724 -26.832115 -28.499669 -35.551291 -28.075547 0 0 0 -27.39249 -27.940961 -26.939925 -27.604656 -27.125267 -26.258149 -26.291927 -27.258404 -26.898287 -26.79456 -26.294737 -26.279135 -26.237661 -26.907315 -27.145949 -27.165478 -26.320976 -26.312186 -28.190151 -27.056871 -28.167019 -39.480847 -26.422293 -26.631579 -26.749194 -26.997546 -27.180721 -27.157706 -26.872587 -26.670015 -26.474797 -26.376817 -26.350376 -26.445728 -26.395921
-30.003823 -26.342262 -26.320552 0 0 0 -29.88929 -30.384994 -28.017656 -27.395331 -27.313783 -26.936454 -26.449188 -26.617192 -26.687088 -26.78437 -27.178255 -27.270017 -27.096724 -26.832115 -39.47908 -35.551291 -28.075547 -39.514492 -27.29732 -27.870348 -27.391031 -28.588841 -28.040457 -27.036676 -26.274915 -26.258149 -27.390089 -27.258404 -26.898287 -26.347945 -26.294737 -26.279239 -26.881792 -27.022863 -27.38761 -26.331441 -26.320976 -29.963047 -28.67253 -26.660022 -26.372096 -26.236243 -26.422293 -26.557064 -26.598104 -26.708062 -26.872587 -26.670015 -26.638728 -26.656375 -26.474797 -26.376817 -26.350376 -26.445728
0 -26.320552 -26.273669 -27.76462 -32.343343 -31.202763 -26.721 -26.809754 -26.80367 -26.879867 -26.949374 -27.313783 -26.641761 -26.687088 -26.78437 -27.178255 -29.156578 -32.164876 -26.639325 -27.173111 -27.000464 -27.027894 -27.875166 -39.508381 -27.151915 -27.29732 -27.870348 -27.391031 -27.930502 -26.959872 -26.304052 -26.274915 -28.171188 -27.54957 -27.345424 -26.333153 -26.337993 -26.881792 -27.022863 -26.84768 -26.974292 -26.347516 -26.331441 -28.449214 -26.82026 -26.402343 -26.379797 -26.313138 -26.236243 -26.43965 -26.548935 -26.444762 -26.519974 -26.638728 -26.809086 -26.679087 -26.656375 -26.721876 -26.646968 -26.678883
0 -26.273669 -26.240885 -26.574755 -26.773059 -32.343343 -31.202763 -26.721 -26.809754 -26.80367 -26.879867 -26.949374 -27.289537 -26.747705 -26.572379 -26.532324 -26.533961 -26.591893 -26.527348 -26.639325 -27.173111 -27.000464 -27.027894 -27.875166 -27.593328 -27.151915 -28.442059 -28.308429 -27.44602 -26.726454 -26.332251 -26.304052 -28.175374 -27.467934 -27.477544 -26.301308 -26.34967 -27.038393 -26.84768 -26.958975 -26.920639 -26.348106 -26.363584 -26.628588 -26.407354 -26.432489 -26.402343 -26.379797 -26.313138 -26.597313 -26.444762 -26.478015 -26.319567 -26.419936 -26.682579 -27.713054 -26.797367 -26.544301 -26.393848 -26.375876
-27.59908 -26.240885 -26.361429 -26.773059 -27.380228 -28.600774 -27.817336 -27.013584 -26.836247 -26.766496 -26.77909 -26.857275 -26.747705 -26.572379 -26.532324 -26.533961 -26.536729 -26.663632 -26.591893 -26.527348 -27.115534 -27.205699 -27.749437 -29.074867 -27.857419 -27.593328 -27.493975 -26.980131 -26.885946 -26.504041 -26.348795 -26.332251 -26.726056 -26.641451 -26.584625 -26.254203 -26.301308 -27.386758 -27.216356 -26.920639 -26.809958 -26.363584 -26.475497 -26.731232 -26.596997 -26.407354 -26.432489 -26.624069 -26.517351 -26.540004 -26.478015 -26.319567 -26.317544 -26.260572 -26.268604 -26.656757 -26.491228 -26.40177 -26.295315 -26.224048
-26.610794 -26.548388 -26.361429 -26.532487 -26.475687 -26.64643 -26.487293 -27.010181 -26.824757 -26.81226 -26.766496 -26.736193 -26.712375 -26.640686 -26.543816 -26.536729 -26.534353 -26.58313 -26.775636 -26.903827 -27.187117 -27.416435 -28.103794 -28.691333 -26.941768 -27.017973 -26.791994 -26.755463 -26.57559 -26.235781 -26.352488 -26.348795 -26.52924 -26.697989 -26.641451 -26.298755 -26.254203 -27.191945 -27.684919 -26.809958 -26.797649 -26.475497 -26.43583 -26.640178 -26.777319 -26.811705 -27.253512 -26.603381 -26.507578 -26.41939 -26.508035 -26.317544 -26.260572 -26.268604 -26.23649 -26.588897 -26.439223 -26.342923 -26.302844 -26.239629
-26.610794 -26.504041 -26.532487 -26.475687 -26.473561 -26.515026 -26.365249 -26.313312 -27.209317 -26.824757 -26.81226 -26.676137 -26.583175 -26.64178 -26.552726 -26.534353 -26.533721 -26.571697 -26.660215 -26.882965 -27.462701 -27.823945 -28.255823 -28.322683 -26.836991 -26.941768 -27.017973 -26.791994 -26.612468 -26.291215 -26.235781 -26.352488 -26.635598 -26.52924 -26.697989 -26.360967 -26.298755 -30.378189 -29.163214 -26.797649 -26.589204 -26.43583 -26.421977 -26.438455 -26.480048 -26.584928 -26.918765 -26.462252 -26.388359 -26.34178 -26.41939 -26.409721 -26.285852 -26.23649 -26.242174 -26.581313 -26.39599 -26.337487 -26.342923 -26.255238
-27.387354 -26.577298 -26.565141 -26.473561 -26.515026 -26.527891 -26.290888 -26.24559 -27.868955 -28.80541 -27.485519 -26.916936 -26.659097 -26.583175 -26.536755 -26.533721 -26.511918 -26.454223 -26.486579 -26.552158 -26.847648 -27.132153 -27.564935 -27.785137 -26.91757 -26.836991 -27.510574 -27.552875 -26.953062 -26.338718 -26.291215 -26.74205 -26.623036 -26.716605 -27.261922 -26.441456 -26.360967 0 -28.190151 -26.913559 -26.61472 -26.428385 -26.421977 -26.447319 -26.56108 -26.639815 -26.827782 -26.366953 -26.324484 -26.286869 -26.34178 -26.461402 -26.324157 -26.242174 -26.240702 -26.538586 -26.43125 -26.39599 -26.309192 -26.305137
-30.487883 -26.914336 -26.694381 -26.542105 -26.527891 -26.546847 -26.24559 -26.234213 -27.671195 -37.184215 -28.793949 -27.074839 -26.73742 -26.659097 -26.681425 -26.511918 -26.454223 -26.486579 -26.552158 -26.503771 -26.71891 -26.812641 -27.032078 -27.564935 -27.247001 -26.91757 -28.736363 -27.432801 -26.791162 -26.32925 -26.338718 -26.853837 -26.74205 -27.067367 -28.11226 -26.495978 -26.507692 -26.90768 -26.593231 -26.563602 -26.580416 -26.602897 -26.541689 -26.547603 -26.41408 -26.396477 -26.461307 -26.266291 -26.313922 -26.263739 -26.282242 -26.361429 -26.338499 -26.240702 -26.215265 -26.565013 -26.527632 -26.43125 -26.416142 -26.309192
-39.515726 -27.973721 -26.926916 -26.637034 -26.546847 -26.56558 -26.234213 -26.211406 -27.429896 -29.294341 -37.184215 -28.793949 -27.074839 -26.73742 -27.773773 -26.879319 -26.580998 -26.558581 -26.503771 -26.71891 -26.812641 -27.032078 -27.249072 -27.533357 -28.241262 -27.247001 -28.431011 -27.256163 -26.882792 -26.40801 -26.32925 -26.836371 -26.982777 -27.388464 -29.154372 -26.576266 -26.900797 -26.604998 -26.631755 -26.593231 -26.563602 -26.580416 -26.547603 -26.41408 -26.396477 -26.451434 -26.404362 -26.260332 -26.266291 -26.313922 -26.263739 -26.282242 -26.25449 -26.215265 -26.203686 -26.630168 -26.602897 -26.527632 -26.640723 -26.513584
0 -38.665424 -27.665031 -26.891933 -26.56558 -26.470835 -26.211406 -26.194092 -27.294493 -28.608589 -34.945575 -39.518017 -26.992763 -27.799657 0 -27.773773 -27.147056 -27.32918 -26.914744 -26.610844 -27.072643 -27.391889 -28.118406 -30.62586 -34.156727 -29.049936 -28.068698 -27.569614 -27.19942 -26.477509 -26.40801 -26.917272 -27.181957 -27.331926 -29.684823 0 -27.718271 -26.900797 -26.604998 -26.631755 -26.883172 -27.174576 -27.25004 -26.659251 -26.451434 -26.404362 -26.48573 -26.487093 -26.260332 -26.409869 -26.325419 -26.374379 -26.324018 -26.203686 -26.244218 -26.764419 -27.910241 -27.593328 -30.19119 -27.634878
-29.182393 -35.873014 -33.58134 -28.136656 -26.77601 -26.434479 -26.194092 -26.196812 -27.226402 -28.645278 -36.348337 -39.486911 -26.849978 -26.964549 0 0 -29.031501 -27.454032 -26.610844 -26.636746 -26.654093 -26.661376 -26.684234 -26.794308 -27.031135 -27.122078 -27.195101 -27.16608 -27.284181 -26.475297 -26.477509 -26.867556 -26.917272 -27.181957 0 -27.645606 -27.71958 -27.053418 -26.692634 -26.53756 -26.620125 -26.599534 -26.653335 -26.839794 -26.706953 -26.720264 -26.994907 -26.334387 -26.286942 -26.309956 -26.386993 -26.4864 -26.525176 -26.244218 -26.17788 -26.491763 -27.426192 0 -26.85539 -27.52445
-27.008646 -28.020546 -29.967226 -33.58134 -27.599538 -26.431497 -26.196812 -26.203618 -27.169948 -28.468232 -39.450549 -39.522187 -26.754907 -26.849978 -39.462168 -27.790519 -30.319533 -29.031501 -26.636746 -26.654093 -26.661376 -26.684234 -26.794308 -26.905859 -26.853772 -27.207247 -27.122078 -27.195101 -27.16608 -26.467615 -26.475297 -26.809667 -26.867556 -28.592707 0 -26.656757 -27.180103 -26.880416 -26.563743 -26.531947 -26.53756 -26.653335 -26.481636 -26.706953 -26.592545 -26.404724 -26.612219 -26.260287 -26.327279 -26.286942 -26.309956 -26.386993 -26.359954 -26.17788 -26.168531 -26.359804 -26.385309 -26.896503 -26.22178 -26.480866
-26.541585 -27.008646 -28.020546 -29.967226 -28.21552 -26.383092 -26.221276 -26.21022 -27.3526 -28.905074 -39.481141 0 -26.686774 -26.754907 -28.81591 -28.023263 -27.790519 -30.319533 0 -28.724142 -27.461281 -27.055882 -26.905859 -26.853772 -27.027988 -27.062343 -27.220962 -27.305726 -27.09534 -26.457566 -26.467615 -27.090576 -31.077521 0 0 -26.483649 -26.656757 -26.736001 -26.568328 -26.563743 -26.531947 -26.481636 -26.742539 -26.537765 -26.404724 -26.433112 -26.411101 -26.407009 -26.260287 -26.327279 -26.405962 -26.414529 -26.526401 -26.168531 -26.33334 -26.368559 -26.294544 -26.356407 -26.213675 -26.22178
-26.406972 -26.541585 -28.032556 -39.447894 -26.850426 -26.359369 -26.216127 -26.224094 -27.297171 -28.399225 -31.897466 -39.481141 -26.607572 -26.680931 -28.767568 -28.81591 -28.023263 -32.707169 -26.653524 -26.881792 -26.83917 -26.841046 -28.318388 -33.586437 -33.24547 -30.987752 -28.80541 -27.340628 -26.550005 -26.396965 -26.457566 -27.853757 0 0 0 -26.393642 -26.483649 -26.49696 -26.4438 -26.531296 -26.621868 -26.845742 -27.228672 -27.127234 -26.556886 -26.411101 -26.445596 -26.768898 -26.407009 -26.59359 -26.63689 -26.483659 -26.414529 -26.307897 -26.368559 -26.294544 -26.356407 -26.449815 -26.292294 -26.213675
-26.419172 -26.406972 -28.288068 -27.258334 -26.434705 -26.377296 -26.208795 -26.216127 -26.971691 -27.471763 -28.969284 -39.49362 -26.544078 -26.607572 -29.512769 -28.509118 -27.775029 -27.324111 -26.255354 -26.587517 -26.700806 -26.459897 -26.777855 0 0 0 0 -29.437858 -27.080655 -26.550005 -26.396965 -34.192256 -28.495247 -26.916899 -26.568142 -26.319116 -26.393642 -26.441094 -26.49696 -26.4438 -26.531296 -32.098246 0 -38.360228 -27.363056 -27.30106 -26.768898 -26.543162 -26.570988 -26.429036 -26.462944 -26.63689 -26.307897 -26.258459 -26.388633 -26.325185 -26.44624 -26.696051 -26.449815 -26.292294
-26.462101 -26.419172 -28.056446 -26.591722 -26.398135 -26.434705 -26.219372 -26.208795 -26.932199 -27.530031 -29.680617 0 -26.464775 -26.542887 -30.107289 -28.052706 -27.055388 -26.304478 -26.41054 -26.255354 -26.459897 -26.777855 0 0 0 0 0 0 -29.437858 -27.080655 -26.404942 -26.527632 -26.705626 -26.525176 -26.453065 -26.363233 -26.319116 -26.479334 -26.441094 -26.506507 -27.012629 0 0 0 -29.643187 -27.363056 -26.543162 -26.999977 -26.499247 -26.441042 -26.429036 -26.462944 -26.258459 -26.2256 -26.325185 -26.430739 -26.561667 -28.846093 -26.676482 -26.553322
-26.50517 -26.462101 -26.696094 -26.424286 -26.461298 -26.398135 -26.253271 -26.219372 -27.003489 -28.113843 -31.427992 -31.026632 -26.360379 -26.464775 -29.715151 -28.065858 -26.970104 -26.398156 -26.304478 -26.437011 -26.564166 -26.862582 -28.675698 -27.305726 -28.330357 -27.966841 -27.958308 -28.887975 -27.804838 -26.515226 -26.361256 -26.404942 -26.527509 -26.454434 -26.412039 -26.288335 -26.34045 -26.363836 -26.422894 -26.482924 -26.909912 -27.739728 0 -39.496209 -26.762765 -26.673072 -27.415902 -26.829394 -26.537778 -26.499247 -26.441042 -27.159431 -26.2256 -26.2386 -26.430739 -26.561667 -27.042037 -27.60843 -26.523787 -26.588728
-26.521391 -26.50517 -26.459682 -26.427719 -26.424286 -26.461298 -26.292422 -26.253271 -27.312713 -28.514989 -28.092869 -27.659277 -26.293155 -26.360379 -28.10027 -28.188027 -26.936687 -26.474996 -27.552768 -26.878702 -26.601451 -26.501599 -26.445025 -26.400772 -26.637465 -26.595108 -26.512302 -26.611721 -26.981495 -26.415682 -26.333892 -26.33779 -26.365705 -26.406693 -26.423077 -26.238381 -26.288335 -26.34045 -26.363836 -26.348445 -26.482924 -27.357644 -26.51098 -26.659502 -26.533242 -26.762765 -26.673072 -28.8939 -26.496796 -26.455305 -26.615089 -27.586384 -26.2386 -26.252916 -26.647654 -27.042037 -27.246382 -26.821694 -26.523059 -26.523787
-26.381453 -26.468849 -26.419133 -26.459682 -26.427719 -26.527004 -26.306892 -26.292422 -26.897394 -27.136944 -27.051259 -26.696696 -26.269682 -26.293155 -28.172024 -29.278073 -27.357563 -26.936687 -28.264878 -27.156519 -26.630168 -26.431415 -26.362649 -26.367431 -26.400772 -26.508149 -26.406401 -26.423085 -26.650136 -26.257569 -26.285491 -26.330243 -26.33779 -26.365705 -26.406693 -26.221159 -26.238381 -26.291497 -26.284583 -26.331757 -26.348445 -26.51098 -26.505147 -27.171892 -26.659502 -26.533242 -27.717879 -26.849786 -26.643151 -26.496796 -26.455305 -26.618901 -26.252916 -26.275782 -27.839405 -29.501325 -28.10027 -27.246382 -26.655042 -26.523059
-26.266649 -26.381453 -26.410175 -26.419133 -26.481266 -26.601435 -26.306813 -26.306892 -26.776437 -26.897394 -26.667518 -26.438216 -26.304035 -26.269682 -29.991079 -39.530816 -28.179575 -37.036548 -27.195101 -26.542861 -26.383867 -26.362026 -26.393951 -26.321347 -26.367431 -26.404804 -26.281257 -26.283696 -26.369053 -26.244034 -26.257569 -26.285491 -26.330243 -26.381854 -26.396477 -26.258424 -26.221159 -26.322984 -26.291497 -26.284583 -26.331757 -26.505147 -26.310694 -26.613384 -27.171892 -27.310122 -27.381833 -27.982737 -26.849786 -26.643151 -27.801812 -27.79365 -26.275782 -26.302702 -29.025811 -28.392612 -28.146206 -27.621488 -26.748573 -26.655042
-26.225656 -26.266649 -26.398824 -26.410175 -26.513841 -26.728588 -26.311698 -26.306813 -26.765871 -26.862681 -26.534113 -26.502862 -26.38265 -26.304035 -33.485786 0 0 -26.775183 -26.433653 -26.298751 -26.263155 -26.281984 -26.362026 -26.353559 -26.321347 -26.281257 -26.283696 -26.303092 -26.350877 -26.370064 -26.244034 -26.461279 -26.358832 -26.413141 -26.435334 -26.392137 -26.258424 -26.348962 -26.372126 -26.38304 -26.326464 -26.310694 -26.521439 -26.838515 -27.553837 -29.296266 -26.617225 -27.302636 -27.943134 -39.46205 0 -27.713444 -26.359335 -26.474138 -39.511437 -35.7074 -28.392612 -28.146206 -26.891862 -26.746567
-26.251992 -26.225656 -26.414484 -26.502001 -26.769344 -26.821395 -26.313286 -26.311698 -26.909253 -26.626982 -26.463343 -26.297201 -26.445993 -26.38265 -39.516725 0 0 -26.297221 -26.315833 -26.291625 -26.298751 -26.263155 -26.281984 -26.384744 -26.353559 -26.394164 -26.303092 -26.350877 -26.486295 -26.458263 -26.370064 -26.628203 -26.465628 -26.358832 -26.413141 -26.656528 -26.392137 -26.68824 -26.996797 -26.946111 -27.180782 -27.255813 -26.838515 -26.467509 -26.744891 -27.012992 -26.376691 -26.617225 -27.302636 -28.978296 -28.013157 -31.603177 -26.880451 -29.163657 0 0 0 -35.583738 -27.182639 -26.891862
