var/www/cgi-bin/fswepp/working/depgrd.txt
NCOLS 29
NROWS 35
XLLCORNER 429085
YLLCORNER 3784815
CELLSIZE 10
NODATA_VALUE -9999
0 0 0 0 0 0 0 0 0.0029539807 0.0021200007 0 0 0 0 0 0 0 0.033587771 0.031363961 0 -3.5527137e-15 -3.5527137e-15 0.080900273 0.029624273 0.13048892 0.0017033471 0.021299034 0 0.00697919 
0 0 0 0 0 0 0 0 0.0033915488 0 0 0 0 0 0 0 0 0 17.38087 0 0 -3.5527137e-15 -3.5527137e-15 3.5527137e-15 0 0.10930275 0 0.0004127426 0 
0 0 0 0 0 0 0 0 0 0 0 0 0 0 0 0 0 0.018460738 0 0 0 0 3.5527137e-15 3.5527137e-15 0 0.034088063 0 0.0017817595 0 
0 0 0 3.5527137e-15 0 0 0 0 0 0 0 0 0 0 0 0 0.03242693 0.0017611153 0 0 0 0 0 0 0 0 0 0 0 
0.023207748 0.022785033 0 0 0 0 0 0 0 0 0 0 0 0 0 0 0 0.015345737 0.030268721 0.0016262515 0.0026324523 3.5527137e-15 0 0 0 0 0 0 0 
0 0 0 0 0 30.642765 0.0097414262 -8.8817842e-16 1.7763568e-15 1.7763568e-15 0 0 0 0 0 3.5527137e-15 0.052518755 0.0042430641 0.0061412903 0.021295627 0.078721114 0.0024133645 0.024829213 0.008568434 0 0 0 0 0 
0.072508925 0.052294759 -3.5527137e-15 0 -3.5527137e-15 0 -2.220446e-16 2.220446e-16 0 0.038061871 3.5527137e-15 0 0 0 0 0 0.013805043 0.051584041 0.0034700384 82.135294 0.055926637 0.13501623 0.082209745 0.088509398 0.017938454 3.5527137e-15 0 0 0 
21.715485 0.017877897 0 0 0 0 0.0063017714 0 3.5527137e-15 0.045465915 0.02743721 3.5527137e-15 3.5527137e-15 0 0.029787042 0 0 0.044284854 37.707296 88.007988 33.109575 17.723537 0.12408637 0.11455951 0.066723155 0.1685581 0 0 0 
143.13841 100.30683 0 0.03630455 0.0077208949 3.5527137e-15 0.042297236 0.050488537 0 0.060403527 11.675786 0.00031811678 0 0.015117074 0.024006395 3.2439852 0.015483922 0.043955245 0.0076032077 0.041599976 41.71325 0.87581312 0.062955781 0.19422772 0.10740491 0.26076073 3.5527137e-15 0 0 
0 21.369578 20.766827 0.011182576 0 0 0 0.39308246 1.340226 0.021452264 22.004019 0.088892202 -3.5527137e-15 3.5527137e-15 0 0 0 0 0 0 0 -3.5527137e-15 45.232469 77.580601 80.342034 279.37701 26.904074 -3.5527137e-15 0 
0 0 26.283858 0 0.017611935 0 0 5.5835156 1.6517497 0.024901515 0.099389148 0.060106399 0.019433787 3.5527137e-15 0.053489582 0 0 0 0 3.5527137e-15 0 0 0 107.76327 37.772103 244.63561 33.019864 0.019695316 0.013017661 
0 0 4.5359411 0 0.032246313 0 0.0044122301 0 0.48176361 0.065703039 0.077053723 0.10681948 3.5527137e-15 0 0 0 0 0 0 0 0.0051459459 0.017855588 0.028279198 0.0078366768 47.728313 13.60049 30.860977 3.3976994 0 
0 0 0.11120933 0.026977195 0.0068822133 0.073102941 0.030586022 -3.5527137e-15 0.039154212 0.058219953 0.05700777 0.17908235 34.017781 65.915821 0 0 0 0 4.8805862 0 0 0 -3.5527137e-15 0.82910299 11.969052 23.166549 43.115645 0.021980417 0 
0 0 0.03055857 -3.5527137e-15 0 0.026972603 0.053393287 0 0 0.075979943 11.092613 0.1138116 0.07352849 63.397547 0.98496781 -3.5527137e-15 0 16.244768 0 0 0 0 0 0 32.117423 14.462306 0.062292747 0.070935303 0 
3.5527137e-15 0 0.043957497 0.17206947 0.093185698 0.056192907 0.061783663 0.023150088 0 0 0.06680413 0.12482155 0.082796599 0.10485068 0 3.5527137e-15 -3.5527137e-15 3.5527137e-15 0 0 0 0 0 0 17.470434 31.017875 0 0 0 
0.025633588 0 0.22726002 0.36201714 0.44318881 0.30325426 0.02643695 0 0 0 0.069470323 0.018116157 0.28375168 0.090750909 0.038447531 0.0010484967 0 -3.5527137e-15 0 0 0 0 0 0.02230804 0 17.138432 14.714746 22.515018 0 
0.014875854 0.04483783 0.046878852 0.14275967 0.33547812 0.053777912 0.13830377 0.011270365 0 0 0 5.832651 0.22797012 0.1339906 0.27660259 107.28435 0 0.039889844 0 0 0 0 0 0.010910613 0.024602577 0.0042801983 1.7763568e-15 13.150686 0 
0 0.0025261161 0.14738718 0.048923727 12.463936 301.5509 27.839404 0.024795506 0 0 0.35067394 0 0.14655805 0.44674854 0.15850473 54.750834 86.97985 -3.5527137e-15 3.5527137e-15 0 3.5527137e-15 10.395392 10.601259 0.036437133 0.025913607 0.017273029 0.011550539 0.0099782294 0 
0 0 0.0392207 0.19830156 33.784566 380.16428 0.50745763 0.097937271 0.030034697 0.27165366 0.21662352 0 0.056740016 0.2354379 0.35125818 31.241609 40.412441 29.344748 8.8817842e-16 0 29.201125 3.1927746 0 0 0 0 16.806641 0.14053844 0.036788083 
0 0 0.047191335 18.791794 54.505737 162.11168 0 0.010394188 0 0 0.80052379 0 0.13226068 0.23002537 0.18949691 36.980005 26.304669 5.8147667 10.673798 13.256828 0 0 0 0 0 0 0.11001141 0.029815211 0.11426603 
0 0 0.0067672022 22.19326 55.074289 41.373206 0.056706027 0 0 0.048637017 0 0.248436 0.14883842 0.20710955 0.15251269 23.187883 16.911203 3.4472894 8.7780095 0 0 0.0016452486 0 0 0 0 0.0090286877 0.14383436 0.18001148 
0 0 0.00095454841 54.695437 21.343802 177.62126 0 0 0.063694599 0.023464667 0.037850784 0.11439387 0.15732424 27.750164 0.30649648 0.2238627 0.36704929 0.013089481 0 0 -3.5527137e-15 0.015791941 0 0 6.6293268 0 0 3.5527137e-15 0.12074959 
0 0 0.0029013784 34.906839 37.592131 118.68994 0 -3.5527137e-15 0 0.029269654 0 0.12076557 0.23291715 0.20797994 0.092480118 0.23013174 0.33264042 0.21045485 0.13324582 0.002984249 0 0.03141727 3.5527137e-15 0 0 0 0 0 0.0074785127 
0 0 0 0.13017384 0.090118351 104.30386 0 0.047505591 0 0.026202612 0.02103002 0 0 7.8126544 0.1257369 0.21761668 0.38405223 0.33941134 93.4204 44.52546 29.165014 14.882521 32.496363 0 0 0 0 0 0 
0 0 0 0.18249217 0.69336789 21.428006 56.656196 0.022703628 0.081371211 0.057941217 0.038974624 0.13231601 0.0036469651 0.10704425 0.13652865 0.080474348 0.23214266 5.19572 40.020125 31.404999 19.239418 14.631917 0 0 0 0 0 0 0 
12.52345 0 0.014545795 0.13020177 0.37006655 67.21835 107.3529 0.037463765 0.061831185 0.084482973 0.090218771 0.10322932 0.060882569 0.061924942 0.19847322 0.71231874 2.0921255 0.15555463 17.686348 8.8160544 0 11.091259 0 0 0 0 0 0 0.0063137422 
0 0 0.99590895 0.15280655 0.6044948 20.590708 27.394961 43.226296 0.042631742 0.080032885 0.20004588 0.22666763 0 38.696314 19.888374 67.263359 1.7998336 0.90949521 8.634044 0 0 2.0101489 0 0 0 0 0 -3.5527137e-15 0 
0 0 0 0.16602261 0 168.49054 37.511888 22.482011 0.058786437 0.021782716 0.14560247 0.30083547 0.33803741 20.087559 17.572896 38.745453 28.451229 0.60961455 0.52737311 0.021589258 0 0 0 0 0 3.5527137e-15 0 9.5007105 0 
3.5527137e-15 0 0 0.2229493 0 2.0418933 18.653508 0 16.944832 0.063917072 0.080495665 0.32929576 0.18269715 0.18665392 11.032845 8.9336373 27.096531 2.2705584 0.30626532 0.17555377 -3.5527137e-15 18.128835 74.889435 0 0 0 0 0 0 
0 3.5527137e-15 0 0 9.1465168 0 0 0 0.10048544 0 0.022697733 0.2386867 0.069226958 0.15726179 0 0 15.799157 0.63539409 0.3358478 0.37581161 0.18798753 33.886986 64.802858 12.108323 15.936842 48.99734 0 0 0 
32.557595 17.167926 17.017609 0 0 0 0 0 0.054304954 0.24685721 73.37558 64.624344 0.37360348 0.10094719 0 0 0.1222166 0.26099261 0.36575992 0.50683618 0.37696178 0.13264966 0.040824278 -3.5527137e-15 0.033653819 0 0 0 0 
0 14.236018 21.244293 5.865024 0 0 0 0 0.1477411 0.11208749 62.268393 10.441776 0.24913432 0.12852657 0 -3.5527137e-15 0.15125548 0.064951755 10.243143 0.35238201 0.25760217 0.48547179 0.15948145 0.11067522 0 0 0.0061063956 0 0 
0 0 0.057840837 2.0278238 0 0 0 0 0.081682829 17.4444 0 27.877869 10.434768 0.23986309 0 3.5527137e-15 0 10.95767 1.5293163 0.36203287 0.19146818 0.42034586 23.181502 45.165372 -3.5527137e-15 0 0 0 0 
0 0 0 9.7483328 0 0 0 0 5.2685258 191.75016 376.80184 3.7860384 7.6640184 6.9681382 12.398785 14.399155 17.309429 25.634101 0.42913748 0.12382284 0.17415032 0.27963326 77.383015 256.45218 0.037297613 0.042385847 0 0 0 
0 0 0 0 0.025970586 0 0 0 0 0 0 119.61533 0.053780088 9.8323346 6.1074056 0 19.135292 29.635435 0.34585979 5.6804056 0.14698543 0.19162458 0.37241562 3.8521274 25.899146 0 0 0 0 
