var/www/cgi-bin/fswepp/working/ravel-27175.prodgrd.txt
NCOLS 90
NROWS 90
XLLCORNER 467485
YLLCORNER 4344275
CELLSIZE 10
NODATA_VALUE -9999
[rows 34 to 67 of 90, columns 0 to 75 of 90]
-26000 0 0 0 -26000 -26000 -26000 -26000 -26000 0 0 0 0 -26000 0 0 0 0 -26000 -26000 0 0 0 0 0 0 -26000 -26000 -26005.456 -26002.562 -26004.546 -26009.127 -26000 -26000 -26000 -26003.745 -26000 0 0 -26000 -26003.413 -26001.951 -26001.606 -26001.408 -26001.386 -26001.998 -26013.527 -26000 0 0 0 0 0 -26010.838 -26001.511 -26003.413 -26000 -26000 -26000 -26000 -26006.218 -26001.49 -26001.68 -26002.87 -26008.261 -26000 -26000 -26003.937 -26002.87 -26009.851 -26000 -26013.532 -26003.937 -26002.87 -26009.851 -26004.592
0 0 0 0 -26000 -26000 -26000 -26000 -26000 0 0 0 0 0 0 0 0 0 -26000 -26000 -26000 0 0 0 0 0 -26000 -26000 -26003.571 -26003.148 -26010.838 -26013.462 -26000 -26000 -26000 -26006.218 -26000 -26000 -26000 -26000 -26013.481 -26003.027 -26001.814 -26001.529 -26002.047 -26004.737 -26000 -26000 -26000 0 0 0 0 -26000 -26002.047 -26002.253 -26000 -26000 -26000 -26000 -26000 -26001.998 -26001.37 -26001.733 -26002.87 -26000 -26000 -26013.508 -26003.027 -26003.18 -26013.45 -26000 -26004.479 -26002.068 -26003.027 -26003.413
0 0 0 0 -26000 -26000 -26000 -26000 -26013.538 -26000 0 0 0 0 0 0 0 -26000 -26000 -26000 -26000 -26000 -26000 0 0 -26000 -26000 -26005.628 -26001.624 -26004.592 -26000 -26000 -26000 -26000 -26000 -26009.965 -26009.741 -26000 -26000 -26000 -26000 -26000 -26000 -26000 -26000 -26000 -26000 -26000 0 0 0 0 0 0 -26013.452 -26002.149 -26013.508 -26000 -26000 -26000 -26000 -26011.883 -26001.57 -26001.24 -26001.785 -26003.937 -26000 -26000 -26006.844 -26002.647 -26003.464 -26013.467 -26011.883 -26003.027 -26001.998 -26002.253
0 0 0 0 0 0 0 -26000 -26005.736 -26000 0 0 0 0 -26000 -26000 -26000 -26000 -26000 -26000 -26000 -26000 -26000 -26000 -26000 -26000 -26013.505 -26001.34 -26001.917 -26000 -26000 -26000 -26000 -26000 -26000 -26009.127 -26004.546 -26005.888 -26000 -26000 0 -26000 -26000 0 0 0 0 0 0 0 0 0 0 0 -26000 -26002.715 -26003.67 -26000 -26000 -26000 -26000 -26000 -26003.67 -26001.49 -26001.57 -26001.733 -26011.883 -26000 -26000 -26003.585 -26002.3 -26002.73 -26004.479 -26004.209 -26001.925 -26001.925
0 0 0 0 0 0 0 -26000 -26007.007 -26008.672 -26000 0 0 0 -26000 -26000 -26000 -26000 -26000 -26000 -26000 -26000 -26000 -26000 -26000 -26000 -26001.529 -26001.36 -26000 -26000 0 -26000 -26000 -26000 -26000 -26007.298 -26004.059 -26005.456 -26000 -26000 -26000 -26000 -26000 0 0 0 0 0 -26000 0 0 0 0 0 0 -26000 -26002.87 -26013.45 -26000 -26000 -26000 -26000 -26000 -26002.458 -26001.57 -26001.37 -26002.555 -26000 -26000 -26000 -26003.685 -26001.728 -26001.529 -26001.511 -26001.287 -26001.455
0 0 0 0 0 0 0 -26000 -26000 -26002.802 -26013.505 -26000 0 0 -26000 -26000 -26000 -26000 -26000 -26003.413 -26001.757 -26002.515 -26008.261 -26000 -26005.489 -26001.702 -26001.477 -26000 -26000 0 0 -26000 -26000 -26000 -26000 -26006.352 -26002.515 -26003.571 -26009.423 -26000 -26000 0 0 -26000 -26000 -26000 -26000 -26000 -26000 -26000 -26000 0 0 0 0 -26000 -26013.481 -26011.883 -26000 -26000 -26000 -26000 -26000 -26009.851 -26002.253 -26001.68 -26002.068 -26013.481 -26000 -26000 -26013.506 -26002.385 -26001.365 -26001.035 -26000.83 -26000.956
0 0 0 0 0 0 -26000 -26000 -26000 -26002.669 -26002.811 -26013.475 0 0 0 -26000 -26000 -26000 -26000 -26000 -26007.179 -26003.148 -26004.059 -26003.745 -26002.802 -26002.942 -26000 -26000 0 0 0 -26000 -26000 -26000 -26000 -26004.006 -26001.669 -26002.043 -26002.73 -26013.481 -26000 0 -26000 -26000 -26000 -26000 -26000 -26000 -26000 -26000 -26000 -26000 0 0 0 0 -26000 -26000 -26013.508 -26000 -26000 -26000 -26000 -26000 -26004.152 -26002.274 -26004.152 -26000 -26000 -26000 -26000 -26009.127 -26002.01 -26001.229 -26000.781 -26000.736
0 0 0 0 0 0 0 -26000 -26000 -26002.933 -26001.998 -26005.888 -26000 0 0 -26000 -26000 -26000 -26000 -26000 -26000 -26000 -26000 -26000 -26000 -26000 -26000 -26000 -26000 0 -26000 -26000 -26000 -26000 -26000 -26002.802 -26001.416 -26001.429 -26002.014 -26000 -26000 -26000 0 -26000 -26000 -26000 -26000 -26000 -26000 -26000 -26000 -26000 -26000 0 0 0 0 -26000 -26013.481 -26000 -26000 -26000 -26000 -26000 -26010.838 -26002.14 -26005.202 -26000 -26000 -26000 -26000 -26013.467 -26002.253 -26001.307 -26000.818 -26000.623
0 0 0 0 0 0 0 0 -26000 -26003.027 -26001.998 -26013.505 -26000 0 0 -26000 -26000 -26000 -26000 -26000 -26000 -26000 -26000 -26000 -26000 -26000 -26000 -26000 -26000 -26000 -26000 -26000 -26000 -26000 -26000 -26003.017 -26001.204 -26001.229 -26002.59 -26000 -26000 0 0 0 0 0 -26000 -26000 -26000 0 -26000 -26000 -26000 0 0 0 0 -26000 -26000 -26000 -26000 -26000 -26000 -26000 -26000 -26002.415 -26002.715 -26000 -26000 -26000 -26000 -26005.084 -26002.458 -26001.531 -26000.898 -26000.617
0 0 0 0 0 0 0 0 -26000 -26003.745 -26002.618 -26000 -26000 -26000 -26000 -26000 -26000 -26003.18 -26002.14 -26013.36 -26000 -26000 -26000 -26000 -26000 -26000 -26000 -26000 -26000 -26000 -26000 -26000 -26000 -26000 -26000 -26004.762 -26001.116 -26001.425 -26005.456 -26000 -26000 0 0 0 0 0 0 0 -26000 0 0 -26000 -26000 -26000 0 0 0 0 -26000 -26000 -26000 -26000 -26000 -26000 -26000 -26006.008 -26003.937 -26000 -26000 -26000 -26013.45 -26002.274 -26001.624 -26001.511 -26001.006 -26000.683
0 0 0 0 0 0 0 0 -26000 -26009.127 -26003.745 -26000 -26000 -26002.811 -26000 0 -26000 -26000 -26002.14 -26001.947 -26009.423 -26000 -26000 -26000 -26000 -26000 -26000 -26000 -26000 -26000 -26000 -26003.17 -26004.546 -26000 -26000 -26013.532 -26001.881 -26002.217 -26009.127 -26000 -26000 0 0 0 0 0 0 0 -26000 0 0 0 -26000 -26000 0 0 0 0 0 -26000 -26000 -26000 -26000 -26000 -26000 -26000 -26000 -26000 -26009.527 -26002.483 -26001.522 -26001.182 -26001.099 -26001.314 -26001.287 -26001.035
0 0 0 0 -26000 0 0 0 -26000 -26000 -26013.481 -26000 -26009.965 -26001.511 -26000 -26000 -26000 -26000 -26000 -26008.261 -26008.421 -26000 -26000 -26000 -26000 -26000 -26000 -26000 -26000 -26000 -26004.209 -26002.87 -26003.107 -26005.489 -26000 -26000 -26000 -26004.329 -26009.127 -26000 -26000 -26000 0 0 0 0 0 0 0 0 0 0 0 -26000 0 0 0 0 0 -26000 -26000 -26000 -26000 -26000 -26000 -26000 -26000 -26000 -26000 -26004.687 -26002.669 -26001.629 -26001.49 -26002.197 -26001.978 -26001.733
-26000 -26000 -26000 -26000 -26000 -26000 0 0 -26000 -26000 -26000 -26000 -26004.737 -26001.408 -26004.737 -26000 -26000 -26000 -26000 -26000 -26013.481 -26000 -26000 -26000 -26000 -26000 -26000 -26000 -26000 -26000 -26013.481 -26013.481 -26009.851 -26013.532 -26000 -26000 -26000 -26013.45 -26013.477 -26000 -26000 -26000 0 0 0 0 0 0 -26000 0 0 0 0 0 0 0 0 0 0 0 -26000 -26000 -26000 -26000 -26000 -26000 -26000 -26000 -26000 -26000 -26000 -26000 -26013.505 -26011.883 -26003.107 -26002.197
-26000 -26000 -26000 -26000 -26000 0 0 0 0 -26000 -26000 -26000 -26006.218 -26002.047 -26003.027 -26004.737 -26000 -26000 -26000 -26003.557 -26004.006 -26006.791 -26013.538 -26000 -26000 -26000 -26000 -26000 -26004.152 -26002.149 -26003.413 -26003.328 -26002.135 -26003.148 -26004.546 -26000 -26000 -26000 -26000 -26000 -26000 -26000 -26000 0 0 0 0 0 -26000 0 0 0 0 0 0 0 0 0 0 0 0 0 0 -26000 -26000 0 0 -26000 -26000 0 0 0 -26000 -26010.838 -26003.571 -26002.268
-26000 -26000 -26000 -26000 -26000 0 0 0 0 0 -26000 -26000 -26009.741 -26004.737 -26003.685 -26002.268 -26009.741 -26000 -26000 -26001.782 -26001.49 -26002.14 -26003.557 -26010.838 -26000 -26000 -26000 -26000 -26003.18 -26001.49 -26001.225 -26001.016 -26001.187 -26003.571 -26013.444 -26000 -26000 -26000 -26000 -26000 -26000 -26000 -26000 0 0 0 0 0 -26000 -26000 0 0 0 0 0 0 0 0 0 0 0 0 0 0 -26000 0 0 0 0 0 0 0 -26000 -26005.456 -26003.76 -26002.59
-26000 -26000 -26000 -26000 -26000 0 0 0 0 0 -26000 -26000 -26013.481 -26013.481 -26006.218 -26002.268 -26001.669 -26004.059 -26000 -26000 -26003.107 -26001.49 -26001.429 -26001.978 -26004.737 -26003.451 -26002.197 -26005.736 -26007.485 -26002.933 -26002.555 -26001.925 -26007.007 -26000 -26000 -26000 -26000 -26000 -26000 -26000 -26003.18 -26000 -26000 0 0 0 0 -26000 -26000 -26000 -26000 0 0 0 0 0 0 0 0 0 0 0 0 0 0 0 0 0 0 0 0 -26000 -26000 -26013.481 -26003.027 -26001.639
-26000 -26000 -26000 -26000 -26000 0 0 0 0 0 -26000 -26000 -26000 -26000 -26009.741 -26002.047 -26001.408 -26002.03 -26000 0 0 -26013.494 -26001.782 -26001.565 -26002.03 -26002.154 -26002.197 -26002.669 -26002.73 -26003.685 -26000 -26000 -26000 -26000 -26000 -26000 -26013.527 -26000 -26000 -26000 -26006.218 -26000 0 0 0 0 0 -26000 -26000 -26000 -26000 -26000 0 0 0 0 0 0 0 0 0 0 0 0 0 0 0 0 0 0 0 -26000 -26000 -26009.527 -26001.998 -26001.126
-26000 -26000 -26000 -26000 -26000 -26000 0 0 0 0 -26000 -26000 -26000 -26000 -26013.481 -26002.03 -26001.782 -26002.669 -26000 0 0 -26000 -26000 -26003.017 -26002.03 -26002.068 -26003.148 -26004.479 -26004.096 -26013.481 -26000 -26000 -26000 -26000 -26000 -26000 -26000 -26000 -26000 -26000 -26000 -26000 0 0 0 -26000 -26000 -26000 -26000 -26000 -26000 -26000 0 0 0 0 0 0 -26000 -26000 0 0 0 0 0 0 0 0 0 0 0 -26000 -26000 -26006.844 -26002.197 -26001.031
-26000 -26000 -26000 -26000 -26000 -26000 -26000 0 0 0 0 -26000 -26000 -26000 -26000 -26003.571 -26003.017 -26003.571 -26000 -26000 -26000 0 -26000 -26000 -26009.965 -26005.456 -26000 -26000 -26000 -26000 -26000 -26000 -26000 -26000 -26000 -26000 -26000 -26000 -26000 -26000 -26000 -26000 0 0 0 0 -26000 -26000 -26000 -26000 -26000 -26000 -26000 0 0 0 0 0 -26000 -26000 -26000 -26000 0 0 0 0 0 0 0 0 0 -26000 -26000 -26000 -26008.108 -26001.736
-26000 -26000 -26000 -26000 -26000 -26000 -26000 0 0 0 0 0 -26000 -26000 -26000 -26000 -26000 -26005.628 -26009.423 -26000 -26000 0 0 0 -26000 -26000 -26000 -26000 -26000 -26000 -26000 -26000 -26000 -26000 -26000 -26000 -26000 -26000 -26000 -26000 -26000 -26000 0 0 0 0 0 -26000 -26000 -26000 -26000 -26000 -26000 -26000 -26000 0 0 0 0 -26000 -26000 -26000 0 0 0 0 0 0 0 0 0 -26000 -26000 -26000 -26013.505 -26009.423
-26000 -26000 -26000 -26000 -26000 -26000 -26000 -26000 0 0 0 0 -26000 -26000 -26000 -26000 -26000 -26000 -26003.18 -26004.737 -26013.532 -26000 0 0 0 -26000 -26000 -26000 -26000 0 -26000 -26000 -26000 -26000 -26000 -26000 -26000 -26000 -26000 -26000 -26000 -26000 -26000 -26000 -26000 0 -26000 -26000 -26000 -26000 -26000 -26000 -26000 -26000 -26000 -26000 -26000 0 0 0 0 0 0 0 0 0 0 0 0 0 0 0 -26000 -26008.672 -26008.108 -26000
-26000 -26000 -26000 -26000 -26000 -26000 -26000 -26000 0 0 0 0 -26000 -26000 -26000 -26000 -26000 -26000 -26004.479 -26003.017 -26010.838 -26000 -26000 -26000 0 0 0 0 -26000 -26000 -26000 -26000 -26000 -26000 -26000 -26000 -26000 -26000 -26000 -26000 -26000 -26000 -26000 -26000 -26000 -26000 -26000 -26000 -26000 -26000 -26000 -26000 -26000 -26000 -26000 -26000 -26000 -26000 0 0 0 -26000 -26000 -26000 -26000 -26000 -26000 -26000 -26000 -26000 -26000 -26000 0 -26000 -26000 -26000
0 0 0 -26000 -26000 -26000 -26000 -26000 -26000 0 0 0 0 0 0 0 0 -26000 -26013.475 -26003.571 -26013.444 -26000 -26000 -26000 -26000 0 0 0 -26000 -26000 -26000 -26000 -26000 -26000 -26000 -26000 -26000 -26000 -26000 -26000 -26000 -26000 -26000 -26000 0 0 -26000 -26000 -26000 -26000 0 0 0 0 -26000 -26000 -26000 0 0 -26000 -26000 -26000 -26000 -26000 -26000 -26000 -26000 -26009.851 -26005.084 -26004.592 -26002.135 -26001.833 -26000 0 -26000 -26000
0 0 0 0 0 -26000 -26000 -26000 -26000 -26000 0 0 0 0 0 0 0 -26000 -26000 -26009.741 -26000 -26000 -26000 -26000 -26000 0 0 0 -26000 -26000 -26000 -26000 -26000 -26000 0 0 -26000 0 -26000 -26000 -26000 -26000 -26000 0 0 0 -26000 -26000 -26000 -26000 -26000 0 0 0 0 0 0 0 -26000 -26000 -26000 -26000 -26000 -26000 -26000 -26000 -26000 -26000 -26004.546 -26002.149 -26002.197 -26002.73 -26000 0 0 0
0 0 0 0 0 0 -26000 -26000 -26000 -26000 0 0 0 0 0 0 0 -26000 -26000 -26000 -26000 -26000 -26000 -26000 -26000 0 0 -26000 0 0 0 -26000 -26000 -26000 -26000 -26000 -26000 -26000 -26000 0 0 0 0 0 0 0 0 -26000 -26000 -26000 -26000 -26000 0 0 0 0 0 0 0 0 -26000 -26000 -26000 -26000 -26007.007 -26000 -26000 -26000 -26000 -26000 -26003.76 -26005.456 -26000 0 0 0
0 0 0 0 0 0 -26000 -26000 -26000 -26000 -26000 0 0 0 0 0 0 -26000 -26000 -26000 -26000 -26000 -26000 -26000 -26000 -26000 -26000 -26000 -26000 0 0 -26000 -26000 0 0 -26000 -26000 -26000 0 0 0 0 0 0 0 0 -26000 -26000 -26000 -26000 -26000 -26000 0 0 0 0 0 0 0 0 -26000 -26000 -26000 -26000 -26000 -26000 -26000 -26000 -26000 -26000 -26000 -26005.172 -26013.5 -26000 0 0
0 0 0 0 0 0 0 -26000 -26000 -26000 -26000 -26000 0 0 -26000 -26000 -26000 -26000 -26000 0 0 -26000 0 -26000 -26000 -26000 -26000 -26000 -26000 -26000 -26000 -26000 -26000 0 0 0 -26000 0 0 0 0 0 0 0 0 0 -26000 -26000 -26000 -26000 -26000 -26000 -26000 -26000 0 0 0 0 0 0 0 0 -26000 0 0 0 0 0 -26000 -26000 -26000 -26000 -26000 -26000 0 0
0 0 0 0 0 0 0 -26000 -26000 -26000 -26000 0 0 0 0 -26000 -26000 -26000 -26000 0 0 0 0 0 -26000 -26000 -26000 -26000 -26000 -26000 -26000 -26000 -26000 -26000 -26000 -26000 -26000 0 0 0 0 0 0 0 0 0 0 -26000 -26000 -26000 -26000 -26000 -26000 -26000 0 0 0 0 0 0 0 0 0 0 0 0 0 -26000 -26000 -26000 -26000 -26000 -26000 -26000 -26000 0
0 0 -26000 -26000 0 0 0 -26000 -26000 -26000 -26000 -26000 0 0 0 -26000 -26000 -26000 0 0 0 0 0 0 0 -26000 -26000 0 -26000 -26000 -26000 -26000 -26000 -26000 -26000 -26000 -26000 -26000 0 0 0 0 0 0 0 0 0 -26000 -26000 -26000 -26000 -26000 -26000 -26000 0 0 0 0 0 0 0 0 0 0 0 0 -26000 -26000 -26000 -26000 -26000 -26000 -26000 -26000 -26000 0
0 0 -26000 -26013.467 -26000 0 0 -26000 -26000 -26000 -26004.592 -26009.851 -26000 0 0 -26000 -26000 0 0 0 0 0 0 0 0 0 0 0 0 -26000 -26000 -26000 -26000 -26000 -26000 -26000 -26000 -26000 -26000 -26000 0 0 0 0 0 0 -26000 -26000 -26000 -26000 -26000 -26000 -26000 -26000 0 0 0 0 0 0 0 0 0 0 0 0 0 -26000 -26000 -26000 -26000 -26000 -26000 -26000 -26000 0
0 0 -26000 -26000 -26003.67 -26000 -26000 -26000 0 0 -26000 -26005.084 -26005.628 -26000 -26000 -26000 -26000 0 0 0 0 0 0 0 0 0 0 0 0 0 -26000 -26000 -26000 -26000 -26000 -26000 -26000 -26000 -26000 -26000 -26000 -26000 0 0 0 0 0 -26000 -26000 -26000 -26000 -26000 -26000 -26000 -26000 0 0 0 0 0 0 0 0 0 0 0 0 0 -26000 -26000 -26013.5 -26000 -26000 -26000 -26000 0
0 0 0 -26000 -26003.67 -26002.562 -26004.546 -26000 0 0 0 -26000 -26005.628 -26000 -26000 -26000 0 0 0 0 0 0 0 0 0 0 0 0 0 0 -26000 -26000 -26000 -26000 -26000 -26000 -26000 -26000 -26000 -26000 -26000 -26000 -26000 -26000 0 0 0 0 -26000 -26000 -26000 -26000 -26000 -26000 -26000 -26000 0 0 0 0 0 0 0 0 0 0 0 0 0 -26000 -26000 -26000 -26000 -26000 -26000 -26000
0 0 0 -26000 -26000 -26002.274 -26002.415 -26003.413 -26000 -26000 0 -26000 -26005.628 -26013.495 -26000 0 0 0 0 0 0 0 0 0 0 0 0 0 0 0 0 -26000 -26000 -26000 -26000 -26000 -26000 -26000 -26000 -26000 -26000 -26000 -26000 -26000 0 0 0 0 0 -26000 -26000 0 -26000 -26000 -26000 -26000 -26000 0 0 0 0 0 0 0 0 0 0 0 0 0 -26000 -26000 -26000 -26000 -26000 -26000
0 0 0 -26000 -26000 -26005.628 -26003.413 -26002.014 -26002.862 -26000 -26000 0 -26000 -26000 -26000 -26000 0 0 0 0 0 0 0 0 0 0 0 0 0 0 0 0 -26000 -26000 -26000 -26000 -26000 -26000 -26000 -26000 -26000 -26000 -26000 -26000 -26000 0 0 0 0 -26000 -26000 0 0 -26000 -26000 -26000 -26000 0 0 0 0 0 0 0 0 0 0 0 0 0 0 -26000 -26000 -26000 -26000 -26000
