var/www/cgi-bin/fswepp/working/ravel-27459.dem.txt
ncols         100
nrows         100
xllcorner     470099
yllcorner     4341469
cellsize      10
NODATA_value  -9999
[rows 0 to 37 of 100, columns 0 to 83 of 100]
2518 2516 2515 2514 2513 2512 2510 2508 2506 2504 2502 2501 2499 2498 2496 2494 2492 2491 2490 2489 2488 2488 2487 2485 2484 2482 2480 2480 2479 2478 2478 2477 2477 2476 2475 2472 2468 2466 2465 2463 2460 2456 2454 2451 2449 2446 2444 2442 2441 2439 2437 2436 2435 2435 2435 2435 2435 2437 2438 2440 2442 2444 2445 2444 2442 2440 2438 2435 2431 2429 2426 2421 2416 2413 2411 2409 2407 2405 2403 2402 2401 2399 2398 2397
2518 2517 2516 2515 2514 2513 2511 2509 2506 2505 2503 2501 2500 2498 2496 2493 2492 2491 2490 2489 2488 2487 2486 2485 2483 2482 2480 2480 2479 2478 2478 2477 2476 2476 2475 2472 2469 2466 2465 2463 2461 2457 2454 2451 2449 2448 2447 2445 2443 2441 2439 2436 2434 2432 2432 2432 2432 2433 2435 2436 2438 2440 2442 2443 2441 2440 2437 2433 2429 2426 2424 2419 2415 2413 2410 2408 2406 2404 2403 2401 2400 2399 2398 2396
2519 2517 2516 2515 2514 2513 2511 2509 2507 2504 2503 2501 2499 2497 2495 2493 2490 2490 2489 2488 2487 2486 2485 2484 2482 2481 2479 2478 2479 2478 2477 2476 2476 2475 2474 2471 2468 2465 2464 2462 2461 2458 2454 2452 2451 2450 2449 2448 2447 2444 2441 2439 2436 2432 2430 2429 2429 2428 2429 2431 2433 2436 2438 2439 2439 2436 2433 2429 2426 2424 2421 2418 2414 2412 2409 2407 2405 2403 2402 2401 2399 2398 2397 2397
2519 2517 2516 2515 2514 2513 2511 2508 2506 2504 2502 2500 2498 2496 2493 2491 2490 2489 2488 2487 2486 2486 2484 2483 2481 2479 2479 2478 2478 2477 2476 2476 2475 2474 2472 2469 2466 2464 2463 2462 2460 2458 2456 2454 2452 2452 2452 2451 2450 2447 2443 2441 2439 2435 2431 2428 2426 2425 2425 2426 2426 2426 2428 2429 2429 2428 2427 2425 2423 2421 2418 2415 2413 2410 2408 2405 2403 2402 2401 2400 2399 2398 2398 2399
2519 2517 2516 2515 2513 2512 2510 2507 2505 2502 2501 2499 2496 2494 2492 2490 2488 2487 2487 2486 2485 2484 2484 2482 2480 2478 2477 2477 2476 2476 2475 2475 2473 2472 2469 2466 2464 2463 2462 2460 2460 2458 2457 2456 2454 2454 2453 2453 2451 2449 2445 2442 2440 2438 2434 2430 2426 2424 2424 2423 2423 2424 2424 2424 2424 2423 2422 2421 2419 2417 2415 2413 2411 2409 2406 2404 2402 2401 2400 2399 2399 2400 2401 2402
2519 2517 2515 2514 2513 2511 2508 2505 2502 2500 2499 2497 2494 2491 2489 2487 2487 2487 2486 2485 2485 2483 2483 2481 2479 2477 2476 2476 2475 2475 2474 2474 2472 2469 2466 2463 2462 2461 2460 2460 2460 2459 2459 2458 2456 2455 2454 2453 2452 2450 2447 2443 2441 2439 2436 2431 2427 2425 2423 2422 2422 2421 2421 2421 2420 2420 2418 2417 2416 2414 2412 2411 2409 2407 2406 2404 2402 2401 2401 2401 2401 2402 2403 2404
2518 2516 2515 2513 2512 2509 2506 2503 2500 2499 2496 2494 2491 2489 2487 2486 2486 2485 2485 2485 2484 2484 2482 2480 2477 2476 2475 2475 2474 2473 2473 2472 2471 2467 2464 2462 2462 2462 2461 2461 2462 2461 2461 2460 2458 2456 2454 2453 2451 2450 2447 2444 2442 2440 2437 2432 2429 2426 2423 2421 2420 2419 2419 2419 2418 2417 2416 2414 2413 2412 2410 2409 2408 2406 2405 2403 2403 2402 2403 2403 2404 2405 2406 2407
2517 2515 2513 2512 2509 2506 2503 2500 2499 2498 2496 2493 2489 2487 2486 2486 2486 2485 2485 2485 2484 2483 2482 2480 2476 2475 2475 2474 2474 2473 2473 2472 2471 2468 2465 2464 2463 2463 2463 2463 2463 2463 2463 2461 2459 2456 2453 2452 2451 2449 2447 2444 2442 2439 2436 2433 2430 2427 2425 2423 2421 2419 2417 2416 2416 2414 2413 2413 2411 2410 2409 2408 2406 2405 2405 2405 2405 2405 2405 2406 2407 2408 2409 2410
2515 2513 2512 2509 2506 2503 2500 2498 2497 2496 2495 2491 2489 2487 2487 2487 2487 2486 2486 2486 2485 2485 2482 2480 2478 2476 2476 2475 2475 2474 2474 2473 2472 2470 2468 2466 2465 2465 2465 2465 2465 2465 2464 2463 2460 2456 2453 2451 2449 2448 2447 2444 2441 2438 2436 2434 2432 2429 2427 2425 2423 2421 2419 2417 2415 2413 2412 2412 2410 2410 2409 2408 2408 2407 2407 2407 2407 2407 2408 2409 2410 2411 2412 2413
2513 2511 2509 2506 2503 2499 2498 2498 2497 2496 2494 2492 2490 2489 2488 2488 2487 2487 2487 2486 2485 2484 2484 2481 2479 2478 2477 2477 2476 2476 2475 2475 2474 2472 2470 2469 2468 2467 2466 2466 2466 2466 2464 2463 2460 2456 2452 2450 2449 2447 2447 2445 2442 2440 2439 2437 2435 2432 2430 2428 2426 2423 2421 2419 2417 2414 2413 2412 2412 2411 2410 2410 2410 2409 2409 2409 2409 2410 2411 2412 2414 2414 2415 2415
2511 2509 2508 2504 2500 2499 2498 2497 2496 2496 2495 2493 2491 2491 2490 2490 2489 2488 2488 2487 2486 2485 2484 2483 2481 2480 2479 2478 2478 2477 2477 2476 2475 2474 2473 2472 2470 2469 2468 2467 2467 2466 2465 2463 2460 2456 2452 2450 2448 2448 2447 2446 2445 2443 2441 2439 2437 2435 2432 2430 2428 2426 2424 2421 2419 2416 2414 2414 2413 2413 2413 2412 2412 2412 2411 2411 2412 2413 2414 2415 2415 2416 2416 2416
2511 2509 2507 2503 2501 2499 2499 2498 2497 2496 2496 2494 2493 2493 2492 2491 2491 2490 2489 2488 2487 2486 2485 2484 2483 2482 2481 2480 2479 2479 2478 2477 2477 2476 2475 2473 2472 2471 2469 2468 2467 2466 2464 2463 2460 2455 2451 2450 2449 2449 2449 2448 2447 2445 2443 2442 2440 2438 2435 2433 2430 2428 2426 2424 2422 2419 2417 2416 2415 2415 2415 2415 2414 2414 2414 2414 2414 2415 2416 2416 2417 2417 2417 2417
2511 2510 2508 2505 2503 2501 2500 2499 2498 2498 2497 2496 2495 2495 2494 2493 2492 2491 2490 2489 2488 2487 2486 2485 2485 2484 2483 2482 2481 2480 2479 2478 2478 2477 2476 2475 2473 2472 2470 2468 2467 2465 2464 2462 2459 2455 2451 2451 2451 2451 2451 2450 2450 2448 2446 2444 2442 2440 2438 2435 2432 2430 2428 2427 2424 2422 2420 2418 2418 2418 2418 2417 2417 2417 2416 2416 2417 2417 2418 2418 2418 2418 2418 2418
2513 2512 2510 2507 2505 2503 2501 2500 2500 2499 2499 2498 2498 2497 2496 2495 2494 2493 2492 2491 2490 2488 2488 2487 2487 2486 2484 2483 2482 2481 2480 2479 2479 2478 2477 2476 2474 2472 2470 2467 2466 2464 2463 2461 2459 2456 2454 2453 2453 2453 2453 2452 2452 2451 2449 2446 2444 2442 2439 2437 2434 2432 2430 2428 2426 2423 2422 2422 2421 2421 2420 2420 2420 2420 2420 2420 2420 2420 2421 2421 2421 2420 2420 2419
2515 2513 2512 2509 2507 2504 2503 2502 2502 2501 2501 2500 2499 2499 2498 2497 2495 2494 2493 2492 2491 2490 2490 2489 2488 2487 2486 2485 2484 2483 2481 2480 2479 2478 2477 2476 2475 2473 2470 2467 2465 2464 2462 2461 2459 2457 2457 2456 2455 2455 2455 2454 2453 2452 2451 2449 2446 2443 2440 2438 2435 2433 2431 2429 2427 2425 2424 2424 2424 2424 2424 2423 2423 2423 2423 2423 2423 2423 2424 2424 2423 2423 2421 2420
2517 2515 2513 2511 2508 2507 2505 2504 2504 2503 2503 2502 2501 2500 2499 2498 2497 2496 2495 2494 2493 2492 2491 2490 2489 2489 2487 2486 2485 2484 2482 2481 2480 2478 2477 2476 2475 2473 2470 2467 2465 2463 2462 2460 2460 2459 2459 2458 2457 2457 2456 2456 2455 2454 2452 2451 2448 2445 2441 2438 2436 2434 2432 2430 2428 2426 2426 2426 2426 2426 2427 2426 2426 2426 2426 2426 2426 2426 2426 2426 2425 2424 2423 2421
2518 2515 2513 2511 2509 2508 2507 2506 2506 2505 2505 2504 2503 2502 2501 2500 2499 2498 2497 2496 2495 2494 2493 2492 2491 2490 2489 2487 2486 2484 2483 2481 2480 2479 2477 2476 2475 2473 2471 2467 2464 2462 2461 2461 2461 2461 2461 2460 2460 2459 2458 2457 2456 2455 2453 2452 2449 2446 2443 2439 2437 2435 2434 2432 2430 2429 2429 2429 2429 2429 2429 2428 2428 2428 2427 2427 2427 2427 2427 2427 2426 2425 2423 2422
2519 2516 2514 2512 2510 2509 2509 2508 2508 2508 2507 2506 2505 2504 2503 2501 2500 2500 2499 2498 2497 2496 2494 2493 2492 2491 2489 2488 2486 2485 2483 2482 2480 2479 2477 2476 2474 2472 2470 2466 2463 2462 2463 2463 2463 2463 2463 2463 2462 2461 2460 2459 2458 2456 2454 2452 2450 2447 2444 2441 2438 2437 2435 2434 2433 2432 2432 2432 2431 2431 2430 2430 2429 2429 2429 2428 2428 2428 2428 2427 2426 2425 2424 2422
2520 2517 2515 2513 2512 2511 2511 2511 2511 2510 2509 2508 2507 2505 2504 2503 2502 2501 2501 2500 2499 2497 2496 2494 2493 2491 2490 2488 2487 2485 2484 2482 2481 2479 2477 2475 2474 2473 2471 2468 2465 2464 2465 2465 2465 2465 2465 2464 2464 2463 2462 2460 2459 2457 2455 2453 2451 2448 2446 2442 2440 2438 2437 2436 2436 2435 2435 2435 2435 2434 2433 2432 2431 2430 2430 2429 2429 2428 2427 2426 2426 2425 2423 2422
2521 2520 2518 2516 2515 2514 2514 2513 2513 2512 2511 2510 2508 2507 2506 2505 2504 2503 2502 2501 2500 2499 2497 2495 2494 2492 2490 2489 2487 2485 2484 2483 2481 2479 2477 2475 2474 2473 2472 2470 2468 2467 2467 2467 2467 2467 2466 2466 2465 2464 2463 2462 2460 2458 2456 2454 2452 2450 2447 2445 2442 2440 2439 2438 2438 2438 2438 2438 2438 2437 2436 2434 2432 2431 2430 2429 2428 2427 2426 2426 2425 2424 2423 2422
2522 2522 2522 2520 2519 2517 2516 2515 2515 2514 2513 2512 2510 2509 2508 2506 2505 2504 2503 2502 2501 2500 2498 2496 2494 2492 2491 2489 2487 2486 2484 2483 2482 2480 2478 2476 2475 2474 2473 2472 2471 2470 2470 2469 2469 2468 2468 2467 2466 2465 2464 2463 2461 2459 2457 2455 2453 2451 2449 2447 2445 2443 2441 2441 2441 2440 2440 2440 2439 2439 2437 2435 2433 2431 2430 2429 2428 2427 2426 2425 2424 2423 2423 2423
2524 2525 2525 2524 2523 2521 2519 2517 2516 2515 2514 2513 2512 2510 2509 2508 2507 2506 2504 2503 2502 2501 2499 2497 2495 2493 2491 2489 2487 2486 2485 2484 2482 2480 2479 2477 2476 2476 2475 2474 2474 2473 2472 2471 2471 2470 2469 2468 2467 2466 2465 2464 2462 2460 2458 2456 2454 2453 2451 2449 2447 2446 2444 2443 2443 2442 2442 2441 2440 2439 2438 2436 2434 2431 2430 2428 2427 2426 2426 2425 2424 2424 2424 2424
2527 2527 2527 2526 2525 2523 2521 2519 2518 2517 2515 2514 2513 2512 2511 2510 2508 2507 2506 2504 2503 2501 2500 2498 2496 2494 2492 2489 2487 2486 2485 2484 2483 2482 2480 2479 2478 2477 2477 2476 2475 2475 2474 2473 2472 2471 2471 2469 2468 2467 2465 2464 2463 2461 2459 2458 2456 2454 2453 2451 2449 2448 2446 2445 2444 2443 2442 2441 2440 2439 2437 2435 2433 2431 2430 2428 2427 2426 2425 2425 2425 2425 2425 2424
2529 2529 2528 2527 2526 2524 2522 2520 2519 2518 2517 2516 2514 2513 2512 2511 2510 2508 2507 2505 2504 2502 2500 2499 2497 2495 2492 2490 2488 2487 2486 2485 2484 2483 2481 2480 2479 2479 2478 2477 2476 2476 2476 2475 2474 2473 2472 2470 2469 2467 2466 2464 2463 2462 2460 2459 2457 2456 2454 2453 2451 2449 2448 2447 2445 2443 2442 2441 2439 2438 2437 2434 2433 2432 2430 2428 2427 2426 2426 2426 2426 2426 2426 2425
2532 2531 2530 2528 2527 2525 2523 2521 2520 2519 2518 2517 2516 2515 2514 2512 2511 2509 2508 2506 2504 2503 2501 2499 2498 2496 2494 2491 2490 2488 2487 2486 2485 2484 2483 2481 2480 2479 2478 2477 2477 2477 2477 2476 2475 2474 2473 2471 2469 2467 2466 2465 2464 2463 2462 2460 2459 2457 2455 2454 2452 2451 2449 2447 2445 2443 2441 2440 2438 2438 2436 2435 2434 2432 2430 2428 2428 2428 2427 2427 2427 2427 2426 2426
2534 2533 2531 2529 2528 2526 2524 2523 2521 2520 2519 2518 2517 2516 2515 2513 2512 2510 2508 2507 2505 2503 2502 2500 2498 2496 2495 2493 2491 2490 2489 2487 2486 2485 2484 2482 2480 2478 2477 2476 2475 2475 2475 2476 2476 2475 2474 2472 2470 2468 2466 2466 2465 2464 2463 2462 2460 2458 2456 2455 2453 2451 2450 2448 2445 2443 2441 2439 2438 2437 2436 2435 2434 2433 2431 2430 2430 2429 2429 2429 2428 2428 2428 2427
2536 2534 2533 2531 2529 2527 2525 2524 2523 2522 2521 2520 2519 2517 2516 2514 2512 2511 2509 2507 2506 2504 2503 2501 2499 2497 2496 2494 2492 2491 2490 2489 2487 2486 2484 2482 2480 2478 2476 2475 2474 2474 2474 2475 2475 2474 2474 2472 2470 2468 2467 2466 2465 2464 2464 2463 2461 2460 2457 2455 2453 2452 2450 2448 2446 2443 2441 2439 2438 2437 2436 2435 2434 2433 2433 2432 2433 2431 2430 2430 2430 2430 2429 2429
2537 2536 2534 2532 2530 2528 2527 2526 2525 2523 2522 2521 2520 2519 2517 2515 2513 2511 2510 2508 2507 2505 2503 2502 2500 2498 2497 2495 2494 2492 2491 2490 2488 2487 2485 2483 2481 2478 2476 2475 2474 2473 2473 2473 2473 2473 2472 2472 2470 2468 2467 2466 2465 2465 2464 2464 2463 2461 2458 2455 2454 2452 2450 2448 2446 2443 2441 2439 2438 2437 2436 2435 2434 2434 2434 2434 2433 2433 2432 2431 2431 2431 2431 2430
2538 2537 2535 2533 2532 2530 2529 2528 2526 2525 2524 2523 2521 2520 2518 2516 2514 2512 2510 2509 2507 2506 2504 2503 2501 2499 2498 2496 2495 2493 2492 2491 2489 2488 2486 2483 2480 2478 2476 2474 2473 2472 2472 2471 2471 2471 2471 2470 2469 2468 2467 2467 2466 2466 2465 2464 2463 2461 2459 2456 2454 2452 2450 2448 2446 2444 2441 2440 2438 2437 2436 2435 2435 2435 2435 2435 2435 2434 2434 2434 2433 2433 2432 2432
2539 2538 2536 2534 2533 2532 2531 2530 2528 2527 2526 2524 2523 2521 2519 2517 2515 2513 2511 2510 2508 2507 2505 2504 2502 2501 2499 2498 2496 2494 2493 2491 2490 2488 2486 2484 2480 2477 2475 2474 2473 2472 2471 2470 2469 2469 2469 2469 2468 2468 2467 2466 2466 2466 2465 2464 2463 2461 2459 2457 2454 2452 2451 2449 2447 2444 2442 2440 2438 2437 2436 2435 2435 2435 2436 2436 2436 2436 2436 2436 2435 2435 2435 2434
2540 2539 2537 2536 2535 2534 2533 2532 2530 2529 2528 2526 2525 2523 2521 2519 2516 2514 2512 2511 2509 2508 2506 2505 2503 2502 2500 2499 2497 2495 2494 2492 2490 2489 2487 2484 2480 2477 2475 2473 2472 2471 2469 2468 2467 2467 2467 2467 2467 2467 2467 2466 2465 2465 2464 2464 2462 2461 2459 2457 2455 2453 2451 2450 2447 2444 2442 2440 2439 2437 2436 2436 2436 2436 2437 2437 2437 2437 2437 2437 2437 2437 2436 2436
2542 2541 2539 2538 2536 2536 2535 2534 2532 2531 2530 2528 2526 2524 2523 2520 2518 2516 2514 2512 2510 2509 2508 2506 2505 2503 2501 2500 2498 2496 2494 2492 2491 2489 2487 2484 2480 2477 2475 2473 2472 2470 2468 2466 2464 2464 2465 2465 2465 2465 2465 2465 2464 2464 2463 2462 2461 2460 2459 2457 2455 2453 2452 2450 2448 2445 2443 2441 2439 2438 2437 2436 2436 2437 2437 2438 2438 2439 2439 2439 2439 2438 2438 2437
2544 2543 2542 2540 2539 2538 2537 2536 2535 2533 2532 2530 2528 2526 2524 2522 2520 2518 2515 2513 2512 2510 2509 2507 2506 2504 2502 2500 2499 2497 2495 2493 2491 2489 2487 2484 2480 2477 2474 2472 2471 2468 2466 2464 2463 2462 2463 2463 2464 2464 2464 2463 2463 2463 2462 2461 2460 2459 2458 2456 2455 2454 2452 2450 2448 2445 2443 2441 2439 2438 2437 2437 2437 2438 2438 2439 2439 2440 2440 2440 2440 2440 2439 2439
2546 2545 2544 2543 2542 2541 2540 2538 2537 2535 2534 2532 2530 2528 2526 2524 2522 2520 2517 2515 2513 2512 2510 2509 2507 2505 2503 2501 2499 2498 2495 2493 2491 2489 2486 2483 2480 2476 2474 2472 2470 2467 2465 2463 2462 2461 2461 2462 2462 2462 2462 2462 2461 2461 2460 2459 2458 2458 2456 2455 2454 2453 2452 2450 2448 2445 2443 2441 2439 2438 2437 2437 2438 2438 2439 2440 2440 2441 2441 2441 2441 2441 2441 2440
2548 2548 2547 2546 2545 2543 2542 2541 2539 2538 2536 2534 2532 2530 2528 2526 2524 2522 2519 2517 2515 2513 2512 2510 2508 2506 2504 2502 2500 2498 2496 2493 2491 2488 2486 2483 2479 2476 2474 2471 2469 2466 2464 2462 2461 2460 2460 2460 2460 2460 2460 2459 2459 2458 2457 2456 2456 2456 2455 2454 2453 2452 2451 2449 2447 2444 2442 2440 2439 2438 2437 2437 2438 2439 2440 2441 2441 2442 2442 2443 2443 2442 2442 2442
2551 2550 2549 2548 2547 2546 2545 2543 2542 2540 2538 2536 2534 2532 2530 2528 2525 2523 2521 2519 2517 2515 2513 2511 2509 2507 2505 2503 2500 2498 2496 2494 2491 2488 2485 2482 2479 2476 2473 2471 2468 2465 2463 2462 2460 2459 2459 2458 2458 2457 2457 2457 2456 2455 2453 2453 2453 2453 2453 2452 2452 2451 2450 2448 2446 2444 2442 2440 2438 2437 2437 2438 2438 2440 2441 2442 2442 2443 2443 2444 2444 2444 2443 2443
2553 2552 2551 2550 2550 2549 2548 2546 2545 2543 2541 2539 2537 2534 2532 2529 2527 2524 2522 2520 2518 2516 2514 2512 2511 2508 2506 2503 2501 2499 2496 2494 2491 2488 2485 2482 2479 2475 2473 2470 2467 2464 2462 2461 2459 2458 2457 2456 2455 2455 2455 2454 2453 2452 2450 2450 2451 2451 2451 2450 2450 2449 2448 2447 2445 2442 2441 2439 2438 2437 2437 2438 2439 2440 2442 2443 2443 2444 2445 2446 2446 2445 2445 2445
2555 2554 2553 2553 2552 2551 2550 2549 2548 2545 2543 2541 2539 2536 2534 2531 2528 2526 2524 2522 2520 2517 2515 2514 2512 2509 2506 2504 2501 2499 2497 2494 2491 2488 2485 2482 2479 2476 2473 2470 2466 2463 2462 2460 2459 2457 2455 2454 2453 2453 2453 2452 2451 2450 2449 2448 2448 2448 2448 2448 2447 2446 2446 2444 2443 2441 2440 2438 2437 2437 2437 2438 2440 2441 2442 2444 2445 2446 2447 2447 2447 2447 2447 2446
