var/www/cgi-bin/fswepp/working/ravel-27175.depgrd.txt
NCOLS 90
NROWS 90
XLLCORNER 467485
YLLCORNER 4344275
CELLSIZE 10
NODATA_VALUE -9999
[rows 30 to 59 of 90, columns 0 to 66 of 90]
0 0 0 0 0 0.033401333 0.049092162 0 19617.788 27207.558 113955.02 382.5157 0 0 0 0 0 0 0 0 0 0 0 0 0 0 0 0 0 0 0 3.6379788e-12 0 0 0.16600387 291623.81 0 0 -7.2759576e-12 0 -3.6379788e-12 0 0 0 0 0 3.6379788e-12 3.6379788e-12 3.6379788e-12 0 0 1.0913936e-11 -7.2759576e-12 0 0.033126715 0 -7.2759576e-12 0 -1.0913936e-11 -7.2759576e-12 7.2759576e-12 2.1827873e-11 -1.0913936e-11 0.037482377 0 0.11034925 -3.2741809e-11
0 8032.0208 0 3.6379788e-12 0 3.6379788e-12 0.0093550538 17549.9 8450.1072 30322.708 112043.03 0 0 0 0 0 0 0 0 0 0 0 0 0 0 0 -3.6379788e-12 0 -3.6379788e-12 0 0 3.6379788e-12 3.6379788e-12 0 0.12049398 73399.686 0.22550197 0 0 3.6379788e-12 0 -3.6379788e-12 0 0 0 0 0 0 -3.6379788e-12 0 0 0 0.045382107 -3.6379788e-12 0 -3.6379788e-12 -3.6379788e-12 -7.2759576e-12 7.2759576e-12 -1.4551915e-11 7.2759576e-12 -7.2759576e-12 0.050435014 0.064307462 1.4551915e-11 0.082438249 0.071037352
0 0 26000 0 -3.6379788e-12 -3.6379788e-12 0.044049712 0.037312785 7645.847 23774.524 174125.8 0 0 0 0 0 0 0 0 0 0 0 0 0 0 0 0 0 7.2759576e-12 3.6379788e-12 0 0 0 -7.2759576e-12 0.057366082 0.26932918 0.11841282 0.088742435 0 3.6379788e-12 -3.6379788e-12 0 3.6379788e-12 0 0 0 0 0 0 17967.979 0 0 0 0 3.6379788e-12 0 3.6379788e-12 7.2759576e-12 7.2759576e-12 -1.0913936e-11 0.0722721 0 -3.6379788e-12 -7.2759576e-12 -3.6379788e-12 0.16988717 0.23046557
0 -3.6379788e-12 62340.538 0 3.6379788e-12 0 0.032770149 0.051085646 293.88718 26885.379 804921.88 0 0 0 0 0 14103.196 20803.868 0 0 0 0 0 0 0 0 0 0 0 -3.6379788e-12 0 0 3.6379788e-12 -3.6379788e-12 3.6379788e-12 0.12087342 0.52862291 0.088466558 0 0 0 7.2759576e-12 0 -3.6379788e-12 0 0 0 0 16670.298 16110.716 12383.395 431.28096 0 0 3.6379788e-12 3.6379788e-12 0 0 3.6379788e-12 7.2759576e-12 0 1.0913936e-11 1.4551915e-11 0.032650118 7.2759576e-12 0.058544578 0.21390821
0 31537.701 8521.6118 0 0 0 0 0.0042658614 0.21566262 213449.62 527490.07 11246.071 25758.323 0 0 13653.243 13916.698 0 0 0 0 0 0 0 0 0 0 0 0 0 0 0 -3.6379788e-12 0 -3.6379788e-12 -3.6379788e-12 0.084279996 366944.33 3.6379788e-12 7.2759576e-12 0 3.6379788e-12 0 -7.2759576e-12 0 -3.6379788e-12 -3.6379788e-12 -3.6379788e-12 1.8189894e-12 11864.2 25697.955 9348.1646 0 0 3.6379788e-12 0 0 -3.6379788e-12 1.0913936e-11 -7.2759576e-12 -7.2759576e-12 2.1827873e-11 0 1.0913936e-11 0 0.10459966 0.069785911
0 0 3098.5239 5537.7007 0 0 0 0 0 2930.6454 52382.264 54092.112 16766.806 39540.113 12224.942 23957.731 5477.4738 29339.481 0 0 0 0 0 0 0 0 0 -3.6379788e-12 3.6379788e-12 0 0 3.6379788e-12 0 3.6379788e-12 0 0 3.6379788e-12 0.38722297 0.10915622 0.18442059 -7.2759576e-12 0 3.6379788e-12 -3.6379788e-12 0 3.6379788e-12 0 0 0 17762.841 0 0 0 0 3.6379788e-12 0 0 0 7.2759576e-12 0 0 -1.0913936e-11 1.4551915e-11 -7.2759576e-12 -7.2759576e-12 0.12407113 0.013174434
0 0 0 0 0 3.6379788e-12 0 0 0 0 1.1368684e-12 0 36978.024 10515.088 2025.9912 10097.528 17967.979 -3.6379788e-12 0 -7.2759576e-12 0 0 0 0 0 0 0 0 0 0 0 0 0 0 -3.6379788e-12 0 -3.6379788e-12 0.072066422 0.11209831 0.32442348 0.60762902 0.012451117 3.6379788e-12 3.6379788e-12 3.6379788e-12 0 -3.6379788e-12 -3.6379788e-12 0 17614.656 0 0 0 0 0 0 0 0 -3.6379788e-12 7.2759576e-12 0 -3.6379788e-12 1.4551915e-11 7.2759576e-12 7.2759576e-12 -1.4551915e-11 0.06785003
0 0 0 0 0 0 0 0 3.6379788e-12 0 6.8212103e-13 22830.435 58101.984 13000.091 0.031963756 -7.2759576e-12 0 0 0 0 0 0 0 0 0 0 0 0 0 0 0.031597936 0.0057002601 -3.6379788e-12 0.038973134 0 7.2759576e-12 -3.6379788e-12 0.070072326 0.17952021 0.3482251 56584.738 0.38741076 0.27604336 2.2737368e-13 0 0 23873.454 22315.973 24722.481 0 0 0 0 0 0 0 0 0 0 0 0 -7.2759576e-12 -1.0913936e-11 0 7.2759576e-12 0.015760074 0.11133973
0 0 0 0 0 0 0 0 0 0 -3.6379788e-12 0 30513.011 83079.973 -3.6379788e-12 0 0 0 0 0 -7.2759576e-12 0 0 0 -3.6379788e-12 0 -7.2759576e-12 -3.6379788e-12 7.2759576e-12 -3.6379788e-12 0 0.0075410797 0.027875944 0 0 0 0.060362858 0.26544598 0.17959149 0.41947675 0.17105355 0.51991795 0.28924553 -1.1368684e-13 24839.486 24784.594 0 8032.0208 0.022937678 0 0 0 0 0 0 0 0 -3.6379788e-12 0 0 -1.0913936e-11 -7.2759576e-12 -7.2759576e-12 0 7.2759576e-12 -3.6379788e-12 0.13138042
0 0 0 0 0 0 3915.6854 0 0 3.6379788e-12 0 3.6379788e-12 70775.08 126114.88 -3.6379788e-12 -3.6379788e-12 0 0 3.6379788e-12 0 0.019847859 -3.6379788e-12 3.6379788e-12 0 0 3.6379788e-12 0 0 0 13000 26000 0 -3.6379788e-12 0.023544452 0.006153848 3.6379788e-12 0.04913523 0.19892405 0.42361418 0.73451214 0.23217727 47148.147 192844.02 0.020733225 0 0.028130834 0.089705645 0.060885837 0.0013994813 0 0 0 0 0 0 0 3.6379788e-12 0 0 3.6379788e-12 -3.6379788e-12 7.2759576e-12 0 7.2759576e-12 3.6379788e-12 -7.2759576e-12 2.1827873e-11
0 0 0 0 0 0 0 0 0 0 -3.6379788e-12 0 0 105270.81 146585.49 0 7.2759576e-12 0 0 0 0 0 0 0 3.6379788e-12 0 0 -3.6379788e-12 13000 1.8189894e-12 0 0.0010419451 -3.6379788e-12 0.060533476 3.6379788e-12 0.043770723 0.020909493 0.11689254 0.07435023 0.3013052 0.8184952 0.30498604 1.0610953 0.0063078885 0.039908325 0.0024337401 0.0089193023 0.027183352 0.0032454656 0 0 0 0 0 0 0 0 7.2759576e-12 0 0 0 3.6379788e-12 -3.6379788e-12 -7.2759576e-12 0 0 -1.0913936e-11
0 0 0 0 0 0 0 0 0 3.6379788e-12 -3.6379788e-12 3.6379788e-12 0 148525.49 112273.73 7.2759576e-12 -3.6379788e-12 0 0 0.022992317 -3.6379788e-12 0 3.6379788e-12 3.6379788e-12 -3.6379788e-12 0 0 0 0 3.6379788e-12 3.6379788e-12 -3.6379788e-12 0 0.009451157 0 0.023069523 0.039692968 0.17155713 0.14344292 0.14960623 0.85711636 0.56476494 0.35096829 0.75679846 0.031358736 0.12665001 0.022664471 0.0047071211 0.0040589752 0 0 0 0 0 0 0 0 0 0 0 -7.2759576e-12 7.2759576e-12 0 -3.6379788e-12 0 -7.2759576e-12 3.6379788e-12
0 0 0 0 0 0 0 0 0 0 0 0 -7.2759576e-12 0 31162.225 0.0064788191 0 0.03814017 0 0 0 -7.2759576e-12 0 3.6379788e-12 3.6379788e-12 0 -3.6379788e-12 0 -7.2759576e-12 0 0 0 -3.6379788e-12 3.6379788e-12 0.02154205 0 3.6379788e-12 0.061104347 0.12562745 0.025658723 0.50526022 31370.927 308584.63 617765.28 265132.5 30879.932 0.0092114896 0.0049079917 0.0051816199 13000 0 -3.6379788e-12 0 0 0 0 0 0 0 3.6379788e-12 0 0 -1.8189894e-11 0 7.2759576e-12 -3.6379788e-12 3.6379788e-12
0 0 0 0 0 0 0 0 0 0 0 3.6379788e-12 3.6379788e-12 -3.6379788e-12 0 -7.2759576e-12 0.013741465 7.2759576e-12 0.034202632 3.6379788e-12 7.2759576e-12 0 3.6379788e-12 -3.6379788e-12 0 3.6379788e-12 0.0058961271 -7.2759576e-12 0.031287333 3.6379788e-12 7.2759576e-12 0 0 0 -3.6379788e-12 0.023985286 0 0.034694287 0.012721788 0.17218746 0.097554816 0.24848573 620617.18 604252.88 619814.15 200406.69 125849.05 17751.482 0.0064594514 -1.8189894e-12 0 0 0 0 0 0 0 0 0 7.2759576e-12 0 7.2759576e-12 -3.6379788e-12 0 0 -3.6379788e-12 -1.8189894e-11
0 0 0 0 0 0 0 0 0 0 -3.6379788e-12 0 0 0.0027307672 0.0076125598 25550.297 0.10078074 0 7.2759576e-12 -3.6379788e-12 0 3.6379788e-12 -7.2759576e-12 0 -3.6379788e-12 0.028025924 0 0.030087956 0 0 3.6379788e-12 3.6379788e-12 3.6379788e-12 0 0 0.0057251981 3.6379788e-12 0.042398757 -3.6379788e-12 0.28645233 0.15864772 0.19912289 301287.87 48647.677 355654.45 44197.394 137430.85 59825.801 0.0067703101 18276.026 -3.6379788e-12 0 0 0 0 0 0 0 0 0 0 0 0 0 3.6379788e-12 0 -1.0913936e-11
0 0 0 0 0 5537.7007 0 0 0 0 0 0 3.6379788e-12 -7.2759576e-12 -7.2759576e-12 0.013451989 0.03252126 0.036251941 -3.6379788e-12 3.6379788e-12 -7.2759576e-12 0 0 0 0 0 3.6379788e-12 0 0.12510405 0 0 0 -3.6379788e-12 3.6379788e-12 0 -3.6379788e-12 0 0 0.060997497 0.10279947 0.12282004 0.64639194 139963.97 40962.008 238840.68 35435.528 31359.319 5628.439 22683.745 6964.3319 2.8865799e-15 51368.871 14109.048 0 0 0 0 0 0 0 0 0 0 7.2759576e-12 7.2759576e-12 0 -7.2759576e-12
0 0 0 0 0 0 4881.0337 0 0 0 3.6379788e-12 -3.6379788e-12 3.6379788e-12 -7.2759576e-12 0.05656197 0.16293582 0.10255808 0.24758995 -7.2759576e-12 3.6379788e-12 -7.2759576e-12 0 -7.2759576e-12 3.6379788e-12 -3.6379788e-12 -3.6379788e-12 0.027599417 0 0.013217968 0.031072775 7.2759576e-12 0 3.6379788e-12 0 0 7.2759576e-12 7.2759576e-12 0 -3.6379788e-12 0.036842777 0.29049683 0.7794037 33486.731 7809.7064 277534.93 27148.626 30097.817 18965.78 0.013264412 14588 1.4054481 0 11890.952 11890.952 0 0 0 0 0 0 0 0 -3.6379788e-12 0 0 0 3.6379788e-12
0 -3.6379788e-12 0 -3.6379788e-12 0 21118.966 0 0 0 0 0 0 0.0029603313 0 0 0.19446352 0.23740336 0.23884819 0 0.027346012 3.6379788e-12 -3.6379788e-12 0 7.2759576e-12 0 3.6379788e-12 0.022630998 0 0 0.019279769 0 0 -7.2759576e-12 -3.6379788e-12 0 0 0 -3.6379788e-12 -3.6379788e-12 -3.6379788e-12 0.31901013 0.82524447 1.1073235 47970.112 118360.84 137747.85 43226.143 0.011409303 0.011480077 0.049303552 0 0 0 0 0 0 0 0 0 0 0 0 0 0 0 0 14052.792
0 0 3.6379788e-12 -3.6379788e-12 0 33386.378 3527.3385 0 0 0 0 0 -3.6379788e-12 3.6379788e-12 0 0.066853636 0.22666951 0.31134776 0.24043409 -7.2759576e-12 0 -3.6379788e-12 -7.2759576e-12 -3.6379788e-12 3.6379788e-12 0 3.6379788e-12 0.02238204 0 0.0087062037 0.11875167 -3.6379788e-12 3.6379788e-12 -7.2759576e-12 -3.6379788e-12 0 0 -7.2759576e-12 -7.2759576e-12 0 0.019253704 0.6003219 0.66419479 48740.059 0.015907004 129301.87 60589.092 0.022849222 0.071663664 0 0 0 0 0 0 0 0 0 0 0 0 0 0 0 0 18749.773 0
0 3.6379788e-12 0 0 0 2943.8398 0 0 0 0 0 0 -3.6379788e-12 0 0.00067663265 0.0021090535 0.050644242 0.50566371 0.29178756 0.49177224 0.041195657 0 -3.6379788e-12 -3.6379788e-12 0 -3.6379788e-12 3.6379788e-12 -3.6379788e-12 0 3.6379788e-12 0 0.099384587 3.6379788e-12 0.073114465 0.018599184 0 0 3.6379788e-12 7.2759576e-12 7.2759576e-12 3.6379788e-12 0.65551243 0.9821639 56845.532 0.19203439 126574.15 105215.84 0.034633715 0.0068870102 0 0 0 0 0 0 0 0 0 0 0 0 0 0 0 0 0 0
0 0 0 0 0 0 0 0 0 0 0 0 0 0 -3.6379788e-12 0 0 0.041891999 0.99165381 1852207.3 990769.99 7.2759576e-12 -3.6379788e-12 -7.2759576e-12 0 0.050051415 0 0.050993661 0.013420236 3.6379788e-12 0.1319537 0.074034045 0.043479387 0.088244326 0.026818012 3.6379788e-12 0 7.2759576e-12 0 3.6379788e-12 0.11082182 0.38326169 13000.357 9060.2627 1100.3347 24049.885 168.60794 3.6379788e-12 0.0079422819 0.03367285 0 0 0 0 0 0 0 0 0 0 0 0 0 0 0 0 0
0 0 0 3.6379788e-12 3.6379788e-12 0 0 0 0 0 0 0 0 0 0 0 0 0.042618857 0.056494921 900622.41 0 0.09402293 -3.6379788e-12 3.6379788e-12 0 3.6379788e-12 0 0 0 0.027531075 -3.6379788e-12 0 0 0.07970216 0.21562323 0.024718733 0 0 -3.6379788e-12 -3.6379788e-12 0.2169202 0.38388612 21722.861 30866.6 10699.049 0.27352337 0.01559917 0.0084050188 0.031970225 3.6379788e-12 0 0 0 0 0 0 0 3915.6854 0 0 0 0 0 0 0 0 0
0.0044919486 0.053091199 0.031697344 0 0 0 0 0 0 0 0 0 3.6379788e-12 0 0.0056315572 0 0.0014998755 0.019728243 0.020192966 0.11388118 0.038806491 49447.348 0.18765986 0 3.6379788e-12 -3.6379788e-12 0 -7.2759576e-12 0.058474604 0 -7.2759576e-12 0.05407042 0.037410145 0.3786415 0.068274055 0.23692649 0.059804246 0 7.2759576e-12 0 0.0083301119 0.30902356 23978.686 16220.171 75343.001 195432.85 0.036947742 0.0080721104 0.047275772 3.6379788e-12 0 0 0 0 0 0 0 0 3.6379788e-12 -3.6379788e-12 0 0 0 0 0 0 0
0.032685511 0.046763224 0.044374414 0.029435952 3.6379788e-12 0 -3.6379788e-12 0 0 0 0 9293.7154 0 0 3.6379788e-12 0 0.027813815 0.0090537804 0.013484894 0.014050474 0.011955449 0 234562.74 3231.4727 0.039953256 0.0052725191 0.074742431 2.1827873e-11 -7.2759576e-12 0.060852902 0.067732259 0.11515556 0.075336923 0.13781668 0.2230776 0.52994374 0.3496831 0.32910595 0.35434674 0.41582968 0.53300353 0.5984276 14054.937 9774.6996 116511.78 208376.98 14109.079 0.0083409976 3.6379788e-12 0 0 0 0 0 0 0 1811.9748 4721.2776 -3.6379788e-12 3.6379788e-12 0 0 0 0 0 0 0
0.063771799 0.071259848 7.2759576e-12 -1.0913936e-11 7.2759576e-12 7.2759576e-12 0 0 0 0 0 0 0 0 3.6379788e-12 0 3.6379788e-12 3.6379788e-12 7.2759576e-12 7.2759576e-12 3.6379788e-12 -3.6379788e-12 321226.79 315279.56 0 0.20615002 0.13051033 0.044314552 0.0051815201 24078.276 0.19287761 0.11518011 0.090683821 0.035041952 0.1859943 0.15763353 0.36963002 0.35534182 0.21767462 0.27434341 0.35784218 0.60410648 1.1869405 0.81276595 0.25826464 20.253985 0.03060413 0.055833581 -3.6379788e-12 0 7.2759576e-12 0 0 -7.2759576e-12 0 0 0 0 39082.107 24340.267 0 22315.973 0 0 0 0 0
0.050191924 0.086469905 0 3.6379788e-12 0 3.6379788e-12 0 0 0 0 0 0 0 0 0 0 0 -7.2759576e-12 0 -7.2759576e-12 3.6379788e-12 0.014929975 0.039353971 0.057430814 23755.687 23755.687 24252.005 388004.01 0.069273346 0.17527429 0.14387517 0.016971896 0.095934878 0.10422081 0.13389271 0.13369631 0.19741641 0.19473474 0.26756261 0.22317571 0.32788964 0.64126589 1.2041921 0.95346812 0.80611647 0.3653627 7.2759576e-12 0.098414247 0 3.6379788e-12 3.6379788e-12 0 3.6379788e-12 0 0 0 0 0 0 14961.814 28211.608 0 0 0 0 0 -3.6379788e-12
78000 26000 9.094947e-13 3.6379788e-12 3.6379788e-12 0 0 0 0 0 0 0 0 0 1.8189894e-12 31881.887 12484.778 0 -3.6379788e-12 3.6379788e-12 3.6379788e-12 0.073847092 0.056957567 0.059498814 0.38081695 253976.67 156468.36 62950.544 0.34917196 0.15879548 0.019244296 0.16592535 0.24222672 0.10986116 0.10270192 0.16206256 0.093755239 0.29641462 0.19064421 0.31516895 0.33225194 0.53962017 1.0457088 0.97922653 1.2616058 0.0042555068 0.014958294 -1.0913936e-11 0 3.6379788e-12 14109.048 14109.06 0.027707212 -1.8189894e-12 0 0 -3.6379788e-12 25478.338 1429.4559 0 0 0 0 -3.6379788e-12 0 0.0027128302 0.030576554
125172.67 174253.17 84421.423 24252.005 31652.995 7.2759576e-12 0 0 0 0 0 0 0 0 7443.0501 -2.2737368e-13 2712.837 0.054017192 0 0 -3.6379788e-12 0 0.063854789 0.061762256 -1.0913936e-11 326778.1 19261.388 55924.107 0.35549525 0.9964646 0.79817357 0.61891317 0.42199537 0.52652651 0.47700056 0.51413761 0.78742295 1.1099577 0.9036378 0.80046801 0.90704648 0.67275999 0.82521274 27117.604 331203.03 119371.28 0.027372725 0.040213777 0 0 0.00221693 14813.101 -9.094947e-13 15782.571 31349.14 0 21118.966 1429.4559 0 0 0 -7.2759576e-12 0 0 0 -3.6379788e-12 -1.4551915e-11
72903.635 182481.42 232302.77 82616.677 37047.874 24988.257 0 0 0 0 0 0 0 0 0 254.75604 0 0 0 0.025217292 0 0.0041073155 0.011371632 0.056877806 0.073003148 0.077040441 130108.91 0.019137333 0.095104961 321692.44 142974.3 0.70695871 1.1562324 0.87964404 0.2735717 0.26330344 0.11266366 0.45135136 1.1272222 26657.376 29898.093 1.0730929 16069.711 22653.738 244356.51 183108.36 13000.078 0 0.036996676 0.0019590453 0.0020458249 0.0097294604 0 2367.5797 3210.7595 12227.755 0 1626.0289 24570.544 0 0 0 3.6379788e-12 3.6379788e-12 0 0.012891117 0.029414462
0 33069.652 141104.54 210043.61 52879.179 15065.872 -3.6379788e-12 0 0 0 0 0 0 0 0 0 0 0 0 0.014060536 0 0 0.084200585 0.027708078 0.051662146 0.057926784 0.090431298 0.055620563 0.047624244 383700.74 168119.07 0.26477368 0.91865039 67197.003 123407.97 0.63260704 0.50842195 0.46750541 20804.382 27955.975 12126.97 0.47736481 15148.91 4730.8452 119117.63 375471.42 0.17736278 0.0010961381 0.032775871 0.0034620152 0 0.012205791 0.0063544556 11393.674 4669.2962 14446.203 15352.481 3558.1724 0 25550.297 0.026042852 0 0 3.6379788e-12 0 0.01499878 0.036952061
