var/www/cgi-bin/fswepp/working/ravel-14496.depgrd.txt
NCOLS 16
NROWS 21
XLLCORNER 429545
YLLCORNER 3785795
CELLSIZE 10
NODATA_VALUE -9999
0 0 0 0 0 0 0 0 0 0 0 0 0 0 0 0 
0 0 0 0 -3.6379788e-12 0 0 0 -7.2759576e-12 0.039971207 3.6379788e-12 0.010315527 0 0 0 7.2759576e-12 
0 -3.6379788e-12 0 0 -3.6379788e-12 0 0 -3.6379788e-12 0 0.029209247 0 66195.028 0 0 0 0 
0 0 3.6379788e-12 0 3.6379788e-12 -3.6379788e-12 3.6379788e-12 -3.6379788e-12 3.6379788e-12 0 -7.2759576e-12 80492.058 139349.13 0 -3.6379788e-12 0 
0 0 0 0 0 0 0 -7.2759576e-12 0.031590764 0.027685937 0 59652.808 72479.769 21555.495 0 -3.6379788e-12 
3.6379788e-12 0 0 0 0 -7.2759576e-12 0.024235592 9034.6935 -7.2759576e-12 -3.6379788e-12 51062.136 140516.15 24880.084 0.017957285 0.0091649682 -3.6379788e-12 
0 -3.6379788e-12 0 3.6379788e-12 0 0 0 0.038934947 0 3.6379788e-12 11561.618 595.2815 0.003481194 0.022284481 96905.971 0.049308657 
0 -7.2759576e-12 3.6379788e-12 0 0 0 0 -7.2759576e-12 0 1.8189894e-12 226.72354 0.011720826 0 39591.238 12025.302 55663.466 
24454.805 0 0 0 16522.07 0 0 0.003219577 0 0 0 0.034570628 258.52568 5774.5375 67004.996 36535.486 
0 20196.265 3.6379788e-12 0 0 0.0033627977 7.2759576e-12 0 0.014892815 7.2759576e-12 -3.6379788e-12 -1.8189894e-12 15080.406 13580.888 3516.2744 0 
0 9.094947e-13 3.6379788e-12 0 0 -2.0463631e-12 0.00032916723 0 -3.6379788e-12 0.025578888 53186.553 110687.62 10617.381 3.9120778 6248.8995 0 
0 60801.02 43950.011 0 24921.157 1084.4311 13875.201 0.00074878975 0 -2.7284841e-12 89905.562 35238.194 139983.31 0 0 0 
-3.6379788e-12 43188.963 43316.286 40500.232 18937.492 0 0 -9.094947e-13 6957.5709 0.016110499 23415.121 -3.6379788e-12 3.6379788e-12 0 0 0 
3.6379788e-12 0.0080413555 38601.335 3.6379788e-12 0 0 0 4461.8301 -9.094947e-13 0.12857521 0 7.2759576e-12 -3.6379788e-12 0.013759056 0 0 
0 -3.6379788e-12 0.090690005 3.6379788e-12 0 0 21538.17 26.762277 1191.4345 0.0029280557 0 3.6379788e-12 132327.43 175846.73 0 0 
-3.6379788e-12 -3.6379788e-12 3.6379788e-12 66932.491 143670.33 25063.737 0 1759.9591 -4.8316906e-13 0.014928401 0.059812925 -1.8189894e-12 29247.768 201007.65 0 0 
0 0.027432103 -3.6379788e-12 23192.71 36412.112 0 0 0.00084200665 0 0 0.0090519872 0.017691646 25942.5 34872.429 0 0 
0 13000 0 -3.6379788e-12 0.12660135 0.018180828 0.0078781675 0.0018532921 0.028227186 0 0 0.0061413333 0.028402778 0.018971577 0 0 
-1.0658141e-13 -1.6786572e-13 -1.8189894e-12 -3.6379788e-12 7.2759576e-12 58649.2 118797.01 0.0020332264 -3.6379788e-12 0.047825945 0.0050513635 0 0.079845274 102574.82 0 14333.27 
0 -7.1054274e-14 4.7664438 0 0 81202.979 161209.9 97983.835 0 0.025558937 0.046164262 -3.6379788e-12 30975.646 102321.48 10194.217 0 
0 0 3.3306691e-16 0.075074284 0 0 58949.643 19005.96 0 0.14120921 0.049605876 0.043815274 0.089451941 108090.03 0 0 
