var/www/cgi-bin/fswepp/working/ravel-14496.dem.txt
ncols         16
nrows         21
xllcorner     429545
yllcorner     3785795
cellsize      10
NODATA_value  -9999
1025.6 1022.6 1018.9 1014.6 1011.6 1007.9 1003.4 998.5 992.1 987.2 983.8 984.5 987.2 989 989 986 
1022.2 1019.5 1016.2 1011.9 1007 1001.8 998.8 995.4 990.9 986.9 981.1 977.7 981.7 985.7 987.5 983.5 
1017.1 1016.5 1014.6 1011 1004 998.2 995.4 991.5 988.4 985.1 979.3 974.7 975 979.3 979.9 978.7 
1013.1 1013.4 1012.5 1008.8 1003 997.9 993.3 988.4 985.4 982.3 978.4 974.7 972.9 974.7 975.3 974.4 
1007.9 1008.8 1008.2 1004.9 1000.6 996.3 992.4 989 985.1 980.8 976.8 973.8 971.3 971.7 971 969.8 
1001.5 1002.7 1002.7 1001.8 998.2 994.2 991.2 989 985.1 980.2 976.8 974.1 970.7 967.7 966.5 965.9 
994.2 996.6 997.9 998.2 995.4 990.9 987.5 986.3 982.6 979 977.4 975 969.5 964.9 962.8 962.8 
986.9 989.6 992.4 993 991.8 988.7 984.8 981.1 977.4 976.2 975.3 973.5 969.5 964.9 961.9 959.8 
984.5 985.4 987.2 989.3 989 986.9 982.6 977.4 973.8 972.9 972 970.1 968 965.9 962.8 959.2 
983.2 982.3 983.8 985.7 986.3 984.1 980.2 976.5 972.3 968.9 966.8 966.2 967.1 965.9 963.7 959.8 
980.8 977.7 979.3 981.1 981.1 980.2 978.1 975 970.4 964.9 962.8 963.7 964.6 964.9 963.7 959.8 
979.3 975 975 976.8 977.7 977.7 976.2 972.9 968.6 964.6 961.6 961.3 962.2 962.8 962.2 959.5 
978.4 974.4 972.9 973.5 975 975.3 973.8 971 968 964.9 961.3 958.2 958.2 958.2 959.2 957.9 
977.7 973.5 971 970.7 971 971 970.1 968.6 966.8 964 960.7 955.8 950.9 953.1 955.2 955.8 
976.5 972.6 968 965.3 965.9 966.2 966.8 966.2 964.9 962.8 958.2 953.7 950.3 950.6 952.4 953.7 
975.9 971.7 965.9 962.2 962.2 963.1 963.4 963.4 962.8 960.1 956.1 952.4 949.7 948.8 950.6 951.8 
974.1 970.1 965.3 961.3 959.8 959.5 959.5 959.5 958.5 956.7 954.3 951.2 948.2 947.3 948.8 950.9 
970.1 968.3 964.9 960.7 956.7 954.6 954.6 954.6 954.3 953.4 951.5 948.5 944.8 943.6 945.7 948.5 
966.5 966.2 964 960.1 954 950.3 950.3 950.6 950.6 949.7 947.9 944.5 940.9 938.7 943.6 946 
964 964 962.8 959.5 954.6 950.6 948.2 947.3 946 945.4 943.6 941.2 938.4 938.4 941.5 943.3 
958.5 960.4 960.4 958.9 955.5 951.8 948.5 944.5 942.1 941.2 940 938.1 936.3 937.2 939.6 940.9 
