var/www/cgi-bin/fswepp/working/ravel-27175.depgrd.txt
NCOLS 90
NROWS 90
XLLCORNER 467485
YLLCORNER 4344275
CELLSIZE 10
NODATA_VALUE -9999
[rows 60 to 89 of 90, columns 0 to 66 of 90]
0 0 0.096110776 77484.285 12199.301 44258.773 0 -7.2759576e-12 0 -3.6379788e-12 0 0 0 0 0 0 0 0 0 1.8189894e-12 -1.1368684e-13 0 24651.732 0.021298832 0.07058394 0.076693788 0.04881031 0.061876509 0.069693207 0.15960721 0.15017169 0.087555548 0.30558548 133102.86 321340.65 22210.914 1.1764519 178033.46 210004.48 112748.25 85762.998 16030.127 113002.47 38763.727 188117.54 572868.7 0.075715036 0.0075635451 0.0031925601 0 0.018192458 0.025101664 0.024994182 0.041846104 -1.8189894e-12 4785.8249 10995.04 10989.802 10908.837 23385.248 24570.544 0 7.2759576e-12 3915.6854 4578.5171 25169.393 33734.763
0 0 0 9558.1758 60412.682 24037.695 11312.325 3.6379788e-12 0 7.2759576e-12 0 24570.544 0 0 11890.952 0 0 -3.6379788e-12 0 34179.911 17376.334 3565.8091 5993.3524 0 0.016957099 0.027932424 0.067664054 0.093507701 0.057898672 0.013088911 0.079042058 0.066126908 0.049217427 0.09167606 328.76659 0.29554891 0.92367437 1310055.4 797488.32 71172.652 40343.808 26626.09 7243.3827 35153.846 253476.93 167415.68 348146.08 0.054008529 3.6379788e-12 0.031725842 0.0065856173 0.021920378 0 7.2759576e-12 14788.689 12480.587 119.89004 5558.8576 0 5211.3772 49989.234 26151.937 22084.315 3.6379788e-12 31043.646 0.020937688 7250.2365
0 0 0 0 -3.6379788e-12 45569.108 55.948949 0.02398681 1.0913936e-11 0 0 0 0 0 0 0 0 0 32778.823 43941.073 13803.179 3682.5484 0 0.12872645 0 0 0 20162.484 0 7.2759576e-12 0 0 0 -3.6379788e-12 3.6379788e-12 -1.4551915e-11 7.2759576e-12 3.6379788e-12 487574.74 139408.14 40323.125 31077.8 32063.89 19727.364 155248.38 279717.17 172396.79 0.032840467 0.056611662 0.083486013 0.06620691 0.053602976 0.0085984969 0 3268.5149 216.12645 2.8407273 77.646918 1065.9573 0 38129.612 26752.63 20884.947 16958.578 4890.0885 3483.0389 0.14191323
0 0 0 0 0 301.58945 0 -1.0913936e-11 -7.2759576e-12 -2.1827873e-11 -3.6379788e-12 0 0 0 0 0 0 10972.634 57614.87 82987.947 1163.2511 1.0633521 0 0 0 0 0 0 0 0 0 0 -3.6379788e-12 3.6379788e-12 -3.6379788e-12 -1.4551915e-11 7.2759576e-12 -7.2759576e-12 1.0913936e-11 0 708967.93 74755.616 32459.376 25743.813 45592.295 40458.625 0.23844315 0.073729276 0.084333833 0.071446484 0.039891615 3.6379788e-12 -7.2759576e-12 0 520.55214 864.18412 0.71179116 14.994347 1770.004 15487.981 0 20830.061 0 4849.7889 36063.619 181981.82 60287.475
0 0 0 0 0 0 0 3.6379788e-12 31114.533 246130.72 0 0 -3.6379788e-12 0 0 0 3.6379788e-12 19617.788 31384.317 12041.216 12829.409 0 7022.9165 0 0 0 0 0 0 0 0 0 0 7.2759576e-12 -7.2759576e-12 -3.6379788e-12 1.4551915e-11 -3.6379788e-12 2.910383e-11 -7.2759576e-12 -1.0913936e-11 4.1931085 214011.74 53927.905 19119.392 106120.01 402605.36 0.05082597 0.079748471 0.081968111 0.035017405 0.041780108 0 0 0 0 0 0 0 188.76943 41879.096 14339.101 45383.002 14859.204 30761.871 338016.6 46198.736
0 0 0 0 3.6379788e-12 3.6379788e-12 1.0913936e-11 3.6379788e-12 319445.76 288953.68 107913.36 0 -3.6379788e-12 0 0 0 0 0 6420.3507 1552.0145 3942.8861 0 3474.8785 0 0 0 0 0 0 0 0 0 0 0 -7.2759576e-12 0 -3.6379788e-12 0 1.0913936e-11 -3.6379788e-12 -3.6379788e-12 -1.0913936e-11 -3.6379788e-12 1.3204968 37071.591 278755.41 52758.146 179112.58 0.20046042 0.093310756 0.0339618 -7.2759576e-12 0.016946346 0 0 0 0 0 0 426.10577 0 16638.343 19119.857 26725.148 37392.707 132448.84 113492.3
0 0 0 0 0 0 0 -1.0913936e-11 0 0.072960988 0 -7.2759576e-12 -3.6379788e-12 0 0 0 14358.013 24860.678 0 4994.9376 1593.9694 0 0 0 0 0 0 0 0 0 0 0 0 3.6379788e-12 3.6379788e-12 7.2759576e-12 -3.6379788e-12 0 0 3.6379788e-12 -7.2759576e-12 0 1.0913936e-11 0.8626643 5859.0361 143793.9 72876.764 240388.32 13000.047 0.056372478 0.030872479 13000.03 0 0 0.016938511 0 0 0 0 0 5279.5428 0 12808.914 108.4131 5137.8194 55732.19 44547.598
0 0 0 0 0 0 3.6379788e-12 0 -3.6379788e-12 0.017766834 0.07904007 262361.81 0 0 0 0 288.75774 335.71428 1658.5604 0 115.95016 0 0 0 0 0 0 0 0 0 0 0 0 -3.6379788e-12 0 0 0 0 0 0 -3.6379788e-12 -3.6379788e-12 3.6379788e-12 3.6379788e-12 0.30190212 105358.47 193656.08 149366.39 39371.72 0.026587496 0.036866196 9107.0332 29940.696 0 0.027597709 0 0 0 0 0 0 20314.238 1.3196668 0 48240.884 180772.12 1748.6857
0 0 0 0 0 0 3.6379788e-12 -3.6379788e-12 0.025101807 0.038365861 0.028447673 128112.14 861296.01 -7.2759576e-12 1.3642421e-12 33726.301 2006.3459 0 0 0 0 0 0 0 0 0 0 0 0 0 0 0 0 0 0 0 0 0 -3.6379788e-12 0 -3.6379788e-12 0 0 7.2759576e-12 0.15747762 89992.972 158196.47 45927.5 0.1613687 0.020423496 0.033436005 0.086618417 0.044321839 9059.3205 17967.979 0 17196.732 0 0 0 0 0 0 0.067318235 14747.405 331061.79 20630.577
5837.516 0 0 0 -3.6379788e-12 0 7.2759576e-12 0.012651846 0.025080952 7.2759576e-12 -1.8189894e-11 0.045488603 72169.917 139144.12 15440.797 38.36025 0 0 0 0 0 0 0 0 0 0 0 0 0 0 0 0 0 0 0 0 0 0 0 -3.6379788e-12 0 0 7.2759576e-12 -7.2759576e-12 -3.6379788e-12 0.047930004 134158.01 119881.28 102338.85 -7.2759576e-12 0.034605482 -3.6379788e-12 0 8327.3826 0.009932306 8032.0242 0 0 0 0 0 0 0 0 0 131205.02 51188.75
0 26000 0 0 0 3.6379788e-12 -7.2759576e-12 1.4551915e-11 -7.2759576e-12 0.017254907 0.067521897 0.12290066 21581.948 35969.69 176044.22 0 0 0 0 0 0 18508.096 0 0 0 0 0 0 0 0 0 0 0 0 0 0 0 0 0 0 0 -3.6379788e-12 0 -3.6379788e-12 7.2759576e-12 0.15400191 183803.1 22538.474 145097.84 0.068004272 0.058033156 0 0 0.20709724 0.027372134 0 0 0 0 0 0 0 0 0 18563.521 20917.269 39762.093
0 26000 0 0 3.6379788e-12 0 7.2759576e-12 -7.2759576e-12 0.0046140712 0.13716749 0.010719558 0.075463446 0.024134797 23300.545 0 0 0 0 0 0 0 0 0 0.002879977 -2.7755576e-17 0.10846999 15.047751 0 0 0 0 0 0 0 0 0 0 0 0 -3.6379788e-12 0 0 0 0 0 0.51893313 0.7198933 67001.267 290403.61 23249.023 0 0.065301745 0.10422856 0.072292526 0.0065343931 183.7842 0 0 0 0 0 0 0 0 0 0 37763.165
0 24078.169 0 -3.6379788e-12 0 3.6379788e-12 0 0.0096128721 0.044596947 0.041232253 0.022058697 0.0098272444 1.8189894e-11 0 49011.405 0.081163611 0 0 0 0 0 3.6379788e-12 0 0 0 0.00058339339 0.0011606181 7.2759576e-12 0 0 0 0 0 0 0 0 0 0 0 0 0 -7.2759576e-12 7.2759576e-12 0 3.6379788e-12 0.20437868 0.29349268 47960.084 223134.01 120615.25 0.043881471 0.036574805 0.17233245 0 0 0 0 0 0 0 0 0 0 0 0 0 16392.964
0 -7.2759576e-12 22084.315 -3.6379788e-12 -3.6379788e-12 -7.2759576e-12 7.2759576e-12 0.031028916 -7.2759576e-12 2.1827873e-11 -1.4551915e-11 3.6379788e-12 0.0038203071 1.8189894e-11 0.45681992 621747.85 7.2759576e-12 0 0 0 0 0 3.6379788e-12 3.6379788e-12 0.0025007935 0.007831469 0.022305361 0.0042947533 0.002771936 0 0 0 0 0 0 0 0 0 0 0 0 0 -3.6379788e-12 -3.6379788e-12 7.2759576e-12 0.28445498 0.62447635 68329.966 251158.64 124815.27 0.20963185 0.19294164 0.1106187 0.014068675 0.057010189 0 0 0 0 0 0 0 0 0 0 0 0
0 0 -3.6379788e-12 7.2759576e-12 0 -3.6379788e-12 -7.2759576e-12 0.0011112249 0 3.6379788e-12 0.040803226 0.02083743 -7.2759576e-12 0.018930399 -1.0913936e-11 181613.48 1240948.5 1074525.7 -7.2759576e-12 0 0 0 0 -7.2759576e-12 0 0.045010395 0.022552068 3.6379788e-12 0.0033563458 -3.6379788e-12 3.6379788e-12 0 0 0 0 0 0 0 3.6379788e-12 0 0 3.6379788e-12 -3.6379788e-12 7.2759576e-12 0.032526571 0.10046246 0.31228745 51365.921 120505.6 139284.22 0.038060229 0.022530083 0.012538208 0 193.5663 0 0 0 -3.6379788e-12 0 0 0 0 0 0 0 0
0 -3.6379788e-12 3.6379788e-12 0 0 1.0913936e-11 3.6379788e-12 0 0.010672941 3.6379788e-12 3.6379788e-12 0 0 3.2741809e-11 0.16963074 0.16798944 56811.738 74698.714 0.0018025851 0.14420295 13451.321 0.19781816 0.24835408 0.28801948 0.36249273 0.44667196 0.50424649 0.6553073 0.26382354 0.043791438 0 -3.6379788e-12 3.6379788e-12 -3.6379788e-12 0 0 0 0 0 0 0 -3.6379788e-12 0 3.6379788e-12 0.015088871 7.2759576e-12 0.13381483 56813.137 55078.53 47248.607 0.04842722 0.0081030455 0.032371752 0.10780428 0 0 0 25550.297 23514.272 25169.356 2962.7207 522.32256 0 0 0 0 0
0 0 0 -3.6379788e-12 0 0 -7.2759576e-12 3.6379788e-12 0 7.2759576e-12 -1.0913936e-11 1.0913936e-11 3.6379788e-12 0.065121564 0.031862617 0.033515699 0.10362655 0.081595635 0.13529137 0.10723149 0.20551891 114664.43 0.12951933 0.87465243 1.532386 1.1129564 0.64863445 0.60693243 0.68575347 0.82952215 0 -3.6379788e-12 0 3.6379788e-12 0 0 -3.6379788e-12 0 0 0 0 -3.6379788e-12 3.6379788e-12 0 -3.6379788e-12 0.028701274 0.09182423 46626.581 189.74809 52288.475 71864.517 0.058139503 0.053687919 0.05851132 0 0 449.70338 0 0 0 0 0 0 0 0 0 0
0 0 0 -3.6379788e-12 0 0 0 3.6379788e-12 3.6379788e-12 1.8189894e-11 -3.6379788e-12 2.1827873e-11 -1.4551915e-11 0.11667937 0.033427386 0.1357966 0.046868076 0.065013665 0.113746 0.02923529 0.10849485 0.16453324 0.34513797 15128.263 62514.633 0.66290616 1.8419755 1.5079083 0.93010755 1.0065644 -3.6379788e-12 0 -3.6379788e-12 0 0 0 3.6379788e-12 0 0 0 0 -3.6379788e-12 0 0 0 0.0090162351 0.087787864 57219.399 352.04936 90437.456 241616.12 0.061152383 0.011335498 0 0 0 0 0 0 0.030788017 0 0 0 0 0 0 0
0 0 0 -3.6379788e-12 -7.2759576e-12 7.2759576e-12 0 7.2759576e-12 -1.0913936e-11 1.0913936e-11 -1.8189894e-11 -2.910383e-11 4.3655746e-11 0.13611432 0.044973467 0.044456455 0.052563094 0.0047974475 0.075421673 0.10938626 0.079422489 0.14050389 0.082987398 -7.2759576e-12 7.2759576e-12 0 0.8497228 31335.402 1.8036948 0.80539114 3.6379788e-12 0 0 0 -3.6379788e-12 7.2759576e-12 0 0 3.6379788e-12 0 7.2759576e-12 0 7.2759576e-12 0 0 -7.2759576e-12 0.35922404 3970.4242 26785.1 122076.3 76581.41 98908.661 -3.6379788e-12 0.034895536 0.044851329 3.6379788e-12 0 0 0 3.6379788e-12 25208.269 0 0 0 0 0 0
0 0 0 3.6379788e-12 3.6379788e-12 7.2759576e-12 7.2759576e-12 -3.6379788e-12 0.029217686 3.6379788e-12 2.910383e-11 3.6379788e-12 0.033206417 -3.6379788e-12 1.0913936e-11 1.8189894e-11 0 0.018984709 0.15929676 0.081513942 0.064435899 0.0242994 0.01129103 1.0913936e-11 0 0.05214876 0.069229583 33106.71 1.4518848 1.617604 1.41965 0 -3.6379788e-12 0 -7.2759576e-12 0.027312058 7.2759576e-12 -3.6379788e-12 8032.0208 28128.263 -3.6379788e-12 -1.8189894e-12 5120.8932 20099.202 -4.5474735e-13 0 0.22126182 0.29956345 0.14168079 56651.493 117672.31 138278.82 0.028639741 0 0.0051662027 -3.6379788e-12 7.2759576e-12 3.6379788e-12 3.6379788e-12 101449.94 81873.225 -3.6379788e-12 0 0 0 0 0
0 0 0 0 0 0 -3.6379788e-12 0 0.030121257 0 -3.6379788e-12 0 0.030283347 42494.025 6763.7863 0.041664233 0.089047239 0.036360844 -7.2759576e-12 -1.0913936e-11 0.041443546 0.045519444 0.047208557 0.046897499 0.043897231 -1.8189894e-11 3.6379788e-12 0.068668281 1.2032498 57163.554 -7.2475359e-12 1.7118555 0 -7.2759576e-12 0 0 0 0.016707641 0 15262.396 3.6379788e-12 52040.692 33354.069 9200.0335 2777.8063 0 0.027962675 0.37146712 0.63425863 4.3482644 52333.56 81390.234 0 0.011468805 0 0 -3.6379788e-12 0 0 3.6379788e-12 0.053856295 3.6379788e-12 -3.6379788e-12 0 0 0 0
0 0 0 -3.6379788e-12 0 0 0 -3.6379788e-12 -7.2759576e-12 -1.0913936e-11 24104.419 3370.6447 22248.807 12929.086 17475.77 0.056469724 0.055506587 0.027202769 0.03442585 1.0913936e-11 0 -2.1827873e-11 4.0017767e-11 -2.1827873e-11 0.036695172 0.028487473 0.11755702 0.15182035 0.95274007 369897.17 1815443.9 2.5486372 4.5221144 0.66940701 0.42451108 0.40837228 1.0245676 1.3430884 17968.61 1902.2031 23268.427 18139.192 9604.0381 11432.444 11971.732 0 3.6379788e-12 0.18824378 0.45915839 0.84155046 23492.328 68480.896 0.010398093 0 3.6379788e-12 7.2759576e-12 0 0 0.029899009 0.042457938 0.027114021 0 0 0 0 0 0
0 0 0 0 0 0 -3.6379788e-12 7.2759576e-12 -3.6379788e-12 -1.0913936e-11 -7.2759576e-12 43303.909 -9.5168318e-13 -2.5868196e-12 0.017820461 0.019885856 0.017959224 0.015268992 0.015229145 0.015937273 0.016073161 0.051343068 0.085867773 0.082903609 0.11795284 0.10348064 0.10707302 0.60768878 0.82093435 0.75646812 1.1588467 0.0067034746 3.2016081 1.1011574 2.1827873e-11 0 0.045059792 1.0277283 1.2948762 6644.7966 2243.4174 3643.8569 5075.2631 11194.323 8356.3592 0 0.028155961 0.045219555 0.23652039 0.73211851 0.55993225 122753.84 0.27373191 0 0.0077911981 0 -7.2759576e-12 21412.97 21735.52 0.04857455 0.054389596 0 4881.0337 0 0 0 0
0 8032.0208 0 0 0 -3.6379788e-12 -3.6379788e-12 -7.2759576e-12 -3.6379788e-12 1.4551915e-11 7.2759576e-12 26000 22878.79 916.55762 19422.496 -7.2759576e-12 -1.4551915e-11 -7.2759576e-12 -1.8189894e-11 1.8189894e-11 -1.0913936e-11 1.0913936e-11 -1.4551915e-11 0 0 0.031383272 0.72444089 0.844762 0.48032096 0.14956006 0.15968331 2.4646132 956651.44 150458.08 4.6379815 1.3669004 1.7091928 0.84946156 1.3494458 1.5718903 0.81634439 0.98432298 39.788675 2.5099321 2.8785316 0.21872874 0 0.06130668 0.16183519 0.2130633 9296.0488 121875.49 298596.77 0.037988885 -3.6379788e-12 0 7.2759576e-12 28241.328 47078.54 0.039270144 0.099791261 0 0 0 0 0 0
0 0 23505.68 3.6379788e-12 0 1.4551915e-11 3.6379788e-12 -7.2759576e-12 0 7.2759576e-12 0 0 51396.426 25041.418 0 -1.0913936e-11 0.052361658 1.8189894e-11 3.6379788e-12 -3.6379788e-12 -1.4551915e-11 1.0913936e-11 -3.6379788e-12 -1.0913936e-11 0.060034893 0.6209229 0.48548671 0.1596911 0.28446133 0.1785277 0.1118808 0.21501564 1.9179603 973662.73 28484.942 3.8709224 3.6014028 -1.4551915e-11 0.1554702 0.81683553 0.87382252 0.77206726 8001.423 0.77215197 1.6188432 3.3397449 0.42091638 -3.6379788e-12 0.13244733 0.2312532 20671.181 130784.8 130622.53 18282.408 0.033763503 2.2737368e-12 0.033384382 11631.46 21658.402 0.028680614 0.080934017 0 0 0 0 0 0
5837.516 0 0 0 -7.2759576e-12 -7.2759576e-12 3.6379788e-12 1.4551915e-11 0 3.6379788e-12 0 3.6379788e-12 0 3.6379788e-12 3.6379788e-12 -7.2759576e-12 -1.4551915e-11 0.10241589 0.066834822 0.06915686 0.11811199 0.2229495 0.38947741 0.12679306 0.45075462 0.16958485 0.17847968 0.14215563 0.16693666 0.23619711 0.098245413 0.075502619 0.11787695 3979.0534 3.7340588 0.83736627 367935.53 23.727272 2.4685347 3.3213564 3.0427472 2.4558223 2.2994776 1.7166448 1.4583003 2.0807118 5.4630864 2.6502996 1.0938014 0.30361131 0.37741613 207438.61 19726.192 11179.112 18777.961 46634.841 21099.046 7726.5226 21118.987 0.012653209 0.062941528 -3.6379788e-12 0 0 0 0 0
0 25700.185 0 -3.6379788e-12 0 0 -3.6379788e-12 3.6379788e-12 3.6379788e-12 0 0.0077589629 1429.4559 0 0.03461244 -3.6379788e-12 29617.083 0.0061249086 0.1570896 0.4386472 0.10433861 0.061798967 0.34211678 0.2441013 0.26469629 0.25926176 0.3294814 0.36699794 0.24988594 0.25655823 0.27238225 0.34477842 0.30282014 0.23415802 0.20392434 0.25334877 2.9905851 1002756.6 101671.84 1.6763766 2.768961 4.4117685 3.415631 2.0845731 2.4086315 1.532334 1.5131657 2.1429743 4.9743241 2.1415854 1.2551457 0.36786991 0.30257533 115127.61 43920.143 6539.2176 8920.732 549.20722 6471.1573 4881.0447 0.060494238 0.0036167355 -3.6379788e-12 0 0 0 0 0
0 3.6379788e-12 3.6379788e-12 0 -7.2759576e-12 3.6379788e-12 0 3.6379788e-12 0 0 0.034118171 0.08190097 24570.544 0.18514412 26979.752 -2.7284841e-12 0.64304654 0.47762016 0.22078256 0.40511024 0.18750084 0.24916871 0.22935315 0.21546793 0.23226143 0.13133036 0.18119167 0.18302926 0.23224341 0.292473 0.22537106 0.34742771 0.23844216 0.19857033 0.20559953 0.20201708 168927.28 46596.483 18228.575 454213.02 258692.14 6244.2317 3.1551326 3.1179249 2.1728778 1.3677482 2.5271411 3.2051643 5.2268413 2.4486374 1.8684706 29509.495 87889.616 157291.09 14109.048 0.10564533 0.048641217 0.010238367 1675.9968 0.008541865 0 3.6379788e-12 0 -3.6379788e-12 0 0 0
0 0 0 0 3.6379788e-12 0 3.6379788e-12 -3.6379788e-12 -7.2759576e-12 7.2759576e-12 0 0 3.6379788e-12 7.2759576e-12 -7.2759576e-12 -7.2759576e-12 -3.6379788e-12 0 -7.2759576e-12 0 0 -1.0913936e-11 1.4551915e-11 0 -2.1827873e-11 3.6379788e-12 3.6379788e-12 1.8189894e-11 0 0 -7.2759576e-12 2.1827873e-11 0 7.2759576e-12 -1.4551915e-11 0.035592501 0.024860069 0.11863052 1.8341521 2.7106006 1584061 136479.32 2.4938976 3.1554611 2.4965905 1.8872625 1.9075548 0.61992599 4.7784867 5.2927362 2.3914107 130484.98 106048.64 111594.25 3809.8927 7.2759576e-12 0.0061895459 0 0.17866124 0.0050178131 0 0 0 0 0 0 0
0 0 0 0 0 0 0 0 -3.6379788e-12 0 0 3.6379788e-12 0 -7.2759576e-12 3.6379788e-12 0 0 0 0 3.6379788e-12 0 0 3.6379788e-12 0 -3.6379788e-12 -3.6379788e-12 0 -7.2759576e-12 0 3.6379788e-12 0.039133288 0.03232548 0.028788554 0.025318415 0.023741278 0.022208298 0.088159937 0.021917152 0.0735272 0.051238413 0.039141217 147236.27 21857.267 3.830794 3.2982434 2.7829614 2.2697176 22995.504 0.78396451 4.0926059 4.948342 81713.141 101699.99 55583.649 52651.602 0.025546859 -7.2759576e-12 0.045755243 0.021829268 4.206413e-12 -1.8189894e-12 0 3.6379788e-12 -3.6379788e-12 -3.6379788e-12 0 0
