var/www/cgi-bin/fswepp/working/ravel-27175.prodgrd.txt
NCOLS 90
NROWS 90
XLLCORNER 467485
YLLCORNER 4344275
CELLSIZE 10
NODATA_VALUE -9999
[rows 0 to 33 of 90, columns 0 to 75 of 90]
-26000 -26000 -26000 -26000 -26000 -26000 -26000 -26004.096 -26003.027 -26003.585 -26003.822 -26000 -26003.585 -26000 -26000 -26000 -26000 -26000 -26000 -26000 -26000 -26000 -26000 -26000 -26000 -26000 -26000 -26000 -26000 -26000 -26000 -26000 -26013.508 -26013.508 -26002.415 -26013.508 -26000 -26013.508 -26000 -26000.986 -26001.108 -26000 -26000 -26000 -26003.585 -26001.059 -26003.027 -26003.027 -26001.693 -26001.108 -26001.693 -26003.822 -26003.822 -26000 -26000 -26000 -26000 -26001.693 -26001.739 -26001.108 -26001.108 -26003.822 -26003.822 -26013.508 -26008.421 -26004.096 -26001.403 -26001.403 -26013.508 -26000 -26000 -26000 -26013.508 -26003.585 -26000 -26003.822
-26000 -26000 -26000 -26000 -26000 -26000 -26000 -26000 -26000 -26003.464 -26002.933 -26013.492 -26000 -26000 -26000 -26000 -26000 -26000 -26000 -26000 -26000 -26000 -26000 -26000 -26000 -26000 -26000 -26000 -26000 -26000 -26000 -26000 -26013.467 -26006.218 -26003.413 -26004.592 -26000 -26000 -26000 -26006.844 -26001.325 -26001.522 -26013.505 -26000 -26000 -26002.647 -26001.37 -26002.356 -26004.209 -26002.197 -26001.639 -26002.862 -26005.423 -26009.127 -26000 -26000 -26000 -26013.467 -26003.585 -26001.978 -26001.213 -26001.522 -26002.933 -26007.485 -26000 -26013.538 -26004.546 -26001.776 -26001.624 -26003.413 -26000 -26000 -26000 -26000 -26000 -26013.505
-26000 -26000 -26000 -26000 0 0 0 0 -26000 -26000 -26001.917 -26004.479 -26000 -26000 -26000 -26000 -26000 -26000 -26000 -26000 -26000 -26000 -26000 -26000 -26000 -26000 -26000 -26000 -26000 -26000 -26000 -26000 -26000 -26004.209 -26002.356 -26003.027 -26000 -26000 -26000 -26000 -26002.933 -26001.229 -26001.728 -26000 -26000 -26000 -26001.447 -26001.568 -26013.481 -26013.508 -26003.027 -26004.737 -26013.481 -26013.45 -26013.532 -26000 -26000 -26000 -26000 -26013.481 -26001.951 -26001.529 -26001.951 -26003.18 -26000 -26000 -26000 -26013.452 -26002.253 -26001.68 -26003.027 -26000 -26000 -26000 -26000 -26000
-26000 -26000 -26000 0 0 0 0 0 0 -26000 -26005.084 -26002.715 -26000 -26000 -26000 -26000 -26000 -26000 -26000 -26000 -26000 -26000 -26000 -26000 -26000 -26000 -26000 -26000 -26000 -26000 -26000 -26000 -26000 -26007.485 -26001.917 -26001.669 -26003.585 -26013.492 -26000 -26000 -26013.506 -26001.998 -26001.222 -26001.978 -26013.481 -26000 -26002.149 -26001.233 -26003.67 -26000 -26009.851 -26011.883 -26000 -26013.45 -26006.218 -26000 -26000 -26000 -26000 -26000 -26003.822 -26001.713 -26001.606 -26001.785 -26004.592 -26000 -26000 -26000 -26000 -26013.467 -26003.685 -26009.423 -26000 -26000 -26000 -26000
-26000 -26000 -26000 0 0 0 0 0 0 0 -26000 -26003.107 -26009.423 -26000 -26000 -26000 -26000 -26000 -26000 -26000 -26000 -26000 -26000 -26000 -26013.5 -26000 -26000 -26000 -26000 -26000 -26000 -26000 -26000 -26013.5 -26002.862 -26001.496 -26001.713 -26003.807 -26013.506 -26000 -26000 -26005.326 -26001.713 -26001.222 -26001.693 -26004.479 -26002.715 -26001.403 -26001.998 -26011.883 -26013.532 -26011.883 -26000 -26000 -26004.209 -26006.844 -26000 -26000 -26000 -26000 -26004.479 -26001.833 -26001.57 -26001.57 -26002.356 -26011.883 -26000 -26000 -26000 -26000 -26000 -26009.423 -26013.5 -26000 -26000 -26000
-26000 -26000 0 0 0 0 0 0 0 0 -26000 -26007.007 -26004.006 -26000 -26000 -26000 0 0 0 0 -26000 -26000 -26000 -26000 -26009.527 -26009.527 -26000 -26000 -26000 -26000 -26000 -26000 -26000 -26000 -26013.492 -26002.339 -26001.522 -26002.014 -26003.807 -26009.423 -26013.506 -26009.127 -26003.76 -26001.522 -26001.012 -26001.401 -26002.253 -26001.925 -26001.733 -26003.328 -26008.672 -26003.464 -26006.844 -26000 -26007.485 -26003.76 -26005.456 -26000 -26000 -26000 -26000 -26003.937 -26001.785 -26001.606 -26002.253 -26005.172 -26000 -26000 -26000 -26000 -26000 -26000 -26000 -26000 -26000 -26000
-26000 -26000 0 0 0 0 0 0 0 0 0 -26000 -26004.972 -26000 -26000 -26000 0 0 0 0 0 -26000 -26000 -26000 -26000 -26009.527 -26009.527 -26000 -26000 -26000 -26000 -26000 -26000 -26000 -26000 -26008.672 -26002.933 -26001.728 -26001.728 -26002.942 -26009.127 -26013.492 -26013.492 -26004.972 -26001.265 -26000.934 -26001.49 -26002.356 -26001.998 -26003.464 -26009.127 -26002.802 -26002.253 -26008.672 -26013.505 -26005.456 -26003.807 -26005.172 -26000 -26000 -26000 -26000 -26013.467 -26002.862 -26002.385 -26003.807 -26013.492 -26000 -26000 -26000 -26000 -26000 -26000 -26000 -26000 -26000
0 0 0 0 0 0 0 0 0 0 0 -26000 -26008.261 -26000 -26000 -26000 0 0 0 0 0 0 0 0 -26000 -26000 -26013.506 -26009.527 -26000 -26000 -26000 -26000 -26000 -26000 -26000 -26000 -26000 -26005.326 -26001.739 -26001.713 -26003.585 -26013.481 -26000 -26013.532 -26002.715 -26001.041 -26001.158 -26002.253 -26002.87 -26006.844 -26000 -26005.326 -26001.728 -26002.014 -26005.423 -26009.423 -26005.172 -26003.464 -26004.209 -26006.844 -26000 -26000 -26000 -26000 -26003.822 -26002.933 -26009.127 -26013.506 -26013.5 -26000 -26000 -26000 -26000 -26000 -26000 -26000
0 0 0 0 0 -26000 -26000 0 0 0 0 -26000 -26008.261 -26000 -26000 -26000 0 0 0 0 0 0 0 0 0 0 -26000 -26013.506 -26009.423 -26000 -26000 -26000 -26000 -26000 -26013.492 -26000 -26000 -26000 -26005.172 -26001.639 -26002.197 -26006.844 -26013.532 -26013.508 -26004.152 -26001.558 -26001.314 -26001.925 -26003.027 -26007.485 -26000 -26013.506 -26002.942 -26001.736 -26001.998 -26003.585 -26004.737 -26004.479 -26004.209 -26003.464 -26004.972 -26000 -26000 -26000 -26000 -26013.5 -26013.5 -26000 -26009.423 -26013.5 -26000 -26000 -26000 -26000 -26000 -26000
0 0 0 0 0 -26000 -26000 0 0 0 0 -26000 -26013.481 -26000 -26000 -26000 0 0 0 0 0 0 0 0 0 0 0 -26000 -26000 -26005.326 -26000 -26000 -26000 -26000 -26013.5 -26013.5 -26000 -26000 -26000 -26003.027 -26001.998 -26003.67 -26013.508 -26013.508 -26003.17 -26001.629 -26001.702 -26002.149 -26003.937 -26013.492 -26000 -26000 -26013.505 -26002.905 -26001.693 -26001.878 -26002.73 -26007.485 -26013.467 -26004.972 -26003.685 -26009.127 -26000 -26000 -26000 -26000 -26000 -26000 -26000 -26000 -26013.508 -26000 -26000 -26013.517 -26013.481 -26000
0 0 0 0 0 -26000 -26000 0 0 0 0 -26000 -26000 -26000 -26000 -26000 0 0 0 0 0 0 0 0 0 0 0 0 -26000 -26000 -26005.423 -26013.505 -26000 -26000 -26000 -26009.127 -26013.492 -26000 -26000 -26006.218 -26001.925 -26002.149 -26013.481 -26000 -26003.67 -26001.447 -26001.447 -26001.925 -26004.209 -26000 -26000 -26000 -26000 -26013.492 -26003.585 -26002.253 -26001.951 -26003.585 -26013.481 -26013.492 -26005.456 -26009.423 -26000 -26000 -26000 -26000 -26000 -26000 -26000 -26000 -26013.517 -26013.481 -26000 -26000 -26013.36 -26013.495
0 0 0 0 -26000 -26013.481 -26000 0 0 0 0 -26000 -26000 -26000 -26000 0 0 0 0 0 0 0 0 0 0 0 0 0 0 0 -26000 -26009.527 -26013.506 -26000 -26000 -26013.492 -26008.672 -26013.5 -26000 -26006.844 -26001.998 -26001.447 -26003.413 -26000 -26013.508 -26001.925 -26001.304 -26001.785 -26002.802 -26013.505 -26000 -26000 -26000 -26000 -26000 -26013.492 -26002.933 -26003.807 -26013.5 -26000 -26013.481 -26000 -26000 -26000 -26000 -26013.517 -26000 -26000 -26000 -26000 -26000 -26008.421 -26013.481 -26000 -26013.495 -26005.736
0 0 0 -26000 -26000 -26000 -26000 0 0 0 0 -26000 -26000 -26000 -26000 0 0 0 0 0 0 0 0 0 0 0 0 0 0 0 0 -26000 -26013.505 -26000 -26000 -26000 -26013.505 -26005.423 -26005.172 -26004.737 -26002.135 -26001.214 -26001.447 -26013.508 -26000 -26003.937 -26001.401 -26001.496 -26002.014 -26002.391 -26013.505 -26000 -26000 -26000 -26000 -26000 -26009.127 -26009.127 -26000 -26000 -26013.532 -26000 -26000 -26000 -26000 -26000 -26000 -26000 -26000 -26000 -26000 -26008.421 -26006.791 -26013.538 -26013.495 -26003.571
0 0 -26000 -26000 -26000 -26000 0 0 0 0 0 -26000 -26000 -26000 -26000 0 0 0 0 0 0 0 0 0 0 0 0 0 0 0 0 0 -26000 -26013.5 -26013.492 -26000 -26000 -26009.127 -26003.585 -26003.585 -26002.253 -26001.152 -26000.95 -26002.135 -26000 -26013.481 -26001.998 -26001.233 -26001.36 -26001.531 -26002.905 -26008.672 -26000 -26000 -26000 -26000 -26013.492 -26013.492 -26000 -26013.532 -26013.508 -26000 -26000 -26000 -26000 -26000 -26000 -26000 -26000 -26000 -26000 -26010.838 -26003.107 -26009.423 -26013.495 -26002.59
0 0 -26000 -26000 -26000 -26000 0 0 0 0 0 -26000 -26000 -26000 -26000 0 0 0 0 0 0 0 0 0 0 0 0 0 0 0 0 0 0 -26000 -26009.127 -26000 -26000 -26009.127 -26003.685 -26002.905 -26001.998 -26001.098 -26000.798 -26001.087 -26002.802 -26000 -26013.506 -26002.385 -26001.365 -26001.233 -26001.713 -26002.862 -26009.127 -26000 -26000 -26000 -26000 -26000 -26013.532 -26013.508 -26013.508 -26013.481 -26008.421 -26013.538 -26000 -26000 -26000 -26000 -26000 -26000 -26000 -26000 -26002.192 -26004.762 -26013.495 -26002.197
-26000 -26000 -26000 -26000 -26000 0 0 0 0 0 0 0 0 0 0 0 0 0 0 0 0 0 0 0 0 0 0 0 0 0 0 0 0 -26000 -26000 -26000 -26000 -26009.423 -26003.807 -26002.933 -26002.367 -26001.34 -26000.812 -26000.818 -26001.213 -26005.326 -26000 -26000 -26002.933 -26001.36 -26001.36 -26002.01 -26003.822 -26013.506 -26000 -26000 -26000 -26013.45 -26009.851 -26013.481 -26000 -26013.481 -26004.762 -26013.45 -26000 -26000 -26000 -26000 -26000 -26000 -26000 -26000 -26002.59 -26003.571 -26000 -26002.59
-26000 -26000 -26000 -26000 0 0 0 0 0 0 0 0 0 0 0 0 0 0 0 0 0 0 0 0 0 0 0 0 0 0 0 0 0 0 -26000 -26000 -26000 -26013.506 -26005.423 -26003.685 -26003.585 -26002.3 -26001.108 -26000.774 -26000.827 -26001.365 -26009.423 -26000 -26000 -26002.905 -26001.367 -26001.529 -26002.367 -26009.127 -26000 -26000 -26000 -26000 -26010.838 -26013.481 -26013.538 -26013.495 -26004.096 -26005.736 -26000 -26000 -26000 -26000 -26000 -26000 -26000 -26000 -26003.18 -26002.197 -26013.494 -26004.006
-26000 -26000 -26000 0 0 0 0 0 0 0 0 0 0 0 0 0 0 0 0 0 0 0 0 0 0 0 0 0 0 0 0 0 0 0 0 -26000 -26000 -26000 -26013.505 -26002.905 -26002.367 -26002.367 -26001.728 -26000.95 -26000.777 -26000.954 -26002.014 -26013.505 -26000 -26000 -26002.862 -26001.669 -26002.197 -26006.844 -26013.532 -26000 -26000 -26000 -26013.36 -26009.423 -26013.495 -26013.495 -26004.096 -26004.762 -26000 -26000 -26000 -26000 -26000 -26000 -26000 -26000 -26004.096 -26001.669 -26005.489 -26006.352
-26000 -26000 0 0 0 0 0 0 0 0 0 0 0 0 0 0 0 0 0 0 0 0 0 0 0 0 0 0 0 0 0 0 0 0 0 0 -26000 -26000 -26000 -26009.423 -26002.385 -26001.998 -26002.367 -26001.511 -26000.945 -26000.88 -26001.36 -26003.822 -26000 -26000 -26000 -26003.027 -26002.068 -26003.027 -26009.851 -26013.481 -26000 -26000 -26013.45 -26009.527 -26000 -26013.495 -26004.762 -26006.791 -26000 -26000 -26000 -26000 -26000 -26000 -26000 -26000 -26008.672 -26001.748 -26002.802 -26004.479
-26000 -26000 0 0 0 0 0 0 0 0 0 0 0 0 0 0 0 0 0 0 0 0 0 0 0 0 0 0 0 0 0 0 0 0 0 0 0 -26000 -26000 -26000 -26009.127 -26002.339 -26002.367 -26001.978 -26001.325 -26001.002 -26001.213 -26002.367 -26009.423 -26013.5 -26006.844 -26005.084 -26003.413 -26002.715 -26004.592 -26008.421 -26013.538 -26000 -26008.672 -26000 -26000 -26013.495 -26009.423 -26013.36 -26013.538 -26000 -26000 -26000 -26000 -26000 -26000 -26000 -26013.494 -26001.881 -26002.154 -26003.451
0 0 0 0 0 0 0 0 0 0 0 0 0 0 0 0 0 0 0 0 0 0 0 0 0 0 0 0 0 0 0 0 0 0 0 0 0 0 -26000 -26000 -26000 -26008.672 -26002.905 -26001.951 -26001.606 -26001.401 -26001.455 -26001.951 -26005.172 -26013.481 -26003.937 -26002.942 -26006.791 -26008.421 -26003.76 -26003.413 -26006.791 -26004.096 -26004.006 -26000 -26000 -26000 -26000 -26013.495 -26013.538 -26000 -26000 -26000 -26000 -26000 -26000 -26000 -26013.45 -26001.748 -26001.824 -26003.76
0 0 0 0 0 0 0 0 0 0 0 0 0 0 0 0 0 0 0 0 0 0 0 0 0 0 0 0 0 0 0 0 0 0 0 0 0 0 0 -26000 -26000 -26000 -26000 -26002.647 -26001.57 -26001.57 -26001.833 -26002.197 -26003.328 -26009.851 -26005.202 -26002.192 -26004.762 -26000 -26006.791 -26003.107 -26004.006 -26002.197 -26002.515 -26000 -26000 -26000 -26000 -26000 -26000 -26000 -26000 -26000 -26000 -26000 -26000 -26000 -26007.007 -26001.748 -26001.565 -26002.802
-26000 0 0 -26000 0 0 0 0 0 0 0 0 0 0 0 0 0 0 0 0 0 0 0 0 0 0 0 0 0 0 0 0 0 0 0 0 0 0 0 0 -26000 -26000 -26000 -26004.737 -26001.57 -26001.57 -26001.785 -26002.458 -26002.87 -26003.17 -26003.413 -26001.785 -26002.862 -26000 -26000 -26005.736 -26004.096 -26001.669 -26001.629 -26000 -26000 -26000 -26000 -26000 -26000 -26000 -26000 -26000 -26000 -26000 -26000 -26000 -26004.737 -26001.881 -26001.471 -26002.802
0 -26000 -26000 -26000 0 0 0 0 0 0 0 0 0 0 0 0 0 0 0 0 0 0 0 0 0 0 0 0 0 0 0 0 0 0 0 0 0 0 0 0 0 0 -26000 -26000 -26002.715 -26001.925 -26001.925 -26002.253 -26002.415 -26002.356 -26003.18 -26001.782 -26001.881 -26000 -26000 -26000 -26004.737 -26001.565 -26001.269 -26000 -26000 -26000 -26000 -26013.495 -26000 -26000 -26000 -26013.495 -26000 -26000 -26000 -26000 -26004.737 -26001.748 -26001.385 -26004.006
-26000 -26000 -26000 -26000 0 0 0 -26000 0 0 0 0 0 0 0 0 0 0 0 0 0 0 0 0 0 0 0 0 0 0 0 0 0 0 0 0 0 0 0 0 0 0 0 -26000 -26000 -26002.274 -26002.73 -26002.942 -26001.757 -26001.498 -26002.669 -26002.669 -26001.629 -26006.352 -26000 -26000 -26008.672 -26001.748 -26001.229 -26005.736 -26000 -26000 -26000 -26000 -26000 -26000 -26000 -26000 -26005.736 -26000 -26000 -26000 -26006.352 -26001.688 -26001.629 -26005.736
-26000 -26000 -26000 -26000 0 -26000 -26000 -26000 0 0 0 0 0 0 0 0 0 0 0 0 0 0 0 0 0 0 0 0 0 0 0 0 0 -26000 -26000 -26000 -26000 0 0 0 0 0 0 0 -26000 -26002.836 -26003.107 -26004.546 -26001.504 -26001.012 -26001.629 -26003.76 -26001.688 -26002.811 -26000 -26000 -26000 -26002.274 -26001.565 -26004.096 -26000 -26000 -26000 -26000 -26000 -26000 -26000 -26000 -26005.736 -26000 -26000 -26000 -26007.298 -26001.739 -26003.017 -26000
-26000 -26000 -26000 -26000 -26000 -26000 -26000 -26000 -26000 0 0 0 0 0 0 0 0 0 0 0 0 0 0 0 0 0 0 0 0 0 -26000 0 0 0 -26000 -26000 -26000 -26000 0 0 0 0 0 0 0 -26013.532 -26005.736 -26007.179 -26001.498 -26000.88 -26001.204 -26003.224 -26001.739 -26001.951 -26000 -26000 -26000 -26003.017 -26002.154 -26004.737 -26000 -26000 -26000 -26000 -26000 -26000 -26000 -26000 -26013.45 -26013.45 -26000 -26000 -26007.007 -26001.782 -26005.202 -26000
0 -26000 -26000 -26000 -26000 -26000 -26000 -26000 -26000 -26000 0 0 0 0 0 0 0 0 0 0 0 0 0 0 0 -26000 -26000 -26000 0 -26000 -26000 0 0 0 0 -26000 -26000 -26000 -26000 0 0 0 0 0 0 -26000 -26000 -26013.505 -26001.892 -26000.878 -26001.087 -26002.669 -26001.688 -26001.824 -26000 -26000 -26000 -26003.571 -26002.197 -26004.096 -26000 -26000 -26000 -26000 -26000 -26000 -26000 -26000 -26013.538 -26005.628 -26000 -26000 -26013.481 -26002.149 -26003.464 -26000
0 -26000 -26000 -26000 -26000 -26000 -26000 -26000 -26000 -26000 0 0 0 0 0 0 0 0 0 0 -26000 -26000 -26000 -26000 -26000 -26000 -26000 -26000 -26000 -26000 -26000 -26000 0 0 0 -26000 -26000 -26000 -26000 0 0 0 0 0 0 -26000 -26000 -26000 -26002.647 -26001.061 -26001.306 -26002.356 -26001.565 -26001.881 -26000 -26000 -26000 -26004.546 -26001.757 -26002.535 -26013.481 -26000 -26000 -26000 -26000 -26013.481 -26000 -26000 -26000 -26005.202 -26013.452 -26000 -26000 -26009.851 -26006.844 -26000
0 -26000 -26000 -26000 -26000 -26000 -26000 -26000 -26000 0 0 0 0 0 0 0 0 0 0 0 -26000 -26000 -26000 -26000 -26000 -26013.505 -26000 -26000 -26000 -26000 -26000 -26000 0 0 -26000 -26000 -26000 -26000 -26000 -26000 -26000 -26000 0 0 0 -26000 -26000 -26000 -26004.546 -26001.833 -26002.669 -26002.59 -26001.498 -26001.782 -26013.495 -26000 -26000 -26000 -26001.776 -26001.568 -26003.413 -26000 -26000 -26000 -26000 -26008.421 -26013.517 -26000 -26000 -26010.838 -26013.452 -26000 -26000 -26000 -26000 -26000
0 -26000 -26000 -26000 -26000 -26000 -26000 -26000 0 0 0 0 0 0 0 0 0 0 0 0 0 0 0 0 -26000 -26009.127 -26004.209 -26000 -26000 -26000 -26013.477 -26000 -26000 -26000 -26000 0 -26000 -26000 -26000 -26000 -26000 -26000 -26000 -26000 0 -26000 -26000 -26000 -26000 -26000 -26000 -26004.096 -26001.504 -26001.669 -26005.202 -26000 -26000 -26000 -26002.87 -26001.304 -26001.925 -26013.508 -26000 -26000 -26000 -26010.838 -26013.452 -26000 -26000 -26000 -26007.007 -26010.838 -26000 -26000 -26000 -26013.477
0 0 -26000 -26000 -26000 -26000 -26000 0 0 0 0 0 0 0 0 0 0 0 0 0 0 0 0 0 0 -26000 -26006.791 -26000 -26000 -26000 -26005.888 -26004.546 -26000 -26000 -26000 0 -26000 -26000 -26000 -26000 -26000 -26000 -26000 -26000 -26000 -26000 -26000 -26000 -26000 -26000 -26000 -26013.538 -26001.757 -26001.629 -26002.942 -26000 -26000 -26000 -26013.532 -26001.49 -26001.338 -26003.027 -26000 -26000 -26000 -26013.481 -26007.007 -26010.838 -26000 -26000 -26010.838 -26007.007 -26013.481 -26010.838 -26006.791 -26003.18
-26000 -26000 0 -26000 -26000 -26000 -26000 0 0 0 0 0 0 0 0 0 0 0 0 0 0 0 0 0 0 -26000 -26000 -26000 -26006.352 -26005.888 -26004.687 -26006.218 -26000 -26000 -26000 -26000 -26000 -26000 -26004.737 -26005.736 -26013.532 -26000 -26000 -26000 -26000 -26000 -26000 -26000 -26000 0 0 -26000 -26003.76 -26001.511 -26002.047 -26007.007 -26000 -26000 -26000 -26002.87 -26001.338 -26001.785 -26003.937 -26000 -26000 -26000 -26004.592 -26004.592 -26000 -26000 -26000 -26013.481 -26007.007 -26006.008 -26004.592 -26001.925
-26000 -26000 0 -26000 -26000 -26000 -26000 -26000 0 0 0 0 -26000 -26000 -26000 0 0 0 -26000 -26000 0 0 0 0 0 0 -26000 -26000 -26004.687 -26002.647 -26004.737 -26009.965 -26000 -26000 -26000 -26013.444 -26000 0 -26000 -26000 -26008.672 -26007.298 -26013.444 -26013.475 -26004.546 -26004.479 -26000 -26000 0 0 0 0 -26000 -26001.947 -26001.702 -26004.592 -26000 -26000 -26000 -26000 -26001.998 -26001.531 -26001.998 -26005.628 -26000 -26000 -26008.261 -26003.67 -26008.261 -26000 -26000 -26013.508 -26004.592 -26004.592 -26009.851 -26002.87
