var/www/cgi-bin/fswepp/working/ravel-27175.dem.txt
ncols         90
nrows         90
xllcorner     467485
yllcorner     4344275
cellsize      10
NODATA_value  -9999
[rows 38 to 75 of 90, columns 0 to 83 of 90]
2932 2930 2929 2927 2925 2922 2919 2916 2911 2904 2899 2895 2893 2893 2896 2899 2901 2904 2907 2911 2915 2916 2917 2917 2917 2915 2912 2904 2900 2897 2894 2891 2886 2882 2877 2871 2865 2859 2853 2848 2844 2841 2842 2843 2844 2844 2845 2846 2848 2850 2852 2854 2856 2857 2856 2852 2846 2840 2836 2832 2828 2824 2819 2814 2808 2802 2795 2791 2787 2783 2778 2773 2767 2762 2756 2750 2744 2740 2735 2730 2724 2719 2715 2710
2932 2930 2930 2928 2927 2924 2920 2917 2913 2906 2900 2894 2890 2890 2892 2895 2898 2900 2902 2905 2909 2912 2912 2913 2912 2910 2905 2900 2897 2895 2892 2890 2885 2880 2876 2870 2864 2857 2852 2846 2841 2838 2839 2839 2840 2841 2841 2843 2844 2847 2850 2852 2854 2856 2857 2854 2849 2844 2839 2834 2830 2826 2822 2818 2812 2806 2800 2794 2790 2786 2782 2778 2773 2768 2761 2755 2750 2744 2740 2735 2730 2725 2719 2714
2932 2931 2930 2929 2927 2925 2921 2918 2914 2908 2901 2895 2889 2888 2889 2891 2894 2896 2898 2900 2901 2903 2905 2906 2905 2902 2899 2897 2895 2893 2890 2887 2883 2879 2874 2869 2862 2855 2849 2843 2839 2836 2835 2835 2836 2837 2838 2839 2841 2843 2846 2850 2853 2855 2856 2856 2852 2847 2842 2837 2833 2829 2825 2820 2815 2809 2803 2798 2794 2790 2786 2783 2778 2773 2768 2761 2755 2750 2745 2741 2736 2731 2724 2718
2931 2930 2930 2929 2927 2926 2922 2919 2915 2909 2902 2895 2889 2887 2886 2888 2890 2892 2894 2896 2897 2899 2900 2900 2899 2898 2895 2894 2892 2890 2888 2885 2881 2877 2873 2867 2860 2853 2846 2840 2836 2833 2830 2830 2831 2832 2833 2836 2838 2840 2843 2847 2850 2853 2855 2856 2854 2850 2845 2840 2835 2831 2827 2823 2818 2812 2805 2801 2797 2794 2790 2787 2783 2779 2774 2768 2762 2757 2752 2748 2743 2736 2729 2721
2930 2930 2929 2929 2928 2926 2923 2919 2915 2910 2902 2896 2891 2887 2884 2884 2886 2889 2891 2893 2894 2895 2895 2895 2894 2893 2891 2890 2888 2887 2885 2882 2878 2875 2871 2866 2858 2851 2843 2838 2834 2832 2828 2827 2827 2828 2829 2832 2835 2838 2841 2844 2848 2851 2853 2855 2856 2853 2848 2842 2838 2834 2829 2825 2820 2815 2808 2803 2800 2797 2795 2792 2789 2785 2781 2776 2769 2763 2759 2754 2748 2742 2733 2724
2930 2929 2929 2928 2927 2925 2922 2919 2916 2910 2903 2897 2892 2887 2881 2879 2881 2883 2886 2889 2890 2891 2891 2891 2890 2889 2887 2886 2884 2882 2880 2878 2875 2872 2869 2865 2857 2849 2842 2837 2833 2829 2827 2826 2826 2826 2827 2829 2833 2836 2839 2842 2845 2848 2851 2853 2855 2854 2850 2845 2840 2836 2832 2827 2823 2818 2812 2807 2803 2802 2800 2798 2794 2791 2788 2783 2777 2770 2765 2759 2752 2744 2736 2727
2928 2928 2927 2927 2926 2924 2921 2918 2915 2910 2903 2897 2892 2886 2879 2876 2876 2876 2878 2882 2885 2887 2887 2887 2886 2885 2884 2882 2880 2878 2876 2873 2870 2868 2865 2862 2855 2848 2842 2836 2831 2827 2825 2824 2824 2824 2826 2828 2831 2834 2837 2840 2843 2846 2848 2851 2853 2854 2852 2847 2842 2838 2834 2830 2825 2820 2815 2811 2808 2807 2806 2805 2801 2798 2795 2790 2784 2778 2770 2762 2754 2745 2736 2728
2926 2926 2925 2924 2923 2921 2919 2917 2914 2909 2903 2897 2892 2885 2877 2874 2872 2872 2873 2876 2879 2881 2882 2882 2882 2881 2880 2879 2876 2874 2870 2866 2863 2862 2861 2858 2854 2848 2841 2836 2830 2826 2823 2821 2821 2822 2823 2826 2829 2832 2835 2838 2840 2843 2846 2848 2851 2853 2853 2849 2844 2840 2836 2832 2828 2823 2819 2816 2815 2815 2815 2812 2808 2805 2800 2794 2788 2782 2774 2764 2754 2745 2735 2727
2923 2922 2921 2920 2919 2918 2917 2915 2912 2908 2903 2898 2892 2885 2877 2872 2867 2867 2869 2871 2874 2876 2878 2879 2879 2878 2876 2874 2872 2869 2865 2862 2858 2855 2855 2855 2852 2847 2841 2835 2829 2825 2821 2819 2818 2819 2821 2824 2827 2830 2833 2836 2838 2841 2843 2846 2848 2850 2851 2849 2845 2841 2838 2834 2830 2826 2823 2820 2819 2820 2819 2818 2814 2809 2804 2797 2791 2784 2775 2764 2751 2742 2733 2727
2917 2917 2916 2916 2915 2914 2913 2912 2910 2907 2903 2897 2892 2885 2878 2872 2865 2863 2864 2866 2868 2870 2873 2875 2875 2873 2872 2869 2867 2864 2861 2857 2853 2850 2850 2851 2849 2844 2839 2834 2829 2824 2820 2817 2816 2817 2819 2822 2825 2829 2831 2834 2836 2839 2841 2843 2846 2847 2848 2848 2845 2842 2839 2835 2832 2829 2826 2824 2823 2823 2821 2820 2817 2811 2805 2798 2791 2781 2773 2762 2750 2741 2735 2729
2912 2912 2912 2912 2912 2911 2911 2910 2908 2905 2902 2897 2891 2885 2879 2872 2865 2860 2857 2859 2862 2865 2867 2869 2869 2868 2867 2864 2861 2856 2854 2852 2847 2842 2842 2844 2844 2841 2837 2832 2828 2822 2818 2815 2814 2815 2817 2820 2823 2826 2829 2832 2834 2837 2839 2841 2843 2844 2845 2846 2845 2843 2840 2837 2833 2830 2828 2827 2827 2826 2824 2821 2817 2812 2804 2799 2791 2783 2776 2766 2754 2744 2738 2732
2907 2907 2907 2907 2908 2908 2908 2907 2906 2904 2902 2897 2891 2885 2879 2873 2866 2858 2852 2852 2854 2858 2861 2863 2864 2863 2861 2859 2857 2851 2847 2842 2840 2838 2838 2840 2840 2837 2833 2830 2825 2819 2816 2814 2813 2814 2815 2818 2821 2824 2827 2830 2832 2834 2837 2839 2841 2842 2843 2844 2844 2843 2841 2838 2836 2832 2830 2830 2830 2828 2825 2822 2818 2813 2807 2802 2796 2790 2783 2774 2762 2750 2742 2738
2902 2902 2902 2903 2904 2905 2906 2906 2905 2903 2900 2896 2891 2885 2880 2873 2866 2858 2852 2849 2850 2851 2853 2855 2857 2856 2853 2852 2852 2847 2843 2839 2836 2834 2833 2833 2833 2832 2829 2826 2820 2815 2813 2811 2810 2811 2813 2815 2818 2821 2824 2827 2830 2832 2835 2836 2838 2840 2841 2842 2843 2842 2841 2838 2836 2835 2833 2832 2831 2830 2827 2824 2820 2816 2812 2807 2801 2796 2790 2781 2771 2759 2751 2745
2898 2898 2898 2899 2900 2902 2903 2903 2903 2901 2899 2894 2890 2885 2880 2873 2866 2859 2853 2850 2847 2846 2847 2849 2850 2850 2848 2846 2844 2842 2839 2836 2833 2831 2829 2828 2828 2827 2825 2822 2818 2814 2811 2809 2807 2807 2810 2812 2815 2818 2822 2825 2828 2830 2832 2834 2836 2837 2838 2839 2840 2840 2839 2837 2833 2832 2833 2833 2832 2830 2828 2826 2825 2821 2818 2813 2807 2801 2795 2787 2776 2769 2762 2756
2894 2894 2894 2895 2896 2898 2899 2900 2900 2899 2896 2893 2889 2885 2880 2874 2867 2861 2855 2851 2846 2842 2842 2842 2843 2842 2841 2840 2839 2837 2835 2833 2830 2828 2825 2824 2824 2823 2821 2819 2816 2812 2809 2807 2804 2804 2806 2809 2813 2815 2819 2822 2825 2828 2830 2832 2833 2833 2834 2835 2836 2837 2836 2835 2832 2830 2830 2831 2832 2831 2831 2830 2829 2826 2823 2819 2813 2804 2799 2792 2783 2779 2774 2767
2890 2890 2890 2891 2892 2894 2896 2897 2897 2896 2894 2892 2889 2884 2880 2874 2869 2863 2857 2852 2846 2841 2839 2838 2838 2837 2837 2836 2835 2833 2832 2829 2827 2824 2822 2820 2819 2819 2818 2816 2813 2810 2807 2805 2802 2802 2804 2807 2810 2813 2816 2819 2822 2825 2828 2829 2830 2830 2830 2830 2831 2832 2833 2833 2830 2828 2829 2830 2832 2833 2832 2835 2833 2831 2827 2823 2819 2810 2801 2795 2790 2787 2782 2775
2886 2886 2886 2887 2888 2890 2892 2893 2894 2894 2892 2891 2887 2883 2880 2875 2870 2866 2860 2853 2848 2842 2839 2836 2834 2833 2833 2832 2831 2830 2829 2826 2823 2820 2818 2816 2815 2815 2814 2811 2809 2807 2805 2802 2800 2799 2801 2804 2807 2810 2813 2815 2818 2821 2824 2826 2827 2827 2827 2826 2827 2829 2831 2831 2829 2826 2827 2829 2832 2834 2837 2841 2839 2836 2831 2827 2822 2817 2804 2800 2797 2794 2788 2779
2882 2882 2882 2883 2884 2886 2888 2890 2891 2891 2890 2889 2886 2882 2878 2875 2871 2867 2862 2855 2849 2843 2839 2835 2831 2829 2829 2828 2828 2827 2825 2822 2819 2817 2814 2812 2811 2809 2808 2806 2805 2803 2801 2798 2795 2795 2798 2801 2805 2807 2810 2812 2815 2817 2819 2821 2822 2823 2824 2824 2825 2826 2828 2828 2826 2823 2824 2826 2829 2832 2836 2841 2843 2841 2834 2829 2824 2818 2808 2804 2802 2797 2790 2780
2878 2878 2878 2878 2879 2881 2884 2886 2888 2888 2887 2886 2883 2881 2877 2874 2871 2868 2863 2856 2850 2844 2840 2835 2830 2827 2826 2825 2824 2822 2821 2819 2816 2813 2811 2809 2806 2804 2803 2802 2801 2799 2796 2793 2791 2791 2794 2798 2802 2805 2807 2810 2812 2814 2815 2817 2819 2820 2820 2821 2821 2822 2823 2823 2821 2819 2817 2821 2825 2828 2830 2835 2839 2839 2836 2831 2826 2819 2814 2811 2806 2798 2790 2779
2876 2875 2875 2875 2875 2877 2880 2883 2883 2884 2884 2883 2881 2879 2876 2873 2870 2867 2863 2856 2851 2845 2840 2835 2831 2827 2826 2823 2820 2818 2817 2816 2813 2810 2808 2806 2804 2801 2800 2798 2797 2795 2792 2791 2789 2789 2791 2794 2798 2802 2805 2807 2809 2811 2812 2814 2815 2816 2817 2817 2817 2817 2818 2818 2818 2815 2814 2816 2818 2821 2825 2829 2832 2835 2835 2832 2828 2823 2820 2817 2806 2797 2789 2782
2874 2874 2873 2873 2873 2875 2877 2879 2880 2880 2880 2880 2878 2876 2874 2871 2869 2866 2862 2857 2851 2846 2841 2837 2832 2829 2826 2823 2818 2815 2814 2812 2809 2807 2805 2803 2801 2798 2796 2795 2794 2792 2790 2788 2787 2787 2789 2791 2795 2799 2802 2804 2806 2808 2809 2811 2812 2813 2813 2813 2813 2813 2814 2814 2812 2810 2810 2812 2813 2815 2820 2824 2829 2832 2833 2831 2828 2825 2821 2816 2803 2795 2788 2783
2873 2873 2872 2871 2871 2872 2874 2875 2876 2876 2877 2876 2876 2874 2872 2869 2867 2864 2861 2856 2852 2847 2843 2839 2835 2831 2828 2823 2819 2816 2814 2810 2806 2803 2802 2800 2797 2794 2792 2792 2791 2789 2787 2785 2784 2784 2785 2789 2792 2795 2798 2801 2803 2805 2806 2808 2808 2809 2810 2810 2809 2809 2808 2807 2805 2805 2805 2807 2810 2812 2815 2820 2825 2829 2831 2830 2828 2824 2820 2814 2802 2794 2787 2782
2872 2872 2871 2869 2869 2869 2870 2870 2871 2872 2872 2873 2873 2872 2869 2866 2864 2861 2858 2855 2852 2848 2844 2842 2838 2834 2830 2826 2822 2818 2815 2811 2806 2803 2800 2798 2794 2791 2790 2788 2788 2786 2784 2783 2782 2781 2782 2785 2789 2792 2795 2798 2800 2802 2803 2805 2805 2806 2806 2806 2806 2805 2804 2803 2802 2802 2802 2804 2806 2809 2812 2816 2821 2825 2827 2828 2826 2824 2820 2813 2802 2793 2785 2778
2875 2874 2871 2868 2867 2867 2867 2866 2866 2866 2868 2869 2870 2869 2867 2864 2861 2857 2855 2853 2851 2848 2845 2843 2840 2836 2832 2829 2825 2821 2817 2813 2809 2805 2802 2798 2794 2791 2789 2787 2785 2783 2782 2780 2779 2778 2779 2782 2785 2789 2792 2794 2796 2798 2800 2801 2803 2803 2803 2803 2802 2802 2801 2800 2799 2799 2800 2801 2803 2806 2810 2814 2818 2822 2824 2825 2824 2823 2820 2813 2801 2792 2781 2776
2877 2876 2874 2868 2865 2864 2863 2863 2861 2861 2864 2866 2868 2868 2866 2863 2857 2853 2851 2851 2849 2847 2845 2843 2841 2838 2834 2831 2828 2823 2820 2816 2812 2808 2804 2800 2796 2792 2789 2786 2783 2781 2779 2778 2776 2776 2776 2779 2782 2785 2788 2791 2793 2795 2797 2798 2800 2800 2800 2800 2800 2799 2798 2797 2796 2795 2796 2797 2800 2804 2807 2811 2816 2818 2820 2822 2823 2821 2819 2811 2800 2791 2787 2785
2880 2878 2877 2872 2867 2863 2861 2857 2855 2855 2858 2862 2865 2866 2865 2861 2856 2852 2850 2849 2847 2846 2845 2843 2841 2839 2835 2832 2829 2826 2822 2819 2815 2810 2807 2803 2798 2794 2790 2787 2783 2780 2777 2775 2774 2773 2773 2775 2778 2781 2784 2786 2789 2792 2794 2795 2797 2797 2798 2798 2797 2796 2795 2794 2793 2792 2792 2794 2797 2800 2804 2807 2811 2815 2817 2819 2821 2820 2816 2806 2801 2799 2801 2804
2883 2881 2879 2877 2870 2865 2860 2855 2851 2851 2852 2856 2859 2861 2861 2859 2855 2851 2849 2846 2844 2844 2844 2843 2841 2839 2836 2833 2830 2828 2824 2821 2817 2813 2809 2805 2801 2796 2792 2788 2784 2780 2776 2774 2771 2770 2769 2770 2774 2777 2779 2781 2784 2788 2791 2793 2794 2795 2796 2796 2795 2793 2792 2792 2791 2790 2790 2791 2793 2795 2799 2803 2807 2811 2814 2817 2819 2818 2815 2808 2806 2807 2808 2808
2886 2884 2882 2879 2874 2868 2862 2856 2852 2849 2849 2851 2853 2855 2856 2855 2853 2850 2847 2844 2842 2841 2842 2842 2840 2839 2836 2833 2831 2829 2826 2822 2819 2815 2811 2807 2803 2798 2793 2789 2785 2781 2777 2772 2769 2768 2766 2767 2769 2772 2775 2777 2779 2783 2787 2791 2793 2794 2794 2794 2793 2791 2790 2789 2788 2788 2788 2788 2790 2791 2795 2799 2803 2807 2811 2815 2818 2819 2816 2813 2812 2811 2809 2808
2889 2886 2884 2881 2878 2871 2865 2859 2853 2849 2845 2845 2847 2850 2851 2851 2851 2849 2845 2842 2840 2839 2840 2840 2839 2837 2836 2833 2832 2830 2827 2824 2820 2816 2813 2809 2805 2800 2795 2791 2786 2782 2777 2772 2767 2765 2764 2764 2766 2769 2772 2774 2776 2779 2783 2787 2790 2792 2793 2792 2791 2789 2788 2786 2785 2784 2784 2786 2787 2789 2792 2796 2800 2804 2809 2813 2817 2818 2817 2815 2813 2811 2809 2807
2891 2889 2886 2883 2879 2874 2868 2862 2855 2849 2843 2840 2841 2844 2846 2848 2848 2847 2845 2842 2839 2838 2837 2837 2836 2835 2834 2833 2832 2830 2828 2825 2821 2817 2814 2810 2806 2802 2797 2792 2787 2783 2778 2772 2767 2764 2763 2763 2765 2766 2769 2772 2774 2777 2780 2784 2787 2789 2790 2790 2789 2787 2786 2784 2782 2781 2782 2783 2785 2787 2790 2792 2797 2802 2806 2811 2815 2818 2817 2815 2813 2810 2808 2805
2893 2891 2888 2884 2881 2876 2870 2865 2857 2851 2844 2840 2838 2840 2842 2844 2846 2845 2844 2841 2839 2837 2836 2834 2832 2831 2831 2831 2831 2830 2829 2825 2822 2818 2815 2811 2808 2804 2799 2793 2789 2784 2779 2772 2766 2763 2761 2760 2761 2763 2766 2769 2772 2775 2778 2781 2784 2786 2787 2787 2787 2785 2784 2782 2780 2779 2779 2781 2783 2785 2788 2791 2795 2799 2804 2808 2813 2816 2817 2815 2813 2810 2807 2804
2894 2892 2889 2886 2882 2877 2872 2867 2860 2853 2846 2841 2838 2838 2840 2842 2844 2844 2843 2841 2839 2836 2834 2832 2830 2828 2828 2829 2830 2829 2828 2825 2822 2819 2815 2812 2808 2805 2800 2795 2790 2784 2779 2772 2767 2763 2760 2758 2757 2759 2763 2767 2771 2774 2777 2780 2783 2784 2785 2784 2784 2783 2782 2780 2779 2778 2778 2779 2781 2784 2787 2789 2792 2797 2802 2806 2810 2813 2815 2814 2812 2809 2806 2802
2896 2893 2891 2887 2883 2878 2873 2868 2862 2855 2848 2842 2839 2837 2838 2840 2842 2843 2842 2841 2838 2834 2833 2831 2829 2826 2826 2827 2827 2827 2826 2824 2821 2818 2815 2812 2808 2805 2800 2796 2791 2785 2779 2772 2767 2763 2760 2757 2755 2755 2760 2766 2770 2773 2776 2780 2782 2783 2783 2783 2782 2781 2780 2779 2777 2777 2777 2779 2780 2783 2786 2788 2791 2794 2799 2804 2807 2809 2811 2811 2811 2808 2806 2802
2898 2894 2892 2888 2883 2878 2874 2869 2864 2856 2849 2844 2840 2837 2834 2836 2840 2841 2841 2839 2835 2831 2830 2830 2828 2825 2823 2823 2823 2823 2822 2822 2819 2817 2814 2811 2808 2805 2800 2796 2791 2784 2778 2772 2767 2763 2759 2756 2754 2753 2757 2764 2768 2772 2776 2779 2781 2781 2782 2781 2781 2780 2778 2777 2776 2776 2777 2778 2780 2782 2785 2787 2789 2792 2796 2801 2804 2806 2808 2808 2808 2807 2805 2802
2899 2896 2893 2889 2884 2879 2874 2869 2864 2857 2850 2844 2840 2837 2832 2830 2834 2838 2838 2835 2830 2827 2826 2826 2825 2822 2820 2818 2818 2819 2819 2819 2817 2815 2813 2810 2807 2804 2800 2795 2790 2783 2777 2772 2767 2762 2758 2755 2753 2752 2755 2761 2767 2770 2774 2777 2779 2780 2780 2779 2778 2777 2776 2775 2775 2775 2776 2778 2780 2782 2784 2786 2789 2791 2793 2798 2801 2804 2805 2806 2807 2806 2804 2802
2901 2897 2894 2890 2885 2879 2874 2870 2865 2858 2851 2845 2840 2836 2832 2828 2828 2832 2832 2830 2827 2823 2820 2819 2819 2818 2816 2814 2814 2815 2816 2815 2815 2813 2811 2808 2806 2803 2798 2793 2788 2782 2776 2771 2766 2761 2757 2754 2752 2751 2753 2758 2764 2769 2772 2774 2776 2777 2777 2776 2775 2774 2773 2773 2773 2775 2776 2778 2780 2782 2783 2786 2788 2790 2792 2795 2798 2801 2803 2805 2806 2805 2804 2802
2902 2898 2894 2891 2885 2878 2874 2870 2865 2859 2852 2845 2840 2836 2832 2829 2826 2828 2828 2826 2822 2817 2815 2814 2814 2814 2812 2811 2810 2810 2811 2811 2810 2809 2808 2806 2804 2800 2794 2790 2785 2780 2775 2770 2765 2761 2756 2753 2751 2750 2752 2755 2761 2767 2770 2772 2773 2772 2771 2771 2771 2771 2770 2770 2772 2774 2776 2778 2780 2782 2783 2785 2787 2789 2791 2793 2796 2799 2801 2803 2804 2804 2803 2801
2903 2899 2895 2891 2886 2879 2874 2870 2865 2860 2853 2847 2841 2837 2834 2830 2827 2825 2823 2819 2816 2814 2812 2810 2809 2808 2807 2806 2806 2806 2806 2806 2806 2805 2804 2803 2799 2795 2791 2787 2783 2778 2774 2769 2765 2760 2755 2752 2749 2747 2748 2752 2757 2764 2768 2770 2771 2770 2768 2767 2768 2768 2768 2768 2771 2773 2776 2778 2780 2782 2783 2784 2786 2788 2789 2791 2794 2797 2799 2801 2802 2803 2802 2800
