var/www/cgi-bin/fswepp/working/ravel-27175.depgrd.txt
NCOLS 90
NROWS 90
XLLCORNER 467485
YLLCORNER 4344275
CELLSIZE 10
NODATA_VALUE -9999
[rows 0 to 29 of 90, columns 0 to 66 of 90]
0 0 3.6379788e-12 -3.6379788e-12 0 0 0 -3.6379788e-12 0 0 -3.6379788e-12 0 0 0 3.6379788e-12 0.0055264946 0.013553665 0.010140487 0.0043330927 0.059241312 -1.4551915e-11 0.10214319 0.017379139 0.16526366 0.071741971 0.068168933 0.092414789 0.054654517 0.070969963 0.0061472926 0.085074117 0.058142694 0.092831502 0.1316593 0.071882991 0.035937281 0.030201326 0.042302537 0.10417744 0.14849977 0.30038436 0.093789935 0.18945253 0.20750532 0.29203219 0.46902096 0.39397285 0.21885248 0.10093055 0.050387018 0.13276916 0.17630455 0.03385959 0.10605337 0.049303388 0.087590001 0.12290331 0.16957735 0.46123677 0.76804116 0.35658409 0.45131655 0.39875878 0.43534305 0.55624522 1.4697213 0.21595369
3.6379788e-12 3.6379788e-12 -3.6379788e-12 0 0 0 0 0 0 0 0 -3.6379788e-12 0 0.0063499177 -3.6379788e-12 0.0028920325 -2.5465852e-11 0.01939986 0.059086106 0.030508604 0.0082904482 0.03169644 0.090339171 0.04977556 0.065751984 0.018747026 0.023507559 0.052679157 0.058681013 0.035111956 0.061882335 0.093226166 0.10125542 0.067030197 0.029315506 0.059410372 0.057986478 0.152875 0.19418211 0.23923619 0.20584555 0.24696397 0.31428236 0.18542523 0.26243926 0.36520623 0.15452391 0.024045601 0.089566752 0.09545724 0.063087711 0.11500054 0.11642104 0.12774053 0.057914822 0.16753373 0.16773844 0.3596903 0.52668143 0.38142925 0.43815161 0.29034104 0.41668466 1.0205046 1.5963618 0.31600497 0.11966532
0 -3.6379788e-12 -3.6379788e-12 0 0 0 0 0 0 0 0 -3.6379788e-12 0 -7.2759576e-12 -7.2759576e-12 0 1.4551915e-11 3.6379788e-12 0.040218274 0.039342849 3.6379788e-12 0.044944444 0.043526383 0.09335706 0.035852954 0.050600209 0.029991884 0.09941101 0.0033655457 0.050358015 0.077617292 0.073351161 0.066843569 0.0058668076 0.097835113 0.045524334 0.07485812 0.12912996 0.23599132 0.095183571 0.17330234 0.22711738 0.098788057 0.32603124 0.16486319 0.10535919 0.092845467 0.069668148 0.13268285 0.064781642 0.079597891 -2.1827873e-11 0.070441875 0.15126463 0.088093415 0.11448645 0.38399263 0.71956943 0.50474017 0.34380038 0.34110031 0.52040579 1.0443712 1.4926773 0.33796491 0.056424807 0.15177107
-3.6379788e-12 7.2759576e-12 0 0 0 0 0 0 0 0 0 0 0 3.6379788e-12 0 0 3.6379788e-12 -3.6379788e-12 3.6379788e-12 -7.2759576e-12 0.049055846 3.6379788e-12 0.10759704 0.047681943 0.12871131 0.055566696 0.1032407 0.029627315 0.026693427 0.077973385 0.096224295 0.041326715 0.03930571 0.10076284 0.11284712 0.12817054 0.084372341 0.099618298 0.16401095 0.13031918 0.13813623 0.17307573 0.14039228 0.040943732 0.033371774 0.062269166 0.18497123 0.062071882 0.064013246 0.12875086 0.034199018 0.054574461 0.1018084 0.082881294 0.10571533 0.39553391 0.67414667 0.27923368 0.39489279 0.21345256 0.80131822 1.1404625 0.65209566 0.2888107 0.036530406 0.078978287 0.045188444
-3.6379788e-12 0 0 0 0 0 0 0 0 0 0 3.6379788e-12 7.2759576e-12 0 -7.2759576e-12 0 0 0.0088675748 0.014622003 0.014822929 0.016319024 0.016529592 0.070793643 0.11340106 0.070724088 0.0084794608 0.027767525 0.065136325 0.061224854 0.13930615 0.038243527 0.084921811 0.056174427 0.11365583 0.12472651 0.14593352 0.083352076 0.069419823 0.16716599 0.14939261 0.087190217 0.11688941 0.049437675 0.057175293 0.055288654 0.13002598 0.037871063 0.058209597 0.032276073 0.071321832 0.054691712 0.15060691 0.069159509 0.046670449 0.55198977 0.38874385 0.40240827 0.24083929 0.41080923 0.54405538 1.1635036 0.37301086 0.068048949 0.062191597 0.074517676 0.093868129 7.2759576e-12
3.6379788e-12 0 0 0 0 0 0 0 0 0 0 0 3.6379788e-12 -3.6379788e-12 -3.6379788e-12 -3.6379788e-12 21407.759 0.018116465 0.053060328 0.042045546 0.041830733 0.045393861 0.064748366 0 0 0.065687365 0.022692511 1.8189894e-11 0.046208054 -1.4551915e-11 0.030791535 0.12030599 0.081026912 0.15821197 0.082827589 0.1001239 0.089682568 0.09191549 0.045849576 0.059402697 0.077013716 0.077799135 0.031479789 0.082917248 0.056174496 0.078391497 0.045785101 0.009583689 0.11533711 0.090442699 0.014974032 0.15676949 0.064099242 0.34970465 0.30956133 0.45375461 0.39331638 0.27279259 0.54500576 1.2308292 0.26748768 0.12522287 0.047663293 0.039510209 0.0041098836 -1.0913936e-11 0.13877296
0 0 0 0 0 0 0 0 0 1493.9099 558.90794 0 0 -7.2759576e-12 -7.2759576e-12 3.6379788e-12 21098.989 14172.914 2971.6194 0 14498.713 -3.6379788e-12 0 1.0913936e-11 -1.0913936e-11 0 0.031555008 0.001418787 2.1827873e-11 0.044949094 0.0079448813 0.0069233845 0.16048026 0.038021011 0.090541068 0.086376283 0.16410129 0.004308045 0.06991649 0.03399368 0.13782142 0.017199082 0.026316824 0.035632942 0.072669344 0.0096940448 0.045641404 0.065857145 0.095677905 0.058539511 0.068162632 0.10876715 0.31931582 0.30309359 0.25718254 0.25221443 0.25226356 0.64053793 0.92765798 0.093560446 0.10384824 0.045638298 0.029616546 0.012779642 0.055378437 0.04765169 0.17064918
0 0 0 0 0 5196.1325 9754.4966 37049.371 0 -1.1368684e-13 576.5516 0 7.2759576e-12 -3.6379788e-12 0 0 23028.381 18446.144 17777.084 40845.862 15963.011 404.70517 200.26507 0 0 3.6379788e-12 0 0 0.0069500825 0.026330525 -3.6379788e-12 0 0.024125756 4.8270911e-05 0 0.0124439 0.015373559 0.06198368 0.034304403 0.11771944 0.0076386032 0.05755512 0.049702497 0.076960455 7.2759576e-12 0.063357962 0.043944106 0.056713015 0.038072294 0.1693259 -7.2759576e-12 0.42938654 0.46386251 0.14456032 0.28572995 0.31913613 0.55509829 0.88307554 0.37912811 0.036539216 0.051802081 0.025163801 0.03648663 0.010124222 0.055814641 0.10799787 0.095018546
0 0 0 0 0 0 0 0 9.094947e-13 -4.5474735e-13 0 0 0 0 0 0 24340.267 21435.736 19615.552 40549.579 0 0 0 0 0 0 0 3.6379788e-12 3.6379788e-12 -3.6379788e-12 0.0065039988 0.0010512874 -3.6379788e-12 0.0077119777 0 0.019219979 0.0040413923 0.0028355943 0.048275083 0.079191835 0.079016331 0.041637773 0.048332419 0.014915304 0.094035722 0.017331581 0.035366201 0.15092082 0.073147556 0.26531535 0.24147586 0.29636579 0.079125909 0.16471466 0.24818455 0.47825852 0.6847255 0.41945708 0.051299034 0.13295879 0.0004525125 0.017794941 0.02559467 0.055197477 0.11324646 0.06259788 0.11260233
0 0 0 0 0 0 0 26000 20389.557 0 0 0 0 0 0 7.2759576e-12 24722.481 91298.626 0 449.70338 98.347092 0 0 0 0 0 0 0 0 0 0 0 0 0 0.0055924313 3.6379788e-12 0.0079376798 0.04615806 0.007993612 0.015882176 0.03144988 0.022357474 0.067641569 0.031373883 0.038087724 0.042491298 0.13012454 0.11042086 0.13215934 0.19084196 0.14992034 0.21804482 0.17491862 0.22770726 0.29538223 0.54331274 0.28184884 0.091475776 3.6379788e-12 0.043886439 0.050631144 0.119111 0.032793788 0.13038855 0.10273217 0.092637401 0.2149048
0 0 0 0 0 0 0 22374.092 0 13622.679 0 0 0 3.6379788e-12 -3.6379788e-12 0 76540.082 36967.985 0 0 0 0 0 0 0 0 0 0 0 0 0 0 0 0 -3.6379788e-12 0.0021053229 0.0016016481 0.01109717 0.031489517 0.0064700098 0.034997063 0.011875633 0.02366822 0.073422414 0.15062363 0.055902394 0.077262091 0.036457829 0.088640718 0.14368377 0.13403006 0.21431703 0.20920108 0.36713008 0.54238951 0.25915673 0.094392888 0.034092172 0.09203614 0.03714593 0.055615561 0.033604644 0.15042912 0.066834269 0.10983694 0.091445184 0.11225404
0 0 0 0 0 0 0 19369.468 0 5757.6012 9714.5147 0 0 0 0 0 51063.214 19717.56 24257.831 924.33792 0 0 0 0 0 0 0 0 0 0 0 0 0 0 -3.6379788e-12 -3.6379788e-12 0.027077766 0 0.0021780685 0.05132085 0.035968627 0.076064384 0.077607093 0.057722379 0.092770551 0.061368744 0.034780253 0.11330967 0.13324351 0.089981244 0.13445862 0.24716599 0.19698986 0.55831216 0.26108009 0.043876562 0.069537466 0.10678857 0.057302025 0.039128077 0.088114211 0.090307866 0.085654684 0.12358817 0.09769586 0.16883477 0.16375352
0 0 0 0 0 0 0 16940.696 11969.76 11657.414 0.0077955873 0 0.019149384 0 0 -9.094947e-13 3.6379788e-12 0 -9.094947e-13 0 0 0 0 0 0 0 0 0 0 0 0 0 0 0 0 0.0086235334 0.014650147 0 0.01449232 0.068218428 0.090815732 0.045738036 0.040709843 0.012838912 0.10742763 0.018281305 0.02922851 0.11870472 0.21417723 0.087204416 0.13701903 0.32004863 0.32266742 0.11460157 0 0.054898763 0.020923263 0.04505246 1.0913936e-11 0.059284429 0.099985198 0.037530545 0.16598236 0.071354938 0.35483979 0.055675698 0.13745069
0 0 0 0 0 0 9059.304 5495.9925 10268.964 36.973172 7400.6287 0 0.0083690526 3.6379788e-12 0 9.094947e-13 0.031014295 0.035596655 -7.1054274e-15 7163.316 0 0 0 0 0 0 0 0 0 0 0 0 0 0 0 0 7.2759576e-12 0.0021895542 0.0073407639 0.037285629 0.0097143453 0.057590665 0.098397555 0.0084459718 0.090958401 0.065750829 0.038439696 0.093383199 0.072529946 0.12079829 0.18434107 0.083888465 0.085739919 0.024833736 0.046467799 0.073787618 0.034947661 0.074658352 0.025753454 0.071420151 0.061958436 0.096666994 0.14261082 0.11259845 0.23177175 0.16047985 0.18266969
0 0 0 0 0 0 29982.406 2399.0965 12158.541 0.026606425 0 0.015699628 -3.6379788e-12 -3.6379788e-12 0.01458662 47076.097 0 7.1054274e-14 0 484.64197 0 0 0 0 0 0 0 0 0 0 0 0 0 0 0 0 1.4551915e-11 0 0.014261121 0.034162824 0.0015330534 0.034543996 0.030536816 0.053422465 0.026674847 0.03189972 0.029611594 0.056073204 0.090750298 0.18115403 0.099777738 0.07834096 0.075513536 0.016326629 0.013248058 0.049732884 0.088272333 0.0099489552 0.076069493 0.053405084 0.04631617 0.28310024 0.056040666 0.10594843 0.2685885 0.11408522 0.1383764
0 0 0 3.6379788e-12 -7.2759576e-12 25783.478 19835.848 6090.535 6818.8916 3362.2601 0.080664216 475.56036 15223.616 0.035322372 17887.195 34133.632 95801.806 0.1307786 29910.025 112.78701 0 0 0 0 0 0 0 0 0 0 0 0 0 0 0 0 0 0 0.020280367 0.0018784024 0.0093521618 0.011853128 0.011472882 0.011927393 0.021641055 0.052873744 0.073505476 0.077304989 0.11170783 0.12557098 0.048582788 0.020426877 0.020177452 0.035598262 0.050706373 0.08479221 0.027448541 0.084623105 0.1005665 0.062840422 0.069307582 0.11871053 0.20797922 0.10660144 0.091679834 0.11154411 0.37671448
0 0 0 0 1.8189894e-12 8248.543 6541.8256 1604.6124 13149.927 10.822395 8620.9381 5.5196844 263.10024 0 0 4022.2381 19234.222 63063.977 32759.183 0 0 0 0 0 0 0 0 0 0 0 0 0 0 0 0 0 0 0 -3.6379788e-12 0.0011332526 0.00074487487 0.044573031 0.039096088 0.012726214 0.015770146 0.034143464 0.039675253 0.074823082 0.079896066 0.034846748 0.024026742 0.020506794 0.04336373 0.04220034 0.088898563 0.04400963 0.11097213 0.029856146 0.16673384 0.0095274411 0.17830027 0.069828326 0.1014382 0.16576386 0.32463341 0.26741051 0.20353492
0 0 0 3.6379788e-12 26614.382 2.9558578e-12 18723.183 19820.688 7138.2421 5996.5673 2382.1563 1205.4514 137.00624 34.586313 0 83.408227 570.27996 10947.792 176.4661 0 0 0 0 0 0 0 0 0 0 0 0 0 0 0 0 0 0 0 0 0 0.013177539 0.010023185 0.018913639 0.033288109 0.050280456 0.0019987358 0.02867171 0.018340136 0.037146818 0.020982569 0.013908957 0.063544491 0.023997255 0.044889913 0.11265285 0.0086595802 0.093450309 0.027474708 0.14761185 0.1270375 0.039992323 0.10573146 0.19794918 0.21624386 0.23738064 0.23277477 0.25357049
0 0 0 26807.671 13962.914 14505.111 5342.7359 9508.6315 42458.242 21711.279 4669.9015 0 0 0 5.6644939 0 0.56277335 0.51422584 0 0 0 0 0 0 0 0 0 0 0 0 0 0 0 0 0 0 0 0 0 -3.6379788e-12 0.019348591 0.0096821982 0.0059800382 0.015816625 0.023465254 0.0044871961 0.06584396 0.006080264 0.065704993 0.064048451 0.047619478 0.024889032 0.011792298 0.048206582 0.018729265 0.10298792 0.046130918 0.13058435 0.021723179 0.096944056 0.16548756 0.20722023 0.18726514 0.063520859 0.27520413 0.13022025 0.23067802
0 0 14054.336 32819.55 9822.9406 16337.218 37535.296 31074.998 0 0 0 0 0 0 0 0.2626525 0 0 0 0 0 0 0 0 0 0 0 0 0 0 0 0 0 0 0 0 0 0 0 0 0 3.6379788e-12 0.004198131 0.040610945 3.6379788e-12 0.012755643 0.022344344 0.030841007 0.013530827 0.016891611 0.054789072 0.099085991 0.032475615 0.091874949 0.090300314 0.064902755 0.051857029 0.058899216 0.057821087 0.19284163 0.051366546 0.15777244 0.18711326 0.28745319 0.32798408 0.21632561 0.10117206
6.2527761e-13 0 21906.523 24093.426 0 30442.123 30484.332 0 0 0 0 0 0 0 0 0 0 0 0 0 0 0 0 0 0 0 0 0 0 0 0 0 0 0 0 0 0 0 0 0 0 -3.6379788e-12 -3.6379788e-12 0 0.072106938 7.2759576e-12 0.06534769 0.026467758 0.02282 0.015118046 0.015811717 0.048721968 0.099274162 0.10156566 -1.4551915e-11 0.035529534 0.053883024 0.043591644 0.14343003 0.060385683 0.20772107 0.12590664 0.11367257 0.17709704 0.16644396 0.22067043 0.32265375
2.6645353e-15 12806.472 12989.599 6845.332 4.5474735e-13 2044.5873 15058.772 0 0 0 0 0 0 0 0 0 0 0 0 0 0 0 0 0 0 0 0 0 0 0 0 0 0 0 0 0 0 0 0 0 0 0 0 3.6379788e-12 -7.2759576e-12 7.2759576e-12 0.035821059 0.022965199 0.016950198 0.020546338 0.036992634 0.030522507 -7.2759576e-12 0.043125325 0.066733119 0.024691315 0.10386245 0.10197189 0.052135774 0.05181183 0.16515645 0.21650654 0.24960377 0.15278956 0.28546015 0.10959683 0.025949229
0 188.09364 0 0 11890.952 3416.0369 0 3372.5201 0 0 0 0 0 0 0 0 0 0 0 0 0 0 0 0 2178.2595 2726.3179 7717.6314 0 0 0 0 0 0 0 0 0 0 0 0 0 0 0 0 0 0 0 0 0 0.031908591 0.013263574 -3.6379788e-12 0.015344722 -1.4551915e-11 0.038897973 0.01636315 0.078134209 0.048784909 1.8189894e-11 0.18329776 0.10669307 0.11630371 0.23599454 0.10832899 0.23765522 0.24606564 0.06757612 0.056453256
0.003206543 0 0 0 0 0 0 0 0 0 0 0 0 0 0 0 0 0 0 0 0 0 0 0 0 0 0 14741.41 19895.557 0 0 0 0 0 0 0 0 0 0 0 0 0 0 -3.6379788e-12 0 3.6379788e-12 0 0 3.6379788e-12 7.2759576e-12 -3.6379788e-12 7.2759576e-12 0 0.021927835 0.031742693 0.061999807 0.035899888 0.066072635 0.13452348 0.11721925 0.082448896 0.212517 0.13391262 0.023776918 0.046724947 0.039858795 0.028192538
0 0.0038631399 0 3.6379788e-12 0 0 0.0063271757 0.018414548 0 0 0 0 0 0 0 0 0 0 0 0 0 0 0 0 9050.5735 4201.9144 11794.891 5351.5605 0 20623.136 407.16822 0 0 0 0 0 0 0 0 0 0 0 0 0 0 0 3.6379788e-12 -3.6379788e-12 0 1.0913936e-11 0 3.6379788e-12 1.0913936e-11 -7.2759576e-12 2.1827873e-11 0.010234802 -7.2759576e-12 0.053323946 0.10041976 0.056444699 0.2302393 0.0270439 0.031617438 0.045242758 7.2759576e-12 0.074111885 2.910383e-11
0 0 0.0030589281 0.00023616548 3.6379788e-12 0 0.0045358321 0.0074758138 0.0035226677 8641.7262 0 0 0 0.0490268 0 0 0 0 0 0 0 0 0 0 0 0.026319229 4.5474735e-13 14252.657 11617.198 1.8189894e-12 16095.624 0 19830.837 0 0 0 0 0 0 0 0 0 0 0 0 0 -3.6379788e-12 0 0 1.0913936e-11 -3.6379788e-12 3.6379788e-12 0 1.8189894e-11 -7.2759576e-12 -3.6379788e-12 0.016988433 0.08459062 0.083299918 -3.6379788e-12 0.028035945 -1.0913936e-11 3.6379788e-12 0.070405575 -3.6379788e-12 3.6379788e-11 1.0913936e-11
0 0 0 0.0050603425 0 0 0.001747316 3.6379788e-12 0.066043295 0.048517324 0.022367827 0 0 0 0.64245169 0 0 0 0 0 658.85538 19541.26 37624.819 38684.646 4939.533 11945.664 -1.8189894e-12 45061.27 30651.264 -1.8189894e-12 0 24151.109 0 114624.33 0 -3.6379788e-12 -3.6379788e-12 0 0 0 0 0 0 0 0 -3.6379788e-12 -3.6379788e-12 3.6379788e-12 -1.4551915e-11 -7.2759576e-12 -3.6379788e-12 3.6379788e-12 -3.6379788e-12 7.2759576e-12 3.6379788e-12 0 0.10268915 0.052187059 0.090409915 0.04906733 0.051327545 0.069230474 -1.4551915e-11 3.6379788e-12 1.0913936e-11 -1.0913936e-11 -3.2741809e-11
0 3.6379788e-12 0 0.0019583818 0.0083454958 0 0 0.015180099 0.016296914 0.044816569 0.029529532 -4.4408921e-16 1.419831 0 0 0 0 0 0 15054.428 45028.931 20531.918 -9.094947e-13 4.5474735e-13 1.3642421e-12 0 1.0913936e-11 3.6379788e-12 20192.351 3.6379788e-12 1.0913936e-11 0 47867.548 19565.542 146282.36 7.2759576e-12 0 0 0 0 0 0 0 0 0 0 0 -3.6379788e-12 0 -3.6379788e-12 7.2759576e-12 7.2759576e-12 7.2759576e-12 -1.0913936e-11 -7.2759576e-12 1.4551915e-11 0.059507368 -7.2759576e-12 -1.0913936e-11 0.064717478 1.8189894e-11 -1.8189894e-11 4.3655746e-11 0 -2.910383e-11 -3.6379788e-12 7.2759576e-12
0 0 7.2759576e-12 0.058118267 0.0026477757 0.023035311 3.6379788e-12 0 0.034821891 0.034777477 4881.0742 0.13482068 0 0 0 0 0 0 0 17559.788 -3.6379788e-12 0 0 3.6379788e-12 0 0 0 0 0 -7.2759576e-12 0.0045103462 3.6379788e-12 43306.422 12589.376 25902.084 7.2759576e-12 0 0 0 0 0 0 0 0 0 0 3.6379788e-12 -3.6379788e-12 0 0 0 -3.6379788e-12 -7.2759576e-12 -7.2759576e-12 0.029260735 3.6379788e-12 2.910383e-11 0.051507845 7.2759576e-12 -1.4551915e-11 -2.5465852e-11 4.3655746e-11 -2.5465852e-11 1.0913936e-11 1.0913936e-11 2.910383e-11 7.2759576e-12
0 0 0 0.01064227 0.029679016 0.013026028 -3.6379788e-12 0 3.6379788e-12 21407.76 4914.2827 57345.166 0 0 0 0 0 0 0 0 0 0 0 0 0 0 0 0 -3.6379788e-12 0 -1.0913936e-11 -3.6379788e-12 0 0 0.0088304775 0.0028182322 -3.6379788e-12 0 0 0 0 0 0 0 0 0 0 0 0 0 7.2759576e-12 0 7.2759576e-12 7.2759576e-12 0 -1.4551915e-11 0.030952889 -1.8189894e-11 2.5465852e-11 0 3.6379788e-12 -3.2741809e-11 1.4551915e-11 -1.4551915e-11 0 0.02703134 -3.6379788e-12
