var/www/cgi-bin/fswepp/working/ravel-27175.dem.txt
ncols         90
nrows         90
xllcorner     467485
yllcorner     4344275
cellsize      10
NODATA_value  -9999
[rows 0 to 37 of 90, columns 0 to 83 of 90]
2942 2943 2944 2945 2946 2946 2946 2944 2942 2939 2935 2931 2927 2922 2918 2914 2910 2906 2902 2897 2893 2889 2886 2883 2879 2876 2872 2869 2865 2862 2859 2855 2851 2846 2841 2835 2830 2826 2821 2817 2809 2803 2800 2796 2793 2787 2781 2776 2770 2764 2758 2753 2748 2744 2740 2736 2732 2727 2721 2716 2710 2704 2700 2695 2692 2689 2687 2683 2680 2678 2675 2673 2670 2667 2663 2660 2655 2649 2644 2639 2634 2628 2623 2618
2946 2948 2949 2950 2951 2952 2951 2950 2948 2944 2940 2935 2931 2926 2922 2917 2913 2909 2905 2901 2897 2893 2889 2886 2883 2880 2876 2873 2869 2866 2862 2859 2854 2849 2844 2838 2833 2829 2824 2820 2814 2808 2803 2800 2796 2792 2785 2779 2774 2769 2763 2757 2753 2748 2744 2739 2735 2731 2726 2721 2715 2709 2704 2700 2697 2695 2693 2690 2686 2682 2680 2677 2675 2672 2668 2664 2660 2655 2649 2643 2637 2632 2626 2621
2951 2953 2954 2955 2955 2955 2955 2953 2952 2950 2944 2938 2934 2929 2925 2920 2916 2913 2909 2905 2901 2897 2893 2890 2886 2883 2880 2877 2873 2869 2866 2862 2858 2853 2847 2841 2836 2832 2827 2823 2819 2814 2807 2803 2799 2795 2790 2782 2777 2772 2767 2761 2757 2752 2747 2742 2738 2734 2729 2725 2720 2714 2709 2705 2702 2700 2698 2696 2693 2689 2685 2682 2679 2675 2672 2668 2664 2659 2654 2647 2641 2635 2629 2623
2955 2956 2957 2958 2958 2958 2958 2956 2955 2953 2949 2942 2937 2932 2927 2923 2919 2916 2912 2909 2905 2901 2897 2894 2890 2886 2883 2880 2877 2873 2869 2865 2861 2856 2851 2845 2840 2835 2831 2827 2823 2819 2813 2807 2802 2798 2793 2786 2779 2775 2770 2765 2760 2755 2750 2745 2741 2737 2732 2728 2724 2719 2715 2711 2707 2705 2703 2700 2698 2695 2691 2686 2682 2679 2675 2672 2667 2663 2658 2651 2645 2639 2633 2626
2959 2960 2961 2962 2962 2961 2960 2959 2957 2954 2951 2945 2939 2934 2929 2925 2921 2918 2915 2912 2909 2905 2902 2898 2893 2889 2886 2883 2880 2877 2873 2868 2864 2860 2856 2850 2844 2839 2835 2831 2827 2823 2818 2812 2806 2801 2796 2790 2783 2778 2773 2768 2763 2759 2754 2748 2743 2740 2736 2732 2729 2725 2721 2717 2713 2710 2706 2704 2701 2699 2695 2691 2686 2682 2678 2674 2670 2665 2660 2654 2649 2642 2635 2629
2962 2964 2964 2965 2965 2964 2962 2960 2958 2955 2953 2948 2941 2935 2930 2926 2923 2920 2917 2915 2912 2908 2905 2902 2898 2893 2889 2886 2883 2880 2876 2872 2868 2864 2859 2855 2849 2844 2839 2835 2831 2827 2822 2818 2811 2805 2799 2793 2787 2781 2776 2772 2766 2762 2757 2752 2748 2743 2740 2737 2734 2731 2727 2723 2719 2715 2711 2707 2705 2702 2698 2695 2690 2685 2681 2677 2673 2668 2662 2657 2651 2645 2637 2630
2966 2967 2968 2968 2967 2966 2964 2961 2959 2956 2953 2949 2942 2937 2932 2927 2924 2922 2919 2917 2914 2911 2908 2905 2902 2898 2893 2889 2886 2883 2880 2876 2872 2867 2863 2859 2854 2849 2844 2840 2835 2831 2826 2822 2817 2809 2802 2797 2791 2785 2781 2776 2770 2765 2761 2757 2752 2748 2744 2741 2738 2736 2733 2729 2724 2719 2715 2712 2708 2704 2701 2697 2693 2688 2683 2679 2675 2670 2664 2658 2653 2647 2639 2632
2970 2971 2971 2971 2970 2968 2965 2962 2959 2956 2953 2950 2943 2938 2933 2929 2925 2923 2920 2918 2915 2913 2910 2907 2905 2902 2898 2893 2889 2886 2883 2879 2875 2871 2867 2862 2858 2855 2850 2844 2839 2834 2830 2825 2820 2814 2806 2800 2794 2789 2784 2780 2775 2769 2765 2761 2757 2753 2749 2746 2742 2739 2737 2733 2729 2724 2720 2716 2711 2707 2704 2700 2695 2690 2685 2681 2676 2672 2666 2659 2654 2648 2641 2634
2973 2974 2975 2974 2972 2969 2965 2962 2959 2956 2953 2950 2944 2938 2934 2929 2925 2923 2921 2919 2917 2915 2912 2909 2907 2904 2902 2898 2893 2889 2886 2883 2879 2875 2870 2866 2862 2858 2855 2849 2843 2838 2833 2828 2823 2817 2810 2803 2798 2792 2788 2784 2780 2775 2770 2765 2762 2758 2755 2751 2747 2743 2740 2737 2733 2729 2724 2720 2716 2711 2707 2702 2697 2692 2687 2682 2678 2673 2667 2660 2654 2649 2642 2635
2976 2977 2977 2976 2975 2971 2965 2962 2959 2956 2953 2951 2945 2939 2934 2930 2926 2924 2922 2919 2918 2916 2914 2911 2909 2906 2904 2902 2898 2894 2889 2886 2882 2879 2874 2870 2865 2862 2858 2853 2847 2841 2836 2831 2826 2819 2813 2807 2801 2796 2792 2788 2784 2780 2775 2771 2767 2763 2760 2756 2752 2748 2744 2740 2736 2732 2728 2723 2720 2715 2710 2705 2700 2695 2689 2684 2679 2674 2668 2661 2655 2649 2644 2637
2978 2978 2978 2977 2976 2970 2965 2961 2959 2956 2953 2950 2944 2939 2934 2930 2926 2924 2922 2920 2918 2916 2915 2912 2910 2908 2905 2904 2902 2899 2894 2890 2886 2882 2878 2874 2869 2865 2861 2856 2851 2844 2839 2834 2829 2823 2816 2810 2804 2800 2796 2792 2788 2785 2781 2777 2772 2768 2764 2761 2757 2752 2748 2744 2740 2735 2730 2726 2722 2718 2713 2707 2702 2697 2692 2686 2681 2675 2668 2662 2656 2651 2645 2639
2980 2979 2979 2977 2974 2968 2963 2960 2957 2955 2952 2949 2944 2939 2934 2930 2927 2924 2922 2920 2919 2917 2915 2913 2911 2909 2907 2905 2904 2902 2899 2894 2890 2886 2882 2878 2873 2868 2864 2860 2854 2848 2841 2837 2832 2827 2820 2814 2808 2803 2800 2796 2792 2789 2785 2782 2778 2773 2769 2765 2761 2756 2752 2747 2743 2737 2732 2728 2724 2720 2715 2710 2704 2699 2694 2688 2682 2676 2669 2663 2657 2652 2646 2640
2978 2979 2977 2975 2971 2965 2961 2959 2956 2954 2951 2947 2943 2939 2934 2930 2927 2924 2922 2920 2919 2917 2915 2913 2912 2910 2908 2906 2905 2903 2902 2899 2894 2890 2886 2881 2877 2873 2868 2863 2858 2852 2845 2839 2835 2830 2824 2817 2813 2808 2803 2800 2796 2793 2789 2786 2782 2777 2773 2769 2764 2759 2755 2750 2745 2740 2735 2730 2726 2722 2718 2712 2707 2701 2696 2690 2684 2677 2671 2665 2659 2653 2648 2642
2977 2976 2975 2971 2967 2962 2959 2957 2955 2952 2950 2946 2942 2938 2934 2930 2927 2924 2922 2920 2919 2917 2915 2913 2912 2910 2908 2907 2906 2904 2903 2902 2898 2894 2889 2885 2881 2877 2872 2867 2862 2856 2849 2842 2838 2833 2829 2823 2818 2813 2808 2804 2800 2797 2793 2790 2786 2781 2777 2772 2767 2762 2757 2752 2747 2742 2737 2732 2728 2724 2720 2715 2709 2703 2698 2692 2685 2679 2673 2667 2660 2655 2649 2643
2976 2975 2972 2968 2964 2960 2958 2955 2953 2951 2948 2945 2941 2937 2934 2930 2927 2924 2922 2920 2918 2916 2915 2913 2912 2911 2909 2908 2906 2905 2904 2903 2902 2898 2893 2889 2885 2881 2876 2871 2866 2861 2854 2847 2841 2837 2833 2829 2824 2818 2813 2809 2805 2801 2797 2794 2789 2785 2780 2775 2770 2765 2760 2754 2749 2744 2739 2734 2730 2726 2722 2718 2712 2705 2700 2694 2687 2680 2675 2669 2662 2656 2650 2644
2975 2972 2969 2965 2961 2959 2956 2953 2951 2949 2946 2943 2940 2937 2933 2930 2927 2924 2922 2920 2918 2916 2914 2913 2912 2911 2909 2908 2907 2906 2905 2904 2903 2902 2897 2893 2889 2885 2880 2876 2871 2866 2859 2852 2846 2840 2837 2833 2829 2824 2819 2814 2809 2805 2801 2797 2793 2788 2783 2778 2773 2768 2762 2756 2751 2746 2741 2736 2731 2727 2724 2720 2714 2707 2702 2696 2689 2682 2676 2671 2664 2658 2652 2645
2973 2969 2966 2963 2960 2957 2954 2952 2949 2947 2944 2942 2939 2936 2933 2929 2927 2924 2922 2919 2917 2915 2914 2912 2911 2910 2909 2908 2907 2906 2905 2904 2904 2903 2901 2897 2893 2889 2885 2880 2875 2870 2865 2858 2851 2845 2840 2837 2833 2830 2824 2819 2814 2809 2805 2800 2796 2792 2786 2781 2775 2770 2764 2758 2752 2748 2743 2738 2733 2729 2725 2721 2716 2709 2703 2698 2691 2683 2677 2672 2666 2660 2653 2646
2970 2966 2963 2960 2958 2955 2952 2950 2948 2945 2943 2940 2937 2935 2932 2929 2926 2924 2921 2919 2917 2915 2913 2912 2911 2910 2909 2909 2908 2907 2906 2905 2905 2904 2903 2900 2897 2893 2889 2884 2879 2874 2869 2864 2857 2851 2845 2841 2837 2834 2830 2824 2818 2813 2808 2803 2798 2794 2788 2783 2777 2772 2766 2760 2754 2750 2745 2740 2735 2730 2727 2723 2719 2711 2705 2699 2693 2685 2679 2673 2668 2661 2654 2647
2967 2963 2961 2958 2956 2953 2951 2948 2946 2944 2941 2939 2936 2933 2931 2928 2926 2923 2921 2918 2916 2914 2913 2912 2911 2910 2909 2908 2908 2907 2906 2906 2905 2904 2903 2902 2900 2896 2893 2889 2884 2879 2874 2869 2863 2856 2850 2845 2841 2837 2833 2828 2822 2816 2811 2806 2801 2796 2791 2785 2779 2774 2768 2762 2757 2752 2747 2743 2738 2733 2729 2725 2720 2713 2706 2700 2694 2686 2680 2675 2669 2662 2655 2648
2964 2961 2958 2956 2954 2951 2949 2946 2944 2942 2940 2937 2935 2932 2930 2927 2925 2923 2920 2918 2916 2914 2912 2911 2910 2909 2908 2908 2907 2906 2906 2906 2906 2905 2905 2903 2902 2900 2896 2892 2889 2883 2878 2873 2868 2862 2855 2850 2845 2841 2836 2831 2826 2820 2814 2809 2803 2798 2792 2786 2781 2776 2770 2765 2759 2754 2750 2745 2740 2735 2731 2726 2721 2715 2708 2702 2695 2688 2681 2676 2670 2663 2656 2649
2961 2958 2956 2954 2952 2949 2947 2945 2942 2940 2938 2936 2933 2931 2929 2926 2924 2922 2919 2917 2915 2913 2912 2911 2910 2907 2906 2905 2906 2905 2905 2905 2906 2906 2905 2905 2904 2902 2899 2896 2892 2888 2883 2878 2872 2866 2860 2854 2849 2845 2840 2834 2828 2823 2817 2811 2805 2800 2793 2788 2783 2778 2772 2767 2761 2756 2752 2747 2742 2737 2733 2728 2723 2717 2709 2703 2697 2689 2682 2677 2672 2665 2657 2652
2959 2956 2954 2952 2949 2947 2945 2943 2941 2938 2936 2934 2932 2929 2927 2925 2923 2921 2919 2917 2915 2913 2912 2911 2909 2906 2904 2904 2903 2903 2903 2903 2904 2905 2905 2905 2905 2904 2902 2898 2895 2891 2887 2882 2876 2870 2864 2859 2853 2848 2843 2837 2830 2825 2820 2814 2808 2802 2795 2789 2784 2779 2774 2769 2763 2759 2754 2749 2744 2739 2735 2730 2725 2718 2711 2704 2698 2691 2684 2679 2674 2668 2661 2655
2957 2954 2952 2949 2947 2945 2943 2941 2939 2936 2934 2932 2930 2928 2926 2924 2922 2920 2918 2916 2914 2913 2911 2910 2908 2905 2903 2902 2902 2902 2902 2902 2902 2903 2904 2905 2905 2905 2903 2901 2897 2894 2890 2886 2880 2874 2868 2862 2857 2851 2845 2839 2832 2827 2822 2816 2810 2804 2796 2790 2786 2781 2776 2770 2765 2761 2756 2751 2745 2741 2736 2732 2726 2720 2713 2706 2700 2694 2686 2680 2676 2672 2666 2659
2954 2951 2949 2946 2944 2942 2940 2938 2936 2934 2932 2930 2928 2926 2925 2923 2921 2919 2917 2915 2914 2912 2911 2910 2908 2905 2903 2901 2900 2900 2900 2900 2900 2901 2902 2903 2904 2904 2903 2902 2899 2896 2893 2890 2884 2878 2872 2866 2860 2854 2848 2842 2834 2828 2823 2818 2812 2806 2798 2791 2787 2783 2778 2772 2767 2762 2758 2753 2747 2742 2738 2734 2728 2722 2714 2707 2702 2696 2690 2683 2679 2675 2671 2664
2952 2949 2946 2943 2941 2939 2938 2935 2933 2931 2929 2927 2926 2925 2924 2923 2920 2918 2917 2915 2913 2912 2911 2910 2909 2906 2903 2902 2900 2898 2898 2898 2897 2898 2899 2900 2901 2902 2902 2901 2900 2897 2894 2891 2887 2881 2875 2869 2863 2856 2849 2843 2836 2829 2824 2819 2814 2807 2800 2792 2788 2784 2780 2774 2769 2764 2760 2755 2749 2743 2739 2735 2730 2723 2716 2709 2704 2699 2695 2689 2683 2679 2674 2669
2950 2946 2943 2940 2938 2936 2934 2932 2930 2928 2926 2925 2924 2924 2923 2921 2920 2918 2916 2915 2913 2912 2911 2912 2910 2908 2905 2903 2901 2899 2896 2894 2894 2895 2896 2897 2898 2899 2899 2899 2898 2897 2895 2892 2890 2884 2877 2872 2866 2858 2850 2844 2838 2830 2825 2820 2815 2809 2802 2795 2790 2786 2781 2776 2771 2766 2761 2757 2751 2745 2740 2736 2731 2724 2717 2711 2706 2703 2699 2695 2688 2683 2678 2673
2948 2944 2940 2937 2935 2933 2931 2929 2927 2925 2924 2923 2922 2922 2922 2921 2919 2917 2916 2914 2914 2913 2913 2913 2912 2910 2907 2904 2902 2900 2895 2892 2890 2891 2892 2893 2894 2895 2896 2896 2896 2896 2895 2893 2891 2886 2880 2874 2868 2860 2852 2845 2839 2831 2825 2821 2816 2810 2803 2797 2791 2787 2783 2778 2773 2768 2763 2758 2753 2747 2742 2737 2732 2725 2718 2714 2710 2707 2703 2698 2693 2687 2682 2676
2945 2942 2938 2935 2932 2929 2927 2925 2923 2922 2921 2920 2921 2921 2921 2920 2919 2918 2916 2915 2914 2915 2916 2916 2915 2912 2909 2906 2903 2900 2895 2891 2888 2888 2888 2889 2890 2891 2892 2893 2894 2894 2894 2893 2891 2887 2881 2876 2870 2862 2853 2846 2840 2832 2826 2822 2817 2812 2805 2799 2793 2789 2785 2780 2775 2770 2765 2760 2755 2749 2743 2739 2734 2728 2722 2718 2714 2711 2707 2701 2696 2690 2685 2679
2943 2940 2936 2933 2929 2926 2924 2922 2920 2918 2917 2917 2918 2919 2919 2919 2919 2918 2917 2916 2916 2919 2920 2920 2918 2915 2912 2908 2904 2901 2896 2891 2888 2886 2885 2885 2886 2887 2889 2890 2891 2892 2892 2891 2890 2887 2882 2876 2870 2863 2854 2848 2841 2834 2828 2823 2819 2814 2807 2801 2795 2790 2787 2782 2778 2772 2767 2762 2757 2752 2746 2741 2736 2732 2726 2722 2717 2713 2709 2704 2698 2692 2686 2681
2941 2938 2934 2931 2927 2924 2920 2918 2916 2914 2914 2914 2915 2917 2918 2918 2918 2918 2919 2920 2922 2923 2925 2925 2923 2919 2915 2911 2906 2902 2897 2892 2888 2885 2882 2881 2882 2884 2885 2886 2888 2889 2889 2888 2888 2885 2881 2876 2870 2863 2856 2850 2843 2836 2829 2825 2821 2817 2811 2804 2798 2793 2789 2785 2780 2775 2769 2764 2760 2754 2749 2744 2739 2734 2730 2724 2719 2714 2709 2704 2699 2693 2687 2681
2939 2936 2933 2929 2926 2921 2917 2914 2912 2912 2911 2912 2914 2915 2916 2917 2917 2919 2921 2923 2925 2926 2928 2929 2928 2924 2918 2913 2909 2904 2899 2892 2887 2883 2878 2877 2878 2879 2881 2882 2883 2884 2885 2885 2884 2883 2879 2874 2869 2863 2857 2852 2845 2838 2832 2827 2823 2819 2814 2808 2801 2796 2791 2787 2783 2777 2772 2767 2762 2757 2752 2746 2741 2736 2731 2726 2720 2715 2709 2704 2698 2693 2687 2681
2937 2934 2931 2928 2924 2919 2913 2911 2910 2909 2909 2910 2912 2914 2915 2916 2916 2918 2921 2923 2925 2927 2929 2931 2930 2928 2922 2916 2911 2905 2900 2893 2887 2882 2877 2875 2874 2875 2876 2878 2879 2880 2880 2881 2881 2879 2877 2873 2867 2863 2859 2854 2848 2841 2835 2829 2825 2822 2818 2812 2805 2799 2794 2790 2785 2780 2775 2769 2764 2760 2755 2749 2744 2739 2733 2727 2720 2715 2707 2703 2697 2692 2686 2681
2935 2932 2929 2926 2922 2917 2913 2909 2906 2905 2906 2907 2909 2911 2913 2914 2914 2916 2919 2922 2926 2928 2930 2932 2931 2928 2923 2918 2912 2906 2900 2893 2888 2882 2877 2873 2869 2868 2870 2872 2874 2875 2876 2876 2877 2876 2873 2869 2865 2863 2860 2856 2851 2844 2838 2832 2827 2824 2820 2816 2809 2803 2797 2792 2788 2783 2778 2772 2767 2762 2757 2752 2747 2741 2736 2730 2724 2717 2710 2704 2697 2692 2687 2681
2934 2930 2927 2924 2920 2916 2913 2908 2904 2902 2903 2904 2906 2908 2909 2911 2912 2914 2918 2922 2925 2928 2931 2932 2931 2928 2924 2919 2914 2906 2900 2894 2888 2883 2878 2872 2865 2863 2864 2866 2868 2869 2870 2871 2871 2870 2868 2865 2864 2862 2860 2857 2854 2848 2841 2835 2830 2826 2823 2819 2813 2807 2801 2795 2790 2786 2781 2775 2770 2765 2760 2755 2750 2744 2739 2734 2728 2721 2714 2707 2700 2694 2689 2683
2933 2929 2926 2923 2920 2916 2912 2908 2903 2900 2900 2901 2902 2904 2906 2908 2910 2913 2916 2920 2924 2927 2930 2930 2929 2927 2923 2918 2913 2906 2900 2893 2888 2883 2878 2871 2865 2862 2861 2861 2862 2863 2864 2865 2864 2863 2863 2862 2861 2861 2859 2857 2855 2851 2844 2838 2833 2829 2825 2821 2817 2811 2804 2799 2793 2788 2784 2779 2773 2767 2763 2758 2753 2747 2742 2737 2731 2725 2718 2711 2705 2699 2694 2689
2933 2929 2927 2924 2920 2916 2913 2909 2905 2900 2899 2899 2900 2901 2903 2906 2908 2911 2914 2919 2923 2926 2928 2928 2927 2925 2922 2917 2912 2905 2899 2893 2887 2883 2878 2872 2866 2861 2857 2855 2855 2855 2856 2856 2856 2856 2856 2857 2857 2858 2858 2857 2856 2854 2848 2841 2836 2832 2828 2824 2820 2815 2808 2802 2796 2791 2787 2782 2777 2771 2766 2761 2757 2751 2745 2740 2734 2728 2721 2714 2709 2704 2699 2695
2932 2930 2928 2925 2922 2918 2916 2912 2907 2901 2898 2898 2898 2899 2901 2904 2907 2910 2913 2917 2920 2923 2925 2926 2925 2922 2919 2915 2909 2902 2898 2892 2887 2883 2878 2872 2866 2860 2855 2851 2850 2850 2850 2850 2850 2851 2851 2852 2853 2854 2856 2857 2857 2855 2851 2845 2839 2835 2830 2826 2823 2818 2813 2806 2800 2794 2789 2785 2780 2775 2769 2765 2760 2755 2749 2743 2737 2731 2724 2718 2713 2709 2705 2701
2932 2930 2928 2927 2924 2921 2918 2915 2909 2903 2899 2896 2895 2897 2899 2902 2904 2907 2911 2914 2917 2919 2921 2921 2921 2919 2916 2911 2904 2899 2895 2891 2887 2882 2878 2872 2866 2859 2853 2849 2847 2846 2846 2846 2847 2847 2848 2849 2851 2852 2854 2856 2857 2857 2854 2848 2842 2837 2833 2829 2825 2821 2817 2810 2804 2798 2792 2788 2784 2779 2774 2768 2763 2758 2753 2746 2741 2735 2730 2723 2718 2714 2710 2706
