var/www/cgi-bin/fswepp/working/ravel-27459.dem.txt
ncols         100
nrows         100
xllcorner     470099
yllcorner     4341469
cellsize      10
NODATA_value  -9999
[rows 38 to 75 of 100, columns 0 to 83 of 100]
2557 2556 2555 2555 2554 2553 2552 2551 2549 2548 2545 2543 2541 2538 2535 2533 2530 2527 2525 2523 2521 2519 2516 2514 2512 2510 2507 2504 2502 2500 2497 2494 2491 2489 2486 2483 2479 2477 2474 2471 2466 2463 2461 2460 2459 2457 2454 2452 2451 2451 2451 2450 2450 2449 2448 2446 2446 2445 2445 2445 2444 2444 2443 2442 2441 2440 2438 2437 2437 2437 2437 2438 2440 2442 2444 2445 2447 2448 2448 2449 2449 2449 2449 2448
2559 2558 2557 2557 2556 2554 2553 2552 2551 2549 2548 2546 2543 2539 2536 2534 2531 2529 2526 2524 2522 2520 2517 2515 2512 2510 2508 2505 2502 2500 2498 2495 2492 2490 2487 2484 2480 2478 2476 2472 2467 2463 2462 2460 2458 2456 2453 2451 2450 2450 2449 2449 2448 2447 2446 2444 2443 2442 2442 2442 2442 2441 2440 2440 2439 2438 2437 2437 2436 2436 2437 2439 2441 2443 2445 2447 2449 2449 2450 2451 2451 2451 2450 2450
2561 2560 2560 2559 2557 2556 2555 2554 2552 2551 2550 2548 2545 2541 2538 2535 2533 2530 2528 2525 2523 2520 2518 2515 2513 2510 2508 2505 2503 2500 2498 2495 2492 2489 2487 2484 2481 2479 2477 2474 2469 2465 2463 2461 2459 2456 2453 2451 2450 2449 2448 2448 2447 2446 2445 2442 2440 2439 2439 2439 2439 2438 2438 2438 2437 2437 2436 2436 2435 2436 2437 2439 2442 2444 2447 2449 2450 2451 2451 2452 2452 2452 2451 2451
2563 2562 2562 2560 2559 2558 2556 2555 2554 2552 2551 2549 2547 2543 2539 2536 2534 2531 2529 2526 2524 2521 2518 2516 2513 2511 2508 2505 2503 2500 2498 2495 2492 2489 2487 2484 2481 2479 2477 2475 2471 2466 2464 2462 2459 2457 2454 2452 2450 2449 2448 2447 2446 2445 2443 2441 2439 2438 2437 2437 2437 2437 2436 2436 2435 2435 2435 2434 2434 2435 2437 2440 2443 2446 2448 2450 2451 2452 2452 2453 2453 2453 2452 2452
2565 2565 2563 2562 2560 2559 2558 2556 2555 2553 2552 2550 2548 2545 2541 2538 2535 2532 2530 2527 2524 2522 2519 2516 2513 2510 2508 2505 2502 2500 2497 2494 2491 2488 2486 2484 2481 2479 2477 2475 2472 2468 2465 2463 2461 2458 2455 2452 2451 2449 2448 2447 2446 2444 2442 2441 2439 2438 2436 2436 2435 2435 2434 2433 2432 2432 2432 2432 2434 2435 2437 2440 2443 2446 2449 2451 2452 2452 2453 2453 2453 2453 2453 2453
2567 2566 2565 2564 2562 2560 2559 2557 2556 2554 2553 2551 2549 2546 2542 2539 2536 2533 2530 2528 2525 2522 2519 2516 2513 2510 2507 2504 2502 2499 2496 2493 2489 2487 2485 2483 2481 2479 2477 2475 2472 2469 2466 2464 2463 2460 2456 2453 2451 2450 2448 2447 2445 2444 2442 2441 2439 2438 2436 2435 2434 2433 2431 2430 2429 2429 2429 2431 2432 2435 2438 2440 2444 2447 2451 2452 2453 2453 2453 2454 2453 2453 2452 2452
2569 2568 2567 2566 2564 2562 2560 2558 2557 2556 2554 2552 2550 2547 2544 2540 2537 2534 2531 2528 2526 2523 2519 2516 2512 2509 2506 2503 2500 2497 2494 2491 2488 2486 2484 2482 2480 2478 2476 2474 2472 2469 2467 2465 2464 2461 2457 2454 2452 2450 2449 2447 2445 2444 2442 2441 2440 2438 2436 2435 2433 2432 2430 2428 2426 2426 2428 2429 2431 2434 2437 2440 2443 2447 2451 2452 2453 2454 2453 2453 2453 2451 2451 2451
2572 2571 2570 2568 2566 2564 2561 2560 2558 2557 2555 2553 2551 2548 2545 2542 2538 2535 2532 2529 2526 2523 2519 2515 2512 2509 2505 2501 2499 2496 2493 2489 2486 2485 2483 2481 2479 2476 2475 2473 2471 2469 2467 2466 2464 2462 2458 2455 2453 2451 2449 2447 2446 2444 2442 2441 2439 2438 2436 2435 2433 2431 2429 2428 2426 2425 2426 2427 2430 2433 2437 2440 2443 2446 2449 2451 2452 2452 2451 2451 2451 2450 2449 2451
2573 2573 2572 2570 2568 2566 2563 2561 2559 2558 2556 2554 2552 2549 2547 2543 2539 2536 2533 2530 2527 2523 2520 2515 2511 2508 2505 2501 2498 2496 2492 2488 2486 2484 2483 2480 2477 2475 2473 2472 2470 2469 2467 2465 2464 2461 2459 2455 2453 2451 2450 2448 2446 2444 2442 2441 2439 2438 2436 2434 2432 2431 2429 2427 2426 2425 2425 2426 2428 2432 2436 2439 2441 2444 2447 2448 2449 2449 2448 2449 2448 2447 2448 2450
2575 2574 2574 2573 2571 2568 2565 2563 2560 2559 2557 2555 2553 2550 2548 2544 2541 2537 2534 2531 2527 2524 2520 2516 2512 2509 2505 2501 2498 2495 2492 2488 2486 2485 2483 2480 2477 2474 2473 2471 2470 2468 2466 2465 2463 2461 2459 2456 2454 2452 2450 2448 2446 2444 2442 2441 2439 2438 2436 2434 2432 2430 2429 2427 2426 2425 2424 2425 2426 2430 2434 2437 2439 2441 2443 2445 2445 2445 2445 2444 2444 2445 2447 2449
2576 2576 2575 2574 2573 2570 2567 2564 2562 2560 2558 2556 2554 2552 2549 2546 2543 2539 2536 2532 2529 2525 2522 2517 2514 2510 2506 2502 2499 2496 2493 2490 2488 2486 2483 2480 2477 2474 2472 2471 2469 2467 2465 2463 2462 2460 2458 2455 2454 2452 2451 2448 2446 2444 2442 2441 2439 2438 2436 2433 2431 2429 2428 2427 2426 2425 2423 2424 2426 2429 2432 2435 2437 2439 2440 2441 2442 2441 2440 2439 2440 2443 2446 2448
2578 2577 2577 2575 2574 2572 2569 2566 2564 2562 2560 2558 2555 2553 2550 2548 2544 2541 2537 2534 2530 2527 2524 2519 2515 2512 2508 2504 2501 2498 2494 2491 2489 2487 2484 2480 2477 2475 2473 2471 2468 2466 2464 2462 2461 2459 2457 2455 2454 2452 2450 2448 2446 2444 2442 2441 2439 2437 2435 2433 2430 2428 2427 2426 2426 2424 2423 2424 2425 2428 2430 2433 2435 2436 2437 2438 2439 2438 2438 2437 2438 2441 2444 2447
2578 2578 2577 2576 2575 2573 2571 2568 2565 2563 2561 2559 2557 2554 2552 2549 2546 2543 2539 2535 2532 2528 2524 2520 2516 2513 2509 2505 2501 2498 2495 2492 2490 2487 2484 2481 2478 2476 2473 2471 2468 2465 2462 2461 2460 2458 2457 2455 2453 2452 2450 2448 2446 2444 2442 2441 2439 2437 2435 2432 2429 2426 2425 2425 2425 2423 2423 2423 2425 2427 2429 2431 2432 2434 2435 2436 2436 2436 2436 2436 2438 2440 2443 2446
2579 2579 2578 2577 2575 2574 2572 2569 2567 2565 2562 2560 2558 2555 2553 2551 2548 2544 2540 2536 2533 2529 2525 2521 2517 2513 2509 2505 2501 2498 2495 2492 2490 2487 2485 2481 2478 2476 2474 2471 2467 2464 2462 2460 2459 2458 2456 2454 2453 2451 2449 2447 2446 2444 2442 2441 2439 2437 2434 2432 2429 2426 2425 2424 2423 2423 2422 2423 2425 2426 2428 2429 2431 2431 2433 2433 2434 2434 2434 2435 2437 2438 2441 2445
2579 2579 2578 2577 2576 2574 2573 2570 2568 2566 2564 2561 2559 2557 2554 2551 2549 2546 2542 2538 2534 2530 2526 2522 2517 2513 2509 2504 2500 2497 2495 2492 2490 2487 2484 2481 2479 2477 2475 2471 2467 2464 2462 2460 2459 2457 2455 2453 2452 2450 2448 2447 2445 2443 2442 2440 2439 2437 2434 2431 2429 2426 2425 2423 2422 2422 2421 2422 2423 2425 2426 2428 2429 2430 2431 2431 2432 2432 2433 2434 2436 2438 2440 2444
2578 2578 2578 2577 2576 2575 2573 2571 2569 2567 2564 2562 2560 2557 2555 2552 2550 2547 2543 2539 2536 2531 2526 2522 2517 2512 2508 2503 2499 2496 2493 2491 2489 2486 2484 2481 2479 2477 2474 2471 2467 2465 2463 2461 2459 2457 2455 2453 2451 2449 2448 2446 2444 2443 2441 2440 2438 2436 2434 2431 2428 2426 2424 2423 2421 2420 2419 2419 2420 2423 2425 2426 2427 2428 2429 2429 2430 2430 2432 2434 2435 2438 2440 2443
2578 2578 2577 2577 2576 2575 2574 2572 2569 2567 2565 2563 2560 2558 2555 2553 2551 2548 2544 2540 2536 2532 2527 2523 2517 2512 2507 2502 2498 2495 2492 2489 2487 2485 2482 2480 2478 2476 2474 2471 2468 2465 2463 2462 2460 2457 2455 2452 2450 2449 2447 2446 2444 2442 2441 2439 2438 2435 2433 2430 2428 2426 2424 2422 2421 2419 2417 2416 2417 2420 2422 2424 2425 2426 2427 2427 2428 2428 2430 2433 2435 2438 2440 2443
2577 2577 2576 2576 2576 2575 2574 2573 2570 2568 2565 2563 2561 2558 2556 2554 2551 2549 2545 2540 2536 2532 2527 2523 2517 2512 2506 2501 2497 2494 2490 2487 2485 2482 2479 2478 2476 2474 2472 2470 2468 2466 2464 2462 2460 2457 2455 2452 2451 2449 2447 2445 2443 2441 2440 2438 2437 2434 2432 2430 2428 2426 2424 2422 2420 2418 2417 2415 2415 2417 2420 2422 2423 2424 2425 2425 2425 2427 2429 2431 2434 2437 2440 2443
2576 2575 2575 2574 2574 2574 2574 2573 2570 2568 2565 2563 2560 2558 2556 2554 2551 2549 2545 2541 2536 2532 2527 2523 2517 2511 2506 2501 2497 2492 2488 2485 2482 2479 2477 2475 2474 2472 2470 2469 2467 2466 2464 2463 2460 2457 2454 2453 2451 2449 2447 2445 2441 2439 2438 2437 2435 2433 2431 2429 2427 2425 2423 2422 2420 2418 2416 2414 2413 2415 2418 2419 2420 2421 2422 2423 2424 2425 2427 2430 2433 2436 2439 2442
2575 2574 2573 2573 2573 2573 2573 2572 2570 2567 2565 2563 2560 2558 2556 2554 2551 2549 2545 2540 2536 2532 2527 2522 2516 2511 2505 2500 2496 2492 2488 2484 2480 2476 2474 2473 2471 2470 2468 2467 2466 2465 2464 2463 2460 2457 2455 2453 2452 2450 2447 2444 2441 2438 2437 2436 2434 2432 2430 2428 2426 2424 2423 2421 2419 2417 2415 2414 2413 2414 2416 2417 2418 2418 2419 2420 2422 2424 2426 2429 2432 2435 2437 2440
2574 2573 2572 2572 2572 2572 2571 2571 2569 2566 2564 2562 2560 2558 2556 2553 2551 2549 2545 2540 2536 2531 2526 2521 2515 2509 2504 2500 2496 2491 2487 2483 2479 2475 2473 2471 2469 2466 2465 2464 2464 2463 2463 2461 2459 2457 2455 2453 2452 2450 2447 2444 2441 2439 2437 2435 2434 2431 2429 2426 2425 2423 2422 2420 2418 2417 2415 2413 2412 2413 2415 2416 2416 2416 2415 2417 2420 2422 2425 2428 2430 2433 2436 2439
2573 2572 2571 2571 2570 2570 2570 2569 2567 2565 2563 2561 2559 2557 2555 2553 2551 2548 2544 2539 2535 2531 2526 2521 2514 2508 2503 2498 2494 2490 2486 2482 2477 2474 2472 2470 2466 2463 2462 2462 2462 2461 2461 2460 2458 2456 2454 2453 2452 2450 2448 2444 2442 2440 2438 2436 2433 2431 2428 2426 2424 2423 2421 2419 2418 2416 2414 2413 2412 2413 2414 2414 2414 2414 2413 2414 2418 2421 2424 2427 2429 2431 2434 2437
2572 2571 2570 2569 2569 2568 2568 2567 2565 2564 2562 2560 2558 2557 2554 2552 2550 2548 2544 2539 2534 2530 2525 2520 2512 2507 2501 2497 2493 2489 2485 2480 2475 2473 2471 2469 2465 2463 2461 2461 2460 2460 2459 2458 2456 2455 2454 2453 2451 2450 2447 2444 2442 2441 2439 2437 2434 2430 2428 2426 2424 2422 2421 2419 2417 2415 2414 2412 2411 2411 2412 2413 2413 2412 2412 2414 2416 2419 2422 2426 2428 2430 2433 2435
2571 2570 2569 2568 2568 2567 2567 2566 2565 2563 2561 2559 2558 2556 2554 2551 2549 2546 2542 2538 2534 2529 2524 2518 2511 2505 2500 2496 2492 2487 2484 2480 2475 2473 2471 2469 2465 2463 2462 2461 2460 2459 2457 2456 2455 2454 2453 2452 2451 2449 2447 2444 2442 2441 2439 2437 2434 2430 2428 2426 2424 2422 2420 2418 2416 2414 2413 2411 2411 2410 2410 2410 2411 2411 2411 2413 2415 2418 2421 2424 2426 2428 2430 2433
2569 2568 2568 2567 2567 2566 2565 2564 2563 2562 2560 2559 2557 2555 2553 2551 2548 2545 2541 2537 2533 2528 2523 2516 2510 2505 2500 2497 2492 2488 2484 2480 2477 2474 2472 2469 2466 2464 2462 2461 2460 2458 2456 2454 2453 2452 2451 2451 2449 2447 2445 2443 2442 2441 2439 2437 2434 2430 2428 2426 2424 2422 2420 2418 2416 2414 2412 2411 2409 2409 2408 2409 2409 2409 2410 2412 2413 2416 2419 2422 2424 2426 2428 2430
2566 2566 2566 2566 2565 2565 2564 2563 2562 2561 2560 2558 2557 2555 2552 2550 2548 2545 2541 2536 2533 2528 2522 2516 2511 2506 2502 2499 2494 2490 2486 2482 2478 2476 2473 2470 2467 2465 2463 2461 2459 2457 2455 2453 2451 2450 2449 2448 2447 2445 2444 2442 2441 2440 2438 2436 2433 2430 2428 2426 2424 2422 2420 2418 2416 2414 2412 2410 2409 2407 2406 2406 2406 2407 2409 2410 2413 2415 2418 2420 2422 2424 2426 2427
2565 2565 2564 2564 2564 2563 2562 2562 2561 2560 2559 2558 2556 2554 2552 2549 2547 2544 2540 2536 2532 2528 2524 2517 2511 2507 2504 2500 2496 2491 2487 2483 2480 2477 2474 2471 2468 2465 2463 2461 2459 2457 2455 2452 2450 2449 2447 2446 2445 2443 2442 2441 2440 2438 2437 2435 2433 2430 2428 2426 2424 2422 2420 2418 2416 2414 2412 2410 2408 2405 2404 2404 2404 2406 2408 2410 2413 2415 2416 2418 2419 2421 2423 2424
2563 2563 2563 2563 2562 2562 2561 2560 2560 2559 2558 2557 2555 2554 2551 2549 2547 2544 2540 2536 2533 2529 2524 2518 2512 2509 2505 2502 2498 2492 2488 2484 2481 2478 2475 2472 2468 2465 2463 2461 2459 2457 2455 2452 2451 2449 2447 2445 2442 2440 2439 2438 2438 2437 2435 2434 2432 2430 2428 2426 2424 2422 2419 2418 2416 2414 2412 2409 2407 2405 2403 2402 2403 2405 2407 2409 2411 2413 2414 2415 2416 2417 2419 2421
2561 2561 2561 2561 2561 2560 2560 2559 2559 2558 2557 2556 2555 2553 2552 2550 2548 2545 2541 2537 2534 2530 2526 2521 2514 2510 2506 2503 2499 2494 2489 2485 2481 2478 2475 2472 2468 2465 2463 2461 2459 2457 2455 2453 2451 2449 2446 2443 2440 2438 2437 2437 2436 2435 2434 2432 2431 2429 2428 2426 2424 2422 2419 2417 2415 2414 2411 2409 2406 2404 2402 2401 2402 2404 2405 2407 2409 2411 2412 2413 2413 2414 2415 2418
2560 2560 2560 2560 2559 2559 2559 2558 2558 2557 2556 2556 2555 2554 2552 2550 2549 2546 2542 2539 2535 2531 2527 2523 2516 2511 2507 2504 2500 2495 2489 2485 2482 2478 2475 2472 2468 2465 2462 2460 2459 2456 2455 2453 2451 2449 2446 2442 2439 2437 2436 2435 2434 2433 2432 2430 2430 2429 2428 2426 2424 2421 2418 2417 2415 2413 2410 2408 2405 2403 2401 2400 2401 2402 2404 2405 2406 2408 2409 2410 2411 2412 2413 2415
2558 2558 2558 2558 2558 2558 2557 2557 2557 2556 2555 2555 2554 2553 2552 2551 2549 2547 2543 2539 2536 2532 2528 2524 2518 2512 2508 2504 2500 2495 2489 2485 2482 2478 2475 2472 2468 2465 2462 2460 2458 2456 2455 2453 2451 2449 2445 2441 2438 2437 2435 2434 2432 2431 2429 2429 2428 2428 2427 2425 2423 2420 2418 2416 2414 2412 2409 2407 2404 2402 2400 2399 2400 2401 2402 2403 2404 2405 2406 2407 2409 2410 2412 2415
2557 2557 2557 2557 2557 2557 2556 2556 2555 2555 2554 2554 2553 2553 2552 2551 2549 2547 2543 2540 2536 2532 2528 2524 2519 2513 2509 2504 2500 2495 2490 2485 2482 2478 2475 2471 2468 2464 2462 2460 2458 2456 2454 2453 2451 2448 2444 2440 2438 2436 2434 2433 2431 2429 2427 2426 2426 2426 2425 2423 2421 2419 2417 2415 2413 2411 2408 2406 2403 2401 2400 2398 2398 2400 2401 2402 2402 2402 2403 2405 2407 2409 2412 2414
2556 2556 2556 2556 2556 2555 2555 2555 2554 2554 2553 2553 2552 2552 2551 2550 2549 2547 2543 2540 2536 2533 2528 2525 2520 2513 2509 2504 2499 2495 2490 2486 2481 2478 2474 2471 2467 2464 2461 2459 2457 2456 2454 2452 2450 2447 2443 2439 2437 2435 2433 2432 2430 2427 2426 2425 2424 2424 2423 2421 2419 2417 2416 2414 2412 2410 2407 2405 2403 2401 2399 2397 2397 2398 2399 2399 2400 2400 2401 2403 2406 2409 2411 2413
2555 2555 2555 2555 2555 2554 2554 2553 2553 2552 2552 2551 2551 2551 2550 2550 2549 2546 2543 2539 2536 2532 2528 2524 2519 2513 2509 2503 2499 2494 2490 2486 2481 2477 2474 2470 2467 2463 2461 2459 2457 2455 2453 2451 2448 2445 2441 2438 2436 2434 2433 2431 2429 2427 2425 2424 2422 2421 2421 2419 2417 2416 2414 2412 2411 2408 2406 2404 2402 2400 2398 2396 2395 2396 2397 2397 2397 2398 2400 2402 2405 2408 2411 2413
2553 2554 2554 2554 2553 2553 2553 2553 2552 2551 2551 2550 2550 2550 2549 2549 2548 2545 2542 2538 2535 2531 2528 2524 2519 2512 2508 2503 2498 2494 2489 2485 2480 2476 2473 2469 2466 2463 2461 2459 2457 2454 2452 2450 2447 2443 2440 2437 2436 2434 2432 2430 2429 2427 2425 2423 2422 2420 2419 2417 2416 2414 2413 2411 2409 2407 2405 2403 2401 2399 2397 2395 2394 2393 2393 2394 2395 2397 2399 2402 2405 2408 2411 2414
2553 2553 2553 2553 2552 2552 2552 2551 2551 2550 2549 2549 2548 2549 2548 2548 2546 2544 2540 2537 2533 2530 2527 2523 2517 2512 2507 2502 2497 2493 2488 2484 2479 2475 2471 2468 2465 2462 2460 2458 2456 2454 2452 2449 2446 2442 2439 2437 2435 2433 2431 2430 2428 2427 2425 2423 2421 2419 2417 2415 2414 2412 2411 2409 2408 2406 2404 2402 2400 2398 2396 2394 2393 2392 2391 2391 2393 2396 2399 2402 2405 2408 2412 2415
2552 2552 2552 2552 2551 2551 2551 2550 2550 2549 2548 2548 2547 2547 2547 2546 2544 2541 2538 2535 2532 2529 2525 2521 2515 2510 2505 2501 2496 2492 2487 2483 2478 2474 2470 2467 2464 2462 2460 2458 2456 2454 2451 2449 2445 2442 2438 2436 2435 2433 2430 2429 2427 2426 2424 2422 2420 2418 2416 2414 2412 2411 2409 2408 2406 2404 2403 2401 2399 2397 2395 2393 2392 2391 2389 2390 2392 2395 2399 2402 2405 2409 2412 2415
2550 2551 2551 2551 2550 2550 2550 2549 2549 2548 2547 2546 2546 2545 2545 2544 2542 2540 2537 2534 2530 2527 2524 2519 2513 2508 2504 2499 2495 2491 2486 2481 2476 2472 2469 2466 2463 2461 2459 2457 2455 2453 2451 2449 2445 2441 2438 2436 2434 2432 2430 2428 2426 2425 2423 2422 2419 2417 2415 2413 2412 2410 2408 2406 2405 2403 2401 2399 2398 2396 2394 2392 2391 2389 2388 2389 2390 2394 2398 2402 2404 2408 2412 2414
