var/www/cgi-bin/fswepp/ravel/160x140.depgrd.txt
NCOLS 166
NROWS 140
XLLCORNER 428633
YLLCORNER 3785869.6
CELLSIZE 4.2077789
NODATA_VALUE -9999
[rows 54 to 80 of 140, columns 0 to 60 of 166]
0.069656503 0.28911822 0.23326756 0.11056171 0.15117865 0.23731834 0.39872725 1.0033713 0.29619096 0.19650904 0.054600791 0.12161769 0.17331787 0.16610362 0.23397444 0.396137 0.49224588 0.18324827 0.073036 0.038981547 0 -1.8189894e-12 1.8189894e-12 -9.094947e-13 9.094947e-13 -1.8189894e-12 0 9.094947e-13 0 0 0 0 0 0 0 0 0 0 0 0 0 0 -9.094947e-13 0 0.0083999319 0.018775031 0.055686974 0.067132687 0.14327216 0.18778154 0.11272467 0.054598572 0.022852993 0.044469548 0 0.027972255 0.041745238 0.025160525 0.047127342 1.8189894e-12 0
0.097276873 0.050327192 0.18897912 0.024558461 0.40585941 0.053218922 0.15188237 0.33816293 1.06007 0.12364072 0.15586595 0.20335006 0.079038349 0.077464371 0.088791594 0.061996081 0.12242894 0.45353845 0.13202558 0.091201302 0.017204902 -1.8189894e-12 -1.8189894e-12 9.094947e-13 1.8189894e-12 -9.094947e-13 -9.094947e-13 0 -9.094947e-13 0 9.094947e-13 0 0 0 0 0 0 0 0 9.094947e-13 0 -9.094947e-13 0.017723786 0 0.0077861901 0.022974206 0.083071283 0.13389802 0.095517529 0.25381933 0.13620147 0.17033502 0.092299611 0.032723997 0.028461857 9.094947e-13 0.0085195435 0 9.094947e-13 0.042187495 0.043749475
0.10605832 5.4569682e-12 0.2214632 0.06293531 0.054142347 0.080399112 0.27149123 0.11575108 0.63412041 0.51266132 0.41603311 0.020789698 0.11418212 0.075360337 0.083688766 0.046769531 0.20553972 0.24381991 0.26228334 0.26521445 0.049929639 0.01864303 -9.094947e-13 0 0 9.094947e-13 0 0 9.094947e-13 -9.094947e-13 0 0 0 0 0 0 0 0 0 0 -1.8189894e-12 0.019977045 -9.094947e-13 0.033916976 0.01217881 0.026148062 0.0081053573 0.11671715 0.24485121 0.22133291 0.20768928 0.1072962 0.13115499 0.076738774 0.11646978 0.059463142 0 0.037899702 0 0 0
-5.4569682e-12 0.24234234 0.046122067 0.2410816 0.11748694 0.25884522 0.11872777 0.043567526 0.19179602 0.29430657 0.451605 0.23921159 0.12655601 0.075397579 0.076715488 0.05555298 0.092371417 0.20898639 0.31427532 0.16956246 0.11175484 0.033910417 0.034044989 0.017277062 0 9.094947e-13 9.094947e-13 -9.094947e-13 9.094947e-13 0 0 0 0 0 0 0 0 0 9.094947e-13 0 0.0098125393 0 -9.094947e-13 0.022799118 0 0.044139297 0.0071457646 0.083677551 0.12127684 0.23066825 0.27133396 0.42432754 0.24167252 0.099594434 0.10718725 0.02877926 0.08151738 0.040659975 0.058160827 0.026652627 0.065181502
1.8189894e-12 -4.5474735e-12 0.031984102 7.2759576e-12 0.089105738 0.1620669 0.037938935 0.17568212 0.19603151 0.097522013 0.13384029 0.66571796 0.31164991 0.12855673 -2.7284841e-12 0.026996771 0.094886508 0.071934183 0.27894086 0.33054782 0.09301995 0.10248965 0.031834977 0.045565461 0.007673681 -9.094947e-13 9.094947e-13 -9.094947e-13 -9.094947e-13 0 0 0 0 0 0 0 0 0 0 0 0 0 0.041030072 0 0 0.029053336 0 0.11246888 0.029538654 0.19965645 0.17868203 0.2704721 0.52727598 0.3586617 0.31097789 0.21793657 0.16070385 0.10486133 0.050901867 1.8189894e-12 0.033319969
0 0 -9.094947e-13 -4.5474735e-12 0.17870769 0 0.14580375 0.1971833 0.10000687 0.032302009 0.016254063 0.37503577 0.31345753 0.28630023 0.12125171 0.069462308 -9.094947e-13 0.043398966 0.1033036 0.12684213 0.1635232 0.1489698 0.064533645 0.055869064 0.019156154 -9.094947e-13 0 0 0 0 0 0 0 0 0 0 0 0.0066992784 -9.094947e-13 0 -9.094947e-13 -9.094947e-13 0.0027185784 0.030150156 0.049319857 9.094947e-13 0.024241081 0.079722468 1.8189894e-12 0.12078703 0.2161518 0.29238947 0.18122651 0.23728446 0.61794886 0.5938771 0.17929899 0.15074828 0.15942518 0.07001212 -9.094947e-13
9.094947e-13 -9.094947e-13 -9.094947e-13 0 -2.7284841e-12 0.18658828 0.19459225 0.13481989 0.15760697 0.10373558 0.017706432 0 0.45612154 0.23902408 0.088888185 0.087775577 5.4569682e-12 -5.4569682e-12 0.042823356 0.13111218 0.14644682 0.11557881 0.053428262 0.045436839 0.029317509 9.094947e-13 0 0 0 0 0 0 0 0 0 9.094947e-13 0 -9.094947e-13 0.0062658628 0 0 -9.094947e-13 0.0016191939 0.019481237 -1.8189894e-12 0.03585109 0.024105842 0 0.096534524 0.058731961 0.043632095 0.24640962 0.28810275 0.33518466 0.2866677 0.26454692 0.59945877 0.40841149 0.29577462 0.10937071 0.079913233
0.012166574 9.094947e-13 -9.094947e-13 -1.8189894e-12 -1.8189894e-12 5.4569682e-12 1.8189894e-12 0.13641777 0.14380357 0.12366368 0.063009386 9.094947e-13 0.081910827 0.34050776 0.064309633 0.053069844 -9.094947e-13 0.042126975 0.058857715 0.074035621 0.021681834 0.024256935 0.075141434 0.0041195939 0.011787631 0 -9.094947e-13 0 0 0 0 0 0 0 -9.094947e-13 0 -9.094947e-13 0.024589714 -9.094947e-13 0.003664384 0 -9.094947e-13 0 0.01432036 0.024841864 0.041241876 0.039822427 0.047670267 0.034411724 9.094947e-13 0.044897376 0.069822549 0.37323283 0.35499962 0.39418092 0.22633416 0.22888437 0.6208705 0.44037557 0.47957457 0.41768468
0.15125527 -5.4569682e-12 -4.5474735e-12 0 1.8189894e-12 -4.5474735e-12 0 5.4569682e-12 0.041232225 0.026466112 0.039712228 0 0.11827671 0.13326243 0.21146315 0.12165542 0.062644479 0.039410157 0.0095858597 -3.6379788e-12 -8.1854523e-12 0.0053561249 0.00022663473 0.016302233 0.00042047481 0 0 0 0 0 0 0 0 0 0 0 0.010235972 0 -9.094947e-13 -9.094947e-13 0.0065650943 0 -9.094947e-13 0.0079533736 0 0.021056369 0.0078896019 0.0098316257 0.015953708 0.031144725 0.090537348 0.044613713 0.1063864 0.47460543 0.4927931 0.32452738 0.18748626 0.11343657 0.5841843 0.60697984 0.49140757
0.0032495965 2.7284841e-12 0 9.094947e-13 9.094947e-13 1.8189894e-12 0 -2.7284841e-12 0.030691557 -3.6379788e-12 -5.4569682e-12 4.5474735e-12 -9.094947e-13 5.4569682e-12 0.041664346 0.059492295 0.09810541 0.13243398 0.042514107 0.051425627 -2.7284841e-12 9.094947e-13 -1.8189894e-12 1.8189894e-12 9.094947e-13 0 0 0 0 0 0 0 0 0 0 0 0.018217809 0.038200339 0.00077326995 0 0 0.0034431795 0 -1.8189894e-12 9.094947e-13 0.0001670659 0.065232962 0.069619747 0 0.091239857 9.094947e-13 0.071183699 0.12855851 0.15639279 0.40079773 0.52541312 0.43463967 0.23711943 0.25796873 0.65336152 0.67941278
0.047175306 9.094947e-13 -2.7284841e-12 9.094947e-13 -1.8189894e-12 -9.094947e-13 9.094947e-13 2.7284841e-12 0 2.7284841e-12 3.6379788e-12 0.022673146 -1.8189894e-12 6.3664629e-12 -2.7284841e-12 -1.8189894e-12 4.5474735e-12 8.1854523e-12 0.042706087 0.036328156 0.035299018 -1.8189894e-12 9.094947e-13 0 0 0 0 0 0 0 0 0 9.094947e-13 9.094947e-13 9.094947e-13 0.035143973 0.03896883 0 0.0042584355 0.0022344675 9.094947e-13 1.8189894e-12 0 9.094947e-13 -9.094947e-13 9.094947e-13 0.0015394654 0.022371413 0.088474125 0 0.0088689826 0.10112988 0 0.080304267 0.25880619 0.5340512 0.52126294 0.20095546 0.12169065 0.37878419 0.68560893
0.069900068 1.8189894e-12 4.5474735e-12 -1.8189894e-12 -9.094947e-13 -2.7284841e-12 -9.094947e-13 9.094947e-13 -9.094947e-13 1.8189894e-12 -9.094947e-13 9.094947e-13 1.8189894e-12 0.076263782 0.05776156 0 0.09057341 -2.7284841e-12 1.8189894e-12 0 -9.094947e-13 4.5474735e-12 0.01991918 -1.8189894e-12 9.094947e-13 -9.094947e-13 0 0 0 0 0 0 -9.094947e-13 9.094947e-13 0 0.029552976 0.067572757 0.022725335 0.062346741 0.048147682 0.097595849 9.094947e-13 1.8189894e-12 -9.094947e-13 0 0 0 0.002434807 0.063400519 0.072820406 0.014281995 0 0.095995258 0.058029238 0.12539982 0.2511193 0.69214701 0.89871976 5.0191111 3.18566 3.959524
0.044576954 0.036382174 0.040374737 -3.6379788e-12 -9.094947e-13 1.8189894e-12 0 0 1.8189894e-12 0 -1.8189894e-12 -1.8189894e-12 9.094947e-13 0.045235564 -1.8189894e-12 -5.4569682e-12 -3.6379788e-12 9.094947e-13 0.041990213 9.094947e-13 0 0 1.8189894e-12 9.094947e-13 0 0 0 0 0 0 0 0 0.012018683 0.066518704 0.032917156 0.027257954 0.031466571 0.035389597 0.058337045 0.098531222 0.0828982 0.072977431 0.15532762 0.1781563 0.089026463 0.08628812 0.035862423 0.03455918 0.070656201 0.17003935 0.16956505 0.2261052 0.017645462 0 0.079747383 0.59656523 3.1753808 1.178351 1.5022384 1.4047235 5557.0295
0.12956031 0.20912218 0.20032564 0.054161686 -2.7284841e-12 -9.094947e-13 -4.5474735e-12 3.6379788e-12 0 -9.094947e-13 0 -2.7284841e-12 9.094947e-13 -9.094947e-13 0.013821038 0.012277985 -2.7284841e-12 0.085698161 9.094947e-13 -9.094947e-13 -2.7284841e-12 -2.7284841e-12 0 9.094947e-13 0 0 0 0 0 0 0 9.094947e-13 0.021907945 0.18692582 0.079694186 0.17783583 0.13720611 0.21673447 0.34248932 0.40024092 0.34232662 0.44386598 0.42637612 0.52015535 0.47191073 0.65599393 0.53879664 0.58987098 0.45104452 0.53011954 0.64978262 0.64513864 0.97415562 1.1412309 2.31146 0.98720216 0.6867138 0.7733944 0.71653886 0.57666977 0.56299477
0.16245289 0.060625526 0.19201283 0.07841202 0.20175327 0.071352936 -3.6379788e-12 2.7284841e-12 -9.094947e-13 0 -9.094947e-13 -9.094947e-13 9.094947e-13 0 0.055792227 -9.094947e-13 0 -2.7284841e-12 -3.6379788e-12 5.4569682e-12 1.8189894e-12 -9.094947e-13 -3.6379788e-12 9.094947e-13 0 0 0 0 2006.0564 0 0 0 -1.8189894e-12 -1.8189894e-12 0.03764219 0.19870332 0.19688785 0.16181083 0.14885152 0.30503588 0.27904906 0.48839192 0.60306237 0.038476902 0.67366753 0.45542452 0.17385677 0.42117188 0.515297 0.44388722 0.50949678 0.3955958 2.0879163 0.99148117 0.67917901 0.80925124 0.78205662 0.71987829 0.38876879 0.48071733 0.18282887
0 0.11861828 0.25861124 0.050987139 0.059564901 0.088185923 0.17656136 1.8189894e-12 -1.8189894e-12 -2.7284841e-12 9.094947e-13 -9.094947e-13 2.7284841e-12 1.8189894e-12 9.094947e-13 0.015747952 0.013359562 9.094947e-13 0.043670878 9.094947e-13 0 -9.094947e-13 9.094947e-13 -9.094947e-13 9.094947e-13 0 0 0 0 -9.094947e-13 0 9.094947e-13 0 -2.7284841e-12 -9.094947e-13 0.019634049 0 9.094947e-13 -2.7284841e-12 0.058093622 0.090580392 0.026480185 0.050882018 0.15257276 0.05389156 0.84737343 0.94585976 0.46176754 0.44114442 0.77846734 0.06337885 0.95867171 0.74717619 0.91912711 0.62733356 0.38147437 0.15892487 0.56519145 0.41388181 0.3782582 0.91161974
0.018475879 9.094947e-13 0 0 0 -1.8189894e-12 0.053887443 0.056550038 1.8189894e-12 5.4569682e-12 -9.094947e-13 0 9.094947e-13 -2.7284841e-12 -3.6379788e-12 0.011312005 0 -1.8189894e-12 9.094947e-13 0 2.7284841e-12 9.094947e-13 0 0 0 0 0 0 0 0 0 9.094947e-13 1.8189894e-12 0.012115885 0 -1.8189894e-12 0.052851039 0.035417822 0.044992365 0.069721474 0.033729837 9.094947e-13 -9.094947e-13 -1.8189894e-12 2.7284841e-12 0.50305528 1.052228 1.2587574 1.0205365 1.3688071 0.98669275 0.8875946 0.92327717 0.83862873 0.84114675 0.71928594 1.3188092 1.5751793 1.0690458 1.6206821 2.1451538
0.025159135 0.028238295 -1.8189894e-12 0 0 0 0.045412529 0.05076221 1.8189894e-12 0.071875986 1.8189894e-12 -2.7284841e-12 0 0 2.7284841e-12 -9.094947e-13 0.025331627 0.015686318 -9.094947e-13 0 -9.094947e-13 0 0 9.094947e-13 0 0 0 0 0 0 -9.094947e-13 0 -2.7284841e-12 9.094947e-13 0.016178473 -9.094947e-13 -9.094947e-13 0.099969205 0 1.8189894e-12 -2.7284841e-12 -9.094947e-13 2.7284841e-12 1.8189894e-12 0.070435524 -3.6379788e-12 -9.094947e-13 0.070698993 0.10423801 0.27404129 0.2279328 0.10970698 0.10179243 0.16033725 0.26003438 0.13954452 0.050120481 0.12273201 0.25160561 0.16473571 0.09550782
-9.094947e-13 0.059461438 0.02407542 -9.094947e-13 0 0 9.094947e-13 2.7284841e-12 0.050110369 0.031895089 0.0097815353 9.094947e-13 -1.8189894e-12 0 9.094947e-13 -9.094947e-13 1.8189894e-12 0 9.094947e-13 0 0 -9.094947e-13 0 0 0 0 0 0 0 -9.094947e-13 9.094947e-13 1.8189894e-12 0.029381357 0 -1.8189894e-12 0.02181524 2.7284841e-12 -5.4569682e-12 9.094947e-13 0 2.7284841e-12 0 1.8189894e-12 -1.8189894e-12 0 0 3.6379788e-12 -9.094947e-13 0.044833152 0.1954137 0.091596523 0.28223837 0.11424566 0.17751038 0.073622239 0.064942075 0.046644243 0.24940047 0.15934628 0.041886171 0.050679046
0.19271136 0.061814358 0.007104525 0.0036209457 0 -1.8189894e-12 0 0 0 0 0.039435645 0.00054840267 9.094947e-13 -1.8189894e-12 0 9.094947e-13 0 9.094947e-13 0 0 9.094947e-13 0 0 0 0 0 0 0 0 9.094947e-13 9.094947e-13 0 0 0 9.094947e-13 -1.8189894e-12 -3.6379788e-12 2.7284841e-12 1.8189894e-12 9.094947e-13 0 0 9.094947e-13 0 9.094947e-13 -1.8189894e-12 9.094947e-13 0.043806245 0.088712389 0.039846979 0.067789521 0.069653136 0.042493197 -4.5474735e-12 0.053038622 0.19193038 0.41904882 0.028131317 0.099685078 0.010158091 0.047326378
1.5491699 0.93470318 -7.2759576e-12 -2.7284841e-12 1.8189894e-12 2.7284841e-12 0.025152145 0.010444672 0.0023129814 0.0026649808 -9.094947e-13 0.0087684871 0.049900413 0.0051642342 -9.094947e-13 0 0 -9.094947e-13 -9.094947e-13 -9.094947e-13 0 0 0 0 0 0 0 0 0 0 0 0 0 0 0 9.094947e-13 9.094947e-13 0 9.094947e-13 -9.094947e-13 0 9.094947e-13 0 9.094947e-13 2.7284841e-12 0.027353344 0.047026334 0.02052892 0.038683615 9.094947e-13 0.013443525 -3.6379788e-12 0.0055040863 0.036182018 0.070490816 0.075050428 0.016983107 0.04158654 0.059255244 0 0.041772503
1.3822932 1.0389128 1.0556838 0.22338075 0.059098698 -4.5474735e-12 0.046397791 0.020304631 0.0016380002 -9.094947e-13 3.6379788e-12 -1.8189894e-12 9.094947e-13 0 -9.094947e-13 0 0 9.094947e-13 -9.094947e-13 0 0 0 0 0 0 0 0 0 0 0 0 0 0 9.094947e-13 0 0 0 0 0 0 0 0 0 9.094947e-13 0.038642271 0 0 0 -1.8189894e-12 -9.094947e-13 -2.7284841e-12 0.0011056102 0.0036131167 0.0051765555 0.0067678212 0.0082378474 0.0093997353 0.010104652 0.010205066 0.0095364832 0
0.57472344 1.2328697 0.72075531 0.68230635 0.52420978 0.054712773 0 0.012495793 0 9.094947e-13 0 1.8189894e-12 -1.8189894e-12 1.8189894e-12 0 0 9.094947e-13 0 0 0 0 0 0 0 0 0 0 0 0 0 -9.094947e-13 0 0 0.031880539 0.060294089 9.094947e-13 9.094947e-13 0 -9.094947e-13 -9.094947e-13 0 0 0 -9.094947e-13 9.094947e-13 0 0 0 0 0 0 0 0.071205751 0.15406652 0.17989427 0.25526452 0.2016697 0.10818738 0.12548434 0.10365301 0.077871459
0.63808178 0.55646497 0.45387045 1.157697 0.5865357 0.023280541 0 0.042457057 0.038862609 0.024097432 0.011643657 0.073322739 0 -9.094947e-13 -1.8189894e-12 0 0 0 0 0 0 0 0 0 0 0 0 9.094947e-13 -9.094947e-13 9.094947e-13 -9.094947e-13 0 9.094947e-13 0 0 0.0280342 0.07451627 0.020165668 0.11379131 0.048625159 0.082923284 0.032545244 0.02753378 9.094947e-13 0.017905829 9.094947e-13 0.020166657 0 0.033946198 0 0.23708031 0.17893366 0.23055931 0.28141454 0.08550047 0.13397862 0.11656581 0.15690738 0.076023567 0.11555503 0.066151713
0.52554959 0.79205193 0.67762511 0.75432959 0.84197983 0.33110475 0.13646895 0.018561302 0.11040611 0.022933354 0.023054581 -9.094947e-13 9.094947e-13 0 0 0 0 0 0 0 0 0 0 0 0 -9.094947e-13 0 0 0 -9.094947e-13 0 0 0 -9.094947e-13 0 0 0.042777531 0.084332928 0.13944224 0.19597722 0.096270488 0.10364145 0.047344216 0.019878485 0.018805691 0.020701326 0.0096543518 0.0059906218 0.031073851 0.034932261 0.023794962 0.0057228865 0.18531746 0.14427271 0.10425997 0.15487631 0.18451043 0.096603297 0.012179744 0.024739739 0
0.038220167 0.5678938 0.3545246 0.55631471 0.80294683 0.47308216 0.34377823 0.063723866 0.077054117 0.04002538 0.00097232069 0 -1.8189894e-12 -9.094947e-13 0 0 0 0 0 0 0 0 0 0 0 0 0 -9.094947e-13 0 0 9.094947e-13 9.094947e-13 0 0 9.094947e-13 9.094947e-13 0 0.084181908 0.13991855 0.10664344 0.046592189 0.16149533 0.15634154 0.041274172 0.12146854 0.038713769 0.033769997 0.021488243 0.059075575 0.081963945 9.094947e-13 0.0038431804 0.056069407 0.099428937 0.15760418 0.022427669 0.10260646 0.082578258 0.029713479 0.048861669 -9.094947e-13
0 0.13928143 0.23712263 0.5375773 0.59533967 0.38840404 0.3146569 0.32002289 0.10689966 0.0067120232 0 -1.8189894e-12 9.094947e-13 9.094947e-13 9.094947e-13 0 0 0 0 0 0 0 0 0 0 0 9.094947e-13 9.094947e-13 0 9.094947e-13 1.8189894e-12 0 9.094947e-13 9.094947e-13 -9.094947e-13 -1.8189894e-12 0.0037060788 0.11947591 0.09304035 0.19246032 0.16104523 0.035973511 0.05622215 0.13904057 0.050981286 0.12332683 0.087379253 0.030758249 0.029877143 0.010424229 0.067389307 0.023645219 0.0056992697 0.021483265 0.13822619 0.14821768 0.096718221 0.062827504 0.069311794 0.067923296 -9.094947e-13
