var/www/cgi-bin/fswepp/ravel/160x140.prodgrd.txt
NCOLS 166
NROWS 140
XLLCORNER 428633
YLLCORNER 3785869.6
CELLSIZE 4.2077789
NODATA_VALUE -9999
[rows 54 to 80 of 140, columns 60 to 119 of 166]
-4604.3776 -4605.7976 -4603.405 -4603.405 -4603.405 -4605.4517 -4604.0704 -4603.7913 -4603.6868 -4603.6274 -4603.5888 -4603.5628 -4603.5493 -4603.5563 -4603.5802 -4603.6056 -4603.6252 -4603.6355 -4603.6334 -4603.6227 -4603.6134 -4603.6048 -4603.5911 -4603.6091 -4603.7037 -4603.8662 -4603.8689 -4604.1227 -4603.405 -4603.405 -4604.2002 -4603.6437 -4603.5573 -4603.5708 -4604.0295 -4603.405 0 -4603.405 -4603.405 0 -4603.405 -4603.6421 -4603.521 -4603.5362 -4603.6063 -4603.682 -4603.6858 -4603.6509 -4603.6246 -4603.6548 -4603.681 -4603.6758 -4603.6993 -4603.7408 -4603.8066 -4603.9223 -4604.0266 -4604.0902 -4604.1306 -4604.0307
-4603.8745 -4604.2725 -4605.7909 -4603.405 -4603.405 -4603.405 -4604.5849 -4603.8996 -4603.723 -4603.6413 -4603.5928 -4603.5613 -4603.5461 -4603.5522 -4603.5735 -4603.5957 -4603.6121 -4603.62 -4603.6175 -4603.6073 -4603.5975 -4603.5884 -4603.5802 -4603.5938 -4603.6491 -4603.7478 -4603.8959 -4604.0918 -4604.148 -4604.5553 -4604.0875 -4603.6782 -4603.6694 -4605.4291 -4603.405 0 -4603.405 -4603.7322 -4604.4302 -4603.405 -4605.7917 -4603.5943 -4603.5783 -4603.6467 -4603.6338 -4603.6095 -4603.6395 -4603.6258 -4603.6223 -4603.6485 -4603.6537 -4603.6568 -4603.679 -4603.7069 -4603.7409 -4603.7932 -4603.8294 -4603.8462 -4603.846 -4603.8012
-4603.6367 -4603.6664 -4603.8872 -4603.405 -4603.405 -4603.405 -4605.7916 -4604.0887 -4603.7732 -4603.659 -4603.5975 -4603.5593 -4603.542 -4603.5465 -4603.5645 -4603.5843 -4603.5982 -4603.6034 -4603.6016 -4603.5933 -4603.584 -4603.5751 -4603.5676 -4603.58 -4603.6245 -4603.7002 -4603.8253 -4603.9861 -4604.0646 -4604.2072 -4604.0037 -4603.9621 -4603.405 0 -4603.405 -4605.8007 -4603.7323 -4603.7123 -4605.7885 -4603.405 -4605.7997 -4603.671 -4603.6551 -4603.6264 -4603.5581 -4603.5567 -4603.6082 -4603.6111 -4603.5917 -4603.6213 -4603.636 -4603.6371 -4603.6548 -4603.6709 -4603.6885 -4603.7179 -4603.736 -4603.7402 -4603.7322 -4603.7053
-4603.6673 -4603.6812 -4603.7723 -4604.3897 -4603.405 -4603.405 -4603.405 -4604.3307 -4603.8266 -4603.6754 -4603.6007 -4603.5567 -4603.5375 -4603.5404 -4603.5533 -4603.5624 -4603.578 -4603.5964 -4603.593 -4603.5833 -4603.5759 -4603.5673 -4603.5611 -4603.5741 -4603.6148 -4603.6806 -4603.7854 -4603.9879 -4604.9023 -4605.7895 -4603.9369 -4604.8916 0 0 -4603.405 -4603.405 -4603.405 -4603.405 -4603.405 -4603.405 -4604.1194 -4603.5879 -4603.5967 -4603.569 -4603.5428 -4603.5657 -4603.6142 -4603.5864 -4603.5624 -4603.599 -4603.6242 -4603.6222 -4603.6363 -4603.6456 -4603.6571 -4603.6793 -4603.6922 -4603.6933 -4603.6864 -4603.6688
-4604.8427 -4605.7877 -4605.7909 -4605.4109 -4605.7898 -4605.7872 -4605.7368 -4604.2803 -4603.8459 -4603.6831 -4603.6017 -4603.5545 -4603.5344 -4603.5376 -4603.5448 -4603.5349 -4603.5498 -4603.594 -4603.5883 -4603.5707 -4603.5647 -4603.5558 -4603.55 -4603.5619 -4603.5969 -4603.6457 -4603.6864 -4603.7424 -4604.1291 -4604.8632 -4603.9357 -4603.405 0 0 0 0 -4603.405 0 -4603.405 -4605.7884 -4603.5567 -4603.5278 -4603.5581 -4603.5538 -4603.5501 -4603.5697 -4603.5916 -4603.5692 -4603.5667 -4603.6037 -4603.6223 -4603.6221 -4603.6334 -4603.6377 -4603.646 -4603.6638 -4603.6696 -4603.6636 -4603.6547 -4603.6419
-4604.7317 -4604.7633 -4605.7851 -4604.982 -4604.1416 -4604.0542 -4604.2608 -4604.1077 -4603.8481 -4603.6924 -4603.6072 -4603.5573 -4603.537 -4603.5342 -4603.532 -4603.5201 -4603.5366 -4603.5867 -4603.5743 -4603.5484 -4603.5365 -4603.5256 -4603.5213 -4603.5308 -4603.5529 -4603.5735 -4603.5744 -4603.5919 -4603.7128 -4603.8478 -4604.331 0 0 0 0 0 0 -4603.405 -4603.9618 -4603.5436 -4603.5101 -4603.5257 -4603.5584 -4603.5554 -4603.5433 -4603.5621 -4603.5892 -4603.5857 -4603.5984 -4603.6194 -4603.624 -4603.6272 -4603.6348 -4603.6342 -4603.6414 -4603.6574 -4603.6567 -4603.6428 -4603.6297 -4603.6177
-4603.6301 -4603.6243 -4603.6535 -4603.7317 -4603.7781 -4603.8265 -4603.9502 -4604.0009 -4603.8637 -4603.7175 -4603.6263 -4603.5703 -4603.5399 -4603.524 -4603.5214 -4603.528 -4603.5538 -4603.5966 -4603.5862 -4603.5482 -4603.5249 -4603.5146 -4603.5153 -4603.5291 -4603.5504 -4603.5696 -4603.5847 -4603.6542 -4604.1182 -4605.7985 -4603.405 0 0 0 0 0 -4603.405 -4603.7441 -4603.5297 -4603.5204 -4603.5403 -4603.5616 -4603.5792 -4603.556 -4603.5389 -4603.5705 -4603.5971 -4603.6 -4603.6149 -4603.625 -4603.6246 -4603.6282 -4603.631 -4603.6266 -4603.6354 -4603.6545 -4603.6535 -4603.638 -4603.6243 -4603.6114
-4603.5604 -4603.5443 -4603.5442 -4603.5752 -4603.6417 -4603.7227 -4603.8108 -4603.9089 -4603.8916 -4603.7715 -4603.6708 -4603.6003 -4603.5476 -4603.5255 -4603.5345 -4603.5635 -4603.6158 -4603.6418 -4603.6107 -4603.5592 -4603.5325 -4603.5383 -4603.549 -4603.5747 -4603.6346 -4603.7152 -4603.8525 -4604.8869 -4603.405 -4603.405 0 0 -4603.405 0 0 0 -4603.7096 -4603.5223 -4603.5376 -4603.5932 -4603.6094 -4603.5948 -4603.5874 -4603.5605 -4603.5608 -4603.5998 -4603.6064 -4603.6075 -4603.6222 -4603.6326 -4603.6325 -4603.6346 -4603.6309 -4603.6226 -4603.6348 -4603.6605 -4603.6645 -4603.6532 -4603.6418 -4603.6259
-4603.6048 -4603.5769 -4603.5466 -4603.5338 -4603.5829 -4603.7153 -4603.7815 -4603.8684 -4603.944 -4603.8756 -4603.7619 -4603.6625 -4603.5903 -4603.5557 -4603.5641 -4603.6118 -4603.7181 -4603.7442 -4603.6512 -4603.5679 -4603.5384 -4603.5524 -4603.5348 -4603.5463 -4603.6417 -4603.7495 -4603.9583 -4605.7879 -4603.405 -4603.405 0 0 -4603.405 -4603.405 0 -4604.1777 -4603.5282 -4603.5384 -4603.6601 -4603.7184 -4603.6542 -4603.6263 -4603.6086 -4603.5954 -4603.6119 -4603.635 -4603.6298 -4603.6322 -4603.6501 -4603.6589 -4603.6563 -4603.6536 -4603.6399 -4603.6276 -4603.6452 -4603.681 -4603.6931 -4603.6875 -4603.678 -4603.6577
-4603.7174 -4603.7104 -4603.6356 -4603.5938 -4603.6202 -4603.8377 -4603.9399 -4604.0068 -4604.0766 -4604.0707 -4603.9597 -4603.8041 -4603.72 -4603.6478 -4603.6096 -4603.6723 -4603.829 -4603.8158 -4603.7134 -4603.6082 -4603.5831 -4603.5858 -4603.5248 -4603.5259 -4603.5964 -4603.6346 -4603.6887 -4603.9054 -4605.0716 -4603.405 -4603.405 0 -4603.405 -4603.405 -4604.8745 -4603.5852 -4603.5717 -4603.6763 -4603.8556 -4603.7739 -4603.74 -4603.7198 -4603.6807 -4603.6643 -4603.6738 -4603.6782 -4603.673 -4603.6797 -4603.7062 -4603.7119 -4603.6985 -4603.6837 -4603.6573 -4603.6425 -4603.669 -4603.7186 -4603.7381 -4603.7348 -4603.7264 -4603.7043
-4603.405 -4605.4834 -4604.1119 -4604.0652 -4603.7139 -4603.7421 -4603.9897 -4604.5034 -4604.6591 -4604.6424 -4604.6986 -4604.3476 -4604.151 -4604.0703 -4603.8338 -4603.8589 -4603.9467 -4603.8023 -4603.7213 -4603.6438 -4603.6441 -4603.629 -4603.5492 -4603.5534 -4603.6153 -4603.6465 -4603.6642 -4603.7799 -4604.2097 -4605.7861 -4603.405 -4603.405 -4603.405 -4605.7979 -4603.6802 -4603.6152 -4603.9587 -4603.9442 -4603.9002 -4603.9002 -4603.9695 -4603.9265 -4603.8077 -4603.7464 -4603.7467 -4603.7495 -4603.7398 -4603.7533 -4603.7955 -4603.7963 -4603.7611 -4603.7268 -4603.684 -4603.6658 -4603.7005 -4603.7579 -4603.7764 -4603.7729 -4603.7669 -4603.7452
-4603.405 -4603.405 -4603.405 -4603.405 -4603.8972 -4603.585 -4603.6308 -4604.1186 -4603.405 -4603.405 -4603.405 -4603.405 -4603.405 -4603.405 -4603.405 -4605.7996 -4604.6762 -4603.9633 -4603.7775 -4603.688 -4603.6568 -4603.6222 -4603.5962 -4603.6244 -4603.6955 -4603.792 -4603.8501 -4604.0027 -4605.7871 -4603.405 -4603.405 -4603.405 -4603.405 -4603.405 -4603.9167 -4603.6921 -4604.9888 -4604.1028 -4603.9766 -4604.1601 -4604.371 -4604.2018 -4603.917 -4603.8058 -4603.7974 -4603.7933 -4603.7808 -4603.7944 -4603.8454 -4603.8479 -4603.7957 -4603.7453 -4603.6919 -4603.6719 -4603.7032 -4603.7448 -4603.7551 -4603.7573 -4603.7596 -4603.7455
0 0 0 -4603.405 -4603.405 -4603.7368 -4603.587 -4603.7394 -4603.405 -4603.405 -4603.405 -4603.405 -4603.405 -4603.405 -4603.405 -4603.405 -4603.405 -4604.4644 -4603.8939 -4603.745 -4603.6695 -4603.6288 -4603.6356 -4603.6858 -4603.7772 -4603.9792 -4604.6899 -4605.7968 -4603.405 -4603.405 0 -4603.405 -4603.405 -4603.405 -4603.405 -4603.9492 -4603.8247 -4604.365 -4605.0643 -4604.2545 -4604.3874 -4604.2402 -4603.906 -4603.7984 -4603.7908 -4603.7879 -4603.7829 -4603.7927 -4603.8414 -4603.8513 -4603.7904 -4603.7327 -4603.6809 -4603.6637 -4603.6875 -4603.7112 -4603.7192 -4603.7308 -4603.7435 -4603.7395
-4603.405 -4603.405 -4603.405 -4605.6263 -4605.7869 -4603.405 -4603.405 -4604.3878 -4603.405 -4603.405 -4605.2162 -4605.7932 -4603.405 -4603.405 -4603.405 -4603.405 -4603.405 -4605.7901 -4604.0134 -4603.7827 -4603.6958 -4603.6516 -4603.6586 -4603.7252 -4603.8683 -4604.2399 -4603.405 -4603.405 -4603.405 -4603.405 0 0 0 -4603.405 -4603.405 -4603.405 -4603.6608 -4603.9809 -4605.7935 -4603.8265 -4603.9838 -4604.0623 -4603.8336 -4603.7695 -4603.7735 -4603.7835 -4603.7934 -4603.8073 -4603.879 -4603.924 -4603.8351 -4603.7491 -4603.6867 -4603.6665 -4603.6835 -4603.6979 -4603.7106 -4603.7353 -4603.7588 -4603.7576
-4605.7952 -4603.405 -4603.405 -4603.7693 -4603.693 -4603.405 0 0 -4603.405 -4604.7388 -4603.7586 -4605.7886 -4603.405 -4603.405 -4603.405 -4603.405 -4603.405 -4605.8012 -4604.0491 -4603.7815 -4603.6943 -4603.6555 -4603.6721 -4603.7608 -4603.988 -4605.1722 -4603.405 -4603.405 -4603.405 -4603.405 0 0 0 -4603.405 0 0 -4603.8774 -4603.6886 -4603.9119 -4603.6761 -4603.8536 -4603.9043 -4603.7604 -4603.7351 -4603.7537 -4603.7854 -4603.8103 -4603.8265 -4603.9283 -4604.0429 -4603.9132 -4603.778 -4603.6974 -4603.6737 -4603.689 -4603.7035 -4603.7285 -4603.7746 -4603.8118 -4603.8086
-4604.168 -4603.405 -4603.405 -4603.8978 -4603.724 -4604.029 -4603.405 0 0 -4605.7964 -4603.9815 -4603.405 -4603.405 -4603.405 -4603.405 -4603.405 -4603.405 -4605.7898 -4603.9357 -4603.7317 -4603.6634 -4603.6371 -4603.6629 -4603.7814 -4604.1965 -4603.405 -4603.405 -4603.405 0 0 0 0 -4603.405 0 0 0 -4605.7898 -4603.6088 -4603.6674 -4603.6838 -4603.8617 -4603.8234 -4603.716 -4603.7022 -4603.7209 -4603.7671 -4603.7903 -4603.7988 -4603.9118 -4604.0796 -4603.9516 -4603.7908 -4603.7057 -4603.6906 -4603.721 -4603.7499 -4603.8031 -4603.8977 -4603.9651 -4603.9636
-4603.9405 -4604.7966 -4603.405 -4604.6433 -4604.1012 -4603.9778 -4605.7861 -4603.405 -4603.405 -4603.405 -4603.405 -4603.405 -4603.405 -4603.405 -4603.405 -4603.405 -4603.405 -4604.2901 -4603.7914 -4603.6719 -4603.6259 -4603.6155 -4603.6505 -4603.7259 -4603.9562 -4603.405 -4603.405 -4603.405 -4603.405 0 0 -4603.405 -4603.405 0 0 0 -4603.405 -4603.5756 -4603.6479 -4603.8566 -4603.8321 -4603.8031 -4603.7064 -4603.6836 -4603.6882 -4603.7285 -4603.7807 -4603.7915 -4603.8145 -4603.9681 -4603.9702 -4603.7981 -4603.7204 -4603.7308 -4603.8104 -4603.8864 -4604.0238 -4604.3112 -4604.5417 -4604.6528
-4603.9507 -4603.9694 -4604.1616 -4604.6502 -4604.9542 -4604.6169 -4605.8012 -4603.405 -4603.405 -4603.405 -4603.405 -4603.405 -4603.405 -4605.8019 -4605.7888 -4605.5332 -4604.2483 -4603.8422 -4603.6912 -4603.6263 -4603.599 -4603.5884 -4603.5935 -4603.5891 -4603.6221 -4603.7541 -4604.3887 -4603.405 0 0 0 -4603.405 -4603.405 0 0 -4603.405 -4603.8248 -4603.6219 -4604.0014 -4604.3362 -4603.7464 -4603.7871 -4603.7287 -4603.6838 -4603.6724 -4603.6983 -4603.8659 -4603.8719 -4603.6833 -4603.7489 -4603.8552 -4603.7465 -4603.702 -4603.7522 -4603.9348 -4604.1719 -4604.7293 -4605.7949 -4603.405 -4603.405
-4603.8563 -4603.8344 -4603.8951 -4603.9835 -4604.1418 -4604.3965 -4604.9105 -4605.7871 -4605.7969 -4605.787 -4604.6843 -4603.405 -4605.8025 -4604.8846 -4604.5713 -4604.0738 -4603.8302 -4603.7109 -4603.6401 -4603.6014 -4603.5786 -4603.5497 -4603.5357 -4603.5415 -4603.5806 -4603.692 -4605.7951 0 0 0 -4603.405 -4603.405 -4603.405 -4603.405 -4605.0685 -4603.6537 -4603.5887 -4603.7746 -4603.405 -4603.405 -4603.792 -4603.7135 -4603.7599 -4603.7077 -4603.6754 -4603.6722 -4603.9576 -4604.384 -4603.6749 -4603.5966 -4603.625 -4603.6575 -4603.6562 -4603.7254 -4603.9885 -4604.5477 -4605.7958 -4603.405 -4603.405 -4603.405
-4603.788 -4603.7644 -4603.7944 -4603.8097 -4603.8335 -4603.867 -4603.8782 -4603.8814 -4603.8875 -4603.9038 -4603.8865 -4603.9187 -4604.0756 -4603.405 -4603.405 -4604.1279 -4603.7496 -4603.6809 -4603.6297 -4603.6004 -4603.5729 -4603.541 -4603.5448 -4603.6066 -4603.7625 -4603.405 0 0 -4603.405 -4605.7994 -4605.7858 -4603.405 -4603.405 -4604.7038 -4604.3851 -4604.5435 -4603.405 -4603.405 -4603.405 -4603.405 -4603.405 -4603.7204 -4603.7282 -4603.7269 -4603.6648 -4603.6296 -4603.8726 -4605.7998 -4603.8711 -4603.5581 -4603.5427 -4603.6038 -4603.6248 -4603.6982 -4603.9854 -4604.8718 -4603.405 -4603.405 -4603.405 -4603.405
-4603.7363 -4603.7097 -4603.7239 -4603.7273 -4603.7217 -4603.7142 -4603.7071 -4603.7051 -4603.6789 -4603.6675 -4603.6819 -4603.6936 -4603.8093 -4605.7864 -4605.7981 -4603.9574 -4603.7236 -4603.6985 -4603.6523 -4603.6264 -4603.6096 -4603.5934 -4603.6516 -4604.1773 -4603.405 -4603.405 0 -4603.405 -4603.98 -4604.4653 -4603.405 -4603.405 -4603.405 -4603.405 -4603.405 -4603.405 -4603.405 -4603.405 0 0 -4603.405 -4604.4655 -4603.7813 -4603.7501 -4603.6414 -4603.6153 -4603.906 -4603.405 -4604.0069 -4603.5482 -4603.5242 -4603.5808 -4603.6075 -4603.6862 -4603.9573 -4604.8783 -4603.405 -4603.405 -4603.405 -4603.405
-4603.6898 -4603.6656 -4603.671 -4603.6714 -4603.6639 -4603.6535 -4603.6434 -4603.6385 -4603.6031 -4603.5763 -4603.5864 -4603.6215 -4603.7006 -4603.8867 -4603.9603 -4603.748 -4603.7138 -4603.7251 -4603.6831 -4603.672 -4603.6995 -4603.7196 -4603.9149 -4603.405 -4603.405 0 -4603.405 -4603.8267 -4603.9058 -4603.405 -4603.405 -4603.405 -4603.405 -4603.405 -4603.405 -4603.405 -4603.405 -4603.405 0 0 -4603.405 -4603.405 -4604.2093 -4603.805 -4603.6187 -4603.6422 -4604.3333 -4605.7951 -4603.8737 -4603.5564 -4603.531 -4603.5499 -4603.5748 -4603.6907 -4603.9444 -4604.7677 -4603.405 -4603.405 -4603.405 -4603.405
-4603.6473 -4603.6309 -4603.6348 -4603.6371 -4603.633 -4603.6245 -4603.6147 -4603.6083 -4603.5725 -4603.5438 -4603.5571 -4603.612 -4603.704 -4603.8521 -4604.0711 -4604.0744 -4603.8991 -4603.7488 -4603.6931 -4603.7032 -4603.7683 -4603.8464 -4604.557 -4603.405 0 0 -4603.405 -4603.405 -4603.405 -4603.405 -4603.405 -4603.405 -4603.405 -4603.405 -4603.405 -4603.405 0 0 0 0 -4603.405 -4603.405 -4605.786 -4604.3448 -4603.6617 -4603.766 -4605.7854 -4604.1926 -4603.7608 -4603.6168 -4603.558 -4603.5306 -4603.5577 -4603.7155 -4604.0044 -4604.9221 -4603.405 -4603.405 -4603.405 -4603.405
-4603.6157 -4603.6097 -4603.6171 -4603.6241 -4603.6239 -4603.617 -4603.6066 -4603.5976 -4603.5602 -4603.5368 -4603.5542 -4603.6075 -4603.6821 -4603.9062 -4603.405 -4603.405 -4603.405 -4604.0185 -4603.7914 -4603.8006 -4603.8806 -4604.2087 -4603.405 0 0 0 -4603.405 -4603.405 -4603.405 -4603.405 -4603.405 -4603.405 -4603.405 -4603.405 0 0 0 0 0 0 -4603.405 -4603.405 -4603.405 -4603.405 -4603.9342 -4605.0421 -4603.405 -4603.7254 -4603.648 -4603.7242 -4603.5859 -4603.5394 -4603.5958 -4603.7308 -4603.9521 -4605.4868 -4603.405 -4603.405 -4603.405 -4603.405
-4603.602 -4603.6056 -4603.6186 -4603.6306 -4603.633 -4603.6254 -4603.6119 -4603.5978 -4603.5561 -4603.5383 -4603.5495 -4603.5674 -4603.5916 -4603.7055 -4603.405 -4603.405 -4603.405 -4604.5468 -4604.0397 -4604.2729 -4605.7958 -4603.405 0 0 0 -4603.405 -4603.405 -4603.405 -4603.405 -4603.405 -4603.405 -4603.405 -4603.405 0 0 0 0 0 0 0 -4603.405 -4603.405 -4603.405 -4603.405 -4605.7946 -4603.405 -4603.405 -4603.7059 -4603.6143 -4603.6881 -4603.6191 -4603.5856 -4603.7295 -4603.7721 -4603.8425 -4605.7926 -4603.405 -4603.405 -4603.405 -4603.405
-4603.6033 -4603.6162 -4603.6362 -4603.6537 -4603.6571 -4603.646 -4603.6264 -4603.6052 -4603.5555 -4603.542 -4603.5431 -4603.539 -4603.5587 -4603.6371 -4605.1514 -4603.405 -4605.8001 -4603.8076 -4603.7381 -4604.7783 -4603.405 -4603.405 0 0 -4603.405 -4603.405 -4603.405 -4603.405 -4603.405 -4603.405 -4603.405 -4603.405 -4603.405 0 0 -4603.405 -4603.405 -4603.405 0 0 -4603.405 -4603.405 -4603.405 -4603.405 -4603.405 -4603.405 -4603.405 -4604.03 -4603.6489 -4603.6175 -4603.6706 -4603.683 -4604.2622 -4604.0885 -4604.028 -4603.405 -4603.405 -4603.405 -4605.7938 -4604.5663
-4603.6073 -4603.6297 -4603.6588 -4603.685 -4603.6914 -4603.6763 -4603.6488 -4603.6171 -4603.5621 -4603.5516 -4603.5467 -4603.5369 -4603.5454 -4603.6025 -4604.677 -4603.405 -4604.6104 -4603.6609 -4603.6599 -4603.405 -4603.405 0 0 -4603.405 -4603.405 -4603.405 -4603.405 -4603.405 -4603.405 -4603.405 -4603.405 -4603.405 -4603.405 -4603.405 -4603.405 -4603.405 -4603.405 -4603.405 -4603.405 0 -4603.405 -4603.405 -4603.405 -4603.405 -4603.405 -4603.405 -4603.405 -4605.2946 -4603.8037 -4603.6415 -4603.7447 -4603.7984 -4603.405 -4603.405 -4605.7865 -4603.405 -4603.405 -4604.5626 -4603.6518 -4603.589
