var/www/cgi-bin/fswepp/ravel/160x140.prodgrd.txt
NCOLS 166
NROWS 140
XLLCORNER 428633
YLLCORNER 3785869.6
CELLSIZE 4.2077789
NODATA_VALUE -9999
[rows 108 to 134 of 140, columns 0 to 59 of 166]
-4603.8086 -4603.405 0 0 0 0 0 -4603.405 -4603.405 -4603.405 -4603.405 -4605.7977 -4604.4599 -4603.9305 -4603.7415 -4603.6223 -4603.6085 -4603.6285 -4603.5974 -4603.6557 -4604.0532 -4605.8013 -4603.9258 -4603.6043 -4603.5755 -4603.5795 -4603.6085 -4603.5717 -4603.5411 -4603.5469 -4603.5625 -4603.5818 -4603.6195 -4603.6394 -4603.6097 -4603.5591 -4603.5429 -4603.544 -4603.5465 -4603.5575 -4603.5643 -4603.5617 -4603.5313 -4603.5125 -4603.5093 -4603.5025 -4603.5008 -4603.5084 -4603.5172 -4603.5263 -4603.5332 -4603.5264 -4603.5124 -4603.5271 -4603.5831 -4603.7593 -4603.405 -4603.405 0 -4603.405
-4604.3872 -4603.405 0 0 0 0 -4603.405 -4603.405 -4603.405 -4603.405 -4603.405 -4605.2808 -4604.2052 -4603.8824 -4603.7347 -4603.6533 -4603.6369 -4603.6547 -4603.6513 -4603.7141 -4603.9704 -4604.271 -4603.7108 -4603.5838 -4603.5744 -4603.5589 -4603.5779 -4603.6095 -4603.6246 -4603.6599 -4603.6819 -4603.6397 -4603.6228 -4603.6443 -4603.6233 -4603.5692 -4603.549 -4603.5775 -4603.5791 -4603.5787 -4603.5681 -4603.5132 -4603.4855 -4603.4875 -4603.5049 -4603.5055 -4603.505 -4603.508 -4603.5056 -4603.5268 -4603.6131 -4603.6803 -4603.6544 -4604.1719 -4603.405 -4603.405 -4603.405 -4603.625 -4603.5013 -4603.4749
-4603.405 -4603.405 0 0 0 -4603.405 -4603.405 -4603.405 -4603.405 -4605.7964 -4605.0707 -4604.3504 -4604.0149 -4603.8381 -4603.7323 -4603.6681 -4603.6538 -4603.6785 -4603.711 -4603.7543 -4603.8022 -4603.8193 -4603.7082 -4603.6427 -4603.6365 -4603.5586 -4603.5496 -4603.5904 -4603.6505 -4603.9239 -4604.5836 -4605.7428 -4604.821 -4603.8112 -4603.6509 -4603.5689 -4603.5414 -4603.563 -4603.5596 -4603.573 -4603.5586 -4603.5154 -4603.5262 -4603.6013 -4603.7812 -4603.9632 -4605.1958 -4605.2243 -4604.0879 -4603.405 0 -4603.405 -4603.405 -4603.405 -4604.2236 -4603.5106 -4603.466 -4603.4553 -4603.458 -4603.4722
0 0 0 0 0 -4603.405 -4603.405 -4603.405 -4605.4966 -4604.4918 -4604.1896 -4604.0236 -4603.8925 -4603.8018 -4603.7323 -4603.6802 -4603.6727 -4603.7043 -4603.7387 -4603.7653 -4603.7899 -4603.8028 -4603.782 -4603.7311 -4603.6801 -4603.5819 -4603.5702 -4603.5891 -4603.5955 -4603.7759 -4604.6412 -4605.802 -4605.7986 -4604.1458 -4603.7089 -4603.5634 -4603.5266 -4603.5246 -4603.5302 -4603.5649 -4603.6055 -4603.665 -4605.7983 -4603.405 0 0 -4603.405 -4603.405 -4603.405 -4603.405 -4603.405 -4603.405 -4603.82 -4603.5222 -4603.4678 -4603.4612 -4603.4681 -4603.4805 -4603.5001 -4603.5309
0 0 0 0 -4603.405 -4603.405 -4603.405 -4604.8894 -4604.2862 -4604.086 -4603.9843 -4603.915 -4603.843 -4603.7865 -4603.7348 -4603.6889 -4603.6824 -4603.7125 -4603.7447 -4603.7743 -4603.8026 -4603.8059 -4603.7863 -4603.7285 -4603.6586 -4603.6054 -4603.6003 -4603.618 -4603.6159 -4603.7235 -4604.1532 -4604.7866 -4603.9777 -4603.6854 -4603.6791 -4603.6348 -4603.5833 -4603.5786 -4603.6517 -4604.4201 -4603.405 -4603.405 -4603.405 -4603.405 -4603.405 -4603.405 -4603.405 -4603.7469 -4603.5926 -4603.5525 -4603.5261 -4603.5026 -4603.4798 -4603.4676 -4603.4761 -4603.509 -4603.5617 -4603.608 -4603.5978 -4603.5728
0 0 0 0 -4603.405 -4603.405 -4605.0983 -4604.1621 -4604.019 -4603.9401 -4603.894 -4603.8604 -4603.814 -4603.7735 -4603.7298 -4603.6874 -4603.6806 -4603.7017 -4603.7124 -4603.7225 -4603.7496 -4603.7653 -4603.7495 -4603.7071 -4603.6544 -4603.6139 -4603.6023 -4603.6193 -4603.6474 -4603.715 -4603.8282 -4603.9239 -4603.8658 -4603.6427 -4603.6226 -4603.8132 -4603.8867 -4603.892 -4603.7634 -4603.405 0 -4603.405 -4603.405 -4603.7148 -4603.5919 -4603.5878 -4603.5822 -4603.5368 -4603.5033 -4603.4856 -4603.479 -4603.4767 -4603.4795 -4603.5012 -4603.5688 -4603.6129 -4603.5865 -4603.5685 -4603.5646 -4603.5677
0 0 0 0 -4603.405 -4605.8003 -4604.1652 -4603.9518 -4603.8937 -4603.8507 -4603.8256 -4603.8076 -4603.7776 -4603.7491 -4603.713 -4603.6776 -4603.676 -4603.6821 -4603.6451 -4603.6297 -4603.6742 -4603.7481 -4603.7426 -4603.6931 -4603.6511 -4603.6126 -4603.6043 -4603.6256 -4603.6629 -4603.7054 -4603.7495 -4603.8138 -4603.9158 -4603.7571 -4603.6832 -4604.0489 -4603.405 -4603.405 -4603.7676 -4604.7552 -4603.405 -4603.405 -4603.9429 -4603.7148 -4603.5852 -4603.5387 -4603.5321 -4603.5262 -4603.5192 -4603.5185 -4603.523 -4603.5266 -4603.5413 -4603.5666 -4603.5726 -4603.5632 -4603.5586 -4603.5596 -4603.5648 -4603.5742
0 0 0 -4603.405 -4603.405 -4604.4388 -4603.928 -4603.8505 -4603.822 -4603.7975 -4603.7852 -4603.7769 -4603.7581 -4603.7359 -4603.7041 -4603.6767 -4603.6841 -4603.6978 -4603.6514 -4603.629 -4603.675 -4603.7681 -4603.767 -4603.6889 -4603.6477 -4603.6148 -4603.6096 -4603.6322 -4603.6693 -4603.7222 -4603.7853 -4603.8694 -4604.0502 -4604.265 -4604.155 -4604.1573 -4603.405 -4603.405 -4603.405 -4603.405 -4603.405 -4603.405 -4605.7792 -4603.9328 -4603.6652 -4603.5638 -4603.5328 -4603.5252 -4603.5288 -4603.5457 -4603.5601 -4603.5572 -4603.5497 -4603.5457 -4603.5435 -4603.5437 -4603.5465 -4603.5517 -4603.5595 -4603.5706
0 0 -4603.405 -4603.405 -4605.8013 -4603.9997 -4603.8271 -4603.7954 -4603.7831 -4603.7722 -4603.7696 -4603.768 -4603.7571 -4603.737 -4603.7077 -4603.6899 -4603.7095 -4603.7498 -4603.7286 -4603.703 -4603.7331 -4603.767 -4603.6743 -4603.6137 -4603.6287 -4603.63 -4603.6168 -4603.641 -4603.6815 -4603.7511 -4603.8557 -4604.0498 -4604.9207 -4605.801 -4605.7855 -4604.0383 -4603.405 -4603.405 -4603.405 0 -4603.405 -4605.793 -4604.503 -4603.7739 -4603.6353 -4603.5665 -4603.5297 -4603.5174 -4603.5192 -4603.5255 -4603.527 -4603.5265 -4603.5278 -4603.5306 -4603.535 -4603.541 -4603.5479 -4603.5551 -4603.5636 -4603.5754
0 0 -4603.405 -4603.405 -4604.7219 -4603.8656 -4603.7787 -4603.7632 -4603.7554 -4603.7475 -4603.7491 -4603.7134 -4603.6663 -4603.6777 -4603.6945 -4603.6815 -4603.709 -4603.7545 -4603.7549 -4603.7493 -4603.7278 -4603.6671 -4603.6062 -4603.5794 -4603.5983 -4603.5879 -4603.5728 -4603.6174 -4603.6935 -4603.7427 -4603.7809 -4603.8814 -4604.4876 -4605.0152 -4603.9496 -4604.2118 -4603.405 0 0 -4603.405 -4603.6188 -4603.6427 -4603.6875 -4603.6108 -4603.566 -4603.5411 -4603.5258 -4603.5178 -4603.5146 -4603.514 -4603.5147 -4603.5175 -4603.5225 -4603.5289 -4603.5364 -4603.5448 -4603.5535 -4603.5624 -4603.5734 -4603.5897
0 -4603.405 -4603.405 -4603.405 -4604.0688 -4603.775 -4603.7315 -4603.7217 -4603.7117 -4603.7004 -4603.7 -4603.6383 -4603.5905 -4603.6217 -4603.638 -4603.6342 -4603.6822 -4603.7115 -4603.7235 -4603.7114 -4603.6872 -4603.6346 -4603.606 -4603.6109 -4603.6037 -4603.5726 -4603.5617 -4603.599 -4603.6544 -4603.6326 -4603.6283 -4603.6829 -4603.896 -4604.2415 -4604.9557 -4603.405 0 -4603.405 -4603.405 -4603.5862 -4603.5009 -4603.5486 -4603.5918 -4603.5633 -4603.5427 -4603.5293 -4603.5206 -4603.5156 -4603.5131 -4603.5129 -4603.5153 -4603.5199 -4603.5262 -4603.5332 -4603.5406 -4603.5491 -4603.5593 -4603.5722 -4603.5905 -4603.6182
-4603.405 -4603.405 -4603.405 -4605.2633 -4603.8235 -4603.7014 -4603.6819 -4603.6755 -4603.6665 -4603.6555 -4603.6487 -4603.605 -4603.5859 -4603.6115 -4603.5909 -4603.596 -4603.6508 -4603.6768 -4603.6928 -4603.684 -4603.6716 -4603.6535 -4603.6332 -4603.5886 -4603.5853 -4603.6759 -4603.699 -4603.7056 -4603.7014 -4603.6408 -4603.6906 -4603.9984 -4603.405 -4603.405 0 0 -4603.405 -4603.8693 -4603.556 -4603.499 -4603.4957 -4603.547 -4603.5654 -4603.5464 -4603.5368 -4603.5276 -4603.5203 -4603.5167 -4603.516 -4603.5176 -4603.5211 -4603.5265 -4603.5332 -4603.5402 -4603.5476 -4603.5572 -4603.5712 -4603.592 -4603.6238 -4603.6729
-4603.405 -4603.405 -4603.405 -4604.0734 -4603.7181 -4603.6556 -4603.647 -4603.6434 -4603.6377 -4603.6288 -4603.6165 -4603.5977 -4603.6057 -4603.5764 -4603.5593 -4603.6143 -4603.6895 -4603.6792 -4603.6691 -4603.6772 -4603.6709 -4603.6752 -4603.6277 -4603.5729 -4603.6283 -4603.8987 -4603.8692 -4603.8042 -4603.7882 -4603.9206 -4605.7938 -4603.405 -4603.405 0 0 -4604.6953 -4603.5957 -4603.5349 -4603.5068 -4603.5007 -4603.5187 -4603.5555 -4603.5536 -4603.544 -4603.5404 -4603.5333 -4603.5264 -4603.5232 -4603.5234 -4603.526 -4603.5301 -4603.5359 -4603.543 -4603.5511 -4603.5612 -4603.576 -4603.5993 -4603.6361 -4603.6969 -4603.7952
-4603.405 -4603.405 -4605.7892 -4603.8487 -4603.6678 -4603.6312 -4603.6285 -4603.6267 -4603.6228 -4603.6143 -4603.6008 -4603.5863 -4603.5794 -4603.5337 -4603.5344 -4603.6154 -4603.656 -4603.6432 -4603.6581 -4603.6765 -4603.6807 -4603.686 -4603.6492 -4603.6383 -4603.7857 -4603.8898 -4603.8147 -4603.7989 -4603.7937 -4604.6135 -4603.405 -4603.405 0 0 -4605.7915 -4603.5897 -4603.5531 -4603.5346 -4603.5213 -4603.5236 -4603.5419 -4603.555 -4603.552 -4603.5509 -4603.552 -4603.5465 -4603.5393 -4603.536 -4603.5368 -4603.5402 -4603.5449 -4603.5512 -4603.5598 -4603.5713 -4603.5881 -4603.6153 -4603.6599 -4603.7359 -4603.8816 -4604.1536
-4603.405 -4603.405 -4604.418 -4603.7603 -4603.6452 -4603.6258 -4603.6288 -4603.6258 -4603.6186 -4603.6082 -4603.5966 -4603.5716 -4603.5457 -4603.52 -4603.528 -4603.571 -4603.5719 -4603.5882 -4603.631 -4603.6491 -4603.6783 -4603.7204 -4603.7569 -4603.8122 -4603.8855 -4603.7754 -4603.775 -4603.9956 -4604.5869 -4603.405 -4603.405 0 -4603.405 -4603.405 -4603.6266 -4603.6426 -4603.6823 -4603.5987 -4603.5683 -4603.5638 -4603.5556 -4603.5449 -4603.554 -4603.5657 -4603.5703 -4603.5679 -4603.5617 -4603.5587 -4603.5603 -4603.5646 -4603.5706 -4603.5794 -4603.5932 -4603.6147 -4603.6496 -4603.7076 -4603.8067 -4603.997 -4604.4759 -4605.6956
-4604.1558 -4605.6578 -4604.1044 -4603.7328 -4603.6433 -4603.6227 -4603.6172 -4603.6149 -4603.6189 -4603.6147 -4603.6016 -4603.5731 -4603.5432 -4603.532 -4603.5402 -4603.5695 -4603.5875 -4603.5922 -4603.6049 -4603.6172 -4603.6515 -4603.8199 -4604.1349 -4604.157 -4603.8831 -4603.7385 -4603.9317 -4603.405 -4603.405 -4603.405 0 -4603.405 -4603.8829 -4603.6212 -4603.646 -4603.8433 -4603.7736 -4603.6171 -4603.5806 -4603.5652 -4603.5437 -4603.5414 -4603.5693 -4603.5937 -4603.6041 -4603.6091 -4603.6066 -4603.6044 -4603.6066 -4603.6128 -4603.624 -4603.6432 -4603.6765 -4603.7332 -4603.8327 -4604.0054 -4604.3189 -4605.0365 -4605.7927 -4605.7962
-4603.8786 -4604.2027 -4604.1969 -4603.7372 -4603.6207 -4603.5893 -4603.5791 -4603.591 -4603.6228 -4603.6292 -4603.6036 -4603.5864 -4603.5548 -4603.5456 -4603.5486 -4603.5721 -4603.6243 -4603.6258 -4603.6694 -4603.6634 -4603.6614 -4603.9245 -4604.4147 -4604.0752 -4603.7736 -4603.8228 -4603.405 -4603.405 0 0 0 -4604.3934 -4603.6966 -4603.6829 -4603.7047 -4603.7009 -4603.6526 -4603.6043 -4603.5829 -4603.5698 -4603.5631 -4603.5798 -4603.6197 -4603.6564 -4603.689 -4603.7162 -4603.7228 -4603.721 -4603.7239 -4603.7372 -4603.7702 -4603.8371 -4603.9726 -4604.2692 -4605.0617 -4605.7921 -4605.7987 -4605.8012 -4605.7979 -4605.5846
-4604.2064 -4604.249 -4604.6194 -4603.6909 -4603.5747 -4603.5666 -4603.5711 -4603.6 -4603.6402 -4603.6388 -4603.6025 -4603.5895 -4603.562 -4603.5495 -4603.5417 -4603.5588 -4603.6223 -4603.6398 -4603.7941 -4603.8792 -4603.8279 -4604.3815 -4604.7141 -4604.4169 -4604.9294 -4603.405 -4603.405 0 0 0 -4603.405 -4603.7359 -4603.8192 -4603.7513 -4603.6086 -4603.5858 -4603.6241 -4603.6492 -4603.6618 -4603.6469 -4603.6403 -4603.6751 -4603.7371 -4603.8304 -4603.9661 -4604.1105 -4604.1546 -4604.1436 -4604.1479 -4604.2066 -4604.4045 -4605.0065 -4605.7952 -4603.405 -4603.405 -4603.405 -4603.405 -4605.7959 -4605.0749 -4604.218
-4604.946 -4604.5095 -4604.1476 -4603.6387 -4603.5704 -4603.5936 -4603.6131 -4603.6506 -4603.6914 -4603.6878 -4603.6399 -4603.6105 -4603.583 -4603.5516 -4603.5346 -4603.5569 -4603.6101 -4603.6572 -4603.9495 -4605.7992 -4603.405 -4603.405 -4603.405 -4603.405 0 0 0 0 -4603.405 -4603.405 -4603.6413 -4603.5861 -4603.642 -4603.6205 -4603.5869 -4603.6088 -4603.6654 -4603.6758 -4603.6502 -4603.6381 -4603.6803 -4603.7868 -4603.9481 -4604.3071 -4605.2326 -4605.7928 -4605.7943 -4605.7935 -4605.7951 -4605.8004 -4603.405 -4603.405 -4603.405 -4603.405 -4603.405 -4603.405 -4605.792 -4604.6422 -4604.0879 -4603.8536
-4604.2333 -4604.0563 -4603.7939 -4603.6472 -4603.5963 -4603.6163 -4603.6521 -4603.6846 -4603.7263 -4603.765 -4603.7433 -4603.6836 -4603.632 -4603.5599 -4603.5465 -4603.5981 -4603.6697 -4604.0504 -4603.405 -4603.405 0 0 0 0 0 -4603.405 -4603.405 -4603.405 -4604.2264 -4603.581 -4603.5264 -4603.5744 -4603.6453 -4603.6173 -4603.6105 -4603.6671 -4603.6778 -4603.5974 -4603.5688 -4603.6105 -4603.729 -4603.8977 -4604.2492 -4605.787 -4603.405 -4603.405 -4603.405 -4603.405 -4603.405 -4603.405 -4603.405 -4603.405 -4603.405 -4603.405 -4603.405 -4605.7951 -4604.2871 -4603.9524 -4603.7958 -4603.7051
-4604.062 -4603.8405 -4603.6941 -4603.6496 -4603.6065 -4603.6169 -4603.6562 -4603.6575 -4603.6825 -4603.762 -4603.8206 -4603.7685 -4603.6878 -4603.5732 -4603.568 -4603.706 -4604.1491 -4603.405 -4603.405 -4603.405 -4603.405 -4603.405 -4603.405 -4603.405 -4603.405 -4603.405 -4604.127 -4603.6504 -4603.5663 -4603.5192 -4603.5392 -4603.6309 -4603.6351 -4603.5969 -4603.5945 -4603.608 -4603.5857 -4603.5541 -4603.5758 -4603.6771 -4603.8241 -4604.0631 -4605.6267 -4603.405 -4603.405 -4603.405 -4603.405 -4603.405 -4603.405 -4603.405 -4603.405 -4603.405 -4603.405 -4603.405 -4603.405 -4604.1713 -4603.8077 -4603.719 -4603.6655 -4603.6282
-4604.0119 -4603.8396 -4603.7016 -4603.6416 -4603.6146 -4603.6334 -4603.6573 -4603.6275 -4603.6239 -4603.7003 -4603.8195 -4603.8244 -4603.7481 -4603.5961 -4603.5958 -4603.9691 -4603.405 -4603.405 -4604.2174 -4603.7112 -4603.7349 -4603.7885 -4603.7362 -4603.693 -4603.8956 -4604.5811 -4603.7867 -4603.5773 -4603.5375 -4603.5492 -4603.6262 -4603.6259 -4603.5642 -4603.5636 -4603.5789 -4603.5814 -4603.5698 -4603.5799 -4603.6578 -4603.8085 -4604.0221 -4605.193 -4603.405 -4603.405 -4603.405 -4603.405 -4603.405 -4603.405 -4603.405 -4603.405 -4603.405 -4603.405 -4603.405 -4603.405 -4604.3238 -4603.7509 -4603.6496 -4603.6201 -4603.6014 -4603.5873
-4604.049 -4603.8767 -4603.7176 -4603.6414 -4603.6198 -4603.6435 -4603.6819 -4603.6465 -4603.6096 -4603.6534 -4603.7852 -4603.8676 -4603.817 -4603.6502 -4603.6549 -4604.5591 -4603.405 -4604.0715 -4603.6604 -4603.5966 -4603.6097 -4603.6323 -4603.6138 -4603.5712 -4603.5588 -4603.5753 -4603.5742 -4603.5637 -4603.5633 -4603.5903 -4603.6216 -4603.5788 -4603.5521 -4603.5653 -4603.5818 -4603.599 -4603.6285 -4603.6918 -4603.8284 -4604.1117 -4605.5964 -4603.405 -4603.405 -4603.405 -4603.405 -4603.405 -4603.405 -4603.405 -4603.405 -4603.405 -4603.405 -4603.405 -4603.405 -4604.446 -4603.7587 -4603.6206 -4603.582 -4603.573 -4603.5682 -4603.5649
-4604.1694 -4603.9094 -4603.7277 -4603.6396 -4603.612 -4603.6469 -4603.714 -4603.6747 -4603.6368 -4603.6805 -4603.7852 -4603.8489 -4603.8874 -4603.7789 -4603.7698 -4603.405 -4603.405 -4604.5426 -4604.5677 -4604.0777 -4603.7335 -4603.6308 -4603.5994 -4603.5605 -4603.5267 -4603.5203 -4603.5335 -4603.5611 -4603.5878 -4603.5881 -4603.5623 -4603.5445 -4603.5557 -4603.5831 -4603.6096 -4603.653 -4603.7412 -4603.9113 -4604.3094 -4605.7946 -4603.405 -4603.405 -4603.405 -4603.405 0 0 0 -4603.405 -4603.405 -4603.405 -4603.405 -4603.405 -4604.3689 -4603.7723 -4603.6235 -4603.5667 -4603.5505 -4603.55 -4603.5515 -4603.5534
-4604.5374 -4604.0046 -4603.7616 -4603.642 -4603.6203 -4603.6718 -4603.7201 -4603.6982 -4603.6988 -4603.7366 -4603.782 -4603.7988 -4603.9952 -4604.1748 -4604.0708 -4603.405 -4603.405 -4603.405 -4605.802 -4604.1987 -4603.7887 -4603.6675 -4603.6272 -4603.5998 -4603.5668 -4603.5472 -4603.5502 -4603.5653 -4603.5733 -4603.5626 -4603.5463 -4603.555 -4603.5874 -4603.6232 -4603.6709 -4603.7645 -4603.9735 -4604.6667 -4603.405 -4603.405 -4603.405 -4603.405 -4603.405 0 0 0 -4603.405 -4603.405 -4603.405 -4603.405 -4603.405 -4604.2702 -4603.7809 -4603.6409 -4603.5746 -4603.5442 -4603.5376 -4603.5416 -4603.5455 -4603.5491
-4605.7889 -4604.2537 -4603.8355 -4603.6844 -4603.6669 -4603.7128 -4603.728 -4603.7405 -4603.7905 -4603.7805 -4603.7908 -4603.8854 -4604.4055 -4605.7982 -4605.7981 -4603.405 -4603.405 -4603.405 -4604.473 -4603.8883 -4603.7323 -4603.6713 -4603.6358 -4603.6168 -4603.6016 -4603.5831 -4603.5691 -4603.5677 -4603.5714 -4603.5627 -4603.5638 -4603.5974 -4603.6383 -4603.6826 -4603.7754 -4604.0184 -4605.1575 -4603.405 -4603.405 -4603.405 -4603.405 -4603.405 0 0 0 0 -4603.405 -4603.405 -4603.405 -4603.405 -4604.2055 -4603.8014 -4603.6701 -4603.5991 -4603.555 -4603.5346 -4603.5335 -4603.5404 -4603.543 -4603.5461
-4603.405 -4605.0498 -4603.9749 -4603.7853 -4603.765 -4603.7961 -4603.8164 -4603.8629 -4603.9894 -4603.9057 -4603.9322 -4604.5663 -4605.7992 -4603.405 -4603.405 -4603.405 -4603.405 -4604.3775 -4604.459 -4603.9682 -4603.7657 -4603.6893 -4603.6461 -4603.6199 -4603.605 -4603.5956 -4603.5887 -4603.5936 -4603.6 -4603.5933 -4603.6104 -4603.6547 -4603.6998 -4603.7815 -4604.0091 -4605.3013 -4603.405 -4603.405 -4603.405 -4603.405 -4603.405 0 0 0 0 -4603.405 -4603.405 -4603.405 -4604.4905 -4604.0543 -4603.7619 -4603.699 -4603.6508 -4603.5862 -4603.5401 -4603.5241 -4603.5294 -4603.5369 -4603.5402 -4603.5464
