var/www/cgi-bin/fswepp/ravel/160x140.depgrd.txt
NCOLS 166
NROWS 140
XLLCORNER 428633
YLLCORNER 3785869.6
CELLSIZE 4.2077789
NODATA_VALUE -9999
[rows 0 to 26 of 140, columns 0 to 60 of 166]
1.8189894e-12 0 9.094947e-13 0 -9.094947e-13 -9.094947e-13 -1.8189894e-12 9.094947e-13 -9.094947e-13 -9.094947e-13 0 0 0 0 0 0 0 0 0 0 0 9.094947e-13 0 0 9.094947e-13 0 0.035838378 0.13785393 0.053706312 0.02563091 0 0 0.03898019 9.094947e-13 9.094947e-13 0.011203607 1.8189894e-12 1.8189894e-12 0.059434097 0.19863273 0.21919417 0.24231041 0.19128596 0.16487078 0.073861952 0.24925482 0.28154516 0.2402076 0.89760918 0.89137533 0.61062956 0.46192949 0.19407388 0.23042823 0.1654269 0.24871773 0.20387119 0.21502623 0.26276389 0.11551821 0.14925739
9.094947e-13 9.094947e-13 -9.094947e-13 9.094947e-13 9.094947e-13 -9.094947e-13 -9.094947e-13 9.094947e-13 0.033114587 0 0 0 0 0 0 0 0 0 0 0 0 -9.094947e-13 0 9.094947e-13 0 0 0.011193437 0.15883439 0.079630335 0.019445704 0 0 0.036842998 0 -1.8189894e-12 0.0046987246 1.8189894e-12 -9.094947e-13 0.16153709 0.12116553 0.22452863 0.23100432 0.27077306 0.21820791 0.32783231 0.27485159 0.20048138 0.67957135 0.75066089 0.82696056 0.43755559 0.1534454 0.13905175 0.11711141 0.12353213 0.15731842 0.16600411 0.25466084 0.14418092 0.26467389 0.13282823
1.8189894e-12 -1.8189894e-12 0 0 0.011144056 -9.094947e-13 9.094947e-13 9.094947e-13 -9.094947e-13 9.094947e-13 -9.094947e-13 0 0 0 0 0 0 0 0 0 0 0 0 0 9.094947e-13 0 0.034335474 0.045470063 0.063219165 0.0041182281 3.6379788e-12 -2.7284841e-12 0.032860303 -1.8189894e-12 -9.094947e-13 0 -9.094947e-13 0.038570534 0.036955384 0.056307615 0.24139247 0.16837814 0.16317561 0.29889744 0.16687056 0.31406991 0.36757132 0.61104907 0.52556446 0.42295161 0.29157075 0.12064285 0.27365801 0.13106154 0.24470377 0.44986033 0.16234136 0.23868395 0.20048462 0.17068778 0.096838891
1.8189894e-12 9.094947e-13 0.025038411 0.012074277 0.031566095 9.094947e-13 0 0 -9.094947e-13 0 9.094947e-13 0 0 0 0 0 0 0 0 0 0 0 0 0 0 0.022263334 0.053377074 0 0.034077306 0.013347903 -3.6379788e-12 1.8189894e-12 0.030523987 9.094947e-13 0.025661114 -1.8189894e-12 -9.094947e-13 0.03631769 0.068136434 0.21855231 0.22947008 0.11900044 0.2872319 0.26762795 0.26924141 0.34219818 0.41283217 0.42250274 0.92027694 0.33060024 0.24587602 0.069021147 0.07555793 0.2266818 0.10897324 0.13548427 0.067592177 0.1690952 0.29286709 3.6379788e-12 0.27084762
-2.7284841e-12 0.036146383 0.072263298 0.037064956 9.094947e-13 9.094947e-13 0.04550893 9.094947e-13 9.094947e-13 0.02707906 -9.094947e-13 9.094947e-13 0 -9.094947e-13 0 0 0 0 0 0 0 0 0 0 0 0 1.8189894e-12 0 0.0092795686 2.7284841e-12 9.094947e-13 -9.094947e-13 0.029688853 0 0.01029155 -9.094947e-13 -9.094947e-13 -9.094947e-13 0.019055597 0.18139192 0.03883394 0.20440274 0.047563108 0.22257249 0.28153868 0.17508941 0.41658395 0.37799761 0.34798392 0.21960956 0.030495071 0.14221388 0.2510683 0.077512345 0.14117253 0.25931903 0.13112707 0.22500467 0.35553801 0.28313304 0.20112784
0.044479997 0.038356718 9.094947e-13 0.02675931 0.052195989 9.094947e-13 0.058844632 0.015510824 0.0045568872 0 0.0040667048 -9.094947e-13 0.0068547155 9.094947e-13 0 0 0 0 0 0 0 0 0 0 0 0 0 -9.094947e-13 -1.8189894e-12 3.6379788e-12 -9.094947e-13 0 0.029409884 -9.094947e-13 0.0022289665 9.094947e-13 9.094947e-13 -9.094947e-13 0.09469447 0.060799788 0.031415202 0.13902927 0.263697 0.2039035 0.25513899 0.30163922 0.39867601 0.37966482 0.26811477 0.085195655 0.13366852 0.20541811 0.07302766 0.16222908 0.25833619 0.10936482 0.052619828 0.16273621 0.15528665 0.1886705 0.21047145
0 0.02768554 0.069897335 9.094947e-13 0.085601611 0.040892909 0.027596401 0.014381609 0.019105963 0.0080746551 -1.8189894e-12 0.008863534 0 -9.094947e-13 0 0 0 0 0 0 0 0 0 0 0 0 0 -9.094947e-13 0 0 -9.094947e-13 -1.8189894e-12 0.028026422 0 0 -9.094947e-13 -9.094947e-13 0.045580652 -2.7284841e-12 9.094947e-13 0.13208499 0.27799603 0.16710465 0.14255262 0.14055183 0.19271914 0.32179425 0.39745381 0.12139388 0.051949736 0.11172326 0.12388212 0.18214314 0.25148586 0.15662351 0.12115016 0.16857756 0.11308348 0.32497559 0.13606499 0.29868235
-1.8189894e-12 0.077376212 0.066712706 0.024816788 0.037977138 0.030711978 0.11289588 0 0.0099463333 -9.094947e-13 0.0047054146 0 0 0 0 0.0043505896 -9.094947e-13 0 0 0 0 0 0 0 0 0 0 0 0 0 0 -9.094947e-13 0.023525556 0 0 0 -1.8189894e-12 0.090314534 1.8189894e-12 0.079758412 0.082451424 0.11954076 0.15068791 0.14620775 0.23644438 0.17617477 0.39210903 0.066851021 0.056146144 0.209519 0.13406386 0.086817543 0.10426988 0.1267796 0.12508165 0.066020468 0.19422457 0.23061274 0.20123669 0.22049319 0.12010848
0.088400141 0.014321133 0.033699476 0.10277432 0.050272707 0.083420578 0 0.011236645 0 -9.094947e-13 0 9.094947e-13 1.8189894e-12 0 0 0 0 0 0.023238543 0 0 0 0 0 0 0 0 0 0 960.16105 0 0 0 0.018146176 0 0 9.094947e-13 0.025079654 0.044686382 0.011243402 0.11356023 0.023103455 0.12414418 0.11577101 0.2744853 0.31670516 0.34330919 0.047173988 0.085392793 0.018746044 0.055317072 0.095579944 0.038889806 0.24678505 0.15244382 0.20916971 0.14913348 0.2344071 0.097274062 0.22399014 0.19900192
0.042503391 0.086176785 0.079369714 0.10453771 0.0036498266 0 0.010074377 0 0 0 0 0 0 -9.094947e-13 0 0 0.03113596 0.050785556 0.021097939 0.052866263 -9.094947e-13 9.094947e-13 0 0 0 0 0 0 0 0 0 0 0 0.0090578041 0 0 0.04595598 0.028084124 0.01133163 0.0079428433 0.16637738 0.078194283 0.10732745 0.045618392 0.18635985 0.29880572 0.030121593 0.14693066 0.069821536 0.049474804 0.089878279 0.086786831 0.11192133 0.25633564 0.099871124 0.048099632 0.11664839 0.16455124 0.21784708 0.11127318 0.17189057
0.12678525 0.16276911 0.0086061505 0.050230817 0.054407264 0.0075814495 0.0042271614 0 0 9.094947e-13 -9.094947e-13 9.094947e-13 0.018506221 9.094947e-13 0.040452817 0 -9.094947e-13 0.023157517 0.0098381091 0.049049161 0 -9.094947e-13 9.094947e-13 9.094947e-13 0 0 0 0 0 0 0 0 0 0 0 9.094947e-13 0.011743329 0.026171526 0.053247319 0.038937156 0.15285376 0.039897635 0.12701382 0.11575813 0.074406944 0.12413883 -4.5474735e-12 0.075098582 0.17051435 0.18216794 0.10268153 0.14986296 0.10854792 0.052867294 0.082901052 0.26156195 0.05199505 0.28816892 0.15917917 0.18581393 0.095415752
0.097962918 0.014640197 0.010074374 0.039628643 0.0031808391 9.094947e-13 1.8189894e-12 0.017734818 -9.094947e-13 0 0.033641879 0.013040907 0.019642296 0.053128773 0.018320926 9.094947e-13 0.0018808557 0.048256479 0.090038877 0.069529476 0.062716054 -1.8189894e-12 0 -9.094947e-13 9.094947e-13 0 0 0 0 0 0 0 0 0 0 0 0.0059095198 0.017481452 0.054644195 0.012876679 0.13833675 0.11615499 0.04835044 0.19456609 0.09094223 9.094947e-13 0.13310271 0.030064927 0.11846734 0.067393756 0.032613879 0.032909772 0.091891856 0.053386262 0 0.15557855 0.026132019 0.25936383 0.15479793 0.090468295 0.20314568
0.075950778 0.048477261 0.021215056 0.00065183376 0 0.015503171 9.094947e-13 0 0.040676902 9.094947e-13 0.017177092 -9.094947e-13 0.042413231 0.050779009 0.04384233 0.098399423 0.080849841 0.087599091 0.10041717 0.042195062 0.065018419 0 9.094947e-13 -2.7284841e-12 -1.8189894e-12 0 9.094947e-13 0 0 0 0 0 0 0 0 1.6994367 0 0.0056580125 0.0088451157 0.087016501 0.034074696 0.018749554 0.068520525 0 0.10731097 0.041545765 -9.094947e-13 2.7284841e-12 4.5474735e-12 0.17147354 0.065639929 0.16488991 0.21235951 0.029531889 0.11431505 0.1413045 0.24537979 0.096588541 0.11688133 0.16128307 0.12870663
0.078298469 0.048553727 9.094947e-13 -9.094947e-13 0.027605902 0.14937366 2.4608448 1.6985672 1.6022922 1.0963318 1.0599482 0.77186062 0.77361626 0.9862711 0.66601928 0.6282103 1.3902125 1.1204169 0.089043659 0.047306746 0.054222685 9.094947e-13 -9.094947e-13 -9.094947e-13 9.094947e-13 9.094947e-13 -9.094947e-13 0 0 0 0 0 0 0 0 55.638301 0 0 0.019976601 0.037996849 0.030453694 0.064764601 0.055640725 0.039188214 0.12325307 0.097612786 0.11162264 0.17301251 0.05173917 0.13594019 0.078003957 0.065349674 0.10235204 0.068587085 0.11068107 0.12961412 0.20767087 0.15894679 0.11285566 0.06391354 0.089718849
-9.094947e-13 0 1.5131818 1.4367046 0.88151676 3.7628572 2.4604102 1.8732543 1.0133192 1.3779346 0.90950724 0.85281912 0.86428904 0.73111994 1.7335681 0.47236 0.61087938 0.52599221 0.70600011 0.033196952 0.53017403 1.0395164 0.024984505 0 9.094947e-13 -9.094947e-13 9.094947e-13 0 -9.094947e-13 0 0 9.094947e-13 0 0 0 236.67413 0 0 0.027204122 0.040381174 0.053775676 0.030717565 0.086685469 0.062665086 0.089257386 9.094947e-13 0.11666107 0.035732325 0.033091482 0.092674043 -5.4569682e-12 0.16131814 0.066432189 0.1231308 0.052312969 0.18461594 0.15462629 0.026614835 0.16174041 0.12796847 0.080145081
2.3457717 2.6078864 2.4905581 1.5561311 1.6078455 3.7892961 1.8110686 1.2786845 1.1085669 0.80980652 1.0382824 1.3363318 0.33999222 1.9749118 0.89082806 0.65463237 0.70404355 0.65721761 0.64798007 0.61148605 0.45482758 0.41843719 0.52417833 0.046975518 0.44235963 0.0037333249 9.094947e-13 -9.094947e-13 0 0 0 0 0 0 0 407.32657 17.835849 0 0 0.025443178 0.0082683588 0.031727507 0.073058757 0.087191204 -1.8189894e-12 0.068968438 0.071716018 0.029122129 0.08722137 0.063561647 0.026535905 0.11113395 0.09365002 0.029800133 -4.5474735e-12 0.050691705 0.063960096 0.069043344 0.13047274 0.037264822 0.082921182
6.5422116 4.0415229 2.7010415 3.059142 3.2294684 2.5135556 0.70846987 0.73514641 1.4818756 0.3029798 4.1701993 1.2378409 0.67891437 0.33602005 0.40440119 0.55061121 0.45145602 0.33771534 0.2681712 0.30808275 0.31483754 0.48882946 0.60781356 0.3600774 0.60910867 0.38978657 0.02017334 0 -9.094947e-13 9.094947e-13 0 9.094947e-13 0 0 0 0 1489.2926 0.95568051 176.85437 0 0.0046444266 0.063251481 0.10779632 0.049239588 0.015576996 2.7284841e-12 0.020850496 -1.8189894e-12 0.061405712 0.046341945 0.076199301 0.080175727 0.038525586 0.024293267 0.19916311 0.088714731 0.063904405 0.041781347 0.084229155 0.079981434 9.094947e-13
3.1804387 2.673589 3.8131477 3.0496304 0.33632567 5.2809403 4.0806867 0.39392903 0.6022001 0.2189733 0.55771338 0.53964548 0.91045262 0.56851073 0.40944193 0.35907912 0.12480352 0.16960846 0.26058825 0.15470753 0.11366874 0.084052009 -1.1823431e-11 0.072893852 0.28154444 0.28611676 0.5890343 0.1480646 0.1127788 -1.8189894e-12 9.094947e-13 0.030810941 -9.094947e-13 0 0 -2.8532732e-14 1000.561 1148.7171 508.30962 11.580575 0.033966891 0.078081723 0.013242067 0.047261231 -2.7284841e-12 0 0.02635063 0.068455498 0.11092464 0.10346339 0.061348169 0.075585099 -4.5474735e-12 0.017885635 -2.7284841e-12 0.13501471 0.024823437 0.057471719 0.091329999 0.028205298 3.6379788e-12
0.32042095 2.0831626 1.8552057 2.942748 0.5476909 0.41694295 0.75204825 0.47925161 0.55276188 0.3931523 0.3510681 0.32463709 0.61201657 0.7076324 0.99963474 0.67385312 0.45453565 0.31401662 0.14277528 0.16291137 0.22703695 0.15975367 0.26991313 0.26606567 0.24691716 0.20929904 0.2433495 0.36091933 0.3785368 0.021500498 0.050689888 0.084212926 0 1.8189894e-12 0 1.1390888e-13 216.80738 4220.1842 1296.6844 289.62326 0.012115862 -1.8189894e-12 0.080512777 0.019987887 0.035906185 -4.5474735e-12 0.034586412 -8.1854523e-12 0.013343736 -1.8189894e-12 0.096870038 0.04437092 1.0913936e-11 0.089618035 0.040411604 0.039927601 0.034052601 0 0.022325597 -5.4569682e-12 9.094947e-13
4.1316336 4.6196186 2.8206429 0.85787711 0.096182262 0.38668523 0.20378294 0.2263734 0.34666214 0.23376262 0.39778333 0.53163046 0.21989774 0.28741448 0.35911576 0.48087386 0.88805672 0.92520187 0.80577693 0.50883877 0.27207083 0.40403845 0.257383 0.25967382 0.28617012 0.18355714 0.10520276 0.24687736 0.17315096 0.48249539 0.17901483 0.049265099 0.0013679835 0.022558332 9.094947e-13 -9.094947e-13 33.21404 1587.8363 2946.9731 1219.7019 -9.094947e-13 0 0.032325135 4.5474735e-12 0.032206315 9.094947e-13 0.019082964 -2.7284841e-12 0.050239827 9.094947e-13 0.070753575 9.094947e-13 0.054754442 0.024463199 0.032099996 2.7284841e-12 0.073201723 0.024734021 0.031399856 0.02564436 0.02200005
0.084231224 0.20445786 0.22988611 0.17792814 0.43409794 0.43661229 0.19724078 0.022942024 0.28462938 0.17673723 0.079955619 0.16465951 0.083861146 0.20311932 0.15990821 0.32223627 0.19473169 0.14758635 0.12665113 0.36700311 0.31882317 0.24944595 0.13417116 0.16108254 0.11757885 0.25705821 0.23155297 0.15473953 0.14031764 0.13259855 0.064688029 0.048896935 0.011129221 1.8189894e-12 0 0.033429451 9.094947e-13 385.7233 4589.6276 3915.9852 -9.094947e-13 0.014748196 0.018498209 0.076359957 -9.094947e-13 0.029188556 0.022880044 0.063596683 4.5474735e-12 0.058070538 1.8189894e-12 -9.094947e-13 0.041357775 9.094947e-13 0.085940936 0.04148272 9.094947e-13 5.4569682e-12 -9.094947e-13 0 9.094947e-13
0.18527647 0.12373313 0.081585682 0.20612248 0.28821409 0.22001608 0.19630628 0.054407233 0.061937325 0.06867646 0.17309423 0.12893317 0.068707544 -3.6379788e-12 0 0.046351642 0.039738891 0.080047844 0.09344616 0.03976663 0.079321697 0.10688846 0.18064076 0.15262488 0.24190942 0.076852432 0.049472142 0.10881133 0.063535992 0.10296975 0.050515349 0.10628989 0.117802 0.036153424 -1.8189894e-12 -9.094947e-13 9.094947e-13 -2.7284841e-12 -2.7284841e-12 0.057166566 0.016393284 0 0.0073883087 0.0014642876 -2.7284841e-12 -9.094947e-13 2.7284841e-12 9.094947e-13 -9.094947e-13 0.16267619 0 0.078955043 -3.6379788e-12 0.063789518 0.020444763 0 0 0 0 -1.8189894e-12 0.01623687
0.12421126 0.34364649 0.12347442 0.08602232 0.16637785 0.096820686 0.19868166 0.17299344 0.12667672 0.13094434 0.036126535 0.17713366 0.21977869 0.028255933 0.034200053 1.8189894e-12 -4.5474735e-12 0.044481752 0.035485926 -5.4569682e-12 0.079850794 5.4569682e-12 4.5474735e-12 0.041504692 0.070415375 0.088117505 0.093205438 0.16228455 0.12524559 0.049241375 0.059858385 0.075005898 -1.8189894e-12 0.024189157 -9.094947e-13 9.094947e-13 -9.094947e-13 -9.094947e-13 0.056609397 0.012524455 0.012641445 -1.8189894e-12 0 0.00080620494 0.029952925 0 0.042806309 2.7284841e-12 1.8189894e-12 -4.5474735e-12 -1.8189894e-12 -2.7284841e-12 0.028696167 0.016119903 -2.7284841e-12 0.029258567 4.5474735e-12 0.038471653 -9.094947e-13 -1.8189894e-12 9.094947e-13
0.19455723 0.1809112 0.091885728 0.18465495 0.065685864 0.047926219 0.12597999 0.02679314 0.081369216 0.080076698 0.20561638 0.1493208 0.072409936 0.096569185 0.07573175 0.1486362 0.10144702 0.035837425 9.094947e-13 4.5474735e-12 0.099755951 0.011613048 0.01538839 0.0582842 0.026396032 0.12330924 0.063415155 0.090744896 0.044658208 0.13639168 0.14208593 0.040496637 0.035898791 0.073482797 1.8189894e-12 -1.8189894e-12 1.8189894e-12 0 -9.094947e-13 0 0.005280773 0 0 0.00033405673 9.094947e-13 0 -9.094947e-13 9.094947e-13 1.8189894e-12 -1.8189894e-12 0.012920487 -1.8189894e-12 0.019516288 -1.8189894e-12 -3.6379788e-12 1.8189894e-12 0.022055142 -1.8189894e-12 -9.094947e-13 9.094947e-13 -9.094947e-13
0.048846235 0.026954456 0.036420438 0.024425464 0.066331203 0.062927117 0.13878673 0.059196262 0.16443303 0.12674546 0.087360662 0.12954696 0.11497727 0.22173142 0.14376016 0.11490689 0.13589455 0.11342115 0.090828027 0.10225061 0.045683932 -9.094947e-13 -9.094947e-13 0 0.040088596 0.051265385 0.06488177 0.071584262 8.1854523e-12 9.094947e-13 9.094947e-13 0.080587764 0.11772232 0.089706283 -2.7284841e-12 0.048113161 1.8189894e-12 -2.7284841e-12 0 9.094947e-13 9.094947e-13 1.8189894e-12 0.025892075 0 -9.094947e-13 0.032078489 0 9.094947e-13 0.037869359 -2.7284841e-12 1.8189894e-12 0 0.011397108 0 -9.094947e-13 -9.094947e-13 9.094947e-13 -9.094947e-13 1.8189894e-12 9.094947e-13 0.05355259
0.24294364 0.10692857 0.04455257 0.039299652 0.033718084 0.028913474 0.025946539 0.023732153 0.057494842 0.087709043 0.10393994 0.099525474 0.099818842 0.081039489 0.046940832 0.019541006 9.094947e-13 0.041383992 0.044904045 0.04744634 0.047828629 0.045197716 0.038958829 0.060589037 0.016076172 0.0011768843 2.7284841e-12 0 0 0 0.024574133 0.028900651 0.033675216 0.02705875 0.06222624 0.070945735 9.094947e-13 -9.094947e-13 9.094947e-13 0 0 -1.8189894e-12 0.025466367 0 0 9.094947e-13 1.8189894e-12 1.8189894e-12 -3.6379788e-12 0 2.7284841e-12 0.0076729357 0 -9.094947e-13 -9.094947e-13 0 -9.094947e-13 1.8189894e-12 -1.8189894e-12 0.032077518 0.012982478
0.33049849 0.2870483 0.13786724 0 -9.094947e-13 0.19798535 0.23353378 0.18515299 0.1281497 0.10878459 0.12918478 0.068709248 0.12439733 0.14641884 0.1272359 0.14888055 0.12600011 0.095853007 0.097275525 0.11878755 0.093380978 0.049556342 0.09193201 0.10956339 0.1107702 0.033388311 0.055648722 0.0674802 0.061213475 0.0098762429 0 0 0 0.032109713 0.034228531 0.020808608 0 -9.094947e-13 9.094947e-13 9.094947e-13 0 0 0.010167054 0.00051319024 0 -9.094947e-13 -9.094947e-13 0 9.094947e-13 1.8189894e-12 -9.094947e-13 9.094947e-13 9.094947e-13 0 0 -9.094947e-13 9.094947e-13 -2.7284841e-12 1849.6828 337.76329 1539.3259
