var/www/cgi-bin/fswepp/ravel/160x140.prodgrd.txt
NCOLS 166
NROWS 140
XLLCORNER 428633
YLLCORNER 3785869.6
CELLSIZE 4.2077789
NODATA_VALUE -9999
[rows 108 to 134 of 140, columns 60 to 119 of 166]
-4603.5485 -4603.4874 -4603.485 -4603.5115 -4603.5616 -4603.5805 -4603.6121 -4603.7498 -4605.7931 -4603.405 -4603.405 0 0 0 0 -4603.405 -4605.4155 -4603.6977 -4603.6278 -4603.6185 -4603.6082 -4603.6123 -4603.6182 -4603.6256 -4603.6525 -4603.7209 -4603.8875 -4604.3434 -4605.7892 -4603.405 -4603.405 -4603.405 -4604.0415 -4603.7468 -4603.702 -4603.727 -4603.7745 -4603.9101 -4604.0721 -4604.5433 -4603.405 -4603.405 -4603.405 -4603.405 -4603.405 -4603.9433 -4603.7009 -4603.8765 -4603.405 -4603.405 -4603.5643 -4603.5665 -4603.405 -4603.405 -4603.405 -4603.405 -4603.405 -4603.405 -4603.405 -4603.405
-4603.4698 -4603.4748 -4603.495 -4603.5466 -4603.6203 -4603.6394 -4603.6364 -4603.6826 -4604.1021 -4603.405 -4603.405 0 0 0 0 0 -4603.405 -4604.4289 -4603.83 -4603.5915 -4603.5616 -4603.5926 -4603.6368 -4603.6335 -4603.6554 -4603.7291 -4603.8652 -4604.244 -4603.9969 -4603.8567 -4603.928 -4603.8131 -4603.7229 -4603.6724 -4603.6588 -4603.7655 -4604.3634 -4603.405 -4603.405 0 0 0 0 0 0 0 -4603.405 -4605.536 -4605.7913 -4603.405 -4605.5448 -4603.602 -4603.7309 -4604.0652 -4605.7964 -4603.405 -4605.7995 -4605.1926 -4605.0264 -4605.7858
-4603.4975 -4603.5299 -4603.5539 -4603.5714 -4603.587 -4603.6107 -4603.6451 -4603.6666 -4603.7805 -4605.7996 -4603.405 0 0 0 0 0 -4603.405 -4603.405 -4605.7968 -4603.6115 -4603.5171 -4603.5247 -4603.6128 -4603.6445 -4603.6702 -4603.9429 -4603.9579 -4604.047 -4603.9151 -4603.7413 -4603.7641 -4604.1801 -4603.405 -4603.405 -4603.405 -4603.405 -4603.405 -4603.405 0 0 -4603.405 -4603.405 -4603.405 0 0 0 0 -4604.0107 -4603.6421 -4603.405 -4603.405 -4603.405 -4603.9274 -4603.6208 -4603.6522 -4604.2572 -4605.7865 -4604.8731 -4604.2867 -4604.3347
-4603.5637 -4603.581 -4603.5789 -4603.5772 -4603.5885 -4603.6146 -4603.6695 -4603.7493 -4603.9213 -4605.6522 -4603.405 0 0 0 0 0 0 -4603.405 -4603.405 -4604.7259 -4603.5492 -4603.5013 -4603.5323 -4603.5458 -4603.5411 -4603.6221 -4603.8555 -4605.7856 -4603.405 -4603.405 -4603.405 -4603.405 0 0 0 0 -4603.405 -4603.405 -4603.405 -4603.405 -4605.7898 -4603.405 -4603.405 -4603.405 0 0 0 -4604.3471 -4603.9224 -4603.405 -4603.405 -4603.405 0 -4604.1825 -4603.5384 -4603.5553 -4603.6114 -4603.6639 -4603.7986 -4604.074
-4603.5634 -4603.5653 -4603.5775 -4603.598 -4603.6255 -4603.6648 -4603.7281 -4603.8598 -4604.3481 -4603.405 -4603.405 -4603.405 0 0 0 0 0 0 0 -4603.405 -4605.788 -4603.6049 -4603.5745 -4603.5537 -4603.5369 -4603.5751 -4603.9679 -4603.405 -4603.405 0 0 0 -4603.405 -4603.405 -4603.405 -4603.7157 -4603.5796 -4603.7069 -4604.236 -4603.9308 -4604.1621 -4603.405 -4603.405 -4603.405 -4603.405 -4603.405 -4603.405 -4603.405 -4603.405 -4603.405 -4603.405 0 0 0 -4603.9475 -4603.5684 -4603.519 -4603.5177 -4603.5935 -4603.7933
-4603.5755 -4603.5892 -4603.611 -4603.6405 -4603.6739 -4603.7134 -4603.762 -4603.8253 -4604.0144 -4605.7979 -4603.405 -4603.405 -4603.405 0 0 0 0 0 0 0 -4603.405 -4603.405 -4603.405 -4605.7969 -4604.0129 -4604.0496 -4603.405 -4603.405 -4603.405 -4603.405 -4603.405 -4603.8459 -4603.6432 -4603.6793 -4603.6418 -4603.5583 -4603.5853 -4603.8165 -4603.8473 -4603.7288 -4603.8616 -4605.4985 -4603.405 -4603.405 -4603.405 -4603.405 -4603.405 -4603.405 -4603.405 -4603.405 0 0 0 0 0 -4603.405 -4603.7243 -4603.5552 -4603.6152 -4603.6474
-4603.5877 -4603.6066 -4603.6335 -4603.6665 -4603.6965 -4603.724 -4603.7431 -4603.7515 -4603.8114 -4604.3809 -4603.405 -4604.7985 -4603.405 0 0 0 0 -4603.405 -4603.405 -4603.405 -4604.7623 -4603.405 -4603.405 -4604.4292 -4603.96 -4604.1486 -4604.3514 -4603.8043 -4603.7215 -4603.7245 -4603.5999 -4603.5498 -4603.5688 -4603.631 -4603.6598 -4603.6798 -4603.8172 -4603.7741 -4603.6295 -4603.6209 -4603.7137 -4604.1193 -4605.7962 -4603.405 -4603.405 -4605.7953 -4604.1488 -4604.5218 -4605.0986 -4603.405 -4603.405 -4603.405 -4603.405 0 0 0 -4604.7806 -4604.7093 -4603.405 -4603.8693
-4603.5859 -4603.6072 -4603.6382 -4603.677 -4603.7092 -4603.7287 -4603.7226 -4603.7018 -4603.7272 -4603.9128 -4604.0421 -4603.8169 -4603.405 0 0 -4603.405 -4603.405 -4603.405 -4603.7675 -4603.6068 -4603.5874 -4603.5872 -4603.5667 -4603.5623 -4603.5927 -4603.6052 -4603.5802 -4603.5445 -4603.5554 -4603.6097 -4603.5846 -4603.5818 -4603.6604 -4603.6931 -4603.6726 -4603.6769 -4603.6714 -4603.6148 -4603.5858 -4603.6207 -4603.7105 -4603.854 -4604.0914 -4604.9542 -4603.405 -4605.795 -4604.2916 -4604.0599 -4603.9363 -4604.1716 -4603.405 -4605.7986 -4603.405 -4603.405 0 -4603.405 -4603.405 -4603.405 0 -4603.405
-4603.5929 -4603.6189 -4603.6577 -4603.7054 -4603.7342 -4603.7294 -4603.6907 -4603.657 -4603.6606 -4603.7069 -4603.8701 -4603.9387 -4603.405 0 -4603.405 -4603.405 -4603.405 -4603.9654 -4603.6113 -4603.581 -4603.5998 -4603.5783 -4603.553 -4603.5526 -4603.5513 -4603.5374 -4603.547 -4603.5615 -4603.5786 -4603.6459 -4603.6005 -4603.5867 -4603.6251 -4603.6126 -4603.5994 -4603.593 -4603.5873 -4603.5828 -4603.5923 -4603.6306 -4603.6901 -4603.7592 -4603.8625 -4604.0636 -4604.3088 -4604.9934 -4603.405 -4603.405 -4605.7923 -4605.7938 -4603.405 -4605.7881 -4603.405 -4603.405 -4603.405 -4603.405 -4603.405 0 0 -4603.405
-4603.6153 -4603.6542 -4603.7119 -4603.7737 -4603.7754 -4603.7181 -4603.6527 -4603.6115 -4603.5813 -4603.6263 -4604.082 -4604.9076 -4603.405 0 -4603.405 -4603.405 -4603.405 -4604.0027 -4603.6636 -4603.676 -4603.6899 -4603.6448 -4603.6289 -4603.6018 -4603.5606 -4603.5405 -4603.5619 -4603.5851 -4603.574 -4603.5884 -4603.5587 -4603.5503 -4603.567 -4603.5677 -4603.5707 -4603.5748 -4603.579 -4603.5845 -4603.5984 -4603.6263 -4603.6703 -4603.7337 -4603.8254 -4603.9184 -4603.9588 -4604.2314 -4605.7928 -4603.405 -4605.7927 -4603.405 -4603.405 -4603.405 -4605.7913 -4603.9101 -4603.7571 -4603.745 -4604.2189 -4603.405 -4603.405 -4603.405
-4603.6616 -4603.7288 -4603.8251 -4603.8941 -4603.8126 -4603.6942 -4603.6149 -4603.585 -4603.5519 -4603.6031 -4604.0524 -4603.405 0 -4603.405 -4603.405 -4603.405 -4603.405 -4604.0892 -4603.7429 -4603.7883 -4603.6886 -4603.6479 -4603.6365 -4603.6095 -4603.5795 -4603.5627 -4603.5792 -4603.5673 -4603.5372 -4603.5332 -4603.529 -4603.5399 -4603.5571 -4603.5635 -4603.5713 -4603.5793 -4603.5859 -4603.5911 -4603.605 -4603.6357 -4603.6848 -4603.7571 -4603.8665 -4603.9921 -4604.1279 -4604.4457 -4604.9263 -4604.879 -4605.7927 -4603.405 -4603.405 -4603.405 -4605.7932 -4604.139 -4603.8019 -4603.7015 -4603.7563 -4603.8968 -4604.1244 -4603.9654
-4603.7505 -4603.868 -4604.0035 -4603.9862 -4603.7902 -4603.6592 -4603.5655 -4603.5497 -4603.556 -4603.5994 -4603.7831 -4603.405 0 -4603.405 -4603.405 -4603.405 -4603.405 -4603.957 -4603.7914 -4603.8047 -4603.6704 -4603.6329 -4603.6179 -4603.6024 -4603.5863 -4603.5712 -4603.58 -4603.5446 -4603.5137 -4603.5225 -4603.5351 -4603.5448 -4603.5603 -4603.5723 -4603.5828 -4603.5939 -4603.603 -4603.6107 -4603.6295 -4603.6699 -4603.7374 -4603.8429 -4604.0099 -4604.3411 -4604.8721 -4605.2542 -4603.405 -4603.405 -4603.405 -4603.405 -4603.405 -4603.405 -4603.405 -4603.405 -4605.7903 -4604.6786 -4604.5266 -4603.7921 -4603.6314 -4603.642
-4603.9393 -4604.0982 -4604.1292 -4603.9267 -4603.7226 -4603.6221 -4603.5425 -4603.5222 -4603.5496 -4603.5928 -4603.7038 -4603.405 0 -4603.405 -4603.405 0 -4603.405 -4603.9195 -4604.0472 -4603.8363 -4603.6925 -4603.6536 -4603.6431 -4603.6229 -4603.5993 -4603.583 -4603.5757 -4603.5374 -4603.5241 -4603.5541 -4603.5493 -4603.5392 -4603.5697 -4603.5963 -4603.6086 -4603.6249 -4603.6389 -4603.6525 -4603.6848 -4603.7532 -4603.8775 -4604.1065 -4604.5992 -4605.7897 -4603.405 -4603.405 -4603.405 -4603.405 -4603.405 -4603.405 -4603.405 -4603.405 -4603.405 -4603.405 -4605.8 -4605.8021 -4605.7964 -4604.2026 -4603.8443 -4604.081
-4604.4326 -4604.3836 -4604.09 -4603.8188 -4603.6653 -4603.5931 -4603.5471 -4603.5197 -4603.5419 -4603.5951 -4603.679 -4603.405 0 -4603.405 -4603.405 -4603.405 -4603.405 -4604.6237 -4604.479 -4603.9435 -4603.7224 -4603.6817 -4603.6831 -4603.6641 -4603.6348 -4603.6143 -4603.5897 -4603.5593 -4603.5609 -4603.5846 -4603.5545 -4603.5536 -4603.6066 -4603.6389 -4603.6602 -4603.6865 -4603.709 -4603.7337 -4603.7965 -4603.9446 -4604.3009 -4605.5499 -4603.405 -4603.405 -4603.405 -4603.405 -4603.405 -4603.405 -4603.405 -4603.405 -4603.405 -4603.405 -4603.405 -4605.7885 -4604.945 -4604.6114 -4604.5065 -4604.5936 -4605.7989 -4603.405
-4605.4054 -4604.3883 -4603.9504 -4603.7345 -4603.6268 -4603.5743 -4603.5489 -4603.5343 -4603.571 -4603.6664 -4603.7085 -4603.405 0 -4603.405 0 -4603.405 -4603.405 -4603.405 -4603.405 -4604.0557 -4603.7013 -4603.6824 -4603.722 -4603.7078 -4603.6761 -4603.6514 -4603.6179 -4603.5911 -4603.5892 -4603.5956 -4603.5896 -4603.6126 -4603.6668 -4603.6973 -4603.7303 -4603.7617 -4603.788 -4603.8258 -4603.9385 -4604.2524 -4605.4141 -4603.405 -4603.405 -4603.405 -4603.405 -4603.405 -4603.405 -4603.405 -4603.405 -4603.405 -4603.405 -4603.405 -4605.7886 -4604.3692 -4604.2425 -4604.0866 -4603.9904 -4603.9462 -4603.9465 -4603.8712
-4604.9794 -4604.083 -4603.8081 -4603.6714 -4603.599 -4603.5616 -4603.544 -4603.553 -4603.6445 -4604.2294 -4604.3519 -4603.405 0 -4603.405 0 0 -4603.405 -4603.405 -4603.405 -4603.6868 -4603.6405 -4603.6607 -4603.7155 -4603.7328 -4603.7051 -4603.6823 -4603.6444 -4603.6144 -4603.6167 -4603.6321 -4603.6445 -4603.6674 -4603.7127 -4603.7638 -4603.8004 -4603.831 -4603.8613 -4603.9201 -4604.1064 -4604.696 -4605.7938 -4603.405 -4603.405 -4603.405 -4603.405 -4603.405 -4603.405 -4603.405 -4603.405 -4603.405 -4603.405 -4605.0657 -4604.0324 -4604.0795 -4604.185 -4604.0162 -4603.9048 -4603.8279 -4603.7423 -4603.6746
-4604.2089 -4603.8535 -4603.7111 -4603.6281 -4603.5798 -4603.5531 -4603.5434 -4603.569 -4603.7272 -4605.793 -4603.405 -4603.405 0 0 0 0 0 -4603.405 -4605.7936 -4603.5949 -4603.6347 -4603.6378 -4603.6627 -4603.7604 -4603.7341 -4603.7149 -4603.6707 -4603.641 -4603.6499 -4603.6715 -4603.6908 -4603.7294 -4603.8139 -4603.9208 -4603.9962 -4604.0512 -4604.1157 -4604.2582 -4604.7993 -4605.7947 -4603.405 -4603.405 -4603.405 -4603.405 -4603.405 -4603.405 -4603.405 -4603.405 -4603.405 -4605.7884 -4604.7536 -4604.1398 -4603.887 -4603.9906 -4604.1146 -4603.9777 -4603.8855 -4603.8085 -4603.7791 -4603.8177
-4603.8764 -4603.7298 -4603.6529 -4603.6006 -4603.5675 -4603.5483 -4603.5459 -4603.587 -4603.7538 -4604.0285 -4605.7915 0 0 -4603.405 0 0 0 -4603.405 -4603.8426 -4603.5975 -4603.6456 -4603.6582 -4603.6689 -4603.771 -4603.7657 -4603.7508 -4603.6966 -4603.6687 -4603.6891 -4603.7321 -4603.7938 -4603.9158 -4604.2495 -4605.0501 -4605.7858 -4605.7877 -4605.7907 -4605.7982 -4603.405 -4603.405 -4603.405 -4603.405 -4603.405 -4603.405 -4603.405 -4603.405 -4605.7976 -4604.3314 -4604.1156 -4604.2608 -4604.2265 -4604.0175 -4603.8444 -4603.8895 -4603.9423 -4603.8799 -4603.8484 -4603.8025 -4603.8104 -4603.8194
-4603.7287 -4603.6589 -4603.6141 -4603.5803 -4603.5579 -4603.5448 -4603.5512 -4603.6008 -4603.6789 -4603.7133 -4603.405 0 0 -4603.405 0 0 0 -4603.405 -4603.6436 -4603.6052 -4603.7365 -4603.7146 -4603.7075 -4603.7402 -4603.7461 -4603.7587 -4603.707 -4603.6767 -4603.7119 -4603.7967 -4604.0008 -4604.6847 -4603.405 -4603.405 -4603.405 -4603.405 -4603.405 -4603.405 -4603.405 -4603.405 -4603.405 -4603.405 -4603.405 -4603.405 -4603.405 -4604.5686 -4603.9459 -4603.7748 -4603.7679 -4603.859 -4603.9384 -4603.9352 -4603.8324 -4603.9451 -4604.1534 -4603.9977 -4603.8663 -4603.7976 -4603.7447 -4603.6751
-4603.6496 -4603.6129 -4603.5853 -4603.5635 -4603.5494 -4603.5425 -4603.5534 -4603.5916 -4603.6383 -4603.7839 -4603.405 0 -4603.405 0 0 0 0 -4603.405 -4603.6935 -4603.6616 -4603.8155 -4603.7223 -4603.7369 -4603.731 -4603.7423 -4603.7107 -4603.6684 -4603.6651 -4603.7065 -4603.8283 -4604.3162 -4603.405 -4603.405 -4603.405 -4603.405 -4603.405 -4603.405 -4603.405 -4603.405 -4603.405 -4603.405 -4603.405 -4603.405 -4603.405 -4603.405 -4605.7965 -4603.9812 -4603.8574 -4603.8242 -4603.7547 -4603.8072 -4603.9388 -4603.9626 -4604.9081 -4605.8014 -4604.5312 -4603.9446 -4603.8172 -4603.7479 -4603.7053
-4603.6032 -4603.5837 -4603.5675 -4603.5543 -4603.5465 -4603.5473 -4603.5508 -4603.5803 -4603.7066 -4605.7886 0 0 -4603.405 0 0 0 0 0 -4603.405 -4603.6612 -4603.5399 -4603.6122 -4603.8396 -4603.8975 -4603.9277 -4603.5992 -4603.5658 -4603.6241 -4603.6842 -4603.8108 -4604.4616 -4603.405 -4603.405 -4603.405 -4603.405 -4603.405 -4603.405 -4603.405 -4603.405 -4603.405 -4603.405 -4603.405 -4603.405 -4603.405 -4603.405 -4603.405 -4605.7998 -4604.6631 -4604.1647 -4603.9566 -4604.0426 -4604.2348 -4604.3493 -4604.9095 -4604.32 -4603.9888 -4603.8694 -4603.8188 -4603.8006 -4603.8197
-4603.5775 -4603.5687 -4603.5567 -4603.5476 -4603.5466 -4603.5517 -4603.5476 -4603.5885 -4603.9925 -4603.405 0 0 -4603.405 0 0 0 0 0 0 -4603.405 -4603.5019 -4603.5265 -4603.8703 -4603.405 -4603.405 -4603.5699 -4603.509 -4603.5647 -4603.6611 -4603.7601 -4604.2003 -4605.7978 -4603.405 -4603.405 -4603.405 -4603.405 -4603.405 -4603.405 -4603.405 -4603.405 -4603.405 -4603.405 -4603.405 -4603.405 -4603.405 -4603.405 -4603.405 -4603.405 -4605.096 -4605.3904 -4605.7867 -4604.6768 -4604.0895 -4603.7778 -4603.6959 -4603.749 -4603.7341 -4603.7419 -4603.839 -4603.8938
-4603.5628 -4603.5613 -4603.5473 -4603.5346 -4603.5368 -4603.5353 -4603.5404 -4603.626 -4605.7961 0 0 -4603.405 -4603.405 -4603.405 -4603.405 -4603.405 -4603.405 -4603.405 -4603.405 -4603.405 -4603.6005 -4603.5097 -4603.7157 -4603.405 -4603.405 -4603.611 -4603.5041 -4603.5458 -4603.6512 -4603.7194 -4603.9633 -4604.6803 -4605.7881 -4603.405 -4603.405 -4605.7992 -4605.7862 -4605.7976 -4603.405 -4603.405 -4603.405 -4603.405 -4603.405 -4603.405 -4603.405 -4603.405 -4603.405 -4603.405 -4603.405 -4605.7869 -4604.9637 -4604.5512 -4603.9801 -4603.7333 -4603.7285 -4603.7741 -4603.7021 -4603.7202 -4603.91 -4604.0371
-4603.5546 -4603.5567 -4603.5463 -4603.5315 -4603.5289 -4603.526 -4603.5522 -4603.8056 -4603.405 0 -4603.405 -4605.7939 -4603.405 -4603.405 -4603.405 -4603.405 -4603.405 -4603.405 -4603.405 -4603.405 -4603.405 -4603.6541 -4603.7697 -4604.3438 -4604.263 -4603.5881 -4603.5435 -4603.5819 -4603.6685 -4603.7247 -4603.8958 -4604.145 -4604.2428 -4604.4992 -4604.6693 -4604.2094 -4604.3057 -4604.2985 -4604.0355 -4605.7984 -4603.405 -4603.405 -4603.405 -4603.405 -4603.405 -4603.405 -4603.405 -4603.405 -4603.405 -4603.405 -4605.7954 -4605.7864 -4604.3638 -4604.0389 -4604.007 -4603.9154 -4603.7417 -4603.7564 -4603.9978 -4604.1884
-4603.554 -4603.5595 -4603.5591 -4603.5587 -4603.541 -4603.5399 -4603.6455 -4603.405 0 -4603.405 -4604.1651 -4603.405 -4603.405 -4603.405 -4603.405 -4603.405 -4603.405 -4603.405 -4603.405 -4603.405 -4603.405 -4603.405 -4603.405 -4603.405 -4603.5879 -4603.5484 -4603.6769 -4603.6957 -4603.7279 -4603.8151 -4604.0669 -4603.8628 -4603.6932 -4603.6651 -4603.674 -4603.6606 -4603.7476 -4604.0232 -4603.6892 -4603.7555 -4603.405 -4603.405 -4603.405 -4603.405 -4603.405 -4603.405 -4603.405 -4603.405 -4603.405 -4603.405 -4603.405 -4604.2635 -4603.8882 -4603.8434 -4603.8367 -4603.8493 -4603.7598 -4603.7701 -4603.9309 -4604.0641
-4603.5616 -4603.5743 -4603.581 -4603.6197 -4603.5828 -4603.5754 -4604.0792 -4603.405 -4603.405 -4603.405 -4603.405 -4603.405 -4603.405 -4603.405 -4603.405 -4603.405 -4603.405 -4605.7974 -4603.405 -4603.405 -4603.405 -4603.405 -4603.405 -4603.405 -4603.6402 -4603.5458 -4603.8454 -4604.0896 -4603.7756 -4603.9284 -4605.0697 -4603.876 -4603.6213 -4603.5855 -4603.5946 -4603.5977 -4603.6106 -4603.7994 -4603.6302 -4603.6044 -4605.8007 -4603.405 -4605.7943 -4604.2448 -4605.7891 -4603.405 -4603.405 -4603.405 -4603.405 -4603.405 -4605.7509 -4603.9325 -4603.7599 -4603.7169 -4603.7129 -4603.7279 -4603.7194 -4603.7364 -4603.8042 -4603.871
-4603.5687 -4603.5822 -4603.5924 -4603.65 -4603.6801 -4603.7383 -4603.405 0 0 0 0 0 -4603.405 -4603.405 -4603.405 -4603.405 -4605.646 -4605.7961 -4603.405 -4603.405 -4603.405 -4603.405 -4603.405 -4603.405 -4603.405 -4603.713 -4603.8732 -4604.4505 -4603.7453 -4603.8149 -4605.7896 -4605.8013 -4603.8246 -4603.6163 -4603.5896 -4603.6554 -4603.7032 -4603.6508 -4603.5718 -4603.6167 -4603.8082 -4604.1371 -4605.3941 -4603.8988 -4604.19 -4603.405 -4603.405 -4603.405 -4603.405 -4603.405 -4605.7904 -4604.2356 -4603.9234 -4603.7988 -4603.7368 -4603.7076 -4603.6959 -4603.7098 -4603.7541 -4603.7931
