var/www/cgi-bin/fswepp/ravel/160x140.depgrd.txt
NCOLS 166
NROWS 140
XLLCORNER 428633
YLLCORNER 3785869.6
CELLSIZE 4.2077789
NODATA_VALUE -9999
[rows 108 to 134 of 140, columns 61 to 121 of 166]
-4.5474735e-12 -9.094947e-13 -9.094947e-13 0.1626396 0.16667285 0.22539678 0.094333488 0.043071115 0.52780339 0.22477137 0 8830.7167 6792.6588 9057.071 0.12236478 0.067495631 0.059347476 0.093890985 0.090670565 0.32921114 0.14564542 0.20447608 0.15790822 0.14281842 0.1962259 0.14519496 0.29644433 0.29191928 0.19749333 1.5583446 21.578703 16.617355 12.752924 17.4067 12.222809 13.318623 11.126858 12.039439 12.223151 13.613745 15.916746 1475.6342 1.0653955 1.4667369 1.2428771 0.59962192 0.69211468 0.615585 0.41331394 0.25617854 0.37050706 0.5670704 0.78038866 0.4551055 0.44394583 0.30620142 0.32092385 0.3417836 0.33154553 0.28847689 0.22450958
9.094947e-13 0 -9.094947e-13 0.26240212 0.04880893 0.19653926 0.10896926 0.16062948 -1.8189894e-12 0.013144054 0 7192.8551 5787.4526 7218.4253 0.22995538 0.26438381 0.19916725 0.28541495 0.37150581 0.35833784 0.22285577 0.18277074 0.22697282 0.19226264 0.21473709 0.98766268 19.674607 16.793568 16.057813 16.552119 14.297929 10.725631 9.920748 5.3058066 7.7814278 10.951206 12.551307 17.798969 77833.736 63507.916 95590.092 35907.683 93085.335 363620.05 264878.26 2.2935051 0.82847514 0.34956322 0 0.66558515 0.63638691 0.26242687 0.10808644 0.44715112 0.43883928 0.76405073 0.79871326 0.60073881 0.56370936 0.61595444 0.61689099
0.18083925 0.26634761 0.18084424 0.1213978 0.16090396 0.18114433 0.071154393 0.033179055 0.0056922569 1.8189894e-12 0.13711642 6631.7748 3921.0819 18148.899 3494.0585 0.084615786 0.21803584 0.18116206 0.14537188 1.5829149 4.4083152 3.6342814 5.4795861 9.7516437 12.423309 35.275109 21.001243 18.081127 11.964048 17.565272 15.061331 14.811917 119.02362 10.760515 9.3545042 12.707073 9.9247188 207977.65 85050.805 17.122812 8.6209631 8.7142443 9.0306137 24990.052 30935.09 23409.014 7.0393414 1.1774476 1.1936849 0.22653528 0.38023146 0.35025059 0.57877792 0.6404426 0.57875116 0.55995679 0.49625079 0.59577228 0.28598557 0.36666262 0.1022075
0.16810307 0.17242657 0.12393846 0.10467289 0.22894229 0.0075020743 0.042533529 0.0025584414 0 0.031386011 0.082549751 4605.2585 2630.6107 11478.074 5760.3141 0.15814315 0.22468148 0.16997605 4.500462 8.0220187 8.5116877 20.149393 26.168013 43.27314 31.819947 14.546312 16.174343 18.609544 20.340993 18.115869 15.280984 37842.278 225671.4 160205.17 14575.23 37.453314 14.475309 20.247609 27.40107 22.376089 20.579349 9.9525755 6.2055645 13145.946 8766.6957 3431.7622 11.688664 19.889671 0.14587429 0.31192717 0 0.51629414 0.60221203 0.4696304 0.3778492 0.2479555 0.56731713 0.29630199 0.41452565 0.28410065 0.26363615
0.18708975 0.24568987 0.048729297 0.1695912 0.032315755 0.0090165651 0.0014971304 3.6379788e-12 0.028753481 0.039001282 0.16395276 2.1803887 2383.8618 112038.61 1884318.8 50660.463 7278.3381 470.22925 10.899658 16.635578 29.996408 52.553266 34.937647 17.153048 13.119757 9.0549097 7.2788028 9.6327883 6553.6107 47247.797 43141.354 0.53548841 0.98634581 1.8965929 0.86371242 2.4340417 7.9457824 12.952413 18.074916 26.392601 21.790138 16.570055 11.343243 6.5827837 8.3451596 9.1986107 10.107174 13.810315 12.176475 18.600526 52510.165 196814.63 28307.275 0.80445768 3.3472949 2.063858 4.7032493 5.3979405 6.0577543 10.36451 6.0847513
0.25952463 0.10488132 3.6379788e-12 0.035183523 4.5474735e-12 1.8189894e-12 0 0.049789087 0.042779195 0.050289678 0.23410576 2.3063841 651723.48 5588584.1 47941.033 30090.319 16741.431 7337.7231 12.974777 0.25155787 27.142827 29.979577 18.212079 10.207308 10.531314 11.936544 1.7286811 31.810835 0.44231935 527.3613 0.15636041 0.12556142 0.19692968 0.5053375 0.64017034 0.66319297 1.5632161 6.5722193 13.49051 16.704038 24.908846 18.311314 15.098754 11.556077 9.0160875 9.5132992 9.5172969 9.5629456 9.6736308 6.5779481 51762.405 104742.43 13837.971 3837.1205 6.5037625 6.4451549 6.4016988 7.5936038 5.2423916 7.886905 4.8344439
0.18549833 0.049062027 0.036143195 -3.6379788e-12 0.0048267611 4.5474735e-12 0.038182122 0.049352434 0.119274 0.04469098 0.30954621 1.6610355 77991.068 87337.397 3972.7142 11.12343 11.725569 11.842905 10.429738 9.0558643 9.6491743 9.4557757 14.262207 23.8832 32.336488 1.8358075 0.092586254 0.056855688 0.043527655 0.19740799 0.13637109 0.12235625 0.17353135 0.18355667 0.31179005 0.18810737 0.50303103 1.2695466 5.9788704 18.35038 22.062609 22.341991 19.98229 13.962584 7.3313395 6.2045478 7.9137461 8.4951847 7.314238 8.7510747 12.491656 13.448138 0.21196841 7206.1295 0.29520054 0.80935278 7.5559496 5.0358987 6.5047321 6.0107615 4.1000928
0.010477163 5.4569682e-12 0.023661012 -1.8189894e-12 0.0065832566 0.015984325 0.048576048 0.06064749 0.078785316 -6.3664629e-12 1.0099574 1.2691831 19363.984 13699.45 0.075323324 0.17398304 0.074821841 0.11267097 0.10996278 0.14653828 0.077181145 0.18357397 0.076041954 0.17174099 0.14955921 0.15302884 0.10411677 0.062711273 0.15150783 0.033155722 0.18311074 0.18976266 0.21143982 0.014614869 0.094789467 0.13614494 0.034531695 0.079795278 0.28910426 2.8721809 13.479132 21.195576 15.742094 16.433405 20.738003 11.093899 5.4846249 3.9634676 5.2000492 7.920299 9.8935148 8.1616771 8.2221217 7.0745946 8.8511234 0.846062 3.8360409 29520.796 6.0472455 5.4892771 4.4761806
0.022720563 -2.7284841e-12 1.8189894e-12 0.016228138 0.024511971 0.096636527 0.039189993 0.018348007 0.11745274 0.077939611 1.3158566 1.1398462 149405.28 0.12545297 0.18585882 0.099209008 0.22926887 0.1104684 0.078584501 0.094660915 0.11351051 0.051646956 0.10370307 0.090594564 0.15573651 0.096199255 0.073857835 0.062210647 0.031696588 0.058359871 0.016485062 0.16494983 0.14087076 0.10435217 0.18441972 0.19372943 0.13157165 0.15808814 0.13272113 0.079636139 0.5298028 7.5248143 18.08329 14.785385 18.456489 15.392318 11.369226 6.2542249 5.3707526 4.6125464 4.6912662 4.513014 4.9519302 5.9844978 7.2401191 9.6318809 7948.2302 11880.038 9.9931485 10.920068 9.9770152
0.00330029 0.045457502 0.030019107 0.069950375 0.046257913 1.8189894e-12 0.076052033 0.043193001 0.027592705 0.065868122 1.4932657 1.7197116 13477.141 0.36793371 0.38270588 0.27496628 0.12259956 0.08150303 0.091156754 0.056928062 0.14218135 0.12394275 0.069100029 0.095612796 0.13620122 0.040348045 0.10435022 0.12910452 0.045390107 0.023978306 0.08813354 0.016651891 0.14849928 0.028578989 0.17485593 0.16608971 0.21468133 0.046794761 0.082516468 0.035242103 0.092682594 0.069611917 0.079397753 0.071718622 0.43609351 0.55086398 0.3572839 0.45772196 0.21253584 0.44462915 0.60135933 0.68735647 0.8644351 0.65652778 1.0150483 1.3373157 0.75542854 1.4760703 1.0770334 0.53924747 0.51149952
0 0.049312814 0.062686215 0.027670926 -9.094947e-13 0.005963103 4.5474735e-12 0.10571011 0.063450573 0.043761574 1.9226899 9482.7997 0.40198806 0.338355 0.12259658 0.058660326 0.18285642 0 0.1332157 0.033436924 0.080552482 0.055568828 0.089487392 0.047214289 0.050173536 0.093281645 0.037051479 0.060762211 0.059442982 0.0048096746 0.046199777 0.0080483896 0.067509661 0.061108973 0.062480485 0.052109875 0.096521124 0.080881316 0.12901486 0.14233033 0.096541488 0.052006885 0.092688975 0.12677076 0.24753083 0.41129593 0.43411506 0.4218706 1.0913936e-11 0.063820652 0.34829496 0.73884306 0.75851484 0.53862679 0.8560475 0.39079344 -6.3664629e-12 1.0084695 1.3048174 0.36020034 0.70322458
0.015227959 0.038226464 0 0.035799049 0.036348213 0.027548179 0.012671784 -5.4569682e-12 0.067934732 0.09967174 1.7647778 60738.034 0.13201413 0.10887404 0.29704321 0.22819953 0.15349686 0.14827621 0.059487104 0.0995157 0.082216499 0.026888211 0.062895334 0.17936578 0.11214544 0.089877288 0.036175232 0.056457715 0.044345275 0.089557315 0.0011184712 0.026324062 1.8189894e-12 0.088301186 0.14189154 0.13008695 0.16190208 0.14737658 0.11492008 0.054884467 0.056034178 0.01030595 0.062934603 0.061284884 0.031167298 0.14285619 0.80891303 0.2713353 -4.5474735e-12 0.23162928 0.20263058 0.44603985 0.56155069 0.49610749 0.39564684 0.53859277 0.64916515 1.3026644 1.1902729 0.92064788 0.74970877
-9.094947e-13 0 1.8189894e-12 0.0015524423 9.094947e-13 0.046791723 0.18329674 0.17327574 0.19910121 0.1606752 1.7875465 107768.33 0.19290422 0.17416659 2785.7729 0.23384096 0.16210779 0.05421723 0.12412969 0.13494091 0.099618833 0.051273558 0.032277801 0.089981007 0.060264444 0.17905881 0.075554807 0.059589646 0.091495668 0.06443971 0.12005635 0.015106186 0.033340518 -2.7284841e-12 0.034726626 0.047078143 0.12127492 0.091641591 0.039879936 0.12429408 0.065090789 0.11358543 0.088916742 0.13645908 0.09322203 0.096765387 0.31993222 0.23415862 0.3229945 0.12084898 0.10194872 0.3729918 0.52370279 0.54397352 0.57813233 0.7104444 0.45297363 0.40094342 0.88433601 1.9647704 1.0741835
3.6379788e-12 9.094947e-13 0.041675033 0.21420299 0.20673173 0.082949619 0.069884435 -3.6379788e-12 0.0096687181 4.5474735e-12 2.2131997 38936.253 0.20062713 0.099463992 0.15786023 0.16425823 0.17233337 0.13004731 0.034936047 0.10491281 0.058535035 0.071200168 0.10066966 0.03907924 0.11178883 0.042759984 0.12302027 0.16757357 -2.7284841e-12 0.031930937 0.04760551 0.042454317 0.027126121 1.8189894e-12 0.048529488 0.017135246 1.8189894e-12 0.11529097 0.14202259 0.15979886 0.15604437 0.045626473 -9.094947e-13 0.089640592 0.21733414 0.23862118 0.099318176 0.21031483 0.22894693 0.15577725 0.12649589 0.1010197 0.22550825 0.31029341 0.56527524 0.64962815 0.31220907 0.50203967 0.41469266 1.0994052 1.2854129
0.07751735 0.20984296 0.065648273 0.10831485 0.09534939 0.085794718 0.12843804 0.074295753 0.065227793 0.091408283 3.3990687 3400.5635 0.21035934 3982.1164 0.21125687 0.14748809 0.050177578 0.018639201 0.20408981 0.023650543 0.072480061 0.057920535 0.059578128 0.07355273 0.083143097 0.061310735 0.068302067 0.06273767 0.15353744 0.14955759 0.003316216 0.039976926 0.070888284 0.050191312 9.094947e-13 -9.094947e-13 0.037906945 0.023856861 0.15669562 9.094947e-13 0.068940564 0.073997099 0.056125151 3.6379788e-12 0 0.22687472 0.39410914 0.043902477 0.034841024 0.040183458 0.095789903 0.085830385 0.2651108 0.29515485 0.29432361 0.66669889 0.43468313 0.35453947 0.26752834 0.59451699 1.0750534
3.6379788e-12 0.011262053 0.029060729 -2.7284841e-12 6.3664629e-12 0.068501142 0.13225397 0.064575637 0.092593232 0.085883058 2.2559457 70453.281 0.067080062 3542.2562 0.3086432 0.18158738 0.25271719 0.055115884 0.025844338 0.12421606 0.053450513 0.13842256 0.014606824 0.14314899 0.064370812 0.011516644 0.064636586 0.046144968 0.013334626 0.055062101 0.10663046 0.055083314 0.067305989 0.10018177 1.8189894e-12 0.010951283 -9.094947e-13 0.016176094 -6.3664629e-12 0.067598652 0.22037127 0.1068806 0.044538706 4.5474735e-12 0.18843124 0.2310321 0.06772629 0.00067631187 0.053046019 1.8189894e-12 0.10730727 0.18310043 0.10563158 0.10886715 0.18395563 0.28831161 0.71470114 0.52470558 0.32637582 0.13996207 0.78716069
0.036699616 -6.3664629e-12 -9.094947e-13 3.6379788e-12 9.094947e-13 9.094947e-13 2.7284841e-12 0.15106665 0.1423303 0.12727485 0.10522431 61814.83 0.27303985 0.14287727 4012.2631 0.044272417 0.32107817 0.17532588 0.12790623 0 0.017052339 0.14135446 6.3664629e-12 0.086847828 0.092795689 0.053391066 0.10805516 0.0054832072 0.07854707 0.035821504 0.015855174 1.8189894e-12 0.090615918 0.048098406 0.028001645 -1.8189894e-12 0 0 0.01433719 2.7284841e-12 -1.8189894e-12 0.037787167 3.6379788e-12 0.042213759 0.15086325 0.17246324 0.00029806215 0.09279513 0.13855569 -3.6379788e-12 0.056829652 0.025921231 0.075242262 0.20550771 0.071733792 0.066285726 0.40803327 0.88915177 0.25909829 0.37037608 0.27531871
0.023749121 0 0 9.094947e-13 0 0 0.041277683 0.048063717 0.10144941 0.072910032 351752.73 55435.605 2.3695894 1620.3846 890.5388 4194.0493 0.13469612 0.12710555 0.18619185 0.13302683 0.15636953 0 -2.7284841e-12 0.2127064 0.044760221 0.1702338 0.13134309 0.070361968 -9.094947e-13 0.033362501 0.068342757 0.0079181614 -3.6379788e-12 0.0033659452 0.055245988 0.025373982 -1.8189894e-12 2.7284841e-12 0 0.012488009 9.094947e-13 -6.3664629e-12 0.070501805 0.01541086 0.1153043 2.7284841e-12 4.5474735e-12 0.031755881 1.8189894e-12 0.17389759 0.21184424 0.093916221 0.12411433 0.11325168 0.084962273 0.15181221 0.24754406 0.1878413 0.44084202 0.33300048 0.35324751
0 0 0 1.8189894e-12 0.019030714 0.031612128 0.067565183 0.09764698 0.11002527 0.085567837 58890.507 43695.462 4.6008387 3640.3695 9305.2659 6149.2636 0.28068318 0.19011149 0.21954407 0.16036764 0.18134498 0.2209973 0.20613422 0.099044657 0.035939056 0.18927494 0.12952643 0.031916548 0.014702691 0.066626027 0.028478916 0.10098827 0.0086986328 0.078978545 -7.2759576e-12 6.3664629e-12 0.10416744 2.7284841e-12 -9.094947e-13 0 0.011768652 4.5474735e-12 0 0 -5.4569682e-12 0 5.4569682e-12 1.8189894e-12 1.0004442e-11 0.071479146 9.094947e-13 0.058334992 0.16275718 0.097269418 0.080315089 0.036724111 0.006091771 0.2257348 0.48122723 0.11615247 0.24954103
-9.094947e-13 0.027546464 0.014670799 0.060382928 0.10582412 0.078383796 0.10871216 0.14758145 0.21156124 196064.03 536778.62 2.0616941 1072.2318 17827.026 13244.453 8210.683 0.27069526 0.19127649 0.0077519779 0 0.30789239 -9.094947e-13 0 -1.8189894e-12 -9.094947e-13 0.17620639 0.032431317 0.098493944 0.052591653 0.10484488 0 0.038642779 0.013580702 -4.5474735e-12 0.016133516 0.020832954 -9.094947e-13 0.014669552 2.7284841e-12 -9.094947e-13 9.094947e-13 0.012431252 0 0.019898006 0.030214493 0.026614101 -2.7284841e-12 0.019864152 0.04428149 4.5474735e-12 0.047550511 0.039471174 9.094947e-13 0.052624954 0.093679052 0.073606702 0.091950242 0.10307791 0.1204503 0.30713667 0.37289941
-9.094947e-13 2.7284841e-12 0.068785774 0.0076566312 0.099552586 0.039114613 0.058581776 0.11223574 0.11138353 91114.87 66492.646 2.2091273 4453.8701 11024.081 8579.7964 20745.376 3863.2592 0.09371635 0.059159876 0.045977898 0.13709635 0.13560817 0.094050124 0.085514521 -9.094947e-13 -2.7284841e-12 9.094947e-13 0.037427623 0.026933189 0.017260693 -1.8189894e-12 -9.094947e-13 0 0.032867822 0.015636646 -1.8189894e-12 0 -4.5474735e-12 0.01029837 0.0020626364 -9.094947e-13 1.8189894e-12 0.012783517 -9.094947e-13 0.0080095585 0.0097209086 9.094947e-13 0 9.094947e-13 0.035585197 0.087726692 0.082208745 0.11230791 0.042948885 0.01713873 0.036331587 0.013695832 -2.7284841e-12 0.034526588 0.021733763 0.030390693
0.013870171 0.064397001 0.069786293 0.062567311 0.088167301 0.097209714 0.15230292 0.12016306 0.29445137 90098.178 44563.568 1.3067488 1876.9382 1.6610518 1.8946507 3407.6624 4323.6336 6874.5761 0.19749825 0.11995664 0.10456241 0.23458867 0.20112197 0.053780539 0.096125138 0.024238387 0.013129593 0.046670146 0.072705139 0.025935201 0.014131697 -9.094947e-13 0 -9.094947e-13 -1.8189894e-12 0 0 3.6379788e-12 -9.094947e-13 0.0067082963 -9.094947e-13 0.033135148 2.7284841e-12 0.012249822 -1.8189894e-12 0.0021713138 0.065473237 -7.2759576e-12 0.013737795 4.5474735e-12 0 -2.7284841e-12 -6.3664629e-12 0.017991856 0.16742851 0.02544095 0.04021744 0.086266374 0.042832695 0.0072129058 0.028812202
0.12219196 0.10640899 0.1445062 0.13759218 0.0487958 0.18146028 0.20625275 0.24894747 263383.56 54978.923 0.9558164 0.95684702 1.2456732 1.1267016 1.1263055 1.4800564 2.1465364 3.8215227 0.62313553 0.0083540686 0.21290116 0.19699046 0.15950373 0.074813056 0.09214573 0.11357971 0.052443785 0.10582227 0.076071112 0.069361232 0.055124922 0.047762075 0.012123256 1.8189894e-12 -2.7284841e-12 9.094947e-13 -9.094947e-13 0 2.7284841e-12 -5.4569682e-12 0.0028987992 -9.094947e-13 0.0067699134 -9.094947e-13 0.011942183 -1.8189894e-12 0.029860748 0.015218839 3.6379788e-12 0.028003052 -3.6379788e-12 2.7284841e-12 0.011654321 0.084251618 0.042032932 0.050394353 0.069058425 0.055678693 0.010529014 9.094947e-13 0.026844278
0.1111012 0.0983021 0.025388585 0.037502595 0.032279596 0.078016962 0.16613503 31777.639 36088.071 46494.22 0.73933155 0.60970241 0.71295882 1.1404853 1.5512388 1.0850243 1.5535129 1.4909532 2.9222384 0.59252528 0.28445381 0.12100919 0.055559901 0.06604254 1.8189894e-12 0.13341547 0.18089673 0.20198419 0.094396011 0.20827364 0.23204172 0.066184422 0.034464565 0.015437496 0.010751377 0.036705486 9.094947e-13 1.8189894e-12 0 -9.094947e-13 -9.094947e-13 -2.7284841e-12 0.037558324 -9.094947e-13 0 0.011765314 0.025640862 0.0088804486 9.094947e-13 0.0082737427 0.026969387 0.036462889 0.034260763 -2.7284841e-12 -3.6379788e-12 0.069970895 2.7284841e-12 1.8189894e-12 0.089610551 4.5474735e-12 0.024200402
0.03452219 0.14551191 0.1957739 0.20292891 0.04519951 0.058862308 0.20098858 87421.882 63549.298 1.5328735 1.0937303 1.0782082 0.98478368 0.54912186 0.55150888 0.90557768 1.7707777 1.7518123 1.5467747 2.35864 0.50582486 0.054461598 0.29402556 0.39174722 0.11476405 0.26735838 0.41776807 0.35477111 0.19507321 0.2126721 0.26108122 0.18982434 0.12156528 0.075677487 0.12106298 0.079019713 0.057779393 0.0353466 0.047228076 0.02191827 0 3.6379788e-12 1.8189894e-12 0.028151215 1.8189894e-12 -9.094947e-13 0.010579138 0.006251992 0.02110629 -9.094947e-13 0.013331049 -9.094947e-13 0 0.0075449107 0.0089115845 -2.7284841e-12 0.055287048 0.06378192 0.0169695 9.094947e-13 0.019102972
0.078858957 0.03542495 0.031347027 0.16990375 0.26383991 -9.094947e-13 0.41736715 39093.086 1.339908 2.6126737 2.1984957 1.0649257 0.92751697 0.99304141 0.53530196 0.50797359 0.72778186 0.86480161 0.93753526 1.5874095 2.1064781 0.60859377 2.7284841e-12 5.4569682e-12 0.4767524 0.44038639 0.51778443 0.44650551 0.18968246 0.313414 0.21604549 0.21390536 0.2246137 0.065696232 0.13677987 0.085938907 0.14541146 0.010488705 0.075257771 8.1854523e-12 0.032696 0.027437833 9.094947e-13 0 0.032523206 0 0 0.0066273329 2.7284841e-12 9.094947e-13 0 -1.8189894e-12 0.0087204973 0.012228475 0.026924701 0.029616007 -9.094947e-13 -9.094947e-13 4.5474735e-12 0.024634042 0.0099742466
0.18111589 0.13757697 0.29303241 0.027507992 0.032524767 0 9396.9962 54681.92 304.07349 2624.6556 1.9885549 2.0938968 0.96975598 0.66326037 0.60228283 0.536814 0.47927004 0.45057947 0.79676653 1.3960015 0.93072513 1.4753019 0.091358967 2.7284841e-12 0.95169713 0.64884948 0.52574246 0.68584805 0.60848357 0.46275686 0.38194773 0.36600003 0.43866632 0.29985608 0.150336 0.093472633 0.08605366 0.098447328 0.0073171819 0.12967283 0.059084105 0.02947106 1.8189894e-12 -1.8189894e-12 -1.8189894e-12 0.031488336 0.031430994 -9.094947e-13 0.00074305881 9.094947e-13 0.022554226 1.8189894e-12 0.024225815 2.7284841e-12 0.0038686149 0.0069806409 -3.6379788e-12 0.0067903999 0.038836724 0.0089651876 0
