var/www/cgi-bin/fswepp/ravel/160x140.prodgrd.txt
NCOLS 166
NROWS 140
XLLCORNER 428633
YLLCORNER 3785869.6
CELLSIZE 4.2077789
NODATA_VALUE -9999
[rows 27 to 53 of 140, columns 60 to 119 of 166]
0 0 0 0 0 0 0 0 0 0 0 0 0 0 -4603.405 -4603.405 -4603.405 -4603.405 -4603.405 -4603.405 -4605.7927 -4604.533 -4603.9729 -4603.7501 -4603.6422 -4603.5999 -4603.5955 -4603.6053 -4603.6143 -4603.6255 -4603.5776 -4603.5661 -4603.6076 -4603.5897 -4603.5413 -4603.534 -4603.5559 -4603.5742 -4603.5976 -4603.6144 -4603.5849 -4603.5779 -4603.5665 -4603.5395 -4603.5334 -4603.5287 -4603.5251 -4603.5411 -4603.5913 -4603.64 -4603.8724 0 0 -4603.405 -4604.4164 -4603.8254 -4603.7897 -4603.9275 -4603.9845 -4603.7443
0 0 0 0 0 0 0 0 0 0 0 0 -4603.405 -4603.405 -4603.405 -4603.405 -4603.405 -4605.7929 -4605.0611 -4604.4549 -4604.1879 -4603.9812 -4603.8126 -4603.6945 -4603.6204 -4603.5907 -4603.5911 -4603.6014 -4603.61 -4603.6153 -4603.5869 -4603.5723 -4603.5927 -4603.5692 -4603.5432 -4603.5426 -4603.5466 -4603.5677 -4603.5959 -4603.5789 -4603.5607 -4603.5688 -4603.546 -4603.5299 -4603.5331 -4603.527 -4603.5314 -4603.5443 -4603.6092 -4603.8702 -4603.405 0 -4603.405 -4603.405 -4603.405 -4603.405 -4605.8001 -4605.7972 -4605.7956 -4603.9412
0 0 0 0 0 0 0 0 -4603.405 -4603.405 -4603.405 -4603.405 -4603.405 -4603.405 -4605.5719 -4604.0986 -4603.9681 -4603.9275 -4603.8967 -4603.8681 -4603.8348 -4603.7808 -4603.7129 -4603.6486 -4603.5996 -4603.5805 -4603.585 -4603.5963 -4603.6058 -4603.6086 -4603.6027 -4603.5946 -4603.5914 -4603.5619 -4603.5478 -4603.5409 -4603.5367 -4603.562 -4603.5951 -4603.5713 -4603.5516 -4603.5715 -4603.5705 -4603.5635 -4603.55 -4603.5324 -4603.5445 -4603.5819 -4603.8578 -4603.405 0 0 -4603.405 -4603.405 -4603.405 -4603.405 -4603.405 -4603.405 -4603.405 -4605.0233
-4603.405 -4603.405 -4603.405 -4603.405 -4603.405 -4603.405 -4603.405 -4603.405 -4603.405 -4603.405 -4603.405 -4603.405 -4603.405 -4604.315 -4603.8375 -4603.7421 -4603.7342 -4603.7413 -4603.7461 -4603.7427 -4603.728 -4603.6992 -4603.6603 -4603.6196 -4603.5857 -4603.5739 -4603.582 -4603.5952 -4603.6075 -4603.6139 -4603.6136 -4603.6053 -4603.5912 -4603.5729 -4603.5612 -4603.5423 -4603.537 -4603.5638 -4603.6036 -4603.5955 -4603.5603 -4603.5638 -4603.6078 -4603.6011 -4603.5569 -4603.5516 -4603.6075 -4603.9151 -4603.405 0 0 -4603.405 -4603.405 -4603.405 -4603.405 -4603.405 -4603.405 -4605.8014 -4605.7868 -4604.1413
-4603.405 -4603.405 -4603.405 -4603.405 -4603.405 -4604.2304 -4604.1276 -4604.8504 -4603.405 -4605.7989 -4605.7856 -4604.5837 -4604.0697 -4603.8178 -4603.7084 -4603.6792 -4603.6874 -4603.7015 -4603.7118 -4603.7109 -4603.6951 -4603.6687 -4603.6373 -4603.6057 -4603.5796 -4603.5726 -4603.5833 -4603.5982 -4603.6135 -4603.6242 -4603.6256 -4603.6182 -4603.6061 -4603.5937 -4603.5778 -4603.5628 -4603.5554 -4603.5812 -4603.6316 -4603.6369 -4603.5796 -4603.5543 -4603.6077 -4603.6027 -4603.5443 -4603.5587 -4603.7163 -4604.3902 -4603.405 -4603.405 -4603.405 -4603.405 -4603.405 -4603.405 -4603.405 -4603.405 -4603.405 -4605.8017 -4605.7928 -4604.2009
-4603.405 -4603.405 -4603.405 -4603.405 -4604.507 -4603.9365 -4604.03 -4604.0579 -4604.2132 -4604.3059 -4604.198 -4604.0138 -4603.8754 -4603.7628 -4603.7 -4603.6853 -4603.6953 -4603.7086 -4603.7173 -4603.7105 -4603.6897 -4603.663 -4603.6335 -4603.6051 -4603.5823 -4603.5775 -4603.5886 -4603.6025 -4603.6174 -4603.6297 -4603.6333 -4603.6281 -4603.6184 -4603.6071 -4603.5923 -4603.5884 -4603.5963 -4603.6279 -4603.6733 -4603.696 -4603.6202 -4603.5718 -4603.608 -4603.6205 -4603.555 -4603.5604 -4603.7776 -4604.4879 -4605.8019 -4603.405 -4603.405 -4603.405 -4603.405 -4603.405 -4603.405 -4603.405 -4605.7952 -4605.7277 -4604.9889 -4604.5345
-4603.405 -4603.405 -4603.405 -4603.405 -4605.7944 -4604.8871 -4604.4989 -4604.3096 -4604.0343 -4604.0986 -4604.1478 -4604.0466 -4603.9206 -4603.8134 -4603.7526 -4603.7356 -4603.7366 -4603.7467 -4603.7264 -4603.6656 -4603.6512 -4603.6615 -4603.637 -4603.6072 -4603.5859 -4603.5813 -4603.5902 -4603.6 -4603.6115 -4603.6221 -4603.6261 -4603.6238 -4603.6189 -4603.6125 -4603.6012 -4603.6024 -4603.6304 -4603.6682 -4603.7006 -4603.736 -4603.6967 -4603.6511 -4603.6596 -4603.6681 -4603.6183 -4603.6286 -4604.1644 -4603.405 -4603.405 0 0 0 0 -4603.405 -4603.405 -4603.405 -4605.7908 -4603.405 -4605.7886 -4604.1811
-4603.405 -4604.1559 -4603.8893 -4604.3415 -4604.218 -4604.1263 -4603.9255 -4604.0089 -4603.8071 -4603.7246 -4603.7932 -4604.0101 -4604.0202 -4603.8849 -4603.8196 -4603.7957 -4603.7794 -4603.7846 -4603.7126 -4603.6188 -4603.6241 -4603.6626 -4603.6297 -4603.5954 -4603.5774 -4603.5731 -4603.5789 -4603.5848 -4603.593 -4603.6016 -4603.6059 -4603.6066 -4603.6067 -4603.6055 -4603.5996 -4603.6067 -4603.6421 -4603.692 -4603.7417 -4603.7869 -4603.7976 -4603.7697 -4603.7449 -4603.7344 -4603.722 -4603.7999 -4605.7958 -4603.405 -4603.405 0 0 0 0 -4603.405 -4603.405 -4603.405 -4605.7901 -4603.405 -4603.405 -4604.1602
-4603.405 -4603.7187 -4603.6166 -4603.7851 -4603.9967 -4604.2581 -4604.2689 -4604.1759 -4603.8378 -4603.7026 -4603.7172 -4603.9006 -4604.055 -4603.9382 -4603.8647 -4603.8446 -4603.8147 -4603.8127 -4603.6978 -4603.6005 -4603.6154 -4603.6517 -4603.6155 -4603.5815 -4603.5651 -4603.5607 -4603.5637 -4603.5674 -4603.5747 -4603.5829 -4603.5881 -4603.5914 -4603.5945 -4603.5965 -4603.5916 -4603.5997 -4603.6366 -4603.6881 -4603.7451 -4603.8019 -4603.8361 -4603.8262 -4603.8101 -4603.818 -4603.8415 -4604.0947 -4603.405 -4603.405 -4603.405 0 0 -4603.405 -4603.405 -4603.405 -4603.405 -4603.405 -4604.3902 -4604.4208 -4604.9237 -4604.4223
-4604.2333 -4603.7698 -4603.6599 -4603.7639 -4604.1649 -4603.405 -4603.405 -4603.405 -4605.6547 -4604.3741 -4603.8387 -4603.708 -4603.6971 -4603.7479 -4603.8682 -4603.8999 -4603.8577 -4603.8528 -4603.6965 -4603.5927 -4603.6057 -4603.6421 -4603.6285 -4603.5936 -4603.5636 -4603.557 -4603.5567 -4603.5555 -4603.5546 -4603.5563 -4603.5588 -4603.5599 -4603.5611 -4603.5611 -4603.5673 -4603.5864 -4603.6158 -4603.6506 -4603.6892 -4603.7342 -4603.7717 -4603.7918 -4603.8179 -4603.8902 -4604.1168 -4605.7983 -4603.405 -4603.405 0 0 0 -4603.405 -4603.405 -4603.405 -4603.405 -4604.1399 -4603.6947 -4603.7064 -4603.76 -4603.9939
-4604.1488 -4603.8751 -4603.7014 -4603.6566 -4603.7438 -4605.1985 -4603.405 -4605.0456 -4603.9045 -4604.575 -4605.1638 -4603.8935 -4603.6913 -4603.7387 -4604.0324 -4603.9325 -4603.8979 -4603.8978 -4603.7414 -4603.6208 -4603.6292 -4603.6608 -4603.6736 -4603.6174 -4603.5604 -4603.5549 -4603.5612 -4603.5609 -4603.549 -4603.5429 -4603.5422 -4603.5416 -4603.5404 -4603.5369 -4603.5482 -4603.5643 -4603.5738 -4603.6024 -4603.6351 -4603.6675 -4603.7055 -4603.7437 -4603.8114 -4604.0271 -4604.8695 -4603.405 -4603.405 -4603.405 0 0 0 -4603.405 -4603.405 -4603.405 -4603.405 -4603.7514 -4603.579 -4603.6268 -4603.6397 -4603.7658
-4603.9798 -4603.8075 -4603.7044 -4603.6435 -4603.6711 -4603.8949 -4604.0802 -4603.7621 -4603.652 -4603.8709 -4603.405 -4603.405 -4604.7371 -4604.1353 -4604.2377 -4603.9538 -4604.0041 -4604.0037 -4603.8963 -4603.7168 -4603.6956 -4603.6953 -4603.667 -4603.5879 -4603.5387 -4603.5363 -4603.5496 -4603.5584 -4603.5551 -4603.5611 -4603.5652 -4603.5608 -4603.5596 -4603.5585 -4603.5627 -4603.5529 -4603.5466 -4603.5759 -4603.6068 -4603.615 -4603.6364 -4603.6759 -4603.7657 -4604.2174 -4604.4044 -4605.605 -4603.405 0 0 0 -4603.405 -4603.405 -4603.405 -4603.405 -4603.405 -4603.764 -4603.5926 -4603.8541 -4603.7891 -4603.8503
-4603.9361 -4603.7486 -4603.6734 -4603.6309 -4603.6361 -4603.6867 -4603.708 -4603.6566 -4603.6582 -4603.8762 -4603.405 -4603.405 -4604.7001 -4604.319 -4604.7523 -4604.5855 -4604.2598 -4604.2778 -4604.1267 -4603.8577 -4603.8069 -4603.7101 -4603.6041 -4603.5594 -4603.5335 -4603.5288 -4603.5364 -4603.543 -4603.5535 -4603.5788 -4603.5904 -4603.5824 -4603.5941 -4603.5997 -4603.583 -4603.5652 -4603.5629 -4603.5867 -4603.5844 -4603.5586 -4603.5587 -4603.581 -4603.6227 -4603.7507 -4603.7742 -4603.8836 -4603.405 0 0 0 -4603.405 -4603.405 -4603.405 -4603.405 -4603.405 -4603.6781 -4603.6436 -4604.813 -4604.0545 -4603.984
-4603.8018 -4603.6967 -4603.633 -4603.6006 -4603.6022 -4603.6262 -4603.6493 -4603.662 -4603.7203 -4603.978 -4604.5036 -4604.4027 -4603.8182 -4604.2077 -4603.405 -4603.405 -4605.0821 -4605.0474 -4604.299 -4603.9559 -4603.8488 -4603.7175 -4603.5883 -4603.5644 -4603.5672 -4603.5663 -4603.5825 -4603.5852 -4603.5751 -4603.5763 -4603.5878 -4603.5787 -4603.5945 -4603.6053 -4603.5792 -4603.5769 -4603.5964 -4603.6018 -4603.5626 -4603.5329 -4603.5385 -4603.5627 -4603.5888 -4603.6535 -4603.7775 -4603.405 0 0 -4603.405 -4603.405 -4603.405 -4603.405 -4603.405 -4603.405 -4603.8459 -4603.6312 -4603.7357 -4605.1746 -4604.1072 -4604.4846
-4603.7439 -4603.6649 -4603.6095 -4603.5828 -4603.5863 -4603.6071 -4603.6325 -4603.6749 -4603.7032 -4603.729 -4603.7356 -4603.6878 -4603.6395 -4603.8982 -4605.8015 -4604.9843 -4604.6017 -4604.889 -4604.5222 -4604.0293 -4603.8454 -4603.7418 -4603.6321 -4603.6005 -4603.607 -4603.6015 -4603.6504 -4603.6769 -4603.6369 -4603.6336 -4603.6234 -4603.57 -4603.5657 -4603.5965 -4603.5873 -4603.5884 -4603.6144 -4603.5904 -4603.5563 -4603.5621 -4603.6192 -4603.7181 -4603.956 -4603.405 -4603.405 0 0 -4603.405 -4605.7967 -4603.405 -4603.405 -4603.405 -4603.405 -4603.9645 -4603.7305 -4604.1161 -4603.405 -4603.405 -4604.7845 -4603.405
-4603.7105 -4603.6426 -4603.589 -4603.5675 -4603.5756 -4603.5949 -4603.6195 -4603.6621 -4603.6463 -4603.6032 -4603.62 -4603.6284 -4603.6187 -4603.8308 -4603.405 -4604.301 -4603.7885 -4604.0296 -4604.8605 -4604.0558 -4603.8889 -4603.7856 -4603.6938 -4603.6466 -4603.6347 -4603.6182 -4603.6653 -4603.6844 -4603.623 -4603.6575 -4603.6923 -4603.6033 -4603.5822 -4603.6031 -4603.5849 -4603.5806 -4603.615 -4603.6103 -4603.5889 -4603.7184 -4605.1179 -4603.405 -4603.405 0 0 -4603.405 -4605.0675 -4603.6361 -4603.8064 -4603.405 -4603.405 -4603.405 -4603.405 -4603.405 -4603.405 -4603.405 -4603.405 -4603.405 -4605.5322 -4603.405
-4603.6753 -4603.6221 -4603.5556 -4603.5398 -4603.5569 -4603.5735 -4603.6011 -4603.6331 -4603.6297 -4603.5882 -4603.6037 -4603.6653 -4603.7198 -4604.2926 -4603.405 -4603.405 -4604.6313 -4604.1906 -4604.5004 -4604.041 -4603.8994 -4603.8136 -4603.7351 -4603.6722 -4603.6469 -4603.6519 -4603.6987 -4603.7061 -4603.6251 -4603.6122 -4603.6282 -4603.598 -4603.5989 -4603.6123 -4603.5916 -4603.5827 -4603.6142 -4603.6443 -4603.6512 -4604.2434 -4603.405 -4603.405 0 0 -4603.405 -4603.405 -4603.8573 -4603.8189 -4603.405 -4603.405 -4603.405 -4603.405 -4603.405 -4603.405 -4603.405 -4603.405 -4603.405 -4605.786 -4604.7185 -4605.7926
-4603.6148 -4603.5697 -4603.5235 -4603.5234 -4603.5525 -4603.5728 -4603.607 -4603.6491 -4603.6928 -4603.6678 -4603.6524 -4603.7005 -4603.7946 -4604.9681 -4603.405 -4603.405 -4603.405 -4603.405 -4604.1879 -4603.8446 -4603.9 -4603.8862 -4603.7782 -4603.715 -4603.7011 -4603.7271 -4603.7617 -4603.7771 -4603.6682 -4603.5989 -4603.5841 -4603.5788 -4603.5992 -4603.6115 -4603.6147 -4603.6443 -4603.7215 -4603.8315 -4604.0903 -4603.405 -4603.405 0 0 -4603.405 -4603.405 -4603.405 -4603.405 -4603.405 -4603.405 -4603.405 -4603.405 -4603.405 -4603.405 -4603.405 -4603.405 -4605.8006 -4605.5512 -4605.0715 -4604.0311 -4603.8204
-4603.5789 -4603.5372 -4603.5243 -4603.5471 -4603.5964 -4603.6236 -4603.6709 -4603.811 -4603.9803 -4603.8737 -4603.7327 -4603.6868 -4603.7022 -4603.8863 -4605.7987 -4604.9339 -4604.3222 -4605.8023 -4604.71 -4603.9224 -4603.8303 -4603.7225 -4603.7284 -4603.7691 -4603.7503 -4603.8029 -4603.8744 -4603.9416 -4603.7597 -4603.648 -4603.5992 -4603.5877 -4603.6241 -4603.6333 -4603.6391 -4603.7148 -4604.1308 -4603.405 -4603.405 -4603.405 0 0 -4603.405 -4603.405 -4603.405 -4603.405 -4603.405 -4603.405 -4603.405 -4603.405 -4603.405 -4603.405 -4603.405 -4603.405 -4605.8004 -4605.009 -4604.4064 -4604.3127 -4603.8861 -4603.73
-4603.5868 -4603.5412 -4603.5485 -4603.5973 -4603.6636 -4603.6431 -4603.6412 -4603.7619 -4603.8771 -4603.8023 -4603.7045 -4603.6589 -4603.6456 -4603.6511 -4603.8233 -4603.9251 -4603.7935 -4603.7695 -4603.8124 -4604.0359 -4603.7134 -4603.5856 -4603.6341 -4603.8534 -4603.8527 -4603.8964 -4604.0448 -4604.2213 -4604.0016 -4603.8599 -4603.672 -4603.6111 -4603.6463 -4603.6514 -4603.6648 -4603.7049 -4603.9665 -4603.405 -4603.405 0 0 0 0 0 0 -4603.405 -4603.405 -4603.405 -4603.405 -4603.405 -4603.405 -4603.405 -4603.405 -4605.0978 -4604.0999 -4603.8505 -4603.7963 -4603.8056 -4603.7564 -4603.7041
-4603.6333 -4603.5759 -4603.5664 -4603.6078 -4603.6798 -4603.6512 -4603.6215 -4603.6859 -4603.7343 -4603.7028 -4603.656 -4603.629 -4603.6103 -4603.602 -4603.6068 -4603.6065 -4603.6042 -4603.61 -4603.6522 -4603.7138 -4603.6445 -4603.5862 -4603.6288 -4603.7219 -4603.7651 -4604.0119 -4605.0739 -4604.9177 -4604.6426 -4604.3548 -4603.8417 -4603.6996 -4603.6862 -4603.6667 -4603.7032 -4603.8214 -4604.2843 -4603.405 -4603.405 0 0 0 0 0 -4603.405 -4603.405 -4603.405 -4603.405 -4603.405 -4603.405 -4603.405 -4603.405 -4604.3525 -4603.8462 -4603.6942 -4603.6417 -4603.6551 -4603.6725 -4603.6841 -4603.7014
-4603.8388 -4603.6881 -4603.6172 -4603.6256 -4603.6759 -4603.6756 -4603.6491 -4603.6651 -4603.6646 -4603.6496 -4603.6243 -4603.603 -4603.584 -4603.5721 -4603.5423 -4603.5333 -4603.5775 -4603.6477 -4603.7104 -4603.7358 -4603.7075 -4603.6966 -4603.7911 -4603.7502 -4603.6586 -4603.7183 -4603.9527 -4604.7549 -4605.7976 -4605.0597 -4604.1759 -4603.8373 -4603.7015 -4603.6557 -4603.7015 -4604.0263 -4603.405 -4603.405 -4603.405 0 0 0 0 0 -4603.405 -4604.3448 -4603.405 -4603.405 -4603.405 -4603.405 -4603.405 -4605.5157 -4603.7497 -4603.6446 -4603.621 -4603.6404 -4603.7049 -4603.736 -4603.7645 -4603.786
-4605.7867 -4604.0362 -4603.7339 -4603.6662 -4603.6601 -4603.6595 -4603.6567 -4603.6552 -4603.6473 -4603.6327 -4603.6007 -4603.5723 -4603.5508 -4603.5403 -4603.5338 -4603.5392 -4603.5916 -4603.711 -4603.8774 -4604.0984 -4604.0213 -4603.8995 -4604.9055 -4603.405 -4604.2762 -4603.6489 -4603.6227 -4604.2869 -4603.405 -4605.3577 -4604.441 -4603.888 -4603.6977 -4603.656 -4603.7321 -4604.4556 -4603.405 -4603.405 -4603.405 0 0 0 -4603.405 -4603.405 -4603.405 -4603.8361 -4604.8981 -4603.405 -4605.7916 -4604.0529 -4603.8207 -4603.6703 -4603.615 -4603.6129 -4603.6385 -4603.6908 -4603.7856 -4603.8551 -4603.9135 -4603.9091
-4603.405 -4605.7936 -4603.9835 -4603.7629 -4603.7094 -4603.6817 -4603.6642 -4603.6514 -4603.6384 -4603.6206 -4603.5918 -4603.5524 -4603.5274 -4603.5351 -4603.5584 -4603.5664 -4603.5863 -4603.6297 -4603.6862 -4603.7752 -4603.7771 -4603.7522 -4604.1977 -4603.405 -4604.3853 -4603.7399 -4604.1245 -4603.405 -4603.405 -4605.7879 -4604.2843 -4603.8742 -4603.7077 -4603.6641 -4603.7607 -4605.7911 -4603.405 -4603.405 -4603.405 0 0 -4603.405 -4603.405 -4603.405 -4603.405 -4603.5927 -4603.7614 -4605.6555 -4603.8492 -4603.644 -4603.6069 -4603.6031 -4603.6243 -4603.6444 -4603.6724 -4603.725 -4603.8084 -4603.8849 -4603.9541 -4603.9498
-4603.405 -4603.405 -4605.788 -4604.0816 -4603.8503 -4603.7458 -4603.6896 -4603.6587 -4603.6365 -4603.6127 -4603.5909 -4603.5542 -4603.529 -4603.5429 -4603.5763 -4603.5908 -4603.6085 -4603.6337 -4603.6585 -4603.6909 -4603.6844 -4603.6826 -4603.733 -4603.8095 -4603.7879 -4603.6965 -4605.7964 -4603.405 -4603.405 -4603.405 -4604.0859 -4603.8743 -4603.7151 -4603.6065 -4603.6171 -4603.9303 -4603.405 -4603.405 0 0 0 -4603.405 -4603.405 -4603.405 -4603.6061 -4603.5265 -4603.6871 -4604.0974 -4603.6616 -4603.6054 -4603.6373 -4603.6612 -4603.6725 -4603.6781 -4603.7036 -4603.786 -4603.8971 -4603.9698 -4604.0387 -4604.009
-4603.405 -4603.405 -4603.405 -4605.7894 -4604.265 -4603.8847 -4603.7443 -4603.6802 -4603.6433 -4603.6117 -4603.5873 -4603.5644 -4603.5483 -4603.557 -4603.5844 -4603.6102 -4603.6354 -4603.6551 -4603.6628 -4603.6655 -4603.6648 -4603.6682 -4603.6097 -4603.6193 -4603.7703 -4603.7779 -4603.9205 -4603.405 -4603.405 -4603.405 -4604.141 -4603.9428 -4603.6587 -4603.5426 -4603.5515 -4603.705 -4603.405 0 0 -4603.405 -4603.405 0 -4603.405 -4603.6046 -4603.5073 -4603.5396 -4603.718 -4603.7225 -4603.6183 -4603.6406 -4603.7109 -4603.6952 -4603.6841 -4603.7052 -4603.7647 -4603.9036 -4604.0829 -4604.1961 -4604.3083 -4604.2087
-4605.8 -4603.405 -4603.405 -4603.405 -4605.7897 -4604.2242 -4603.8517 -4603.7217 -4603.66 -4603.6171 -4603.5861 -4603.5655 -4603.5535 -4603.5582 -4603.5814 -4603.6097 -4603.6326 -4603.646 -4603.6462 -4603.6384 -4603.6343 -4603.6291 -4603.5876 -4603.6041 -4603.7677 -4603.9248 -4603.817 -4603.405 -4603.405 -4603.405 -4604.9636 -4603.8501 -4603.5834 -4603.5278 -4603.5785 -4605.7865 0 0 -4603.405 0 0 -4603.405 -4603.5724 -4603.5046 -4603.5178 -4603.6099 -4603.6861 -4603.6496 -4603.6204 -4603.6634 -4603.7073 -4603.6851 -4603.7003 -4603.7412 -4603.8253 -4604.01 -4604.2382 -4604.3942 -4604.5385 -4604.3401
