var/www/cgi-bin/fswepp/ravel/160x140.depgrd.txt
NCOLS 166
NROWS 140
XLLCORNER 428633
YLLCORNER 3785869.6
CELLSIZE 4.2077789
NODATA_VALUE -9999
[rows 81 to 107 of 140, columns 0 to 60 of 166]
0.51090168 -1.0913936e-11 0.092791546 0.2614934 0.36172632 0.1049074 0.32751005 0.16189096 0.036992905 -1.8189894e-12 -9.094947e-13 9.094947e-13 0 -9.094947e-13 -9.094947e-13 0 0 0 0 0 0 0 0 0 0 0 0 0 0 0 0 -9.094947e-13 0 0.0046411373 0.0067448297 0 1.8189894e-12 0.0064889155 0.063495133 0.24308122 0.29571804 0.15190187 0.092989043 0.071182818 0.045082423 0.059204572 0.093726284 0.095704825 0.085334343 0.032462725 0.0085942216 0.065936331 0 0.072826187 0.026189151 0.13201865 0.14896499 0.052033948 0.21923996 0.093167956 0.10075973
0.61635619 0.2040298 0.21784959 0.39635972 0.14485044 0.045827123 0.21261939 0.30774082 0.11328964 0.003949713 0 9.094947e-13 0 0 -9.094947e-13 0 0 0 0 0 0 0 0 9.094947e-13 0 0 -9.094947e-13 -9.094947e-13 0 9.094947e-13 -9.094947e-13 0 0 0 0.056660839 0.022468353 0.033084525 9.094947e-13 0.0037123145 0.1160221 0.1122331 0.3766445 0.37589823 0.086182187 0.094294809 0.045840282 0.12362261 0.11370794 0.21558175 0.10046768 0.14019846 0.041707168 0.089636511 0.074117714 0.041640128 0.12293062 0.18485593 0.12831968 0.11974911 0.16280472 0.089686824
0.51292916 0.26841011 0.36423061 0.2358991 0.12443033 0.037677527 0.020455852 0.17144726 0.20159104 0.11618024 -1.8189894e-12 0 1.8189894e-12 0 0 -1.8189894e-12 0 0 0 0 0 0 0 0 0 -9.094947e-13 0 0 0 0 -9.094947e-13 9.094947e-13 1.8189894e-12 0.075003267 0.024242169 0.1146319 0.095494465 0.064721118 0.066267297 0.04419464 0.091683582 0.33307719 0.35876633 0.42887075 0.4706969 0.14977712 0.085847603 0.060380139 0.17059335 0.061148059 0.049023632 0.1644554 0.045752213 0.11635668 0.073636942 0.090112746 0.1134466 0.19332262 0.17151244 0.083872159 0.19011997
0.49149059 0.54985694 0.28465335 0.26003378 0.2495823 0.0065775748 0.050593159 0.033815616 0.12767835 0.08712528 0.051630924 0 0 0 -9.094947e-13 0 0 0 0 0 0 0 0 9.094947e-13 9.094947e-13 0 -9.094947e-13 9.094947e-13 0 -9.094947e-13 0 0 0.0030876543 0.039376601 0.01064114 0.19522311 0.10124361 0.069944505 0.15215794 0.54691803 0.54517732 0.72077938 0.72275334 0.77040805 0.85694277 0.40419777 0.48027402 0.60575392 0.86064793 1.0683289 1.1024321 0.9784612 0.70610047 0.18668821 0.098431236 0.080351096 0.099090057 0.23649315 0.22782342 0.22416076 0.16857481
0.059805859 0.27668593 0.3033189 0.36453427 0.21039965 -6.3664629e-12 0.053630998 -1.8189894e-12 0.10735023 0.11040151 0.092468799 0.012112929 0 0 0 -9.094947e-13 0 0 0 0 0 0 0 0 0 0 9.094947e-13 -9.094947e-13 9.094947e-13 0 -9.094947e-13 0 -9.094947e-13 0 0.096198285 0.052401034 0.17762412 0.29965358 0.72776115 0.60302313 0.084408887 0.70336958 0.8424862 0.68789938 0.93465272 1.4896785 1.0138647 0.60816905 0.80849927 0.82163935 0.61060468 0.46711059 0.74323864 0.63175797 1.7214531 2.2734975 2.4650216 1.8788893 2.7513811 1.2286962 0.17164529
0.064576472 0.3126534 0.47188256 0.32709969 0.12979432 4.5474735e-12 0 9.094947e-13 1.8189894e-12 0.048964614 0.068077572 0.014805037 9.094947e-13 0 0 0 0 0 0 0 0 9.094947e-13 0 0 0 9.094947e-13 0 0 0 -9.094947e-13 9.094947e-13 0 0 9.094947e-13 0 0 9.094947e-13 0.047617706 0.02479082 0.036067187 9.094947e-13 0.11273705 0.98242691 0.68738481 0.61289196 1.0986737 1.6160824 0.047699206 1.5218504 0.59242598 0.68855417 0.57465707 0.54808277 0.58351078 0.38583575 0.48696721 0.97665302 2.3891272 1.5321801 2.5379946 3.2003893
0.043033681 0.077108847 0.20575467 0.62249998 0.15998986 1.8189894e-12 0 0 -9.094947e-13 0.020842202 0.025852078 0 9.094947e-13 0 0 0 0 0 0 0 0 0 0 0 0 0 -9.094947e-13 -9.094947e-13 -1.8189894e-12 0 0 0.015539823 -9.094947e-13 9.094947e-13 0.043135616 -9.094947e-13 0.049219182 0.038395958 0.08795996 0 0 9.094947e-13 0.019054276 0.13331216 0.12470422 0.1154097 0.09651617 0.099547388 0.57693798 1.2946952 1.4686482 0.73029958 0.6832466 0.71023496 0.49169893 0.48194646 0.4861183 0.73297828 1.555959 1.3012434 2.6021102
0.016955849 0.046969262 0.22151828 0.19673959 0.13124879 0.06815764 -6.3664629e-12 2.7284841e-12 2.7284841e-12 0 -9.094947e-13 0.01603237 0.023495789 0 0 0 0 0 0 0 0 0 0 0 -9.094947e-13 9.094947e-13 0 -9.094947e-13 0.01936623 0.026918402 0 0.08122298 0.026008498 0.13146759 0.021751742 0.063936571 0.036287793 0.050572147 0.037122984 0.12519248 0.019209674 0.1667597 -9.094947e-13 0.11206542 0.13224536 0.12516669 0.17057442 0.12540584 0.2401536 0.41609248 1.2577772 1.6831449 0.99179686 0.59122545 0.57905564 0.62959401 0.26711319 0.41530807 0.55937047 1.5907284 1.4747752
0.012236763 0.077108781 0.11238438 0.043010846 0.20421796 0.042189861 0.02577708 -2.7284841e-12 -4.5474735e-12 -1.8189894e-12 -9.094947e-13 9.094947e-13 0 0 0 0 0 0 0 0 0 -9.094947e-13 0 0 9.094947e-13 0 -9.094947e-13 0.013548566 0.014699823 0.017045744 0.047118462 0.062780459 0.028822476 0.11762214 0.11878875 0.040992626 0.066694572 0.1225739 0.10365047 0.086362121 0 0.11955314 0.02626891 0.034971385 0.062760806 0.066224768 0.20237185 0.037068289 0.2647884 0.18186287 0.48467645 1.9631426 1.0173037 2.3897385 0.63103456 0.70857667 0.59379221 0.73490747 0.529395 0.60951179 1.7417832
0.070390473 0.10883759 0.16857581 0.074051083 0.15913201 0.04761901 0.0029943127 0.025038192 0.012210492 -9.094947e-13 2.7284841e-12 2.7284841e-12 -9.094947e-13 0 0 0 0 0 0 0 0 0 0 0 0 0 0 0.019082805 0.049201849 0.04674653 0.046009821 0.1000278 0.14547419 0.1142063 0.10661301 0.16956772 0.088345419 0.097990954 0.047047803 0.096283479 0.11354783 0.061073961 0.090490428 0.020443861 0.033800905 0.064649438 0.027308638 0.17880625 0.23021076 0.20209108 0.17953631 0.36663082 1.9916493 1.2079177 1.524302 1.6127821 0.70472942 0.45966845 0.52113553 0.59366624 0.52523115
0.028580915 0.091996975 0.14404171 0.074854999 -3.6379788e-12 9.094947e-13 0.0058683282 -9.094947e-13 -3.6379788e-12 -2.7284841e-12 9.094947e-13 -9.094947e-13 -9.094947e-13 0 0 0 0 0 0 0 -9.094947e-13 0 0 -9.094947e-13 0 0 -9.094947e-13 0 0.053052643 0.084300769 0.062215106 0.057411145 0.056342655 0.056684244 0.084882641 0.16357436 0.20398416 0.18252595 0.1611629 0.077398385 0.13605561 0.13021508 0.032503853 0.05106257 0.13362204 0.051614946 0.063329039 0.19534767 0.17554638 0.20840291 0.22383653 0.30872947 0.19484388 3.6297606 1.6443558 1.6093199 2.6378297 0.93183614 0.87695499 0.62607944 0.53506549
0 0.079521114 0.025938487 0.0082641132 0.028000939 0.083132958 9.094947e-13 -1.8189894e-12 1.8189894e-12 2.7284841e-12 -9.094947e-13 -9.094947e-13 9.094947e-13 0 0 0 0 0 0 0 0 9.094947e-13 0 0 0 0 9.094947e-13 9.094947e-13 9.094947e-13 0.15751264 0.10606969 0.033646807 0.17301605 0.11496428 0.10938262 0.20092265 0.39139885 0.16940346 0.20488777 0.17217888 0.15001718 0.027312213 0.091862854 0.13853206 0.096745434 0.071495087 0.10621034 0.051880518 0.12718533 0.17332527 0.15272899 0.19233435 0.23454785 0.21861652 5.017586 2.4170627 1.1741824 10.790734 7.7806401 6.899456 6.630955
-9.094947e-13 0.029308586 0.0079615934 0.03935842 0 9.094947e-13 3.6379788e-12 -2.7284841e-12 -9.094947e-13 0 -9.094947e-13 -9.094947e-13 0 0 0 0 0 0 0 0 0 -9.094947e-13 0 9.094947e-13 1.8189894e-12 0 -9.094947e-13 0 0 9.094947e-13 0.09226291 0.31805345 0.27977778 0.13455743 0.11993676 0.22694016 0.28470033 0.21008881 0.2285581 0.15591322 0.094643842 0.20879746 0.18751585 0.13356088 0.048834696 0.037886114 0.10635012 0.096587342 0.12765367 0.10447076 0.1805165 0.13262094 0.30108616 0.32056349 6.4293626 0.19197788 4.6886646 0.60401248 1.6909423 3.799747 4.920607
0 -4.5474735e-12 0.013581473 0.02885881 0.026918078 0.045783444 0.032409306 -9.094947e-13 9.094947e-13 0 9.094947e-13 0 0 0 0 0 0 0 0.029759543 9.094947e-13 0 -2.7284841e-12 9.094947e-13 0 -9.094947e-13 -9.094947e-13 -9.094947e-13 -9.094947e-13 1.8189894e-12 0 0 -1.8189894e-12 0.09666386 0.55320082 0.30853396 0.22261961 0.13433639 0.26815849 0.31804822 0.29379845 0.21920009 0.10242057 0.20626274 0.11557066 0.084470131 0.13972605 0.070353497 0.099970659 0.088538853 0.096517434 0.09395723 0.15339868 0.054471794 3.7942198 2.9980133 2.9059709 2.8342862 0.15036337 3.6224462 3.6622323 5.0987128
0.035316817 0.016551384 0.016473249 0.0096345073 0.0094844677 9.094947e-13 9.094947e-13 0.038255762 9.094947e-13 0 -9.094947e-13 0 0 0 0 0 0 0 0 0.011376389 0.02627977 9.094947e-13 0 9.094947e-13 0 9.094947e-13 -9.094947e-13 -9.094947e-13 0 0.036784614 0.062844946 9.094947e-13 0 0.0043072966 0.07869526 0.47565134 0.35644224 0.45768422 0.44703093 0.42346563 0.67466413 0.33987735 1.9498663 1.6917475 1.1690843 1.4147079 1.3449674 1.4711941 2.1840967 2.1257656 13264.454 1521.0046 2.2595426 2.7241537 2.5628667 2.7267419 0.023431659 0.71901291 2.3352144 4.6994805 3.8145735
0 0.038666384 0.067873233 -1.8189894e-12 3.6379788e-12 9.094947e-13 0 0.030625376 0 0 0 0 0 0 0 0 0.0076179951 0 0 0 0 0.013560709 0.046137156 0.011674589 0.026911796 0.19035618 0.36651718 0.52292678 0.151394 0.072711474 0.17727385 0.34455858 0.60301764 0.85470818 0.70869524 0.81959166 1.0628131 0.98448373 1.0900594 1.5440552 0.043320744 1.2366782 0.99348588 0.81955895 1.1185356 1.4351444 1.7520654 2.1398588 2.4377784 0.037552769 0.14815066 2370.4839 3.4396698 3.055634 7.2759576e-12 0.72089701 2.9539946 2.501571 2.9315267 1.3291906 2.7489666
1.8189894e-12 0 4.5474735e-12 -2.7284841e-12 9.094947e-13 9.094947e-13 0 0 0.026286646 -9.094947e-13 0 0 0 0 0 0 0 0 0 0.019621992 0 0.0075830655 0 0.020690174 0.22257154 0.096418845 0.055102257 0.13441366 0.39490203 0.36740814 0.41139071 0.50958244 0.39151357 0.49343677 0.46204428 0.69980474 0.98449266 1.0443646 0.8656136 0.96611358 1.2276268 1.5399527 1.4799112 1.3939355 1.4100197 1.8103352 2.2889471 2.1559209 1.4164937 2.0086343 1.3712628 2.5448217 3.0876105 2.2377787 2.1806226 9.094947e-13 3.082913 2.3634305 1.3862677 0.9036922 2.0807466
1.8189894e-12 -9.094947e-13 0.039023639 9.094947e-13 0.020717237 9.094947e-13 -1.8189894e-12 0 0 0 0 0 0 0 0 0 0 0 0 0.0087101993 0.033880175 0 0.088338653 0.0014407646 0.016818341 0.030938707 0.05503981 0.022671132 0.0593526 0.04545755 0.14765441 0.063461744 -9.094947e-13 1.8189894e-12 -8.1854523e-12 0.080676388 0.045220959 0.30939711 0.6337254 0.44535015 0.23132043 0.43426545 0.73197622 0.17896225 0.29195365 0.26815841 0.044400347 0.085268723 0.17659122 0.098609836 0.20256852 0.053166418 0.046506402 0.068809833 0 -9.094947e-13 0.023394027 0.18752619 1.5198479 5.6582018 4.0750019
9.094947e-13 -9.094947e-13 -1.8189894e-12 9.094947e-13 -9.094947e-13 0 0 0 0 0 0 0 0 0 0 0 0 -9.094947e-13 0 1.8189894e-12 9.094947e-13 0 0 0.0644396 0.0015436359 0.0026625144 0.0039418472 0.010599596 0.11532098 0.035376116 9.094947e-13 0 -9.094947e-13 0.0091856802 0.038550882 0.060935396 0.19553585 0.14858268 0.13492469 0.20553215 0.20305734 0.29907269 0.31965108 0.33980961 0.110643 0.061716632 0.077439037 0.093923593 -4.5474735e-12 0.13615198 0.058109773 0.063911713 -9.094947e-13 0 -1.8189894e-12 -2.7284841e-12 0.26680578 0.14799919 0.44343911 0.34009965 0
9.094947e-13 9.094947e-13 0 0 -9.094947e-13 0 0 9.094947e-13 0 0 0 0 0 0 0 9.094947e-13 9.094947e-13 -9.094947e-13 9.094947e-13 0 0 0.020070152 0.018371369 0.01597905 0.013574012 0 0 9.094947e-13 0.0037380777 0.0063215029 0.0085725406 0.010377475 0.017954256 0.055871402 0.13653542 0.026580361 0.12737243 0.093328657 0.18411897 0.046656372 0.066823211 0.037437914 0.057075941 0.072609902 0.11525922 0.050375734 0.093742192 0.027079359 0.049784847 0.03673956 -9.094947e-13 0 -9.094947e-13 0.034517288 0.065510403 0.34950114 0.27165458 0.4047143 0.46869743 0.50309937 0.47090621
9.094947e-13 0 -9.094947e-13 0 0 0 0 0 0 0 0 0 0 0 0 0 0 0 0 0 0.042719518 0.020403032 0 0 9.094947e-13 0 0 0 0 0 0 0 0.0020900409 0.051188672 0.08381253 0.030967188 0.037869044 0.043214904 0.046693367 0.048518041 0.049457028 0.050466223 0.0516999 0.05243456 0.051895812 0.049940996 0.046876955 0 0 0.040678136 0.071259211 0.032649214 0.051751688 0.02888472 0.20488855 0.20003841 0.13828641 0.1687827 0.49669219 0.27695678 0.29558148
0 0 0 0 0 0 0 0 0 0 0 0 0 0 -9.094947e-13 0 0 9.094947e-13 9.094947e-13 0 9.094947e-13 9.094947e-13 0.026290585 0.063851457 0.051914461 0.030870527 0 -9.094947e-13 -9.094947e-13 0 0 0.038040483 0.032069722 0.067074425 0.05664518 0.048150313 0.079028157 0.15895789 0.18204171 0.28329112 0.28540615 0.2281259 0.14295121 0.14946253 0.086362206 0.17349753 0.11221573 0.1277355 0.06641452 0.13133246 0.180461 0.051440867 0.073221097 0.1070799 0.11511069 0.30532984 0.28111228 0.3022797 0.28277379 0.60561 0.60325129
9.094947e-13 0 0 0 0 0 0 0 0 0 0 0 0 0 0 1.8189894e-12 -9.094947e-13 0 0.029888655 0 9.094947e-13 0.029202445 0 9.094947e-13 0.12372597 0.052738554 0.013860044 0.09642332 0.010871066 0.019757909 0.062641028 0.087658939 0.32222555 0.15471828 0.10807449 0.094554127 0.14411934 0.023016093 0.092453926 0.048006574 0.03640076 0.20112695 0.25135315 0.2587066 0.099010787 0.19879653 0.087886211 0.080030118 0.11241018 0.066141872 0.093232061 0.13763905 0.060114712 0.14458275 0.15885451 0.19543553 0.59227019 0.25017804 0.23352214 0.43757275 0.71484823
0 0 0 0 0 0 0 0 0 0 0 0 0 9.094947e-13 -9.094947e-13 -9.094947e-13 0 1.8189894e-12 0 9.094947e-13 0 0 0 0.098006682 0.050108425 0.064079531 0.10235078 0.169732 0.13859893 0.10883817 0.091172161 0.079850443 0.014332832 0.1189925 0.1606197 0.16973758 0.15695739 0.12522236 0.10679093 0.031970502 0.036967333 0.040123511 0.055561571 0.282534 0.18065916 0.26441189 0.098388235 0.14641689 0.051584024 0.071335567 0.058383316 0.1560142 0.06029249 0.065429751 0.052268403 0.17644915 0.24428726 0.72045823 0.7335335 0.45513458 0.25579444
0 0 0 0 0 0 0 0 0 0 0 0 0 0 9.094947e-13 0 0 0 0 -9.094947e-13 0 9.094947e-13 0 0.0016796023 0.080273722 0.075390973 0.065095418 0.23921127 0.25894651 0.16830202 0.16467191 0.10275516 0.03627043 0.029356515 0.050585316 0.05290822 0.2589581 0.11031231 0.048917184 0.050267524 0.056638478 0.03959328 0.091280842 0.052032446 0.10793468 0.095518706 0.16243314 0.12462769 0.050977331 0.016502247 0.079480775 0.090828391 0.097199357 0.055326283 0.043872754 0.04350808 0.11124972 0.16272537 0.62335817 0.56650283 0.38298974
0 0 0 0 0 0 0 0 0 9.094947e-13 -9.094947e-13 0 9.094947e-13 0 -9.094947e-13 0 -9.094947e-13 9.094947e-13 -9.094947e-13 0 0 9.094947e-13 0 0.0011332757 0 -1.8189894e-12 0.15595615 0.10583609 0.19605338 0.12508989 0.27483813 0.25578001 0.14346797 0.19515494 0.12253024 0.085589216 0.14621633 0.17485701 0.064129807 0.11565472 0.17166205 0.041597018 0.049363509 0.10484842 0.026459029 0.1343173 0.10369228 0.12620176 0.12944959 0.10425533 0.051187631 0.10636087 0.037272653 0.13980828 0.08529285 0.40074238 0.061072511 0.074710286 0.11354274 0.11283244 0.60863558
0 0 0 0 0 0 0 0 0 0 9.094947e-13 -9.094947e-13 0 -9.094947e-13 9.094947e-13 0 0 -9.094947e-13 0 0 -9.094947e-13 0 -9.094947e-13 0.089456984 0 -9.094947e-13 0.033829884 0.02907081 0.15287931 0.16034852 0.18095636 0.096037198 0.31478721 0.39681882 0.16471495 0.17457153 0.12020361 0.14676169 0.14056187 0.20115081 0.13466787 0.037825478 0.091192192 0.014314387 0.040359955 0.08119993 0.16932512 0.15790603 0.10784054 0.079622325 0.14235594 0.026641079 0.098886604 0.057166874 0.13219259 0.10593476 0.42008343 0.062131794 0.11990754 283.76115 0.38238287
