var/www/cgi-bin/fswepp/ravel/dem.txt
ncols         29
nrows         35
xllcorner     429085
yllcorner     3784815
cellsize      10
NODATA_value  -9999
960.4 959.5 957 954.6 951.8 947.9 944.8 942.4 940.6 939.3 937.8 936.9 937.2 938.4 938.7 937.8 935.1 931.1 929 926.5 922 917.7 914 910.4 905.5 901.9 901.5 901.2 900.9 
953.1 954.6 955.2 955.8 954 952.1 948.8 946 943.6 941.8 940.6 939.6 940.3 941.2 940.9 939.6 936.6 933.2 930.5 928.1 925 920.8 916.8 913.7 910.4 907.6 906.1 905.5 905.2 
948.2 950.3 951.8 953.1 952.4 951.5 949.7 948.2 945.4 943.6 942.4 942.1 942.1 941.8 940.9 938.4 935.1 931.7 930.5 929 926.5 923.2 918.3 915.9 914.7 912.8 911 909.8 908.6 
943 944.5 946 947.9 948.8 949.1 947.3 945.1 943 942.4 942.4 942.1 942.1 940.6 938.4 933.6 929.3 927.5 926.8 926.5 925 923.2 920.8 918.3 916.5 915.9 914.7 913.1 911.9 
937.8 938.4 938.7 939.6 943.9 945.4 943.9 941.5 940.3 940 940.3 941.2 941.2 939.6 936.3 928.4 924.1 922.9 921.7 921.1 920.8 919.2 918.3 917.7 917.1 916.8 916.5 915.6 915 
933.6 934.2 934.8 936.9 940.3 943 941.2 938.7 937.5 937.5 937.8 938.4 939 938.1 934.8 928.4 923.8 917.7 914.7 915 915.3 915.3 915.3 915.3 915 915 915 915.3 916.2 
929.6 930.2 931.4 934.8 939 940.9 939.6 937.5 935.4 934.5 933.9 934.2 935.1 934.8 932.3 928.1 922.6 915.9 912.8 912.2 912.2 912.2 912.5 911.9 911.9 911.9 912.2 913.1 914.7 
926.2 926.5 927.5 932 936.9 938.1 937.2 935.4 932.3 929 928.7 929.3 929.9 931.4 930.8 927.2 922.3 916.2 913.4 911 909.8 909.5 908.6 907.9 907.9 907.9 908.9 910.1 912.2 
925 924.1 925 928.1 931.7 933.9 933.9 933.2 930.5 926.5 925 925.3 925.9 928.1 929.3 928.1 924.4 918.9 915 912.5 909.5 906.7 904.3 903.7 903.7 903.7 904 905.8 909.5 
925.9 923.8 924.1 926.2 928.4 929.6 930.2 930.5 929.3 926.2 923.2 922.9 922.9 925 927.2 928.4 926.8 921.7 917.4 914 910.4 906.4 903.7 901.2 901.2 900.9 901.2 903.4 907 
926.5 924.1 922.6 924.1 925.6 926.8 928.1 928.7 928.4 926.2 922.6 917.4 917.4 919.8 923.2 925.6 926.2 923.8 918 915.3 912.2 908.3 904.3 901.2 899.7 900 900.3 902.5 905.5 
927.2 924.7 920.8 919.2 921.1 922.9 925 926.5 927.2 925 920.4 914.7 913.4 914 916.5 919.2 922.3 922 919.8 916.8 913.4 909.5 905.2 902.2 900 899.1 900 902.2 904.3 
928.4 925.6 920.4 916.2 914.7 918 920.4 922.6 924.1 923.2 919.2 915.3 912.8 912.2 913.1 914 916.5 917.7 918 916.5 914.7 910.7 906.4 903.1 900.9 899.1 899.1 901.5 903.1 
927.2 924.1 918.6 914.7 912.2 913.7 915.3 916.5 917.4 920.4 918.3 915.9 913.1 911 911.3 911.6 913.7 915 917.4 916.5 914.7 911.3 907 903.7 901.2 899.4 898.5 900.6 902.2 
923.8 920.4 916.5 913.1 909.8 909.5 910.7 912.5 915 918 917.4 915.6 913.1 910.4 907.9 908.3 911 913.4 915.6 916.2 914.7 911.3 907.3 903.7 900.9 899.1 897.3 898.2 901.2 
919.8 915.9 913.1 909.8 905.8 904.3 906.1 910.7 914.7 916.2 917.1 915.3 912.8 909.5 905.8 904 905.8 909.8 913.1 914.7 913.4 910.7 906.7 903.7 900.6 897.9 895.5 897 898.8 
916.5 912.5 909.5 905.8 902.2 900.6 901.9 908.3 914.4 917.1 916.5 915 912.2 908.6 904.9 901.9 901.9 905.5 909.2 911 911.3 909.5 906.7 903.4 900.3 897 893.9 894.2 895.5 
914.4 910.4 906.4 902.2 900.6 898.8 900.3 906.4 913.7 916.8 916.5 914.7 911.9 908.3 904.6 901.5 900.9 902.2 904.9 907 907.6 906.7 905.2 902.8 899.1 892.7 891.2 891.8 892.4 
912.8 908.9 905.2 901.9 899.7 898.2 900.3 906.1 912.8 916.5 916.2 914.4 911.3 907.6 904.3 901.5 899.7 900.6 901.9 903.4 904.9 904.6 904 902.2 897.3 890.6 888.4 888.4 888.7 
911.3 907.3 904 901.2 899.4 897.9 900.6 905.8 911.9 915.6 915.3 913.4 910.4 907.3 904 901.2 899.1 899.1 900 901.2 902.2 903.1 902.8 900.6 896.4 890.9 887.2 884.5 883.3 
911 906.1 901.9 900.3 898.5 897.9 901.2 904.9 910.1 913.4 914.4 911.9 909.2 906.4 903.7 900.9 899.1 897.9 897.9 898.5 900 900.9 900.9 899.4 895.5 891.5 886.9 881.7 877.5 
911.3 905.8 901.5 899.4 898.5 897.9 901.2 903.7 906.7 909.2 910.4 909.2 907 905.5 902.8 900 897.6 895.1 894.2 894.8 896.1 896.7 897.6 896.7 894.5 892.1 888.4 882 877.5 
911.6 906.1 901.9 899.4 897.9 896.4 899.4 901.2 902.8 904.6 904.9 904.9 904.9 904 901.9 899.1 896.1 891.8 890.9 890.9 891.2 893 893.6 894.8 893.3 891.8 889.1 882.7 877.8 
911.6 906.1 901.9 899.1 896.1 894.5 895.5 898.5 900 900.9 901.5 901.9 902.2 902.2 900.6 897.9 893.9 890.6 888.7 888.7 889.1 890 891.2 892.4 892.4 891.5 889.1 883.3 878.1 
910.4 906.7 902.2 898.8 894.8 892.7 893.6 895.1 896.1 897.6 898.2 898.8 899.4 899.4 898.5 896.4 893.6 890.6 888.4 887.2 887.2 888.1 889.4 890.3 890.9 890.9 888.1 883 878.7 
905.2 904.9 902.5 899.1 893.3 890 890.9 892.1 893 893.6 893.9 894.5 895.8 896.1 896.1 894.5 893 890.6 888.4 886.3 885.7 886.6 887.2 888.4 889.7 890 887.2 883 878.7 
902.5 903.7 902.5 898.2 892.7 889.7 888.7 889.4 890 890 890 890.9 892.1 893.3 894.2 893.9 892.7 890.6 888.4 886 884.5 884.5 884.8 885.7 886.9 887.2 885.7 882.3 879 
900 901.5 901.2 897.6 892.7 890.3 887.8 886.9 887.2 887.2 886.6 888.1 890.6 892.1 893 892.7 892.1 890.3 887.8 884.5 881.4 881.1 881.4 882 883 883.9 883 880.8 878.7 
894.8 897.6 896.4 895.1 893.6 891.2 888.7 885.7 883.9 882.3 882 883.9 887.8 890.6 891.5 891.8 891.2 890 887.2 883 879 877.8 878.7 879 879.3 880.2 880.5 880.5 878.7 
891.2 890.9 892.1 892.7 892.7 891.5 889.7 886 882.3 879.3 877.5 877.5 883.3 887.8 890.3 890.6 890.3 888.4 885.4 880.8 877.2 876.2 875.9 876.6 876.9 877.2 878.4 879.9 879.3 
890.9 889.1 889.4 890.3 891.2 891.8 890.3 886.9 882.3 878.4 876.6 876.6 878.7 883.6 886.9 888.1 887.8 886.3 883.9 880.2 876.6 873.8 873.2 873.5 874.1 875.6 878.1 880.2 879 
890.9 889.4 887.5 888.4 889.7 890.3 890 886.6 882 878.7 876.6 875.3 876.9 878.7 882 883.6 883.9 883 882 879.3 875.6 871.4 868.3 868.3 870.5 874.1 877.8 880.2 878.4 
891.2 889.4 887.2 886 887.2 887.8 887.8 885.4 881.4 878.7 876.6 874.7 875 876.6 877.8 879.6 880.5 881.1 880.2 878.4 874.7 869.8 865.3 865 867.7 872.6 877.2 879.9 878.1 
890.3 888.7 886 884.2 884.5 884.5 884.5 883 880.5 878.7 876.6 874.4 873.5 874.7 875.9 877.2 877.8 878.7 878.7 877.5 873.8 869.2 865.3 864.4 866.2 871.4 876.9 879.6 877.5 
888.1 886.3 883.3 880.5 881.1 881.4 881.7 881.4 880.5 879 877.5 874.4 872.9 872.9 873.8 875.3 875.9 876.6 876.6 875.3 872.3 868.3 865.3 864.4 865.3 870.2 875.9 878.4 876.2 
