var/www/cgi-bin/fswepp/ravel/sample_dem.txt
ncols         166
nrows         140
xllcorner     428632.68685433
yllcorner     3785869.5678288
cellsize      4.20777894585
NODATA_value  -9999
[rows 112 to 139 of 140, columns 0 to 62 of 166]
976.038 977.2424 977.3519 976.934 975.902 974.2703 972.2961 970.14 967.9426 965.7402 963.5313 961.3289 959.094 956.7781 954.3735 951.8198 949.1279 946.4446 943.7907 941.1274 938.4874 935.8522 933.1836 930.441 927.5529 924.4801 921.3674 918.2166 915.1454 911.7244 909.0882 906.4927 904.0714 900.8889 897.6996 894.8942 891.9631 888.6672 885.5059 883.288 881.6027 879.9765 878.3025 876.8784 875.3516 874.1531 872.9821 871.3779 869.0102 867.8891 867.457 866.779 865.9018 866.5074 868.434 868.0475 867.2969 866.6877 866.247 865.8352 865.4755 865.1317 864.7726
976.8682 977.1995 977.0465 976.3173 975.0168 973.1896 971.0591 968.7877 966.4996 964.2163 961.9348 959.6785 957.4202 955.1132 952.752 950.2634 947.652 945.044 942.4734 939.9059 937.3229 934.7156 932.0792 929.3969 926.58 923.5837 920.4103 917.2725 914.2601 911.4318 908.6066 905.8812 903.2863 900.5438 897.0112 894.0016 891.2723 888.2894 885.3757 882.5621 881.3008 880.748 880.0764 879.7064 878.1859 876.7652 875.5817 874.2598 873.197 872.6776 872.553 871.8497 871.6399 871.9434 871.5312 870.9679 870.5515 870.1588 869.7529 869.348 868.9576 868.5416 868.0706
977.1125 977.1836 976.6667 975.6229 974.0617 972.0366 969.7654 967.4038 965.043 962.6877 960.3375 958.019 955.7153 953.3894 951.0391 948.5801 946.024 943.4835 940.9149 938.2678 935.7414 933.293 930.7699 928.1183 925.3719 922.4554 919.3691 916.3141 913.3353 910.4472 907.6465 904.9088 902.2397 899.7618 896.6092 893.6352 891.467 889.1317 887.6736 883.278 882.4954 883.079 883.1953 882.412 881.6978 880.3094 879.1136 878.0408 877.2072 877.0569 876.8939 876.149 875.6121 875.1754 874.7593 874.3477 873.983 873.6014 873.1746 872.7272 872.2722 871.7729 871.1914
977.1785 976.9169 976.0921 974.7906 973.0144 970.826 968.4418 966.0045 963.5771 961.1518 958.7363 956.3528 953.9913 951.6259 949.2568 946.8019 944.2893 941.8281 939.208 936.2501 933.6533 931.5098 929.3271 926.7159 924.0149 921.1572 918.1512 915.1772 912.2731 909.4536 906.7131 904.022 901.3963 898.8423 896.4316 893.5906 890.9965 888.9121 887.9657 884.5544 884.4026 885.7496 885.7127 885.1673 884.647 883.9459 882.5536 881.6587 880.9395 880.6705 880.0341 879.4898 879.0457 878.6708 878.3085 877.9372 877.5774 877.157 876.6669 876.1411 875.595 874.9901 874.2751
976.879 976.3044 975.2287 973.7372 971.8177 969.525 967.0721 964.5818 962.1057 959.6302 957.1705 954.7369 952.3279 949.9183 947.5014 945.0335 942.5564 940.1461 937.7933 935.1235 932.1876 929.563 927.5599 925.2099 922.5262 919.7287 916.8046 913.9244 911.1138 908.3857 905.7338 903.1318 900.6028 898.1695 895.9041 893.7662 890.7266 888.7461 887.0237 885.031 885.9334 887.8725 888.0422 887.839 887.5999 887.1098 886.3288 885.566 884.8411 884.2556 883.6671 883.1716 882.7553 882.3922 882.013 881.6024 881.1872 880.6986 880.1409 879.5398 878.8991 878.1732 877.3005
976.4083 975.5461 974.2484 972.585 970.5372 968.159 965.664 963.1458 960.6416 958.1364 955.6494 953.1803 950.7308 948.2853 945.8175 943.3218 940.8654 938.5084 936.1655 933.7596 931.3328 928.4219 925.3876 922.6594 920.2697 918.2426 915.3705 912.5564 909.7952 907.1553 904.6563 902.2306 899.9236 897.8398 895.3434 892.3976 890.0359 888.4836 886.9235 885.9724 887.8483 890.368 890.8424 890.9493 890.9617 890.6307 890.0782 889.4119 888.7427 888.1292 887.5828 887.0654 886.6072 886.1764 885.7136 885.222 884.7324 884.1763 883.5544 882.8721 882.1135 881.2333 880.1671
975.7692 974.6858 973.2142 971.406 969.2346 966.7691 964.2298 961.6868 959.1524 956.6104 954.0784 951.6005 948.7742 946.068 944.0201 941.5229 939.0293 936.7147 934.4159 932.0807 929.6603 927.1733 924.0975 920.8173 918.0126 915.5045 912.8032 910.2831 908.1658 905.7997 903.0479 900.4814 898.0432 896.0604 893.7205 891.336 889.924 889.2601 888.4921 888.4713 891.0895 893.6196 893.9611 894.3755 894.575 894.3779 893.8979 893.3008 892.6905 892.113 891.5369 890.9635 890.4317 889.9136 889.3648 888.7988 888.2305 887.5934 886.8778 886.0757 885.1587 884.0806 882.7755
974.9257 973.6534 972.0384 970.1004 967.8121 965.2689 962.6857 960.1097 957.5378 954.9519 952.3641 949.8295 946.8513 943.9976 941.7034 939.1553 937.1603 934.7518 932.4924 930.2015 927.7988 925.3811 922.7461 920.1042 916.6761 913.3865 910.9918 908.1036 905.8684 903.4749 900.8703 898.4747 896.3934 894.5766 892.7802 891.4433 891.1337 891.4157 891.5479 892.5356 895.1363 896.793 897.3434 897.9569 898.2803 898.1841 897.7776 897.2234 896.6348 896.041 895.4144 894.7755 894.1713 893.5787 892.9633 892.332 891.6708 890.9173 890.0573 889.0862 887.9631 886.6351 885.0493
973.8993 972.4433 970.6961 968.6429 966.2525 963.6436 961.0204 958.4107 955.8052 953.1917 950.5553 947.9013 945.1464 942.4946 939.3481 936.7603 934.6047 932.7403 930.4532 928.227 925.8904 923.4895 921.114 918.2266 915.0179 912.6378 910.0611 907.2729 904.5127 901.7917 899.567 897.4448 895.5051 894.1669 893.3545 893.5363 894.0329 894.7711 895.6693 896.7417 898.6151 900.0519 900.8588 901.5797 901.986 901.9737 901.6268 901.0961 900.5046 899.8741 899.1912 898.4896 897.818 897.1579 896.475 895.7619 894.9754 894.0605 893.0096 891.8312 890.463 888.848 886.9578
972.816 971.1724 969.2804 967.0996 964.5994 961.9269 959.2658 956.6262 953.9931 951.3612 948.6893 945.9524 943.2803 940.7192 937.0787 934.631 932.6853 930.575 928.2785 926.1482 923.9005 921.593 919.2352 916.436 913.7579 911.5432 908.9521 906.5219 903.6203 900.8734 898.6843 896.8319 895.3534 894.7455 895.0742 897.1346 897.7902 898.6061 899.7538 900.7625 901.8862 903.3013 904.4066 905.1516 905.6041 905.6644 905.3726 904.8581 904.2486 903.5712 902.8344 902.0783 901.345 900.6139 899.8434 899.0093 898.048 896.9225 895.6378 894.2169 892.5823 890.6744 888.4885
971.7234 969.9414 967.8613 965.5343 962.9216 960.1906 957.4957 954.8272 952.1633 949.5042 946.7971 944.0468 941.1031 938.1789 934.8503 932.2045 930.0355 927.8852 926.1536 923.9677 921.8497 919.6594 917.3309 915.0179 912.5804 910.0528 907.437 905.0767 902.6113 900.2408 897.97 896.7473 896.2364 896.3576 897.9037 900.308 901.0145 901.952 903.1289 904.3876 905.2055 906.5229 907.9105 908.6285 909.0975 909.2124 908.962 908.452 907.8121 907.0831 906.2983 905.4971 904.7025 903.8826 902.9893 901.9846 900.7972 899.4193 897.8663 896.1704 894.2581 892.0677 889.6189
970.7528 968.5658 966.4769 964.0261 961.3072 958.5271 955.84 953.1381 950.418 947.6744 944.9416 942.1774 939.0409 935.7917 932.6951 929.7816 927.2734 925.0151 923.3837 921.5624 919.5477 917.5867 915.688 913.4908 911.2929 908.7866 906.0477 903.6979 901.9017 899.7979 898.2028 898.049 898.7053 899.3885 900.9879 902.4153 903.5967 904.8932 906.229 907.4751 908.5342 910.0571 911.266 911.9896 912.4579 912.5922 912.3478 911.8219 911.1457 910.3684 909.5385 908.6846 907.804 906.8575 905.7966 904.5798 903.1376 901.492 899.6636 897.6822 895.4902 893.0376 890.3569
969.7669 967.1979 965.0016 962.6131 959.8811 957.0255 954.0598 951.2708 948.593 946.0443 943.2249 940.412 937.4366 934.0818 930.877 927.7567 925.2831 922.7712 920.3344 919.0027 916.9233 915.3426 914.0145 912.0666 909.9485 907.1622 904.8516 902.8712 901.4675 899.7672 899.3249 900.426 901.9634 902.9476 903.4608 904.6898 906.2558 907.9568 909.4062 910.8195 912.2206 913.4443 914.441 915.1724 915.6128 915.7217 915.4461 914.8912 914.1807 913.3585 912.472 911.5367 910.5334 909.4258 908.1693 906.72 905.0181 903.1122 901.0204 898.7653 896.3118 893.6255 890.7449
968.6537 966.1082 963.7301 961.4771 958.3103 955.3265 952.1268 949.2612 946.6191 944.3076 941.5483 938.6926 935.8489 932.5392 929.3928 925.892 923.1266 920.9162 918.2814 916.6598 914.4942 912.9791 911.7619 910.1503 907.98 905.6552 903.9839 902.7061 901.5314 900.7564 901.0941 903.1075 904.4021 905.3746 906.4586 907.7134 908.98 910.6408 912.4234 913.784 915.1677 916.3982 917.3982 918.0891 918.4774 918.5291 918.2003 917.6084 916.8621 915.9925 915.0351 913.9938 912.8435 911.5536 910.088 908.3989 906.4401 904.2798 901.9376 899.4333 896.7518 893.8787 890.8498
967.8096 965.3317 962.8929 960.3904 956.7443 953.6362 950.6066 947.7249 944.9228 942.3571 939.8101 936.9862 934.0342 930.9924 927.7344 924.2994 921.3839 918.7005 916.5002 914.6755 912.7302 910.9285 909.6552 908.3098 906.8732 905.5018 904.2999 903.3561 902.6411 902.4633 903.5707 905.6437 907.0392 908.1474 909.764 911.1558 911.9532 913.1332 914.7458 916.3271 918.0178 919.1251 920.0782 920.7239 921.0552 921.0468 920.6661 920.0331 919.2454 918.3215 917.2826 916.125 914.8184 913.3386 911.6556 909.7177 907.4937 905.0789 902.4977 899.7633 896.8793 893.8489 890.694
967.6752 965.0901 962.2701 959.2667 956.1251 952.8788 949.7557 946.7547 943.873 941.0825 938.3785 935.6605 932.7598 929.6683 925.9658 922.793 919.7902 916.9205 914.6576 913.09 911.8069 910.6211 909.4838 908.3395 907.3286 906.4925 905.6899 905.0397 904.6948 905.0778 906.8813 908.9567 910.1367 911.2659 912.6022 913.9763 914.7288 915.8637 917.556 919.4702 920.6274 921.7394 922.637 923.2321 923.5106 923.4485 923.018 922.3321 921.4764 920.4629 919.3026 917.9866 916.4874 914.7843 912.8521 910.6347 908.1239 905.4531 902.6524 899.7227 896.6747 893.5172 890.2552
968.0038 965.3581 962.2346 959.1888 955.9809 952.5328 949.3998 946.3096 943.2787 940.3684 937.5801 934.817 931.9323 928.8931 925.1465 922.0231 919.1654 916.5211 914.5549 913.3542 912.5091 911.7218 910.7866 909.73 908.875 908.7923 908.2958 907.9011 907.586 909.0976 910.9927 911.5682 912.5779 914.1994 915.5822 916.9278 917.6403 919.0463 920.9158 922.1771 923.2943 924.3197 925.1195 925.6315 925.8364 925.7004 925.1967 924.425 923.4557 922.3008 920.9688 919.4492 917.7242 915.7748 913.5775 911.0735 908.2803 905.3635 902.3611 899.2683 896.0948 892.8493 889.5196
967.8189 965.1114 962.2396 959.1875 955.9608 952.7841 949.7151 946.5686 943.1075 940.0029 937.1682 934.3687 931.5052 928.5276 924.8385 921.8082 919.3387 917.4836 916.2507 915.3833 914.9264 914.2737 913.3457 912.4409 911.2324 910.8094 910.8888 911.4662 911.4929 912.5971 914.0424 914.5334 915.8419 917.3334 918.6678 919.9986 921.167 922.441 923.7711 924.852 925.9005 926.7989 927.4702 927.8649 927.9511 927.6933 927.0704 926.1639 925.0307 923.6886 922.1506 920.4021 918.4352 916.233 913.7719 910.9984 907.9561 904.8325 901.6684 898.4584 895.2106 891.9266 888.5748
967.7352 965.0324 962.1553 959.0873 955.8517 952.6994 949.6036 946.6028 943.4809 940.0992 937.0826 934.3086 931.4984 928.6187 925.1648 922.4453 920.4304 919.679 919.7751 919.4187 918.127 917.1133 916.3344 915.6263 914.1605 913.6133 913.8894 914.7954 915.3697 915.8715 916.69 917.6025 919.1602 920.5443 921.8262 923.1041 924.3478 925.4281 926.4269 927.436 928.3591 929.12 929.6482 929.8921 929.8071 929.3657 928.5657 927.4688 926.1231 924.559 922.7943 920.8078 918.6001 916.155 913.4466 910.4331 907.1873 903.9113 900.6403 897.3656 894.0908 890.8059 887.5034
967.6591 964.9825 962.1187 959.0641 955.8852 952.5535 949.5634 946.6733 943.4146 940.2575 937.3208 934.5112 931.8228 929.0712 926.4157 924.0405 923.4726 922.6351 922.6123 921.9918 921.0739 920.2954 919.6285 919.0011 918.2031 917.5803 917.6708 918.2609 918.6547 919.1029 919.7992 921.0757 922.4867 923.7339 924.9439 926.1069 927.1669 928.1059 928.9871 929.8421 930.6293 931.242 931.61 931.6763 931.3804 930.6998 929.6696 928.3367 926.7444 924.9366 922.9333 920.7079 918.2674 915.596 912.6677 909.455 906.0618 902.6883 899.354 896.0474 892.7657 889.492 886.2469
967.5698 964.9492 962.1321 959.1292 955.7352 952.6081 949.6346 946.6773 943.6354 940.7986 938.0336 935.4093 932.5452 930.2972 927.745 925.759 925.1954 924.9305 924.9581 924.2748 923.86 923.3774 922.8088 922.2486 921.8862 921.5015 921.4361 921.5933 921.9906 922.3879 923.3494 924.6125 925.7051 926.8078 927.9048 928.9246 929.8372 930.6423 931.3747 932.0737 932.7075 933.1524 933.3328 933.192 932.6511 931.6903 930.395 928.803 926.9525 924.8954 922.6523 920.1984 917.543 914.6735 911.5657 908.204 904.722 901.2971 897.9297 894.6208 891.3432 888.0704 884.8446
967.3723 964.846 962.1171 959.1979 956.0375 953.088 950.1511 947.2356 944.4316 941.7467 938.9125 936.1525 933.4947 931.3558 929.4672 927.7291 926.663 927.2493 927.4356 927.0649 926.7708 926.3867 925.9092 925.433 925.0756 924.9393 924.9266 925.0662 925.4867 925.8694 926.8978 927.8271 928.7411 929.7402 930.706 931.5703 932.3322 933.003 933.585 934.1194 934.5798 934.8346 934.8036 934.4304 933.6204 932.3596 930.7854 928.9445 926.8884 924.587 922.12 919.4678 916.6077 913.5772 910.3405 906.8965 903.3644 899.9144 896.5429 893.1774 889.8979 886.7387 883.5461
967.0363 964.6248 962.0054 959.1876 956.3191 953.4452 950.6082 947.8091 945.0737 942.4519 939.5707 936.9948 934.7675 932.7163 930.9607 929.59 929.2645 929.9955 929.9587 929.871 929.7247 929.4432 929.0536 928.6655 928.3865 928.2747 928.3633 928.5883 928.6986 929.3169 930.1683 930.8676 931.6937 932.5637 933.3891 934.0821 934.675 935.1927 935.6107 935.9636 936.2245 936.2664 936.0091 935.3964 934.3204 932.7673 930.9265 928.7714 926.2917 923.8703 921.2438 918.4453 915.6029 912.5148 909.2018 905.5844 902.0256 898.558 895.1943 891.7275 888.4493 885.4952 882.3718
966.5533 964.2596 961.7549 959.037 956.2408 953.4691 950.727 948.0071 945.3506 942.7815 940.1646 937.965 935.9423 934.36 932.306 931.1608 931.8915 932.4565 932.4344 932.5687 932.5646 932.3957 932.1171 931.8314 931.6259 931.5525 931.6394 931.7667 931.8976 932.5083 933.1802 933.8135 934.5126 935.2439 935.9186 936.4377 936.8619 937.222 937.4634 937.6127 937.65 937.4574 936.9601 936.1084 934.7823 932.9629 930.8815 928.3803 925.2453 922.683 919.9852 917.0845 914.5167 911.4839 908.1117 904.1453 900.5703 897.0767 893.678 890.3793 887.134 883.9625 880.929
965.9063 963.7296 961.3442 958.728 956.0318 953.3593 950.7125 948.0863 945.5264 943.0363 940.7394 938.6089 936.8463 935.2766 933.5259 932.746 933.92 934.6211 934.8434 935.1329 935.2617 935.2089 935.0427 934.8503 934.7048 934.6547 934.7206 934.9103 935.2173 935.5758 936.0417 936.5876 937.1455 937.7225 938.2395 938.5969 938.8652 939.0681 939.1269 939.0648 938.87 938.4317 937.6844 936.5872 935.0183 932.9567 930.6365 928.1635 925.3013 922.1019 919.3671 916.4396 913.381 910.1975 906.6609 903.0101 899.3831 895.8704 892.4539 889.1542 885.6603 882.1497 878.9516
965.1039 963.0286 960.754 958.2391 955.6428 953.0693 950.5182 948.0007 945.5611 943.2405 940.9763 938.9561 937.4474 935.4971 933.809 934.2068 935.7869 936.821 937.1704 937.5916 937.8203 937.8577 937.7775 937.6572 937.5626 937.5394 937.6064 937.7601 937.9994 938.3284 938.7316 939.16 939.5798 940.0074 940.368 940.5677 940.6714 940.699 940.5661 940.2919 939.8665 939.1855 938.1896 936.8466 935.0396 932.7588 930.2486 927.5894 924.8178 921.9589 919.0508 916.1164 912.6634 909.3168 905.8896 902.2736 898.5056 895.0593 891.6709 888.1791 884.5463 881.2206 878.0446
964.1782 962.1583 959.9604 957.5319 955.0335 952.5616 950.1247 947.6732 945.2949 943.1899 940.7521 938.5297 936.9665 935.3905 934.895 936.0258 938.1264 938.9276 939.4471 939.9517 940.2428 940.3434 940.3322 940.2745 940.223 940.2209 940.282 940.4017 940.5894 940.8511 941.1642 941.4832 941.7806 942.0721 942.2804 942.3173 942.2383 942.0649 941.7219 941.2291 940.5793 939.6659 938.4298 936.8461 934.8076 932.3336 929.6693 926.8972 924.0633 921.1824 918.2445 915.2552 912.0989 908.8592 905.4814 901.9299 898.3109 894.4067 891.1365 887.8288 884.6102 881.2737 878.1507
963.188 961.1697 959.0004 956.6298 954.2228 951.8593 949.549 946.9936 944.5131 942.3759 939.9934 938.0564 936.8351 936.363 936.851 938.4601 940.4451 940.9286 941.6079 942.174 942.5222 942.6898 942.7513 942.7525 942.7308 942.7375 942.7856 942.8701 943.0113 943.2089 943.4358 943.6519 943.8328 943.989 944.0346 943.8922 943.6083 943.2064 942.6255 941.8876 940.9877 939.8203 938.3307 936.5061 934.2584 931.6399 928.879 926.046 923.1693 920.256 917.3119 914.3187 911.2588 908.0726 904.728 901.2315 897.7698 894.2275 890.9465 887.7296 884.6251 881.6382 878.4853
