var/www/cgi-bin/fswepp/ravel/sample_dem.txt
ncols         166
nrows         140
xllcorner     428632.68685433
yllcorner     3785869.5678288
cellsize      4.20777894585
NODATA_value  -9999
[rows 28 to 55 of 140, columns 63 to 125 of 166]
918.8342 917.8168 916.7984 915.83 914.9145 914.0071 913.058 912.0458 910.9219 909.6281 908.1238 906.3959 904.4407 902.423 900.3956 898.3389 896.2179 894.0245 891.7402 889.3146 886.6978 883.8417 880.7371 877.5601 874.4016 871.2682 868.1351 865.0095 861.5752 858.102 854.8052 851.171 847.7241 844.1934 840.6712 837.4861 834.2231 830.7924 827.7867 825.0861 821.6949 818.4297 815.1422 811.817 808.7692 805.512 803.1025 800.7609 799.0505 800.5761 802.7711 803.5735 804.457 805.7701 807.264 808.7316 810.0825 812.2553 813.6896 814.8637 815.8191 816.4911 816.8739
918.1348 917.0209 915.9572 914.9702 914.0443 913.126 912.1658 911.127 909.9498 908.5738 906.9501 905.0726 902.9743 900.8494 898.7507 896.6655 894.558 892.4045 890.172 887.8028 885.2463 882.4529 879.4183 876.3349 873.2683 870.2208 867.1666 864.0613 860.9681 857.7831 854.522 850.7231 847.1538 843.4022 839.7817 836.4977 833.4379 829.7524 826.2766 823.0352 819.8181 816.8131 813.4223 809.9919 806.8445 803.7756 801.6579 799.818 798.763 800.7151 803.3174 804.4855 805.78 807.4355 809.1477 810.3622 811.9993 813.897 816.0154 817.3007 818.3792 819.1948 819.634
916.992 915.7001 914.6071 913.5504 912.5595 911.5494 910.5835 909.5364 908.3453 906.9435 905.2632 903.2979 901.1184 898.9322 896.7923 894.6917 892.5989 890.4769 888.2867 885.9715 883.4788 880.7589 877.8069 874.8251 871.8609 868.9124 865.9589 862.9661 859.9076 856.7652 853.5201 850.2351 846.7813 842.8228 839.3609 835.8987 832.6821 829.266 825.6369 822.2836 819.1032 815.6302 812.0475 808.5275 805.5286 803.1193 801.3903 800.2952 799.8373 800.9161 803.9236 805.6941 807.1844 809.0032 810.9031 812.6641 813.9418 815.649 817.7081 819.6078 820.7731 821.7343 822.3033
915.205 914.088 912.4828 911.3383 910.3616 909.5444 908.4775 907.4293 906.2424 904.8549 903.18 901.2057 899.0278 896.8392 894.69 892.5838 890.4971 888.3862 886.2133 883.931 881.488 878.8389 875.9798 873.1097 870.2621 867.4304 864.5992 861.7297 858.789 855.7552 852.6224 849.3825 846.0147 842.6334 838.8311 835.7 832.5506 829.382 825.79 822.241 819.3712 815.6327 811.9199 808.5999 805.9751 803.783 802.3333 802.0618 802.4145 803.1912 804.7807 806.7717 808.4938 810.4047 812.3768 814.3088 816.2059 818.1159 819.9517 821.6149 823.0302 824.1741 824.9291
913.0887 912.0843 909.9494 908.5999 907.6367 907.2122 906.1621 905.0574 903.879 902.5267 900.9002 898.9782 896.8629 894.7101 892.5692 890.4605 888.3744 886.2621 884.0778 881.7999 879.3839 876.7913 874.0203 871.2546 868.5108 865.7849 863.0687 860.3215 857.5054 854.5949 851.5873 848.4774 845.2391 842.0112 838.8865 835.8011 832.7628 829.8427 826.2546 822.7582 819.6428 816.5034 812.6593 809.6732 807.9078 805.7439 804.1385 804.3204 804.9416 804.9058 806.3492 808.0463 809.8252 811.7539 813.8028 815.8281 817.8528 819.8809 821.8204 823.6171 825.2478 826.6152 827.6127
911.7482 909.6983 908.2639 906.442 905.1632 904.3883 903.8148 902.6434 901.4415 900.127 898.5755 896.7468 894.7321 892.6344 890.5081 888.3965 886.2843 884.1391 881.9578 879.6802 877.2776 874.7283 872.0281 869.34 866.6654 864.0072 861.3725 858.7219 856.0152 853.2257 850.3495 847.376 844.2759 841.2003 838.2195 835.2722 832.3563 829.4615 826.4556 823.3936 820.3356 817.2745 814.0916 811.2317 809.0117 807.0453 805.3395 805.4673 805.7295 805.8185 807.1284 809.3143 810.6494 813.2484 815.2855 817.3977 819.457 821.5101 823.6074 825.5993 827.442 829.0379 830.2936
910.8339 908.1393 906.5945 904.3221 902.8854 901.7068 901.1705 900.3509 899.0901 897.8022 896.3204 894.5919 892.6869 890.6484 888.5402 886.4556 884.1012 881.6002 879.7598 877.5896 875.1465 872.606 869.9456 867.304 864.6714 862.0522 859.4646 856.8764 854.2482 851.5594 848.8052 845.9643 843.0064 840.0897 837.2656 834.4825 831.7229 828.9578 826.1621 823.2838 820.3522 817.3944 814.4419 811.6995 809.4844 807.7147 806.1127 805.8176 806.0121 806.7758 808.0364 810.1198 811.4736 813.8225 816.2487 818.3277 820.8054 823.4832 825.4645 827.5307 829.5723 831.3762 832.9002
909.037 906.5388 904.3502 902.368 900.5219 898.9253 897.8539 897.2061 896.7047 895.4918 894.0214 892.3835 890.6009 888.6504 886.5822 884.5135 882.0173 879.3549 877.331 875.3683 872.9117 870.3358 867.6865 865.071 862.4664 859.8773 857.327 854.7895 852.229 849.6275 846.9789 844.256 841.4334 838.6687 835.9985 833.3787 830.7793 828.1734 825.5157 822.7779 819.9984 817.1981 814.3864 811.8163 809.8646 808.2853 806.5092 806.193 807.1808 808.5698 809.4838 810.8939 812.5673 814.647 817.1098 819.3184 821.614 824.1607 826.8918 829.5829 831.7131 833.6152 835.4138
908.4601 905.6916 903.1775 901.0222 898.9019 896.8222 895.1422 894.439 893.8792 893.1967 891.8126 890.1458 888.4902 886.6453 884.6446 882.6113 880.0064 877.2188 874.9143 872.878 870.6387 868.0164 865.3237 862.6902 860.086 857.5268 855.0306 852.5313 850.0327 847.5073 844.9479 842.3303 839.5435 836.9061 834.36 831.8735 829.4097 826.9436 824.4355 821.8565 819.2469 816.6425 814.0637 811.7646 810.0828 808.2879 806.8372 806.7753 808.4382 810.0909 811.321 812.1028 813.993 816.2595 818.5406 820.848 822.9505 825.0149 827.9428 830.7161 832.9811 835.707 837.7953
909.1274 905.9213 903.2895 901.0263 898.707 895.9821 893.1582 891.7112 890.704 889.8869 888.8217 887.8929 886.3162 884.5805 882.6804 880.7212 878.0751 875.2515 872.8126 870.4639 868.528 865.839 863.0566 860.3462 857.6693 854.9897 852.3194 849.854 847.3375 844.8256 842.2935 839.6862 837.4258 834.8608 832.3882 829.9377 827.5875 825.2417 822.8757 820.4617 818.04 815.6647 813.523 811.5491 809.6603 808.2288 807.3367 807.5599 809.4307 811.2957 812.8953 814.3857 815.5635 818.7103 820.86 823.1445 825.2408 826.8032 829.565 832.271 834.2839 837.1148 839.8847
909.9073 906.7359 903.8404 901.1678 898.4286 895.3315 892.1255 889.7135 888.6174 887.4446 885.9809 885.7727 884.074 882.455 880.6848 878.7942 876.5628 873.7366 871.097 868.459 866.3372 863.6006 860.7744 858.0594 855.5656 852.7734 849.8766 847.1777 844.7009 842.1987 839.6285 837.0198 834.747 832.2428 829.8835 827.7632 825.4343 823.2473 821.0306 818.8105 816.6362 814.6268 812.3116 810.6249 809.119 808.587 807.9872 808.6194 810.7241 812.3669 814.2708 816.2548 817.2118 821.01 823.0627 825.3311 827.4695 829.0067 831.4965 834.5209 836.2563 838.5405 841.6928
910.0418 906.8556 903.7391 900.7621 897.7435 894.5603 891.6036 888.9651 887.2083 885.5686 883.5828 882.9543 881.9442 880.3409 878.6973 876.9095 874.9633 872.4889 869.9958 866.929 863.9448 861.0137 858.126 855.3643 852.9387 850.444 847.9055 845.2432 842.4598 839.8737 837.4725 834.8943 832.1938 829.528 827.1739 825.2817 823.0496 820.7203 818.6608 816.6477 814.7488 813.1417 810.5086 808.7429 808.4645 809.0411 809.2469 810.0284 811.8957 813.2069 815.4 816.7783 818.8896 822.3474 824.416 826.6163 829.1042 831.4838 832.8231 835.5748 837.6205 840.7633 843.3365
909.8439 906.5144 903.2847 900.1733 897.1265 894.1078 891.3759 888.9079 886.2014 883.8174 881.3948 880.393 880.0555 878.2755 876.7275 875.0483 873.105 870.9933 868.7308 865.806 862.2111 859.0064 855.7766 852.8834 850.16 847.7545 845.4749 843.2119 840.5529 837.7249 835.4464 832.7946 830.1283 827.3705 824.88 822.5522 820.2478 817.6206 815.6251 813.7485 812.0233 810.5557 808.6293 806.9916 807.4585 809.3716 811.0934 812.0056 812.9808 814.5744 816.0541 818.2704 820.6294 823.784 825.8633 828.0397 830.444 832.6061 834.1919 837.0466 838.996 842.0505 844.7455
909.6055 906.2026 902.8998 899.6926 896.6127 893.7131 890.8286 888.1622 885.3527 882.4206 879.4891 878.2078 877.7452 876.5325 874.8428 873.1362 871.2892 869.204 866.9167 864.5515 861.3491 858.201 854.8192 851.6379 848.7457 845.785 842.9707 840.6297 838.5145 835.5964 833.1764 830.6579 827.937 825.439 822.9183 820.0403 817.284 814.8565 812.8378 810.9988 809.4155 808.1348 807.08 806.7108 807.7581 809.9346 812.3613 814.1884 815.1449 816.2933 817.774 820.569 822.8199 824.9637 827.1148 829.3076 831.7343 833.4532 835.2006 838.3247 840.2876 843.2403 845.9255
909.3051 905.8628 902.5461 899.3077 896.1664 893.1956 889.9191 886.6967 883.9822 881.0068 877.9943 875.825 874.8363 874.2552 872.7557 871.3254 869.4193 867.4112 865.2262 862.8142 860.2545 857.412 854.4662 851.0808 848.2642 845.0063 841.8146 838.9731 836.1345 833.2485 830.77 828.6458 825.9543 823.4042 820.9534 817.9678 815.1499 813.0443 811.0985 809.2816 808.1714 808.1156 808.0746 808.4134 810.0499 812.2429 813.5806 815.1871 816.7296 818.2504 819.9625 821.8278 823.9755 825.3073 827.5177 830.0362 832.5698 834.1407 836.5391 838.8422 841.9075 843.9124 846.426
908.6811 905.243 901.8623 898.6618 895.545 892.5781 889.2935 885.7547 882.6152 879.7244 877.0148 874.6689 872.7092 871.0022 870.1244 869.428 867.5736 865.568 863.4574 861.1627 858.646 855.9095 853.1157 850.3564 847.5955 844.5856 841.2214 838.1195 835.153 831.8324 828.8732 826.0176 823.6366 821.1017 819.0559 816.5522 813.7446 812.0115 810.0396 808.3217 808.1836 810.3641 810.7894 811.3096 813.6563 814.5061 815.5975 816.8439 818.1751 819.6533 821.3657 822.6869 824.5582 826.5235 828.6351 830.8465 833.0786 835.2227 838.0748 840.7219 843.1937 845.6035 847.483
907.475 904.0531 900.5747 897.4352 894.3863 891.4282 888.5983 885.4105 882.2904 879.3783 876.6285 874.5054 872.1862 869.6428 867.7495 866.7843 865.7026 863.6719 861.632 859.4274 857.0391 854.4633 851.8277 849.1742 846.5033 843.8216 840.7014 837.3555 833.9181 830.6937 827.6347 824.4879 821.5294 818.9575 816.7072 814.5299 812.4352 810.7195 809.2672 808.4456 809.7058 812.0305 812.761 813.6686 814.9549 816.0433 817.2264 818.4994 819.8062 821.277 822.6235 824.1708 825.9774 827.9603 830.0036 832.0662 834.6268 836.8637 839.3192 842.1252 844.4086 846.9238 849.3378
906.4216 903.0322 899.8479 896.6638 893.6699 890.9367 888.2117 885.5699 882.674 879.6779 876.7138 874.2138 872.045 869.0999 866.6223 864.3809 862.7924 861.6741 859.8817 857.7137 855.3833 852.949 850.4769 847.987 845.4742 842.9424 839.8599 836.6297 833.2781 830.0046 826.8654 823.6245 820.4632 817.6901 815.3615 813.3612 811.631 810.2512 809.8947 811.148 811.9571 813.0367 814.033 815.1469 816.3478 817.6354 818.7383 819.8174 821.2085 822.6888 824.175 825.843 827.6302 829.5425 831.5553 833.5925 836.1439 838.6589 840.8698 843.352 845.6865 848.1859 850.8835
906.1766 903.0517 900.0414 896.9465 894.1558 891.6714 889.1006 886.2125 883.1304 880.0235 876.871 873.5961 871.2526 868.7128 866.1091 863.1975 860.7094 859.1502 857.3585 855.178 853.7062 851.3118 849.0057 846.6922 844.3654 841.9576 839.3267 836.6521 833.1539 829.9358 826.8717 823.7573 820.7783 817.6462 815.1054 813.515 811.6533 811.0743 811.727 812.4487 813.1517 813.763 815.11 816.6353 817.9875 819.3873 820.6812 821.9333 823.0226 824.3701 826.0067 827.6957 829.4355 831.3398 833.3229 835.3094 837.6664 840.2396 842.4501 844.7629 847.1187 849.6531 852.3722
906.9776 904.0929 901.5843 898.3807 895.3577 892.3995 889.4149 886.3411 883.1907 879.9681 876.6663 873.3951 870.1984 867.2067 864.4009 861.6729 859.2385 856.74 854.3988 852.2838 851.2846 849.8403 847.5082 845.2558 843.1387 840.9139 838.5535 836.0607 833.1448 830.1669 827.1169 824.0338 821.157 818.403 815.9418 813.7753 811.8588 811.428 812.6539 813.199 813.6254 814.6568 816.1419 818.3147 819.7693 821.0847 822.4819 824.2504 825.0777 826.3915 828.0334 829.7683 831.9053 833.7782 835.6653 837.5761 839.6558 841.8868 844.126 846.4315 848.7844 851.3758 853.8387
908.1248 905.0012 902.0048 898.8935 895.8275 892.7638 889.6696 886.5239 883.3344 880.0292 876.6564 873.3505 869.2524 865.5701 862.6076 859.9016 857.3857 854.7983 852.1946 849.8124 848.2448 846.9607 845.5044 844.1477 841.9175 839.7032 837.554 835.175 832.6461 829.8212 826.7809 823.6945 820.8495 818.4186 816.1589 813.6584 811.7849 811.1597 812.1545 813.2071 814.0995 815.7013 818.0918 819.9246 821.4298 822.6009 824.1058 825.8264 827.0348 828.5331 830.4798 832.3002 834.4681 836.3019 838.1009 839.9485 841.809 843.8008 845.9987 848.2345 850.5858 853.2418 855.4096
908.567 905.4548 902.3324 899.2671 896.1965 893.1229 890.0086 886.8457 883.3994 879.9976 876.3336 872.4898 868.6188 864.9926 861.8528 858.9783 856.2642 853.717 851.0555 848.3463 846.0818 844.295 842.5977 841.0665 839.8475 838.6035 836.3664 834.1706 831.7368 829.0034 826.0166 822.9857 820.226 817.8483 816.0272 813.8192 811.5399 811.1307 811.9269 813.4994 815.2282 816.5531 819.4434 821.6405 823.1259 824.3762 826.0484 827.5028 829.3988 831.1516 833.1552 835.0004 836.7849 838.5451 840.2684 842.0325 843.8323 845.7789 847.889 850.0611 852.4305 855.1201 857.5698
908.7168 905.7678 902.7689 899.7307 896.6563 893.5571 890.4029 887.1774 883.7679 879.9337 875.9217 872.3683 869.0232 865.7148 862.5589 859.5837 856.7168 853.9786 850.9947 848.1058 845.8182 843.3857 840.4713 837.7682 837.249 837.0483 835.0689 832.9142 830.5889 827.9641 825.0616 822.2624 819.7288 817.5925 815.9156 813.693 811.6822 811.6971 812.7757 814.8754 816.427 817.3682 820.0881 823.5331 825.1105 826.5076 828.4525 830.2188 832.2037 834.0371 835.7134 837.4984 839.2433 840.8772 842.4965 844.1677 845.8729 847.7524 849.812 851.9647 854.3666 857.0709 859.8945
908.7296 905.9689 903.0865 900.1052 897.0435 893.9296 890.7443 887.4572 884.1248 880.3368 876.5046 873.2411 869.9791 866.7805 863.6868 860.6578 857.6536 854.716 851.5939 848.6446 845.8064 842.9778 839.9369 836.7215 835.1361 835.0474 833.7497 831.4824 829.207 826.6612 823.9725 820.9557 818.5534 816.7253 815.1205 813.5224 812.978 812.9395 813.771 815.6409 816.99 818.8525 822.3386 825.2999 827.0309 828.8043 831.1042 833.1321 834.7697 836.5174 838.2657 840.0093 841.6608 843.1953 844.7383 846.3335 847.957 849.7726 851.7863 853.931 856.3568 859.0811 861.8632
908.3392 905.8277 903.1181 900.2451 897.2351 894.1371 890.9459 887.6398 884.2189 880.758 877.2139 873.722 870.4136 867.2273 864.111 861.0246 857.9345 854.8453 851.8246 848.7943 845.0867 842.1747 839.584 836.6152 833.898 833.1956 832.2076 830.0183 827.7246 825.3492 822.4803 818.8644 816.2888 814.517 813.7963 814.3617 815.268 814.5759 814.5876 815.8947 818.0955 821.4322 825.1937 827.1066 828.9052 831.324 833.6279 835.3878 837.2122 839.0243 840.7574 842.449 844.0146 845.4698 846.9523 848.4856 850.0467 851.8016 853.7646 855.8903 858.3204 861.0426 863.8028
907.4214 905.2141 902.7466 900.054 897.1593 894.1271 890.9686 887.6686 884.2425 880.6942 877.0914 873.6442 870.3463 867.149 864.0111 860.8971 857.7617 854.6013 851.4317 848.2453 844.7679 841.7138 838.974 836.3279 833.3829 831.4904 830.3051 828.5662 826.3521 823.9478 820.3767 816.9464 814.3419 812.6056 812.6231 815.0591 816.9848 815.9422 815.9557 817.886 820.7219 824.6689 826.9301 829.3237 831.3832 833.455 835.8567 837.7388 839.6317 841.4769 843.1884 844.8182 846.2943 847.6669 849.0786 850.5457 852.0567 853.7624 855.6849 857.803 860.2373 862.9485 865.6741
906.0317 904.1453 901.9636 899.5085 896.787 893.8655 890.776 887.5148 884.0992 880.5364 876.9264 873.4781 870.1786 866.9772 863.8276 860.6938 857.5297 854.3231 851.0931 847.8221 844.5518 841.4595 838.6782 835.9946 833.0457 830.4539 828.4577 826.9118 825.0015 821.8614 818.7834 815.5058 813.3599 812.2304 812.95 815.9615 817.436 817.1215 818.1685 821.0861 824.0459 826.4223 828.939 831.3469 833.6245 835.8757 838.037 840.043 841.9998 843.8748 845.5773 847.1783 848.6072 849.9282 851.2789 852.6816 854.1525 855.8164 857.7125 859.8396 862.283 864.9763 867.6582
904.2947 902.7118 900.8176 898.6248 896.1108 893.3319 890.3386 887.142 883.7562 880.1891 876.5727 873.1096 869.7889 866.5649 863.3924 860.2362 857.0523 853.8219 850.5597 847.2521 843.9045 840.747 837.8335 835.1531 832.7407 830.1115 827.275 824.8857 822.5195 819.855 817.1403 815.0183 813.8206 813.6951 814.8866 817.0072 818.3879 819.2607 821.6074 823.8134 826.0714 828.1741 830.6519 833.036 835.576 838.1956 840.303 842.376 844.3926 846.3038 848.0229 849.6366 851.0622 852.3624 853.6646 855.0114 856.4485 858.0746 859.9451 862.0612 864.4767 867.1182 869.7396
