var/www/cgi-bin/fswepp/ravel/sample_dem.txt
ncols         166
nrows         140
xllcorner     428632.68685433
yllcorner     3785869.5678288
cellsize      4.20777894585
NODATA_value  -9999
[rows 28 to 55 of 140, columns 0 to 62 of 166]
845.2201 847.1002 849.3217 851.9966 855.0804 857.2859 860.0674 862.796 866.4762 869.6573 871.8855 874.0742 876.1528 877.9256 879.6359 881.3122 882.9525 884.596 886.2642 887.9753 889.756 891.7863 893.9241 896.1567 898.4325 900.6661 902.8823 905.1288 907.3353 909.5317 911.6467 913.9016 916.3867 918.9249 921.3906 923.9349 926.3575 928.7222 930.9219 932.8553 934.4937 935.8273 936.8148 937.4109 937.761 937.8004 937.5548 937.0956 936.4495 935.6329 934.6737 933.5953 932.3923 931.0629 929.6144 928.162 926.7641 925.4348 924.1797 923.0048 921.9036 920.8488 919.8294
846.0364 848.2723 850.4667 851.9959 854.5286 856.9787 859.4 861.8215 865.2277 869.0921 871.5623 873.7095 874.5824 877.5047 878.9442 880.4822 882.0062 883.7505 885.39 887.2307 889.4206 890.4506 892.2509 894.5488 896.8 898.8885 900.8423 902.9775 905.24 907.5778 910.7879 913.314 915.0065 917.726 921.1747 923.7646 926.2881 928.7663 931.1816 933.1964 935.0663 936.6542 937.9294 938.7744 939.3201 939.5048 939.351 938.9151 938.2304 937.3235 936.2369 934.9991 933.6109 932.0803 930.4204 928.7584 927.181 925.7516 924.3394 923.0345 921.7808 920.5286 919.3491
847.7532 849.8917 851.5824 853.3112 855.8051 857.8823 859.6843 861.9166 864.5068 867.3135 869.6279 871.3837 872.1763 874.3466 876.9117 879.381 881.9971 882.898 884.8364 885.7086 885.9025 887.2672 889.6967 891.2072 893.1178 895.5342 898.322 900.4032 902.5284 904.0375 907.1962 911.3754 913.5649 916.4102 919.7012 922.7128 925.7391 928.5711 930.8961 933.567 935.4816 937.4268 938.8852 939.958 940.6869 941.0064 940.9369 940.5095 939.7705 938.7605 937.5372 936.132 934.5532 932.811 931.0092 929.1462 927.2509 925.1738 923.4108 921.6968 920.2394 919.0962 917.8383
849.0639 851.2377 853.2808 855.4836 858.1466 859.3569 861.0117 863.0374 864.6879 866.5715 868.4023 869.8262 870.0596 871.3757 874.4075 876.6887 877.2153 878.5073 881.0463 882.0712 881.8656 883.7801 887.3697 888.7253 890.1589 892.2656 895.4261 897.6371 899.5018 900.7922 903.9395 909.4294 912.5667 915.506 918.4019 921.4852 924.5333 927.5005 930.0666 933.5104 936.0266 937.5218 939.7029 940.964 941.8817 942.3387 942.3522 941.9288 941.1287 940.0082 938.6372 937.1149 935.3649 933.4303 931.0319 928.9988 926.7719 924.0051 921.8383 919.7054 917.9988 916.8594 915.8767
850.9648 853.0842 855.3153 857.5974 859.8244 861.1342 863.0325 864.929 866.3301 867.5616 868.8093 869.8916 870.4275 871.2717 873.6542 874.9604 875.7458 877.4087 879.5926 881.8248 883.278 885.7719 888.8683 889.7711 891.4648 895.0936 895.6202 896.6839 899.1184 901.1602 904.7996 909.116 912.2718 915.2739 918.2377 921.0569 923.9101 926.7491 930.1494 933.4067 935.9224 937.5708 939.9058 941.882 942.9716 943.5601 943.6525 943.2364 942.3806 941.1541 939.6824 937.7925 935.8136 933.6941 930.8752 928.5645 926.2642 923.7437 921.3829 919.2919 917.39 915.7098 914.5844
853.0338 855.0701 857.1883 859.3994 861.4526 863.3975 865.4023 867.2599 868.9642 869.7875 870.4931 871.2551 872.3629 873.4691 875.2152 876.025 878.007 879.5659 881.4844 883.9676 886.5244 889.6389 891.3704 892.7083 895.2635 898.9438 898.8107 898.6759 900.8571 903.799 907.3771 910.1494 912.9285 915.8859 919.0189 922.0823 924.519 927.312 931.2935 933.773 935.9703 938.3542 940.3931 942.7885 943.9918 944.6708 944.8218 944.416 943.5173 942.2017 940.6739 938.2166 935.975 933.6784 931.3318 928.6893 926.5095 924.4507 921.9784 919.9052 917.8391 915.887 913.389
854.7031 856.6605 858.9996 861.1969 863.3995 865.5784 867.5605 869.396 871.1832 872.3974 872.9008 873.7235 874.8863 876.4337 877.8074 878.5598 879.6817 881.3533 883.4166 885.4031 887.8214 890.8793 892.3965 895.0288 897.5758 899.1416 901.2847 901.7473 902.3694 905.5094 908.8309 911.8359 914.2067 917.2006 920.6147 923.8783 925.8933 928.5824 932.0471 934.5547 937.4084 939.3853 942.0462 943.6832 944.9619 945.6737 945.8489 945.4489 944.5151 943.1293 941.4733 939.0607 936.744 934.3253 931.7371 929.1516 927.0068 924.898 922.602 920.3375 918.1362 916.1403 912.7214
856.3389 858.2373 860.8727 862.9667 865.1546 867.3073 869.3274 871.1944 872.8884 874.6061 875.5837 876.7848 878.0491 879.4335 880.5143 881.274 882.2461 883.9733 885.6141 887.4229 889.5236 892.1531 894.2726 896.7131 898.6743 900.6288 902.6744 904.3436 905.0274 907.0344 910.2631 913.667 915.8589 918.7625 921.9332 924.6688 927.587 930.0706 932.7936 935.8524 938.3162 940.785 942.9143 944.6342 945.9092 946.6032 946.7567 946.338 945.36 943.9145 942.1185 940.0557 937.7267 935.1675 932.2172 930.0005 927.3677 924.8292 922.6909 920.2886 917.9427 915.8108 912.0422
858.1442 860.2924 862.2978 864.5886 866.6887 868.8348 870.9346 872.9014 874.7502 876.4183 878.0524 879.5139 880.8682 882.0953 883.2167 884.0718 885.418 886.8251 887.9252 889.5781 891.5909 893.9451 896.3214 898.4329 900.4935 902.4412 904.3439 906.434 908.4843 909.4109 912.1788 915.1866 917.852 920.0361 922.8356 925.4183 928.0266 930.9057 934.0192 936.8575 939.3714 941.7905 943.9448 945.6388 946.86 947.4861 947.5813 947.1249 946.1094 944.623 942.7841 940.6489 938.264 935.6608 932.9696 930.3986 927.8672 925.4299 922.8933 920.2161 917.4144 914.575 911.4648
860.1644 862.1628 863.3583 865.8453 867.8999 870.1691 872.3147 874.3831 876.384 878.2346 879.9457 881.5327 883.0131 884.3472 885.607 886.8867 888.2007 889.1106 890.18 892.0606 893.933 896.1575 898.2574 900.3594 902.3907 904.3307 906.2569 908.2453 910.2733 912.4089 914.6757 916.6766 918.9983 921.5858 924.0972 926.6699 929.3595 932.1866 935.3657 938.2283 940.6646 942.9948 945.0619 946.6783 947.8112 948.3452 948.3652 947.859 946.8035 945.2902 943.4251 941.2625 938.8452 936.2213 933.5479 930.9326 928.4207 925.8008 922.8135 919.93 917.213 914.8194 912.0497
862.3917 863.165 864.9088 866.5561 868.6341 871.353 873.4471 875.5844 877.7096 879.7278 881.633 883.4178 885.078 886.5375 887.8725 889.1883 890.2743 891.3547 892.7791 894.2455 896.2646 897.8575 900.1049 902.1453 904.1602 906.0121 907.8805 910.0983 912.1076 914.2689 916.1873 918.3822 920.7939 923.6406 925.7709 928.3997 930.9619 934.0588 937.2829 939.2029 941.9183 944.3185 946.2473 947.7451 948.75 949.1699 949.1074 948.5472 947.4568 945.9295 944.0533 941.8736 939.4308 936.7923 934.1102 931.4855 928.935 926.4208 923.4028 920.7974 918.4018 915.746 912.8965
863.9586 864.7736 866.2509 868.1106 869.3817 872.2211 874.3027 876.493 878.731 880.9143 883.0188 885.0266 886.9066 888.5351 890.0064 891.3901 892.7028 893.9805 895.3184 896.7606 898.4 899.8721 901.7913 903.7525 905.9733 907.5865 909.7551 911.9755 914.011 916.1412 918.277 920.5186 922.9336 925.4814 927.8119 930.0792 932.9946 935.335 938.0446 940.8641 943.4926 945.6148 947.4107 948.7692 949.6287 949.9277 949.7753 949.1497 948.0212 946.4807 944.5978 942.4092 939.9491 937.3069 934.6259 931.9886 929.4048 926.8903 924.209 921.652 919.0609 916.1688 913.1758
865.7715 866.2533 867.5121 869.1375 869.7501 871.8175 874.0806 876.4067 879.3398 881.9175 884.2148 886.4662 888.5947 890.4277 892.0782 893.6043 895.0328 896.3789 897.7191 899.1297 900.6231 902.219 903.7561 905.6118 907.6389 909.5037 911.6779 913.9545 916.0195 918.1473 920.311 922.507 924.8947 927.3113 929.4488 932.3096 934.7031 936.7734 939.7601 942.7339 944.9915 946.9343 948.5753 949.746 950.4315 950.6013 950.3437 949.637 948.4645 946.9078 945.0195 942.8309 940.3636 937.7206 935.047 932.402 929.7932 927.1962 924.6212 921.9304 919.1073 916.184 913.1024
867.8541 867.8066 868.439 869.4283 870.545 872.2935 874.408 876.741 879.9739 882.7411 885.2183 887.704 890.0765 892.1246 893.9761 895.6743 897.2292 898.6594 900.0573 901.4739 902.9276 904.5168 906.1816 907.9979 909.5454 911.6308 913.8928 915.9861 918.08 920.2411 922.3619 924.4503 926.8896 928.9309 931.2204 934.0507 936.7206 939.1031 941.8946 944.4103 946.4734 948.2683 949.7067 950.6432 951.1095 951.1139 950.72 949.9102 948.6854 947.1133 945.2256 943.0445 940.5823 937.9412 935.2783 932.6329 930.0043 927.376 924.7032 921.9606 919.1088 916.1149 912.9592
869.7761 869.4988 869.7595 870.5083 871.7831 872.8843 874.9492 877.1337 880.4731 883.3578 885.9643 888.6463 891.2248 893.4758 895.5262 897.4166 899.1408 900.7175 902.23 903.7068 905.1849 906.7647 908.5665 910.0056 911.7601 914.0211 916.0676 918.0694 920.2283 922.1428 924.1404 926.5662 928.5087 930.7177 933.228 935.8125 938.8688 941.3295 943.7134 945.9829 947.9134 949.4979 950.7045 951.385 951.6044 951.4127 950.8558 949.9271 948.6467 947.0649 945.1913 943.0338 940.5959 937.9686 935.3175 932.6729 930.0283 927.3665 924.6512 921.8586 918.9532 915.9021 912.6745
871.6056 871.2916 871.3137 871.8875 873.1127 874.1697 875.809 877.6254 880.8638 883.7385 886.4293 889.2615 892.0048 894.4412 896.6812 898.7818 900.713 902.4794 904.1499 905.7416 907.3124 908.9672 910.402 912.0479 914.2419 916.2802 918.1824 920.2236 922.1663 923.9553 926.019 928.4036 930.7701 933.1818 935.2169 937.8673 940.8691 943.1316 945.3984 947.5067 949.2202 950.561 951.5065 951.9064 951.8632 951.4602 950.7255 949.6711 948.3337 946.7475 944.9055 942.8035 940.4269 937.8463 935.2249 932.5879 929.9262 927.2217 924.4542 921.6014 918.666 915.5891 912.3659
873.9007 873.2182 873.0158 873.3035 874.0809 875.2968 876.9424 878.3519 881.1993 883.9694 886.6685 889.5737 892.4247 895.0214 897.4371 899.7424 901.8884 903.8584 905.7163 907.4811 909.2192 911.0014 912.5115 914.4637 916.5276 918.3679 920.3416 922.3598 924.2202 926.2561 928.1827 930.2666 933.1009 935.3495 937.3528 940.1662 942.8194 944.9745 947.0525 948.92 950.3701 951.4173 952.0497 952.1431 951.8256 951.2012 950.2864 949.1053 947.7057 946.1093 944.3009 942.2703 939.9862 937.4957 934.9439 932.3465 929.6889 926.9666 924.1677 921.2914 918.2073 915.038 911.6912
876.0699 875.4869 874.9107 874.8668 875.1985 876.1559 877.4371 879.434 881.8838 884.1846 886.7724 889.7299 892.5117 895.2244 897.7816 900.3088 902.6582 904.7816 906.8583 908.8427 910.8046 912.7749 914.7654 916.6346 918.4955 920.4724 922.4791 924.4699 926.5477 928.7188 930.5646 932.5569 934.769 937.2942 939.8236 942.5599 944.7042 946.7543 948.5955 950.1567 951.2844 951.9899 952.2727 952.0596 951.4778 950.635 949.5513 948.2493 946.7792 945.1559 943.3625 941.386 939.1916 936.8146 934.3692 931.8608 929.2764 926.5283 923.6881 920.8979 917.5231 913.9846 910.069
877.8796 877.6874 877.0966 876.558 876.7639 877.1302 877.6257 879.7209 882.1611 884.5501 886.9946 889.4137 892.4635 895.1218 897.8649 900.302 902.8205 905.3586 907.6086 909.8357 912.0397 914.2321 916.325 918.373 920.4038 922.467 924.5563 926.6037 928.6749 930.7942 932.9277 934.7401 937.2409 940.022 942.228 944.4286 946.5432 948.358 949.9084 951.1339 951.9216 952.2733 952.207 951.7025 950.8712 949.8145 948.5651 947.1384 945.5785 943.9096 942.116 940.1808 938.0667 935.8104 933.4939 931.1216 928.7178 925.7963 922.7513 920.0416 917.1959 913.4026 909.6902
879.6779 879.5563 879.3099 878.4233 878.186 878.3534 878.7023 879.4089 881.5538 884.4174 886.7386 888.424 892.1807 894.8985 897.4511 899.7656 902.4037 905.5729 908.0945 910.5645 912.987 915.3978 917.6841 919.9253 922.1082 924.2878 926.4864 928.6173 930.7584 932.9727 934.7023 936.9308 939.7922 942.0388 944.2271 946.3013 948.1624 949.6992 950.944 951.836 952.2856 952.2974 951.8974 951.1052 950.0253 948.7524 947.3301 945.7751 944.1238 942.4069 940.6128 938.7238 936.6989 934.5717 932.4018 930.1898 927.908 925.4684 922.8987 920.3379 916.944 913.7665 910.1153
881.3849 881.4309 881.2462 880.5021 879.7291 879.9913 880.3207 880.5983 881.6076 883.5069 885.385 887.4316 891.3105 894.5566 896.4754 899.433 902.0408 905.3819 908.4858 911.0328 913.7371 916.3696 918.8507 921.272 923.5983 925.8823 928.1849 930.4276 932.6684 934.8962 937.1285 939.4266 941.7745 944.0259 946.0877 947.9558 949.5535 950.8179 951.763 952.3202 952.4282 952.1009 951.3636 950.2773 948.9413 947.4412 945.8284 944.1247 942.3591 940.5717 938.7567 936.9644 934.9812 932.9968 930.9929 928.9689 926.8834 924.6855 922.3648 919.9254 917.1972 914.3976 911.2967
882.9852 883.2498 883.1872 882.7002 882.2241 881.7405 882.0188 882.6473 883.2867 883.7646 884.6325 886.9041 890.4067 893.8831 896.438 899.504 901.8976 905.3618 908.7823 910.973 914.3118 917.1753 919.8304 922.4085 924.8859 927.2797 929.6944 932.0649 934.4161 936.722 938.9847 941.311 943.636 945.8043 947.7404 949.4055 950.7496 951.7467 952.3784 952.574 952.3124 951.6179 950.5222 949.1337 947.5427 945.8201 944.022 942.1705 940.2853 938.4143 936.6372 934.1858 932.9669 931.1082 929.1899 927.3864 925.5413 923.6052 921.5563 919.3573 917.0137 914.4492 911.6403
884.4479 884.9484 885.1582 885.0985 884.6487 884.2491 884.4237 885.2773 886.114 885.4164 885.528 887.3 890.3289 893.6279 896.4605 899.6343 901.8659 904.6274 908.2727 911.3239 914.8504 917.9162 920.6774 922.8985 925.7617 928.7032 931.1252 933.6314 936.0901 938.47 940.7824 943.1344 945.4097 947.4666 949.2374 950.669 951.7354 952.4307 952.7056 952.5019 951.8463 950.7816 949.3501 947.692 945.883 943.9704 942.0057 940.0209 938.0213 936.0476 934.1551 932.0986 930.0091 928.2766 927.0898 925.418 923.8132 922.1665 920.4362 918.5589 916.485 914.1841 911.5833
885.8089 886.5446 886.9372 887.1668 887.0575 886.8654 887.0012 887.6123 888.4203 887.9238 887.6434 888.6587 890.7272 893.4661 896.4725 899.1323 901.5072 905.6262 908.8044 911.7794 915.4444 918.0972 921.0496 923.8521 926.5907 929.5956 932.5692 935.1383 937.6943 940.1428 942.4965 944.8625 947.0639 948.9645 950.5225 951.683 952.4321 952.7847 952.6774 952.0684 951.0261 949.613 947.877 945.9755 943.9771 941.9057 939.7965 937.7144 935.6273 933.5475 931.5474 929.6887 927.0608 925.4003 924.6725 923.0515 921.6691 920.2889 918.8726 917.3318 915.6022 913.6368 911.3394
887.2021 888.1876 888.8109 889.215 889.4111 889.5096 889.6399 889.9656 890.1119 890.2963 890.7329 892.3727 891.7007 894.0222 897.4929 899.8463 901.9648 906.3251 909.7859 912.486 916.0616 919.1345 922.1411 924.8193 927.7786 930.963 933.7899 936.5159 939.1669 941.6736 944.0591 946.4159 948.506 950.2163 951.53 952.3861 952.7861 952.7708 952.2852 951.3037 949.9138 948.1832 946.1669 944.0396 941.8676 939.6575 937.4467 935.1605 932.9099 930.7655 928.5876 926.7637 924.6177 922.9229 921.4546 920.4924 919.2096 917.9876 916.7946 915.5764 914.191 912.5814 910.6306
888.6469 889.8831 890.7562 891.3668 891.7509 891.9891 892.1642 892.4196 892.6238 893.026 893.7289 894.8344 893.9775 895.0967 898.0994 900.605 903.2687 907.1871 910.5593 913.2913 916.7401 920.0828 923.1354 925.3689 928.9017 932.216 934.9326 937.7886 940.5159 943.0565 945.4421 947.7313 949.6636 951.1578 952.207 952.7498 952.8025 952.4216 951.5781 950.2679 948.5785 946.5684 944.3138 941.993 939.67 937.3398 935.0228 932.6513 930.3385 927.9863 925.8144 923.8986 921.9738 919.9569 918.067 917.1219 915.9327 915.0968 914.3022 913.3203 912.2466 910.9713 909.367
890.1393 891.6129 892.7402 893.582 894.1437 894.504 894.7937 894.8985 895.1959 895.5576 896.0347 896.6594 897.2664 896.8549 898.7694 901.5269 905.0474 908.3666 911.1814 914.0751 917.574 920.8965 923.6801 926.1011 930.2839 933.2453 936.1174 939.0429 941.8032 944.3395 946.6707 948.8129 950.5282 951.7652 952.5237 952.7563 952.4841 951.764 950.6002 949.0051 947.0605 944.8181 942.3849 939.9225 937.4866 935.0636 932.6395 930.2859 927.9725 925.5579 923.2787 921.0351 918.876 916.559 914.9426 913.3632 912.2361 911.9333 911.6134 910.7356 909.9121 908.9305 907.6439
891.6926 893.3867 894.7562 895.8214 896.5747 897.0895 897.4797 897.7294 897.8398 898.1901 898.5565 899.2472 900.2748 900.2778 900.5759 902.8134 906.7844 909.8003 912.0406 915.2678 918.8106 921.993 924.0027 927.2271 931.7022 934.3804 937.3192 940.2464 942.9689 945.4566 947.691 949.6351 951.0869 952.0263 952.4663 952.3923 951.8237 950.8131 949.394 947.578 945.4336 943.0107 940.4482 937.8824 935.3624 932.8834 930.4017 927.946 925.5486 923.1431 920.5845 918.1459 915.8464 913.6051 911.8117 910.3317 909.136 908.7494 908.4327 907.9255 907.3625 906.6237 905.6229
