var/www/cgi-bin/fswepp/ravel/sample_dem.txt
ncols         166
nrows         140
xllcorner     428632.68685433
yllcorner     3785869.5678288
cellsize      4.20777894585
NODATA_value  -9999
[rows 56 to 83 of 140, columns 63 to 125 of 166]
902.316 901.0009 899.3818 897.4501 895.1578 892.5427 889.6685 886.553 883.2057 879.6351 876.0091 872.5236 869.1776 865.9299 862.7346 859.556 856.3526 853.1017 849.8129 846.473 843.1031 839.9243 836.9658 834.2129 831.6396 829.2453 826.6685 824.0908 821.3329 818.7659 816.8248 815.8381 815.7919 816.9506 818.6502 819.5207 820.5045 821.4532 823.4437 826.027 827.9916 830.4379 833.2855 835.5521 837.5768 840.2202 842.6512 844.7187 846.7942 848.7563 850.5233 852.1848 853.6436 854.9509 856.2326 857.5516 858.9684 860.5639 862.3968 864.4587 866.7919 869.3435 871.892
900.2036 899.1038 897.7523 896.0704 894.0007 891.5574 888.8107 885.7835 882.48 878.9071 875.2665 871.7518 868.3833 865.1376 861.9027 858.6852 855.4673 852.1988 848.8878 845.519 842.1328 838.9436 835.9651 833.1774 830.5427 828.0897 825.8802 823.4564 820.5406 818.39 817.6038 818.8846 818.7668 819.3807 820.5135 821.4361 821.8594 822.9711 825.5084 828.037 830.3579 833.1516 835.7438 837.9791 839.8226 842.4671 845.0229 847.1125 849.2411 851.2554 853.0902 854.8175 856.3226 857.6459 858.9194 860.2208 861.6175 863.1834 864.9682 866.9573 869.2004 871.6617 874.1395
897.003 897.0578 895.8256 894.3748 892.5358 890.2921 887.6908 884.7665 881.5232 877.9706 874.3315 870.8083 867.2983 863.7267 860.7739 857.7583 854.4945 851.2364 847.9302 844.5536 841.1679 837.9796 834.9992 832.2177 829.6269 827.1785 825.1072 822.8228 819.8729 818.4465 818.9307 820.0938 820.3154 821.1693 821.8989 822.3307 823.3019 825.0497 828.3317 830.4069 832.9161 835.5262 838.149 840.4077 842.589 845.0227 847.3537 849.5139 851.6827 853.7446 855.6617 857.4706 859.0399 860.4005 861.6844 862.9751 864.3452 865.8754 867.6077 869.5291 871.699 874.0813 876.4874
894.8959 894.4465 893.5151 892.2923 890.7033 888.6995 886.2845 883.4993 880.3514 876.8629 873.2745 869.8499 866.2707 862.2394 859.134 856.3578 853.1796 849.9134 846.5847 843.1581 839.7411 836.5484 833.5909 830.7275 827.7396 825.1917 823.3123 821.0563 819.0266 819.3 820.1674 820.7035 821.6645 822.2848 822.7666 823.778 825.9341 828.5405 831.2467 833.3444 835.5051 837.9001 840.6599 842.8714 845.2062 847.4803 849.6628 851.857 854.0497 856.1579 858.1663 860.079 861.7411 863.1761 864.5176 865.8342 867.1917 868.6866 870.3589 872.2056 874.2953 876.5954 878.9233
892.1276 891.6293 890.9276 889.9277 888.5891 886.8353 884.6318 882.0281 879.0277 875.6697 872.217 868.3908 864.7734 861.2206 857.8329 854.6859 851.4697 848.0479 844.4867 840.9055 837.4921 834.3599 831.404 828.5098 825.6028 823.1623 821.2627 819.2806 818.3203 819.884 821.0068 821.7784 822.1021 822.7729 824.2724 826.9063 829.4224 831.796 833.8878 836.2057 838.0554 840.7386 843.1686 845.3257 847.5662 849.8152 851.9917 854.178 856.3777 858.522 860.6165 862.6375 864.4012 865.9348 867.3727 868.7546 870.1273 871.6021 873.2184 874.9885 876.989 879.1991 881.4349
889.3006 888.704 888.1003 887.3271 886.2415 884.755 882.7892 880.414 877.629 874.4566 870.7127 867.072 863.569 860.371 857.3336 854.0402 850.6855 846.8624 843.0881 839.3745 835.9837 832.8045 829.8541 827.0696 824.4971 822.2158 820.1966 818.489 817.9529 819.7149 821.9408 822.3006 822.2391 823.9796 827.185 830.2726 832.3311 834.2315 836.4179 838.704 840.8049 843.488 845.6386 847.7972 850.0045 852.1927 854.3307 856.5042 858.6945 860.8605 863.0316 865.1455 866.9989 868.6317 870.167 871.6199 873.0302 874.5161 876.1109 877.8378 879.7653 881.8709 883.98
885.3697 885.4614 885.1898 884.525 883.6788 882.4873 880.8016 878.6982 876.18 873.2639 869.7794 866.218 862.9597 859.8163 857.114 854.1284 850.9115 847.0884 843.3287 839.9823 836.0966 832.8184 829.8746 827.1323 824.585 822.2993 820.2599 818.5242 817.894 819.2563 821.8733 822.5322 823.722 826.5894 830.1203 832.4662 834.4521 836.6328 838.8468 841.094 843.5237 845.7839 848.0143 850.1821 852.3868 854.5307 856.6287 858.7753 860.9464 863.131 865.3741 867.5659 869.4969 871.217 872.8342 874.3517 875.8166 877.3434 878.9526 880.6708 882.5415 884.5269 886.488
881.2128 882.0504 882.5027 881.6837 881.0173 880.0865 878.6949 876.8878 874.6728 872.0746 869.3069 865.9154 862.6014 859.7491 856.9406 854.0948 851.0967 847.7161 844.5643 841.4785 837.1373 833.9633 831.0269 828.196 825.5636 823.2835 821.0917 819.213 818.3442 819.2092 821.373 823.5208 826.2192 829.2271 831.946 834.102 836.4721 838.7418 840.9833 843.2438 845.6132 847.9427 850.1972 852.4052 854.6255 856.7488 858.8187 860.9406 863.102 865.3083 867.6096 869.8597 871.8558 873.6531 875.3467 876.9335 878.4579 880.0208 881.6376 883.34 885.1537 887.0389 888.8889
878.2256 879.0471 879.7839 879.2552 878.4575 877.64 876.493 874.9791 873.0981 870.8406 868.4214 865.847 862.7472 860.12 857.3156 854.4299 851.4482 848.3019 845.6278 842.2527 838.4789 835.4708 832.5943 829.8013 827.0399 824.7315 822.4277 820.4078 819.5613 820.4708 822.8675 824.8459 828.6989 830.707 833.087 835.6011 838.071 840.3987 842.6869 844.9995 847.4321 849.825 852.1421 854.4038 856.649 858.7793 860.8445 862.9644 865.1378 867.3671 869.7065 871.9893 874.0453 875.9291 877.7126 879.3781 880.9575 882.5425 884.1528 885.8205 887.5755 889.3871 891.161
876.0137 876.0861 876.3117 876.6121 876.0636 875.3301 874.2895 873.0223 871.5027 869.5698 867.486 865.3398 863.1041 860.5989 857.9462 855.1517 852.2213 849.1761 845.925 842.6398 839.5427 836.5292 833.6927 831.0706 828.3236 825.908 823.8907 821.9064 821.4587 822.6884 823.9711 825.8378 829.4292 831.6882 834.1779 836.7532 839.2747 841.6497 843.9927 846.3683 848.8882 851.3735 853.7946 856.1464 858.4555 860.6329 862.7096 864.8349 867.0251 869.2858 871.6664 873.9802 876.1066 878.0941 879.9783 881.7312 883.3837 885.0131 886.6401 888.3006 890.0253 891.7711 893.4711
875.0059 873.202 872.5284 872.7164 873.4161 873.2549 872.2404 871.1589 869.7229 868.2683 866.4787 864.6222 862.597 860.3436 857.869 855.1839 852.329 849.3384 846.2205 843.0071 839.9023 836.9578 834.1781 831.5459 829.2158 826.8871 824.87 823.2041 823.6006 824.9396 825.2662 826.5767 829.5399 832.5538 834.9149 837.5504 840.0989 842.5468 844.9993 847.4915 850.1309 852.7287 855.2818 857.7624 860.1752 862.4545 864.5728 866.7082 868.9217 871.2133 873.6339 875.9814 878.1843 880.2775 882.2567 884.0906 885.8108 887.4819 889.1303 890.7963 892.5067 894.1956 895.8285
875.8909 872.3008 870.3145 869.1758 870.1443 871.2209 870.4553 869.3848 867.3378 866.8724 865.3541 863.7457 861.9745 859.9433 857.6364 855.0511 852.2605 849.3273 846.2642 843.116 840.0826 837.2027 834.4895 831.9341 829.6705 827.4741 825.7292 824.3349 824.6874 825.7364 826.8392 828.1563 828.8546 832.1942 835.8932 837.4503 840.2563 843.1611 845.7328 848.394 851.1683 853.8814 856.5563 859.1575 861.7035 864.1365 866.3625 868.5465 870.8068 873.1288 875.5724 877.946 880.223 882.413 884.4777 886.3868 888.1745 889.9017 891.5886 893.271 894.968 896.6068 898.1884
876.4879 872.7975 870.2435 868.2786 867.6037 869.2943 869.0192 867.0989 865.2455 864.5494 864.2141 862.6885 861.1246 859.2836 857.1264 854.6328 851.893 848.9979 845.9726 842.881 839.9209 837.1212 834.5037 832.0667 829.8987 828.2027 826.608 825.1976 825.6808 826.6192 827.7885 829.2231 829.6432 831.1431 834.7097 837.3068 840.5252 843.4634 846.1599 849.0026 851.925 854.7817 857.5782 860.2792 862.9419 865.5144 867.8704 870.1503 872.5074 874.9178 877.4297 879.8536 882.1996 884.4658 886.5957 888.5698 890.4363 892.2421 893.9817 895.6887 897.3721 898.9719 900.5184
876.9188 873.8635 871.4714 869.0228 867.1711 866.6833 865.932 864.3871 863.0065 862.8676 862.7704 861.3707 859.9629 858.2753 856.2434 853.8343 851.1393 848.2689 845.2684 842.226 839.3387 836.6321 834.1393 831.8586 829.9688 828.6682 827.3555 825.6335 826.2906 827.6149 828.7285 830.0902 829.7621 831.0323 834.7216 837.3564 840.8007 843.6806 846.3773 849.3274 852.3369 855.316 858.2244 861.0331 863.8193 866.5456 869.0792 871.5045 874.0052 876.5567 879.1733 881.6581 884.0511 886.3644 888.5349 890.5674 892.5217 894.4106 896.203 897.9393 899.6227 901.2103 902.742
877.6022 875.3348 872.7438 870.059 867.972 866.3096 864.4292 862.644 861.1871 860.7944 861.2477 859.7336 858.4434 856.8641 854.9353 852.6151 849.9736 847.1314 844.1555 841.1614 838.3736 835.905 833.6221 831.7297 829.6345 828.3442 826.7206 825.3997 826.3431 828.7877 829.7836 829.9665 829.6007 831.1323 834.4598 838.3486 840.9433 843.7087 846.5005 849.4814 852.5015 855.5633 858.5593 861.4479 864.423 867.2671 869.9146 872.5106 875.1821 877.909 880.6636 883.2235 885.6552 888.0021 890.2002 892.2877 894.3232 896.2847 898.1238 899.8873 901.5848 903.184 904.7198
878.3023 875.8992 873.4252 870.9991 868.7656 866.6452 864.5676 862.1653 860.1819 859.2401 858.528 857.986 856.5168 855.0179 853.1777 850.9632 848.4073 845.624 842.6943 839.8646 837.1511 834.198 832.0034 830.0894 828.4231 827.22 826.0353 825.5507 826.7822 829.5829 830.0707 830.1076 830.6029 832.0674 834.8326 838.5219 840.6534 843.8658 846.5433 849.4771 852.4707 855.577 858.6281 861.6243 864.2333 867.2858 870.4708 873.0634 875.8719 878.795 881.7128 884.3814 886.8731 889.2741 891.516 893.6599 895.7558 897.7619 899.6253 901.4011 903.1174 904.7435 906.3013
878.9362 876.2449 873.6573 871.1326 868.6251 866.194 863.9213 861.557 859.0504 857.3724 855.759 855.4628 854.3716 852.8069 851.0247 848.915 846.4725 843.7839 840.9865 837.8651 834.8476 831.8961 829.5617 827.6087 826.6268 826.3166 826.6741 827.5883 828.57 830.2451 831.0806 832.0858 833.4182 835.2079 837.2589 838.6825 840.598 843.5064 846.6277 849.4655 852.3611 855.4393 858.4479 861.4777 863.7138 866.552 869.9207 873.0983 876.1683 879.277 882.35 885.1304 887.6822 890.1445 892.4319 894.6225 896.7477 898.7573 900.6135 902.3895 904.1271 905.7861 907.3746
879.3648 876.5275 873.6979 870.8879 868.1028 865.371 862.7471 860.3547 857.9 855.4795 853.535 852.8878 852.0851 850.4206 848.6546 846.6221 844.2895 841.7366 838.8269 835.4786 832.4821 829.9559 827.5828 825.8524 825.429 826.3568 828.6694 830.3475 831.1586 831.7792 833.5323 834.8263 836.3072 838.0156 839.3907 840.34 841.2906 842.9592 846.2011 849.1467 851.9842 854.8939 857.929 861.0982 863.522 865.8139 868.671 872.8699 876.2593 879.5076 882.6864 885.5371 888.1234 890.6136 892.9025 895.1061 897.2267 899.2105 901.0492 902.8323 904.5936 906.2752 907.8867
879.5129 876.5539 873.5797 870.6024 867.6272 864.6854 861.7101 858.9408 856.4469 853.9221 851.7898 850.6282 849.8134 848.0479 846.2554 844.2842 842.0524 839.636 836.8223 833.8362 831.2674 828.9205 826.726 825.5222 825.8989 827.7491 830.7614 832.05 833.2202 834.0096 835.6293 836.713 837.8192 838.8181 840.0715 841.8622 842.1393 843.3274 845.3948 848.4006 851.2668 854.0931 857.4282 860.7301 863.0615 865.5019 868.4794 872.7344 876.1754 879.4803 882.6826 885.5548 888.1648 890.6511 892.9076 895.0923 897.1802 899.1187 900.9321 902.7234 904.5036 906.2035 907.8497
879.3594 876.304 873.2286 870.1394 867.0356 863.9618 860.6309 857.4462 854.5121 852.1077 849.994 848.2404 847.1583 845.608 843.9557 842.0127 839.8953 837.6339 835.363 832.7545 830.4598 828.5666 826.9514 827.2534 828.4125 830.2533 832.018 833.3094 834.5828 835.8785 836.9627 838.0634 839.1192 840.0972 841.197 842.6226 842.8181 843.816 845.713 848.1556 850.9223 854.0099 857.5758 860.2457 862.6396 865.1224 868.1437 872.336 875.8054 879.2375 882.41 885.2515 887.8503 890.2979 892.5081 894.6474 896.674 898.5417 900.3087 902.0919 903.8726 905.5894 907.2988
878.8919 875.7831 872.6526 869.4985 866.313 863.1367 859.6309 856.0267 852.8671 850.1412 847.884 845.9872 844.2693 843.0555 841.6157 839.7249 837.7379 835.6741 833.6398 831.3093 829.3846 828.1146 827.7624 829.8829 831.4852 832.2217 833.3813 834.757 836.0891 837.3168 838.4475 839.5127 840.4989 841.3356 842.2233 843.4833 843.6202 844.5435 846.2354 848.5212 851.0349 853.9111 857.2845 859.8718 862.2337 864.749 867.924 871.2042 874.5527 878.8602 881.9531 884.7234 887.271 889.6291 891.7512 893.8002 895.7209 897.4849 899.1791 900.9232 902.6666 904.3839 906.2109
878.1599 875.0595 871.932 868.7687 865.553 862.3164 858.6901 855.0318 851.7227 848.8022 846.2243 844.1901 842.5505 840.9356 839.1958 837.3813 835.4836 833.5545 831.713 829.8237 828.2107 827.6234 828.4908 830.5349 832.0313 833.2506 834.7153 836.2066 837.5732 838.7964 839.8955 840.9003 841.8439 842.3314 842.7027 844.253 844.4649 845.3131 847.1909 850.0511 851.4823 854.0572 857.0034 858.9345 861.5723 865.1714 867.8694 870.7483 874.8255 878.3418 881.4108 884.0034 886.4548 888.6573 890.6232 892.5228 894.2993 895.9378 897.6985 899.34 901.0566 902.8108 904.4426
877.2549 874.2209 871.1499 868.0269 864.8261 861.5679 857.8693 854.3858 850.9799 847.8265 844.6943 842.6467 841.3291 839.7692 837.5421 835.398 833.4713 831.6876 829.7576 828.3629 827.6816 827.9431 829.3602 831.4675 833.0316 834.4647 836.0774 837.6188 839.0181 840.2573 841.2501 841.5291 842.2328 843.1495 843.8026 844.5045 844.968 847.1864 847.9407 850.6667 852.4836 854.378 857.0621 858.8968 861.4666 865.077 868.1513 871.1069 874.4794 877.6719 880.0259 883.0793 885.3004 887.3374 889.1512 890.8978 892.5154 894.1296 895.0558 897.5452 899.2245 900.889 902.71
876.2735 873.3335 870.3439 867.2872 864.1317 860.8824 857.1735 853.6026 849.8655 846.307 843.1929 840.6531 839.5262 838.2839 836.3689 833.765 831.7008 830.0367 828.8198 827.4908 827.9178 829.2067 830.6358 832.6159 834.3482 836.0093 837.0981 839.038 840.5027 841.7713 842.1971 842.6276 843.4022 844.5966 845.7727 845.7271 846.0443 847.348 848.8721 851.4692 852.5414 854.812 857.3392 859.0808 861.6602 864.3838 867.8073 870.921 873.9025 876.8978 878.9565 881.9265 883.9413 885.8434 887.5696 889.171 890.594 892.3267 892.9608 894.6177 896.4106 898.4887 900.9438
875.2219 872.4023 869.5175 866.5486 863.4618 860.2531 856.4801 853.2227 849.3152 845.6678 842.0976 839.3047 837.4577 836.1846 834.2814 831.5743 829.5189 828.6475 827.4379 827.1945 828.8498 831.2241 831.6827 833.2836 834.9303 836.68 838.2638 840.759 842.2342 842.8871 843.504 844.1575 845.3555 846.6689 847.5424 847.2166 847.2939 848.0988 849.5939 851.5546 853.2635 856.0183 857.7563 859.3746 861.809 864.1739 867.706 870.744 873.5991 876.2366 878.1929 880.8972 882.6445 884.1553 885.5226 887.0498 888.5007 888.7618 889.3232 891.1681 893.0405 895.1816 897.6434
873.9958 871.3281 868.5842 865.7379 862.7499 859.5771 856.1328 852.6425 849.0888 845.5918 841.4523 838.5071 836.1791 834.3205 832.1672 829.6636 827.7957 827.0001 826.6218 827.5004 829.7313 831.9949 833.0568 834.5215 836.2332 837.9858 839.8723 842.0294 843.6398 844.6803 845.7613 846.6259 847.7454 848.8459 849.0256 848.8427 848.9468 849.6309 850.6788 852.2095 854.2311 856.4225 858.1789 859.9542 862.7507 864.8834 867.5446 870.3196 872.9293 875.9406 877.3941 879.7829 881.7802 882.8116 882.9081 883.312 884.402 885.2062 886.4019 889.3293 890.701 893.5298 895.246
872.5425 870.0381 867.4515 864.7474 861.8816 858.8002 855.5087 851.9847 848.5656 845.2194 841.4458 838.2454 835.4865 833.2518 830.9435 828.6323 826.8646 826.0162 826.4183 828.3965 831.3035 832.7118 834.574 836.3232 838.1262 840.2089 842.2672 844.0834 846.1208 847.5107 848.6097 849.2558 850.099 851.0334 851.0967 851.0075 851.2214 851.7206 852.9836 854.2551 855.3611 857.0488 859.2241 860.8324 863.3845 865.5529 867.6642 870.1484 872.4937 875.2473 876.6865 878.2034 880.1223 881.1343 881.3007 881.1661 881.2374 882.7908 885.6027 888.6398 890.3462 892.7452 894.4081
870.8119 868.4718 866.0485 863.4963 860.768 857.8151 854.6249 851.2222 847.8667 844.7017 841.5676 838.3546 835.36 832.8807 830.7723 828.7188 827.0439 826.2895 827.1553 829.6588 832.8094 834.4962 836.7599 838.6934 840.9108 843.2662 844.9055 846.7745 849.0423 850.3881 851.3995 851.8826 852.675 853.5623 854.0916 854.0321 854.0687 854.3975 855.6992 856.3856 857.1086 858.5524 860.4186 861.9647 863.9783 866.2714 868.4683 870.6636 872.7588 874.8943 876.602 877.232 878.1918 879.6234 881.1568 882.0062 881.6295 881.424 884.1053 886.5256 889.158 890.3088 892.8724
